# Batch convergence for: model=snn-ae encoding=poisson architecture=dense v_th=1.5 alpha=0.8 run=2
batch_num epoch batch_loss
0 1 0.132812
1 1 0.203212
2 1 0.314985
3 1 0.141492
4 1 0.871941
5 1 0.109348
6 1 0.499529
7 1 0.130031
8 1 0.142756
9 1 0.152265
10 1 0.137291
11 1 0.482716
12 1 0.416394
13 1 0.302461
14 1 0.222171
15 1 0.232908
16 1 0.264446
17 1 0.391479
18 1 0.278231
19 1 0.299200
20 1 0.266317
21 1 0.031218
22 1 0.161933
23 1 0.240236
24 1 0.093664
25 1 0.559563
26 1 0.219328
27 1 0.214236
28 1 0.267480
29 1 0.272058
30 1 0.221673
31 1 0.218615
32 1 0.327354
33 1 0.260168
34 1 0.241943
35 1 0.277586
36 1 0.132573
37 1 0.249349
38 1 0.079412
39 1 0.211073
40 1 0.217141
41 1 0.236733
42 1 0.187090
43 1 0.175045
44 1 0.306436
45 1 0.192798
46 1 0.169953
47 1 0.399244
48 1 0.236648
49 1 0.353701
50 1 0.027286
51 1 0.366629
52 1 0.128448
53 1 0.031191
54 1 1.186786
55 1 0.175156
56 1 0.425380
57 1 0.290508
58 1 0.178762
59 1 0.453084
60 1 0.153962
61 1 0.218027
62 1 0.366013
63 1 0.507027
64 1 0.305667
65 1 0.117507
66 1 0.019492
67 1 0.923471
68 1 0.105039
69 1 0.095639
70 1 0.271221
71 1 0.027267
72 1 0.027271
73 1 0.278064
74 1 0.264866
75 1 0.171137
76 1 0.150531
77 1 0.342164
78 1 0.149402
79 1 0.143761
80 1 1.157206
81 1 0.171263
82 1 0.170966
83 1 0.221269
84 1 0.227629
85 1 0.508189
86 1 0.176124
87 1 0.353283
88 1 0.345625
89 1 0.159306
90 1 0.113095
91 1 0.325428
92 1 0.071769
93 1 0.143673
94 1 0.176082
95 1 0.190318
96 1 0.149466
97 1 0.112610
98 1 0.139914
99 1 0.205400
100 2 0.158413
101 2 0.177840
102 2 0.138999
103 2 0.175142
104 2 0.173101
105 2 0.345632
106 2 0.232345
107 2 0.120239
108 2 0.175718
109 2 0.211393
110 2 0.236370
111 2 0.027174
112 2 0.293987
113 2 1.081888
114 2 0.205110
115 2 0.275222
116 2 0.081401
117 2 0.097017
118 2 0.065926
119 2 0.120242
120 2 0.142079
121 2 0.050358
122 2 0.027185
123 2 0.128004
124 2 0.089151
125 2 0.195673
126 2 0.216903
127 2 0.313376
128 2 0.253896
129 2 0.204184
130 2 0.194083
131 2 0.258159
132 2 0.224280
133 2 0.169907
134 2 0.293180
135 2 0.175269
136 2 0.215270
137 2 0.113320
138 2 0.263162
139 2 0.450971
140 2 0.207662
141 2 0.432414
142 2 0.552766
143 2 0.304337
144 2 0.165732
145 2 0.178745
146 2 0.268253
147 2 0.231116
148 2 0.224659
149 2 0.158692
150 2 0.034880
151 2 0.138479
152 2 0.256391
153 2 0.119990
154 2 0.143135
155 2 0.019399
156 2 0.832869
157 2 0.096723
158 2 0.166267
159 2 0.214808
160 2 0.277289
161 2 0.179109
162 2 0.150828
163 2 0.260002
164 2 0.156421
165 2 0.119748
166 2 0.027125
167 2 0.115994
168 2 0.328320
169 2 0.226091
170 2 0.073399
171 2 0.632950
172 2 0.316758
173 2 0.193161
174 2 0.175142
175 2 0.253108
176 2 0.150616
177 2 0.030959
178 2 0.173635
179 2 0.321190
180 2 0.316434
181 2 0.181591
182 2 0.163420
183 2 0.350099
184 2 0.377256
185 2 0.030910
186 2 0.212460
187 2 0.127208
188 2 0.204957
189 2 0.246972
190 2 0.193227
191 2 0.246090
192 2 0.211439
193 2 0.208627
194 2 1.128123
195 2 0.169803
196 2 0.241478
197 2 0.096197
198 2 0.161820
199 2 0.176323
200 3 0.204745
201 3 0.425306
202 3 0.088717
203 3 0.221831
204 3 0.019335
205 3 0.220045
206 3 0.150215
207 3 0.027074
208 3 1.062238
209 3 0.092367
210 3 0.144102
211 3 0.073170
212 3 0.131031
213 3 0.239752
214 3 0.234336
215 3 0.177096
216 3 0.329311
217 3 0.150230
218 3 1.115284
219 3 0.027036
220 3 0.150017
221 3 0.187747
222 3 0.050051
223 3 0.164080
224 3 0.235945
225 3 0.241621
226 3 0.130743
227 3 0.183882
228 3 0.157832
229 3 0.034709
230 3 0.157779
231 3 0.026969
232 3 0.138496
233 3 0.172856
234 3 0.163189
235 3 0.197407
236 3 0.127121
237 3 0.234711
238 3 0.172863
239 3 0.392485
240 3 0.161485
241 3 0.309856
242 3 0.111707
243 3 0.263542
244 3 0.213694
245 3 0.204918
246 3 0.188916
247 3 0.138570
248 3 0.134578
249 3 0.119212
250 3 0.169086
251 3 0.215011
252 3 0.701873
253 3 0.157666
254 3 0.119187
255 3 0.065262
256 3 0.142113
257 3 0.185375
258 3 0.226521
259 3 0.183432
260 3 0.240958
261 3 0.149871
262 3 0.291282
263 3 0.157530
264 3 0.170129
265 3 0.272628
266 3 0.107562
267 3 0.230543
268 3 0.300596
269 3 0.215125
270 3 0.278403
271 3 0.238595
272 3 0.161619
273 3 0.369717
274 3 0.118315
275 3 0.239831
276 3 0.030767
277 3 0.030799
278 3 0.207416
279 3 0.164906
280 3 0.199399
281 3 0.217717
282 3 0.180254
283 3 0.080576
284 3 0.776281
285 3 0.203252
286 3 0.293897
287 3 0.168682
288 3 0.112606
289 3 0.126606
290 3 0.155877
291 3 0.210975
292 3 0.149379
293 3 0.233238
294 3 0.237216
295 3 0.065145
296 3 0.141552
297 3 0.297955
298 3 0.227718
299 3 0.402482
300 4 0.242656
301 4 0.169210
302 4 0.149236
303 4 0.166110
304 4 0.126448
305 4 0.256950
306 4 0.091822
307 4 0.240940
308 4 0.210747
309 4 0.246855
310 4 0.191324
311 4 0.126565
312 4 0.118763
313 4 0.095838
314 4 0.168327
315 4 0.111032
316 4 0.026970
317 4 0.092166
318 4 0.164498
319 4 0.236339
320 4 0.253849
321 4 0.072690
322 4 0.205990
323 4 0.331513
324 4 0.149062
325 4 0.291217
326 4 0.177984
327 4 0.154295
328 4 0.030726
329 4 0.080346
330 4 0.118617
331 4 0.160365
332 4 0.253160
333 4 0.152728
334 4 0.226826
335 4 0.091681
336 4 0.088012
337 4 0.202401
338 4 0.095633
339 4 0.168117
340 4 0.174844
341 4 0.210441
342 4 0.254400
343 4 0.019251
344 4 0.689038
345 4 0.373877
346 4 0.141334
347 4 0.630313
348 4 0.088765
349 4 0.129768
350 4 0.225507
351 4 0.128759
352 4 0.198353
353 4 0.129724
354 4 0.026834
355 4 0.152888
356 4 0.130007
357 4 0.353572
358 4 0.211699
359 4 0.030646
360 4 0.026888
361 4 0.266380
362 4 0.148724
363 4 0.179331
364 4 0.312219
365 4 0.229693
366 4 0.147084
367 4 0.140980
368 4 0.049655
369 4 0.183878
370 4 0.064825
371 4 0.034470
372 4 0.206980
373 4 0.234167
374 4 0.126040
375 4 0.153875
376 4 0.137402
377 4 0.173118
378 4 0.148777
379 4 0.218509
380 4 0.224984
381 4 0.136090
382 4 0.268303
383 4 0.992061
384 4 0.156354
385 4 0.137418
386 4 0.247117
387 4 0.360049
388 4 0.142908
389 4 0.274618
390 4 0.118066
391 4 0.211702
392 4 0.156698
393 4 0.251602
394 4 0.159989
395 4 0.927067
396 4 0.178197
397 4 0.240020
398 4 0.302538
399 4 0.107964
400 5 0.197226
401 5 0.278657
402 5 0.087638
403 5 0.091288
404 5 0.177837
405 5 0.072319
406 5 0.144147
407 5 0.669217
408 5 0.095303
409 5 0.368547
410 5 0.325668
411 5 1.056252
412 5 0.142156
413 5 0.030554
414 5 0.137090
415 5 0.190357
416 5 0.026741
417 5 0.152125
418 5 0.114104
419 5 0.204254
420 5 0.252244
421 5 0.030585
422 5 0.121570
423 5 0.106829
424 5 0.167066
425 5 0.159557
426 5 0.173923
427 5 0.129248
428 5 0.251337
429 5 0.099421
430 5 0.246162
431 5 0.248130
432 5 0.222958
433 5 0.102454
434 5 0.091579
435 5 0.091074
436 5 0.106321
437 5 0.190194
438 5 0.043929
439 5 0.140400
440 5 0.251954
441 5 0.182224
442 5 0.241525
443 5 0.140221
444 5 0.128922
445 5 0.064510
446 5 0.163148
447 5 0.201639
448 5 0.269015
449 5 0.148075
450 5 0.347140
451 5 0.278771
452 5 0.274113
453 5 0.026763
454 5 0.124940
455 5 0.166831
456 5 0.205048
457 5 0.151696
458 5 0.332205
459 5 0.201342
460 5 0.185823
461 5 0.128787
462 5 0.269241
463 5 0.121652
464 5 0.334019
465 5 0.170214
466 5 0.125299
467 5 0.102249
468 5 0.210188
469 5 0.268595
470 5 0.311773
471 5 0.163742
472 5 0.026843
473 5 0.299916
474 5 0.170876
475 5 0.652931
476 5 0.202406
477 5 0.178766
478 5 0.109954
479 5 0.079631
480 5 0.217177
481 5 0.963471
482 5 0.150793
483 5 0.168061
484 5 0.034281
485 5 0.149171
486 5 0.268692
487 5 0.432138
488 5 0.167252
489 5 0.128616
490 5 0.253095
491 5 0.179862
492 5 0.375117
493 5 0.171838
494 5 0.147588
495 5 0.151048
496 5 0.212089
497 5 0.159471
498 5 0.117474
499 5 0.049322
500 6 0.087190
501 6 0.030454
502 6 0.170325
503 6 0.147485
504 6 0.261193
505 6 0.166234
506 6 0.019171
507 6 0.189329
508 6 0.669624
509 6 0.196322
510 6 0.172228
511 6 0.128799
512 6 0.270044
513 6 0.196623
514 6 0.286313
515 6 0.268337
516 6 0.110949
517 6 0.139541
518 6 0.124726
519 6 0.381626
520 6 0.261534
521 6 0.172342
522 6 0.149880
523 6 0.128318
524 6 0.169538
525 6 0.232029
526 6 0.162351
527 6 0.299473
528 6 0.178935
529 6 0.158567
530 6 0.259274
531 6 0.188138
532 6 0.222903
533 6 0.154838
534 6 0.117199
535 6 0.152446
536 6 0.336613
537 6 0.224475
538 6 0.219529
539 6 0.146887
540 6 0.139510
541 6 0.173698
542 6 0.130254
543 6 0.160774
544 6 0.178828
545 6 0.260277
546 6 0.124685
547 6 0.166035
548 6 0.105633
549 6 0.164352
550 6 0.309540
551 6 0.034216
552 6 0.117597
553 6 0.103778
554 6 0.120918
555 6 0.229815
556 6 0.191531
557 6 0.147118
558 6 0.184814
559 6 0.026730
560 6 0.165612
561 6 0.071730
562 6 0.064127
563 6 0.128271
564 6 0.030463
565 6 0.079261
566 6 0.128023
567 6 0.359039
568 6 0.232469
569 6 0.174836
570 6 0.026620
571 6 0.275831
572 6 0.153217
573 6 0.147862
574 6 0.154622
575 6 0.090974
576 6 0.026777
577 6 0.156921
578 6 0.109417
579 6 0.120045
580 6 0.161984
581 6 0.950556
582 6 0.116918
583 6 0.150934
584 6 0.373184
585 6 0.184433
586 6 0.283832
587 6 0.287265
588 6 0.101578
589 6 0.731282
590 6 1.058503
591 6 0.196426
592 6 0.101531
593 6 0.200032
594 6 0.123854
595 6 0.232947
596 6 0.135734
597 6 0.199724
598 6 0.201748
599 6 0.229453
600 7 0.086762
601 7 0.332984
602 7 0.135532
603 7 0.300436
604 7 0.019160
605 7 0.140801
606 7 0.199790
607 7 0.258500
608 7 0.174915
609 7 0.271997
610 7 0.219650
611 7 0.206915
612 7 0.338140
613 7 0.164554
614 7 0.165181
615 7 0.138850
616 7 0.197598
617 7 0.034136
618 7 0.116580
619 7 0.180136
620 7 0.030418
621 7 0.101305
622 7 0.094163
623 7 0.150514
624 7 0.049036
625 7 0.109094
626 7 0.263626
627 7 0.254665
628 7 0.090633
629 7 0.161454
630 7 0.266566
631 7 0.150789
632 7 0.135375
633 7 0.123505
634 7 0.187003
635 7 0.086545
636 7 0.030325
637 7 0.139298
638 7 0.155693
639 7 0.225509
640 7 0.127481
641 7 0.194805
642 7 0.142003
643 7 0.170005
644 7 0.120335
645 7 0.205212
646 7 0.123985
647 7 0.183824
648 7 0.179666
649 7 0.026578
650 7 0.186770
651 7 0.659031
652 7 0.379662
653 7 0.617992
654 7 0.138339
655 7 0.259570
656 7 0.078882
657 7 0.164816
658 7 0.200118
659 7 0.071383
660 7 0.090014
661 7 0.145941
662 7 0.135213
663 7 0.136602
664 7 0.153749
665 7 0.209981
666 7 0.207903
667 7 0.138509
668 7 0.200715
669 7 0.198714
670 7 0.194061
671 7 0.124387
672 7 0.953104
673 7 0.958690
674 7 0.370797
675 7 0.310895
676 7 0.266948
677 7 0.203531
678 7 0.124014
679 7 0.116113
680 7 0.153525
681 7 0.112489
682 7 0.127643
683 7 0.286628
684 7 0.272532
685 7 0.170761
686 7 0.336913
687 7 0.093834
688 7 0.026759
689 7 0.120115
690 7 0.138408
691 7 0.283159
692 7 0.063647
693 7 0.026671
694 7 0.138053
695 7 0.217980
696 7 0.177743
697 7 0.141973
698 7 0.063707
699 7 0.176963
700 8 0.483245
701 8 0.105734
702 8 0.145445
703 8 0.647917
704 8 0.302039
705 8 0.089764
706 8 0.034049
707 8 0.183127
708 8 0.149515
709 8 0.204208
710 8 0.306890
711 8 0.254120
712 8 0.086162
713 8 0.078657
714 8 0.298803
715 8 0.430036
716 8 0.939698
717 8 0.272665
718 8 0.690861
719 8 0.285420
720 8 0.108763
721 8 0.209209
722 8 0.123652
723 8 0.112202
724 8 0.126761
725 8 0.178887
726 8 0.239057
727 8 0.174368
728 8 0.153030
729 8 0.167402
730 8 0.135708
731 8 0.217754
732 8 0.154899
733 8 0.197161
734 8 0.160401
735 8 0.100613
736 8 0.152974
737 8 0.163881
738 8 0.157892
739 8 0.137767
740 8 0.163915
741 8 0.251434
742 8 0.145238
743 8 0.145407
744 8 0.256866
745 8 0.268314
746 8 0.026665
747 8 0.141012
748 8 0.156816
749 8 0.164309
750 8 0.090116
751 8 0.230231
752 8 0.135317
753 8 0.100512
754 8 0.255040
755 8 0.152095
756 8 0.198022
757 8 0.115747
758 8 0.093465
759 8 0.123192
760 8 0.196656
761 8 0.171523
762 8 0.171173
763 8 0.115763
764 8 0.185767
765 8 0.108310
766 8 0.119254
767 8 0.224502
768 8 0.240771
769 8 0.030258
770 8 0.186938
771 8 0.126501
772 8 0.070985
773 8 0.313008
774 8 0.192377
775 8 0.126433
776 8 0.200984
777 8 0.203237
778 8 0.235003
779 8 0.026754
780 8 0.226909
781 8 0.145087
782 8 0.063390
783 8 0.026562
784 8 0.030344
785 8 0.207711
786 8 0.284238
787 8 0.095384
788 8 0.175882
789 8 0.019186
790 8 0.130390
791 8 0.134299
792 8 0.172228
793 8 0.902039
794 8 0.259660
795 8 0.048734
796 8 0.150309
797 8 0.134230
798 8 0.126926
799 8 0.204237
800 9 0.122298
801 9 0.126251
802 9 0.144677
803 9 0.122955
804 9 0.256164
805 9 0.119309
806 9 0.163369
807 9 0.115525
808 9 0.191788
809 9 0.200834
810 9 0.137271
811 9 0.118956
812 9 0.393446
813 9 0.207755
814 9 0.194221
815 9 0.206129
816 9 0.189522
817 9 0.063357
818 9 0.940745
819 9 0.152342
820 9 0.206294
821 9 0.144732
822 9 0.163187
823 9 0.228141
824 9 0.126702
825 9 0.208843
826 9 0.207152
827 9 0.134017
828 9 0.258132
829 9 0.152259
830 9 0.019202
831 9 0.288408
832 9 0.160188
833 9 0.128269
834 9 0.152248
835 9 0.030211
836 9 0.137009
837 9 0.115039
838 9 0.260885
839 9 0.163043
840 9 0.197149
841 9 0.226064
842 9 0.255865
843 9 0.048636
844 9 0.311803
845 9 0.033948
846 9 0.174156
847 9 0.431516
848 9 0.030313
849 9 0.115100
850 9 0.135274
851 9 0.279774
852 9 0.194913
853 9 0.294837
854 9 0.176103
855 9 0.136668
856 9 0.122476
857 9 0.078088
858 9 0.191752
859 9 0.140159
860 9 0.277722
861 9 0.155745
862 9 0.089096
863 9 0.166245
864 9 0.026617
865 9 0.199558
866 9 0.177296
867 9 0.147167
868 9 0.163183
869 9 0.148629
870 9 0.144589
871 9 0.133732
872 9 0.099965
873 9 0.195516
874 9 0.213485
875 9 0.368729
876 9 0.026748
877 9 0.093031
878 9 0.325758
879 9 0.192177
880 9 0.133596
881 9 0.192260
882 9 0.212057
883 9 0.092163
884 9 0.201780
885 9 0.143944
886 9 0.026519
887 9 0.622657
888 9 0.133959
889 9 0.197046
890 9 0.162304
891 9 0.879937
892 9 0.140571
893 9 0.085453
894 9 0.085601
895 9 0.643162
896 9 0.063052
897 9 0.092863
898 9 0.089031
899 9 0.195689
900 10 0.173144
901 10 0.026746
902 10 0.225346
903 10 0.190003
904 10 0.144648
905 10 0.341323
906 10 0.114976
907 10 0.088968
908 10 0.148277
909 10 0.134820
910 10 0.142617
911 10 0.241236
912 10 0.690724
913 10 0.094404
914 10 0.092889
915 10 0.184131
916 10 0.241806
917 10 0.212355
918 10 0.176694
919 10 0.136456
920 10 0.075281
921 10 0.238758
922 10 0.125419
923 10 0.191635
924 10 0.217546
925 10 0.122230
926 10 0.152853
927 10 0.287525
928 10 0.143893
929 10 0.088819
930 10 0.200104
931 10 0.125381
932 10 0.268409
933 10 0.162266
934 10 0.143487
935 10 0.099637
936 10 0.230368
937 10 0.070514
938 10 0.165542
939 10 0.165460
940 10 0.139485
941 10 0.147244
942 10 0.315704
943 10 0.019265
944 10 0.181460
945 10 0.173379
946 10 0.363191
947 10 0.151342
948 10 0.026542
949 10 0.103331
950 10 0.162078
951 10 0.203398
952 10 0.175414
953 10 0.133198
954 10 0.121360
955 10 0.900844
956 10 0.232170
957 10 0.115754
958 10 0.158122
959 10 0.147649
960 10 0.281088
961 10 0.135890
962 10 0.110979
963 10 0.190186
964 10 0.033896
965 10 0.144249
966 10 0.125569
967 10 0.261891
968 10 0.114378
969 10 0.165184
970 10 0.026646
971 10 0.107369
972 10 0.092550
973 10 0.030313
974 10 0.237836
975 10 0.182775
976 10 0.154599
977 10 0.155458
978 10 0.077742
979 10 0.343475
980 10 0.379359
981 10 0.198383
982 10 0.062820
983 10 0.030173
984 10 0.161888
985 10 0.135932
986 10 0.122244
987 10 0.135936
988 10 0.180588
989 10 0.161938
990 10 0.133021
991 10 0.646913
992 10 0.158358
993 10 0.085272
994 10 0.219414
995 10 0.217059
996 10 0.099340
997 10 0.409857
998 10 0.934488
999 10 0.195616
1000 11 1.013470
1001 11 0.186005
1002 11 0.142936
1003 11 0.292675
1004 11 0.249771
1005 11 0.089162
1006 11 0.026550
1007 11 0.202569
1008 11 0.164947
1009 11 0.125306
1010 11 0.307713
1011 11 0.298068
1012 11 0.161430
1013 11 0.910854
1014 11 0.147520
1015 11 0.159896
1016 11 0.156806
1017 11 0.030302
1018 11 0.265446
1019 11 0.191237
1020 11 0.124831
1021 11 0.272015
1022 11 0.140574
1023 11 0.077573
1024 11 0.190677
1025 11 0.135562
1026 11 0.092259
1027 11 0.199337
1028 11 0.260432
1029 11 0.188852
1030 11 0.289956
1031 11 0.117654
1032 11 0.143317
1033 11 0.287323
1034 11 0.062669
1035 11 0.132502
1036 11 0.209147
1037 11 0.019316
1038 11 0.026800
1039 11 0.088392
1040 11 0.088459
1041 11 0.265398
1042 11 0.150596
1043 11 0.135148
1044 11 0.125489
1045 11 0.165165
1046 11 0.136159
1047 11 0.134867
1048 11 0.113891
1049 11 0.098999
1050 11 0.026632
1051 11 0.195026
1052 11 0.161284
1053 11 0.110473
1054 11 0.223400
1055 11 0.162629
1056 11 0.317249
1057 11 0.201999
1058 11 0.350160
1059 11 0.638923
1060 11 0.174804
1061 11 0.048352
1062 11 0.172324
1063 11 0.292844
1064 11 0.175862
1065 11 0.294982
1066 11 0.244038
1067 11 0.162407
1068 11 0.161165
1069 11 0.126827
1070 11 0.030160
1071 11 0.205304
1072 11 0.239867
1073 11 0.176117
1074 11 0.217708
1075 11 0.144877
1076 11 0.070153
1077 11 0.179692
1078 11 0.150358
1079 11 0.128576
1080 11 0.172182
1081 11 0.033825
1082 11 0.107093
1083 11 0.228804
1084 11 0.222407
1085 11 0.655310
1086 11 0.215682
1087 11 0.084934
1088 11 0.124464
1089 11 0.227716
1090 11 0.114103
1091 11 0.190041
1092 11 0.113878
1093 11 0.132345
1094 11 0.175067
1095 11 0.161588
1096 11 0.318106
1097 11 0.062732
1098 11 0.084734
1099 11 0.160618
1100 12 0.091970
1101 12 0.138321
1102 12 0.229008
1103 12 0.238887
1104 12 0.102489
1105 12 0.146962
1106 12 0.142166
1107 12 0.132252
1108 12 0.301757
1109 12 0.070089
1110 12 0.110253
1111 12 0.135003
1112 12 0.176120
1113 12 0.211145
1114 12 0.150143
1115 12 0.199598
1116 12 0.026586
1117 12 0.277732
1118 12 0.334017
1119 12 0.124244
1120 12 0.155858
1121 12 0.144472
1122 12 0.175533
1123 12 0.153406
1124 12 0.033817
1125 12 0.106713
1126 12 0.238498
1127 12 0.062641
1128 12 0.332476
1129 12 0.118599
1130 12 0.202759
1131 12 0.183007
1132 12 0.242193
1133 12 0.187490
1134 12 0.203780
1135 12 0.261674
1136 12 0.190294
1137 12 0.062455
1138 12 0.658977
1139 12 0.166421
1140 12 0.220008
1141 12 0.242881
1142 12 0.180552
1143 12 0.174611
1144 12 0.171518
1145 12 0.623353
1146 12 0.237188
1147 12 0.146844
1148 12 0.026863
1149 12 0.273616
1150 12 0.350539
1151 12 0.282680
1152 12 0.019403
1153 12 0.092093
1154 12 0.084773
1155 12 0.117776
1156 12 0.160580
1157 12 0.113521
1158 12 0.026683
1159 12 0.240479
1160 12 0.088131
1161 12 0.179059
1162 12 0.178811
1163 12 0.320885
1164 12 0.128109
1165 12 0.187767
1166 12 0.241834
1167 12 0.852616
1168 12 0.199619
1169 12 0.074691
1170 12 0.141980
1171 12 0.160855
1172 12 0.113356
1173 12 0.030172
1174 12 0.120990
1175 12 0.134700
1176 12 0.077188
1177 12 0.209462
1178 12 0.088595
1179 12 0.200999
1180 12 0.217720
1181 12 0.137870
1182 12 0.142471
1183 12 0.084465
1184 12 0.911697
1185 12 0.204209
1186 12 0.030337
1187 12 0.131833
1188 12 0.284402
1189 12 0.123915
1190 12 0.133785
1191 12 0.258384
1192 12 0.184470
1193 12 0.113647
1194 12 0.163305
1195 12 0.142187
1196 12 0.087920
1197 12 0.183344
1198 12 0.235806
1199 12 0.145915
1200 13 0.062321
1201 13 0.104016
1202 13 0.291181
1203 13 0.113582
1204 13 0.258150
1205 13 0.137635
1206 13 0.330017
1207 13 0.142265
1208 13 0.285834
1209 13 0.453081
1210 13 0.184687
1211 13 0.142787
1212 13 0.286483
1213 13 0.159772
1214 13 0.181941
1215 13 0.224713
1216 13 0.217040
1217 13 0.173601
1218 13 0.088439
1219 13 0.102932
1220 13 0.221784
1221 13 0.160836
1222 13 0.214051
1223 13 0.106374
1224 13 0.265422
1225 13 0.026718
1226 13 0.209015
1227 13 0.208884
1228 13 0.178501
1229 13 0.187886
1230 13 0.184057
1231 13 0.030186
1232 13 0.174694
1233 13 0.120671
1234 13 0.148006
1235 13 0.347208
1236 13 0.134897
1237 13 0.155558
1238 13 0.186485
1239 13 0.124111
1240 13 0.101930
1241 13 0.169962
1242 13 0.087886
1243 13 0.159886
1244 13 0.178076
1245 13 0.026660
1246 13 0.069872
1247 13 0.159870
1248 13 0.138790
1249 13 0.033791
1250 13 0.337080
1251 13 0.311986
1252 13 0.149226
1253 13 0.026916
1254 13 0.117140
1255 13 0.109652
1256 13 0.159579
1257 13 0.119691
1258 13 0.273809
1259 13 0.666724
1260 13 0.120967
1261 13 0.184941
1262 13 0.215967
1263 13 0.350354
1264 13 0.247753
1265 13 0.134081
1266 13 0.102169
1267 13 0.048189
1268 13 0.123579
1269 13 0.301880
1270 13 0.160172
1271 13 0.180774
1272 13 0.134338
1273 13 0.123490
1274 13 0.201165
1275 13 0.200227
1276 13 0.213953
1277 13 0.240550
1278 13 0.149175
1279 13 0.206966
1280 13 0.131366
1281 13 0.234216
1282 13 0.152388
1283 13 0.201800
1284 13 0.062420
1285 13 0.117070
1286 13 0.091383
1287 13 0.169422
1288 13 0.121817
1289 13 0.233313
1290 13 0.615352
1291 13 0.163757
1292 13 0.122291
1293 13 0.166738
1294 13 0.909804
1295 13 0.848240
1296 13 0.127470
1297 13 0.162358
1298 13 0.019538
1299 13 0.030392
1300 14 0.154622
1301 14 0.836878
1302 14 0.265623
1303 14 0.148945
1304 14 0.122942
1305 14 0.160620
1306 14 0.151647
1307 14 0.026951
1308 14 0.288919
1309 14 0.208200
1310 14 0.235015
1311 14 0.123290
1312 14 0.283231
1313 14 0.048150
1314 14 0.175443
1315 14 0.106051
1316 14 0.188332
1317 14 0.159337
1318 14 0.247892
1319 14 0.030226
1320 14 0.062121
1321 14 0.088163
1322 14 0.026731
1323 14 0.614412
1324 14 0.082167
1325 14 0.124139
1326 14 0.316829
1327 14 0.159294
1328 14 0.307658
1329 14 0.120604
1330 14 0.213247
1331 14 0.133455
1332 14 0.159715
1333 14 0.145317
1334 14 0.087540
1335 14 0.187958
1336 14 0.205617
1337 14 0.214816
1338 14 0.279826
1339 14 0.133017
1340 14 0.193384
1341 14 0.030406
1342 14 0.113015
1343 14 0.829626
1344 14 0.133413
1345 14 0.349030
1346 14 0.069672
1347 14 0.101420
1348 14 0.181001
1349 14 0.130901
1350 14 0.240175
1351 14 0.205648
1352 14 0.186685
1353 14 0.062318
1354 14 0.177606
1355 14 0.199471
1356 14 0.281322
1357 14 0.157097
1358 14 0.185486
1359 14 0.333458
1360 14 0.271745
1361 14 0.245675
1362 14 0.241657
1363 14 0.224411
1364 14 0.199043
1365 14 0.180727
1366 14 0.214067
1367 14 0.087518
1368 14 0.084193
1369 14 0.140874
1370 14 0.133540
1371 14 0.238278
1372 14 0.122192
1373 14 0.120270
1374 14 0.244104
1375 14 0.105284
1376 14 0.192242
1377 14 0.091044
1378 14 0.185198
1379 14 0.217886
1380 14 0.138760
1381 14 0.147802
1382 14 0.190745
1383 14 0.163904
1384 14 0.130754
1385 14 0.382527
1386 14 0.202334
1387 14 0.142443
1388 14 0.209837
1389 14 0.654031
1390 14 0.083900
1391 14 0.112710
1392 14 0.019657
1393 14 0.243981
1394 14 0.179514
1395 14 0.404346
1396 14 0.256230
1397 14 0.033827
1398 14 0.178834
1399 14 0.119989
1400 15 0.118952
1401 15 0.190638
1402 15 0.157589
1403 15 0.231983
1404 15 0.114423
1405 15 0.230457
1406 15 0.329273
1407 15 0.199058
1408 15 0.225260
1409 15 0.112327
1410 15 0.113020
1411 15 0.229137
1412 15 0.168504
1413 15 0.141159
1414 15 0.097481
1415 15 0.192258
1416 15 0.267475
1417 15 0.181825
1418 15 0.030257
1419 15 0.133127
1420 15 0.255968
1421 15 0.076650
1422 15 0.130582
1423 15 0.150027
1424 15 0.112585
1425 15 0.586203
1426 15 0.130724
1427 15 0.027055
1428 15 0.108983
1429 15 0.120279
1430 15 0.132451
1431 15 0.158624
1432 15 0.166168
1433 15 0.026851
1434 15 0.150875
1435 15 0.197252
1436 15 0.668435
1437 15 0.178366
1438 15 0.181153
1439 15 0.215718
1440 15 0.172569
1441 15 0.091413
1442 15 0.116310
1443 15 0.221517
1444 15 0.107159
1445 15 0.192716
1446 15 0.122760
1447 15 0.325137
1448 15 0.151361
1449 15 0.062199
1450 15 0.248071
1451 15 0.199737
1452 15 0.165413
1453 15 0.294632
1454 15 0.116949
1455 15 0.264479
1456 15 0.083765
1457 15 0.030499
1458 15 0.026838
1459 15 0.169413
1460 15 0.120566
1461 15 0.048112
1462 15 0.083965
1463 15 0.019726
1464 15 0.115658
1465 15 0.180098
1466 15 0.278608
1467 15 0.855749
1468 15 0.122602
1469 15 0.123118
1470 15 0.254321
1471 15 0.829328
1472 15 0.132991
1473 15 0.251344
1474 15 0.164670
1475 15 0.193309
1476 15 0.193651
1477 15 0.161675
1478 15 0.187855
1479 15 0.316179
1480 15 0.276464
1481 15 0.121122
1482 15 0.162653
1483 15 0.111566
1484 15 0.100890
1485 15 0.186905
1486 15 0.158320
1487 15 0.189951
1488 15 0.033832
1489 15 0.147787
1490 15 0.158098
1491 15 0.119629
1492 15 0.231396
1493 15 0.269831
1494 15 0.155087
1495 15 0.244528
1496 15 0.069459
1497 15 0.122367
1498 15 0.243068
1499 15 0.135418
1500 16 0.251934
1501 16 0.159947
1502 16 0.214908
1503 16 0.133392
1504 16 0.227624
1505 16 0.223959
1506 16 0.019779
1507 16 0.132851
1508 16 0.241850
1509 16 0.153821
1510 16 0.562756
1511 16 0.165138
1512 16 0.121574
1513 16 0.135804
1514 16 0.238374
1515 16 0.254410
1516 16 0.303224
1517 16 0.204575
1518 16 0.122246
1519 16 0.195321
1520 16 0.259056
1521 16 0.292721
1522 16 0.126329
1523 16 0.264446
1524 16 0.206796
1525 16 0.122275
1526 16 0.277225
1527 16 0.192333
1528 16 0.139983
1529 16 0.105507
1530 16 0.097127
1531 16 0.112766
1532 16 0.114550
1533 16 0.026915
1534 16 0.062054
1535 16 0.207765
1536 16 0.332418
1537 16 0.781243
1538 16 0.033843
1539 16 0.158110
1540 16 0.247350
1541 16 0.180149
1542 16 0.312604
1543 16 0.278062
1544 16 0.143924
1545 16 0.158531
1546 16 0.147888
1547 16 0.229970
1548 16 0.132397
1549 16 0.157922
1550 16 0.269766
1551 16 0.176426
1552 16 0.091198
1553 16 0.108668
1554 16 0.789698
1555 16 0.225542
1556 16 0.132503
1557 16 0.030587
1558 16 0.112349
1559 16 0.118293
1560 16 0.105384
1561 16 0.177378
1562 16 0.101119
1563 16 0.197913
1564 16 0.048096
1565 16 0.197850
1566 16 0.146501
1567 16 0.128420
1568 16 0.162981
1569 16 0.239527
1570 16 0.182717
1571 16 0.158311
1572 16 0.100535
1573 16 0.069343
1574 16 0.030341
1575 16 0.218260
1576 16 0.115135
1577 16 0.108498
1578 16 0.248383
1579 16 0.193643
1580 16 0.115802
1581 16 0.152834
1582 16 0.186178
1583 16 0.027224
1584 16 0.139644
1585 16 0.271813
1586 16 0.111729
1587 16 0.170000
1588 16 0.283061
1589 16 0.224455
1590 16 0.226168
1591 16 0.026963
1592 16 0.125080
1593 16 0.122111
1594 16 0.112042
1595 16 0.635924
1596 16 0.147394
1597 16 0.180743
1598 16 0.087567
1599 16 0.282004
1600 17 0.030598
1601 17 0.192540
1602 17 0.213021
1603 17 0.157122
1604 17 0.136276
1605 17 0.147299
1606 17 0.069283
1607 17 0.210708
1608 17 0.291298
1609 17 0.192386
1610 17 0.139006
1611 17 0.611090
1612 17 0.197690
1613 17 0.288878
1614 17 0.790514
1615 17 0.030341
1616 17 0.123124
1617 17 0.267432
1618 17 0.162704
1619 17 0.048077
1620 17 0.174625
1621 17 0.090322
1622 17 0.158015
1623 17 0.201822
1624 17 0.119572
1625 17 0.177195
1626 17 0.228846
1627 17 0.128401
1628 17 0.157384
1629 17 0.061965
1630 17 0.124163
1631 17 0.231080
1632 17 0.131185
1633 17 0.131838
1634 17 0.195952
1635 17 0.209402
1636 17 0.132102
1637 17 0.215235
1638 17 0.200220
1639 17 0.204584
1640 17 0.174443
1641 17 0.272365
1642 17 0.115691
1643 17 0.200575
1644 17 0.286678
1645 17 0.101247
1646 17 0.131909
1647 17 0.263007
1648 17 0.320767
1649 17 0.170211
1650 17 0.132209
1651 17 0.147387
1652 17 0.196392
1653 17 0.671962
1654 17 0.117889
1655 17 0.142859
1656 17 0.019970
1657 17 0.190819
1658 17 0.286775
1659 17 0.191736
1660 17 0.813630
1661 17 0.086838
1662 17 0.136041
1663 17 0.164586
1664 17 0.185620
1665 17 0.027031
1666 17 0.033906
1667 17 0.139265
1668 17 0.215872
1669 17 0.139888
1670 17 0.061627
1671 17 0.027323
1672 17 0.108226
1673 17 0.129522
1674 17 0.217385
1675 17 0.238761
1676 17 0.150040
1677 17 0.294151
1678 17 0.086878
1679 17 0.154657
1680 17 0.368279
1681 17 0.105150
1682 17 0.115439
1683 17 0.249860
1684 17 0.217664
1685 17 0.173595
1686 17 0.252550
1687 17 0.158910
1688 17 0.191424
1689 17 0.122244
1690 17 0.263654
1691 17 0.320380
1692 17 0.139156
1693 17 0.027076
1694 17 0.121711
1695 17 0.175802
1696 17 0.076159
1697 17 0.114696
1698 17 0.087353
1699 17 0.118882
1700 18 0.172492
1701 18 0.238002
1702 18 0.216273
1703 18 0.142592
1704 18 0.185154
1705 18 0.897316
1706 18 0.138516
1707 18 0.359313
1708 18 0.118834
1709 18 0.159912
1710 18 0.086712
1711 18 0.162126
1712 18 0.083426
1713 18 0.100018
1714 18 0.121377
1715 18 0.157547
1716 18 0.199590
1717 18 0.167643
1718 18 0.086782
1719 18 0.204946
1720 18 0.027351
1721 18 0.559217
1722 18 0.296801
1723 18 0.619009
1724 18 0.191416
1725 18 0.173542
1726 18 0.192558
1727 18 0.108060
1728 18 0.137695
1729 18 0.083143
1730 18 0.243559
1731 18 0.193266
1732 18 0.280663
1733 18 0.172368
1734 18 0.138333
1735 18 0.030735
1736 18 0.172000
1737 18 0.220372
1738 18 0.033929
1739 18 0.199467
1740 18 0.324617
1741 18 0.086682
1742 18 0.030451
1743 18 0.138810
1744 18 0.096446
1745 18 0.240860
1746 18 0.178881
1747 18 0.087265
1748 18 0.257731
1749 18 0.297402
1750 18 0.301895
1751 18 0.182285
1752 18 0.176858
1753 18 0.170316
1754 18 0.048075
1755 18 0.180598
1756 18 0.206674
1757 18 0.156362
1758 18 0.262178
1759 18 0.105051
1760 18 0.069114
1761 18 0.141822
1762 18 0.181947
1763 18 0.160598
1764 18 0.150139
1765 18 0.117488
1766 18 0.220155
1767 18 0.121495
1768 18 0.118629
1769 18 0.134592
1770 18 0.815830
1771 18 0.140206
1772 18 0.187132
1773 18 0.020113
1774 18 0.104856
1775 18 0.115149
1776 18 0.291281
1777 18 0.131728
1778 18 0.131289
1779 18 0.282216
1780 18 0.189722
1781 18 0.156618
1782 18 0.111707
1783 18 0.217910
1784 18 0.170588
1785 18 0.096377
1786 18 0.197440
1787 18 0.122895
1788 18 0.215942
1789 18 0.179988
1790 18 0.267767
1791 18 0.267026
1792 18 0.238035
1793 18 0.027188
1794 18 0.161767
1795 18 0.149920
1796 18 0.027149
1797 18 0.115294
1798 18 0.111090
1799 18 0.178185
1800 19 0.227301
1801 19 0.146256
1802 19 0.086549
1803 19 0.227921
1804 19 0.174084
1805 19 0.290541
1806 19 0.169723
1807 19 0.253713
1808 19 0.086639
1809 19 0.225158
1810 19 0.174544
1811 19 0.090787
1812 19 0.192550
1813 19 0.227557
1814 19 0.184669
1815 19 0.194691
1816 19 0.174968
1817 19 0.244682
1818 19 0.115206
1819 19 0.136866
1820 19 0.586183
1821 19 0.312123
1822 19 0.069069
1823 19 0.020172
1824 19 0.142054
1825 19 0.142013
1826 19 0.107853
1827 19 0.237390
1828 19 0.179663
1829 19 0.259080
1830 19 0.155630
1831 19 0.169026
1832 19 0.089842
1833 19 0.264432
1834 19 0.217908
1835 19 0.030501
1836 19 0.104867
1837 19 0.112082
1838 19 0.150327
1839 19 0.159687
1840 19 0.189083
1841 19 0.602501
1842 19 0.196196
1843 19 0.256107
1844 19 0.033968
1845 19 0.156362
1846 19 0.087079
1847 19 0.061823
1848 19 0.224764
1849 19 0.146184
1850 19 0.161834
1851 19 0.027194
1852 19 0.121579
1853 19 0.141727
1854 19 0.162120
1855 19 0.137930
1856 19 0.110949
1857 19 0.261371
1858 19 0.140191
1859 19 0.118407
1860 19 0.274628
1861 19 0.027520
1862 19 0.199430
1863 19 0.170691
1864 19 0.172568
1865 19 0.165096
1866 19 0.246835
1867 19 0.251647
1868 19 0.297661
1869 19 0.156944
1870 19 0.121153
1871 19 0.754084
1872 19 0.208958
1873 19 0.267543
1874 19 0.281678
1875 19 0.159251
1876 19 0.198619
1877 19 0.048111
1878 19 0.782601
1879 19 0.119828
1880 19 0.156144
1881 19 0.111480
1882 19 0.027301
1883 19 0.171861
1884 19 0.153266
1885 19 0.344950
1886 19 0.139118
1887 19 0.104622
1888 19 0.142110
1889 19 0.095490
1890 19 0.327570
1891 19 0.138940
1892 19 0.139043
1893 19 0.227125
1894 19 0.351813
1895 19 0.083203
1896 19 0.198614
1897 19 0.149035
1898 19 0.030885
1899 19 0.091947
1900 20 0.061783
1901 20 0.152031
1902 20 0.156068
1903 20 0.156242
1904 20 0.069014
1905 20 0.321655
1906 20 0.152732
1907 20 0.107674
1908 20 0.185777
1909 20 0.156691
1910 20 0.114767
1911 20 0.117972
1912 20 0.104550
1913 20 0.183874
1914 20 0.128503
1915 20 0.255128
1916 20 0.133492
1917 20 0.200661
1918 20 0.201305
1919 20 0.027322
1920 20 0.173455
1921 20 0.151440
1922 20 0.210250
1923 20 0.143395
1924 20 0.196632
1925 20 0.176173
1926 20 0.502089
1927 20 0.294155
1928 20 0.155874
1929 20 0.086389
1930 20 0.745625
1931 20 0.276253
1932 20 0.303821
1933 20 0.116903
1934 20 0.208933
1935 20 0.198173
1936 20 0.159257
1937 20 0.020337
1938 20 0.145845
1939 20 0.128633
1940 20 0.130516
1941 20 0.133968
1942 20 0.115264
1943 20 0.244678
1944 20 0.030937
1945 20 0.034037
1946 20 0.130591
1947 20 0.282883
1948 20 0.330055
1949 20 0.219884
1950 20 0.111297
1951 20 0.148747
1952 20 0.165098
1953 20 0.117066
1954 20 0.048078
1955 20 0.111021
1956 20 0.082769
1957 20 0.109874
1958 20 0.215949
1959 20 0.262564
1960 20 0.156292
1961 20 0.030592
1962 20 0.173593
1963 20 0.027296
1964 20 0.148389
1965 20 0.146254
1966 20 0.208740
1967 20 0.240227
1968 20 0.114845
1969 20 0.237332
1970 20 0.113801
1971 20 0.206009
1972 20 0.191816
1973 20 0.172050
1974 20 0.120620
1975 20 0.585270
1976 20 0.159017
1977 20 0.270722
1978 20 0.166363
1979 20 0.108861
1980 20 0.618433
1981 20 0.110606
1982 20 0.075789
1983 20 0.700330
1984 20 0.027651
1985 20 0.121384
1986 20 0.099289
1987 20 0.094822
1988 20 0.193374
1989 20 0.246548
1990 20 0.138701
1991 20 0.222463
1992 20 0.192903
1993 20 0.095891
1994 20 0.287753
1995 20 0.163096
1996 20 0.327736
1997 20 0.086403
1998 20 0.234488
1999 20 0.120790
2000 21 0.302700
2001 21 0.136001
2002 21 0.082675
2003 21 0.174110
2004 21 0.151657
2005 21 0.140928
2006 21 0.161191
2007 21 0.203012
2008 21 0.172583
2009 21 0.207639
2010 21 0.131669
2011 21 0.130514
2012 21 0.311005
2013 21 0.110420
2014 21 0.215395
2015 21 0.150103
2016 21 0.061277
2017 21 0.117964
2018 21 0.755796
2019 21 0.174166
2020 21 0.293387
2021 21 0.128173
2022 21 0.145438
2023 21 0.274927
2024 21 0.191239
2025 21 0.155225
2026 21 0.128352
2027 21 0.169240
2028 21 0.146765
2029 21 0.209529
2030 21 0.048093
2031 21 0.086340
2032 21 0.153132
2033 21 0.086809
2034 21 0.099107
2035 21 0.179595
2036 21 0.148349
2037 21 0.030655
2038 21 0.217822
2039 21 0.205865
2040 21 0.111163
2041 21 0.228656
2042 21 0.252935
2043 21 0.216780
2044 21 0.141042
2045 21 0.292889
2046 21 0.210537
2047 21 0.235281
2048 21 0.569462
2049 21 0.168621
2050 21 0.087922
2051 21 0.027462
2052 21 0.134649
2053 21 0.183495
2054 21 0.247356
2055 21 0.126460
2056 21 0.375612
2057 21 0.289432
2058 21 0.027378
2059 21 0.155306
2060 21 0.108292
2061 21 0.034072
2062 21 0.075701
2063 21 0.104557
2064 21 0.223687
2065 21 0.279645
2066 21 0.277043
2067 21 0.179078
2068 21 0.529283
2069 21 0.195251
2070 21 0.131417
2071 21 0.175181
2072 21 0.110403
2073 21 0.157580
2074 21 0.270916
2075 21 0.166075
2076 21 0.144074
2077 21 0.124443
2078 21 0.223102
2079 21 0.268331
2080 21 0.122708
2081 21 0.328665
2082 21 0.183953
2083 21 0.110809
2084 21 0.020514
2085 21 0.027775
2086 21 0.174843
2087 21 0.199066
2088 21 0.149988
2089 21 0.290036
2090 21 0.031057
2091 21 0.176013
2092 21 0.756121
2093 21 0.244702
2094 21 0.213852
2095 21 0.202342
2096 21 0.128750
2097 21 0.200969
2098 21 0.154797
2099 21 0.141671
2100 22 0.317522
2101 22 0.206645
2102 22 0.147641
2103 22 0.167870
2104 22 0.258241
2105 22 0.217848
2106 22 0.195344
2107 22 0.337733
2108 22 0.157276
2109 22 0.020558
2110 22 0.225517
2111 22 0.249340
2112 22 0.034119
2113 22 0.262452
2114 22 0.027426
2115 22 0.535866
2116 22 0.130157
2117 22 0.075658
2118 22 0.140782
2119 22 0.162180
2120 22 0.098880
2121 22 0.153956
2122 22 0.142323
2123 22 0.239486
2124 22 0.285908
2125 22 0.168276
2126 22 0.251113
2127 22 0.095491
2128 22 0.196924
2129 22 0.095509
2130 22 0.235964
2131 22 0.139962
2132 22 0.181995
2133 22 0.309630
2134 22 0.128101
2135 22 0.224845
2136 22 0.261216
2137 22 0.152275
2138 22 0.110948
2139 22 0.235257
2140 22 0.147886
2141 22 0.120372
2142 22 0.209597
2143 22 0.147244
2144 22 0.086126
2145 22 0.232344
2146 22 0.167896
2147 22 0.163045
2148 22 0.798099
2149 22 0.110240
2150 22 0.154935
2151 22 0.137101
2152 22 0.152330
2153 22 0.048171
2154 22 0.180304
2155 22 0.027616
2156 22 0.027885
2157 22 0.206389
2158 22 0.199173
2159 22 0.132177
2160 22 0.176615
2161 22 0.061735
2162 22 0.107139
2163 22 0.164284
2164 22 0.174079
2165 22 0.110157
2166 22 0.718887
2167 22 0.061169
2168 22 0.114333
2169 22 0.165398
2170 22 0.195330
2171 22 0.169096
2172 22 0.190599
2173 22 0.208905
2174 22 0.104131
2175 22 0.089263
2176 22 0.190846
2177 22 0.030758
2178 22 0.097815
2179 22 0.194627
2180 22 0.261928
2181 22 0.168755
2182 22 0.161378
2183 22 0.182840
2184 22 0.086181
2185 22 0.232381
2186 22 0.148939
2187 22 0.309020
2188 22 0.634338
2189 22 0.149026
2190 22 0.068894
2191 22 0.175947
2192 22 0.099361
2193 22 0.224358
2194 22 0.031184
2195 22 0.082855
2196 22 0.141379
2197 22 0.139777
2198 22 0.314862
2199 22 0.171397
2200 23 0.207963
2201 23 0.186252
2202 23 0.240454
2203 23 0.268596
2204 23 0.266919
2205 23 0.548266
2206 23 0.137994
2207 23 0.056170
2208 23 0.098675
2209 23 0.122536
2210 23 0.172227
2211 23 0.061175
2212 23 0.289014
2213 23 0.201126
2214 23 0.204778
2215 23 0.120771
2216 23 0.196528
2217 23 0.192721
2218 23 0.289919
2219 23 0.265604
2220 23 0.262067
2221 23 0.207172
2222 23 0.220766
2223 23 0.244854
2224 23 0.176528
2225 23 0.144755
2226 23 0.164137
2227 23 0.068853
2228 23 0.181706
2229 23 0.020736
2230 23 0.114228
2231 23 0.154562
2232 23 0.110036
2233 23 0.154457
2234 23 0.110048
2235 23 0.536160
2236 23 0.121588
2237 23 0.160908
2238 23 0.172438
2239 23 0.174216
2240 23 0.106986
2241 23 0.237694
2242 23 0.141643
2243 23 0.123930
2244 23 0.149203
2245 23 0.095257
2246 23 0.280163
2247 23 0.251164
2248 23 0.282266
2249 23 0.031230
2250 23 0.213519
2251 23 0.136201
2252 23 0.305945
2253 23 0.161705
2254 23 0.126341
2255 23 0.110746
2256 23 0.119822
2257 23 0.090343
2258 23 0.098833
2259 23 0.306253
2260 23 0.211773
2261 23 0.061730
2262 23 0.151344
2263 23 0.086531
2264 23 0.095265
2265 23 0.185447
2266 23 0.135853
2267 23 0.156872
2268 23 0.279575
2269 23 0.190553
2270 23 0.149602
2271 23 0.082805
2272 23 0.291585
2273 23 0.121583
2274 23 0.236087
2275 23 0.197788
2276 23 0.208316
2277 23 0.660933
2278 23 0.158965
2279 23 0.153941
2280 23 0.237797
2281 23 0.027764
2282 23 0.641680
2283 23 0.141191
2284 23 0.138011
2285 23 0.141223
2286 23 0.028044
2287 23 0.305448
2288 23 0.155265
2289 23 0.316906
2290 23 0.178217
2291 23 0.152759
2292 23 0.270629
2293 23 0.048218
2294 23 0.131046
2295 23 0.027632
2296 23 0.151792
2297 23 0.030884
2298 23 0.154377
2299 23 0.257306
2300 24 0.267617
2301 24 0.195602
2302 24 0.301719
2303 24 0.156659
2304 24 0.665487
2305 24 0.127429
2306 24 0.308071
2307 24 0.146108
2308 24 0.137842
2309 24 0.110666
2310 24 0.128093
2311 24 0.538255
2312 24 0.250620
2313 24 0.144464
2314 24 0.237610
2315 24 0.241424
2316 24 0.153941
2317 24 0.209750
2318 24 0.034293
2319 24 0.118740
2320 24 0.141867
2321 24 0.278141
2322 24 0.173308
2323 24 0.134409
2324 24 0.135932
2325 24 0.027674
2326 24 0.490188
2327 24 0.118035
2328 24 0.170740
2329 24 0.103943
2330 24 0.216679
2331 24 0.153348
2332 24 0.027873
2333 24 0.115835
2334 24 0.167895
2335 24 0.209052
2336 24 0.283010
2337 24 0.263853
2338 24 0.184572
2339 24 0.165510
2340 24 0.292558
2341 24 0.095142
2342 24 0.650800
2343 24 0.246665
2344 24 0.189834
2345 24 0.190866
2346 24 0.172860
2347 24 0.163370
2348 24 0.373577
2349 24 0.141430
2350 24 0.136515
2351 24 0.113795
2352 24 0.267104
2353 24 0.147188
2354 24 0.194274
2355 24 0.106835
2356 24 0.140583
2357 24 0.389409
2358 24 0.356261
2359 24 0.191542
2360 24 0.108612
2361 24 0.120518
2362 24 0.258355
2363 24 0.112724
2364 24 0.177229
2365 24 0.124429
2366 24 0.119952
2367 24 0.195814
2368 24 0.098285
2369 24 0.139578
2370 24 0.098361
2371 24 0.174030
2372 24 0.242921
2373 24 0.267457
2374 24 0.103325
2375 24 0.321810
2376 24 0.090292
2377 24 0.184797
2378 24 0.179582
2379 24 0.207509
2380 24 0.117292
2381 24 0.201946
2382 24 0.048257
2383 24 0.151776
2384 24 0.028194
2385 24 0.119526
2386 24 0.020983
2387 24 0.212907
2388 24 0.031436
2389 24 0.174440
2390 24 0.143455
2391 24 0.156160
2392 24 0.207008
2393 24 0.195607
2394 24 0.030985
2395 24 0.212884
2396 24 0.164884
2397 24 0.068857
2398 24 0.106676
2399 24 0.198067
2400 25 0.119872
2401 25 0.245052
2402 25 0.159874
2403 25 0.186198
2404 25 0.273363
2405 25 0.186208
2406 25 0.082245
2407 25 0.150592
2408 25 0.143291
2409 25 0.240497
2410 25 0.167503
2411 25 0.251637
2412 25 0.157600
2413 25 0.236744
2414 25 0.174588
2415 25 0.219952
2416 25 0.027931
2417 25 0.028193
2418 25 0.119217
2419 25 0.085924
2420 25 0.210172
2421 25 0.164928
2422 25 0.030972
2423 25 0.203568
2424 25 0.519221
2425 25 0.228721
2426 25 0.110545
2427 25 0.027755
2428 25 0.161419
2429 25 0.117986
2430 25 0.311945
2431 25 0.153058
2432 25 0.031442
2433 25 0.246655
2434 25 0.309475
2435 25 0.088902
2436 25 0.075515
2437 25 0.115654
2438 25 0.138591
2439 25 0.676456
2440 25 0.202080
2441 25 0.223098
2442 25 0.213816
2443 25 0.225474
2444 25 0.172435
2445 25 0.204046
2446 25 0.021007
2447 25 0.154041
2448 25 0.183045
2449 25 0.130382
2450 25 0.087193
2451 25 0.157402
2452 25 0.113676
2453 25 0.109605
2454 25 0.034358
2455 25 0.147054
2456 25 0.115423
2457 25 0.090252
2458 25 0.236873
2459 25 0.110156
2460 25 0.260293
2461 25 0.124399
2462 25 0.551369
2463 25 0.339903
2464 25 0.150231
2465 25 0.611835
2466 25 0.299314
2467 25 0.128865
2468 25 0.119370
2469 25 0.138444
2470 25 0.183637
2471 25 0.369630
2472 25 0.129061
2473 25 0.165573
2474 25 0.152870
2475 25 0.120657
2476 25 0.123490
2477 25 0.153390
2478 25 0.159458
2479 25 0.130601
2480 25 0.193523
2481 25 0.048293
2482 25 0.129894
2483 25 0.173687
2484 25 0.169520
2485 25 0.341081
2486 25 0.139990
2487 25 0.193071
2488 25 0.061707
2489 25 0.149490
2490 25 0.198305
2491 25 0.152247
2492 25 0.195471
2493 25 0.151629
2494 25 0.172630
2495 25 0.068858
2496 25 0.126188
2497 25 0.226393
2498 25 0.094939
2499 25 0.128165
2500 26 0.157304
2501 26 0.246311
2502 26 0.104023
2503 26 0.089910
2504 26 0.028034
2505 26 0.061038
2506 26 0.183024
2507 26 0.135938
2508 26 0.200179
2509 26 0.135593
2510 26 0.048278
2511 26 0.082595
2512 26 0.202335
2513 26 0.098150
2514 26 0.119209
2515 26 0.234236
2516 26 0.140575
2517 26 0.160633
2518 26 0.196957
2519 26 0.301597
2520 26 0.257601
2521 26 0.086320
2522 26 0.148774
2523 26 0.172458
2524 26 0.346677
2525 26 0.117835
2526 26 0.503177
2527 26 0.110380
2528 26 0.144183
2529 26 0.115072
2530 26 0.127268
2531 26 0.146525
2532 26 0.151180
2533 26 0.258490
2534 26 0.259676
2535 26 0.541641
2536 26 0.135286
2537 26 0.165108
2538 26 0.172998
2539 26 0.165876
2540 26 0.126935
2541 26 0.150851
2542 26 0.031074
2543 26 0.085869
2544 26 0.112411
2545 26 0.155033
2546 26 0.247300
2547 26 0.139587
2548 26 0.121742
2549 26 0.176862
2550 26 0.168653
2551 26 0.021144
2552 26 0.212077
2553 26 0.211160
2554 26 0.117012
2555 26 0.297724
2556 26 0.222610
2557 26 0.234092
2558 26 0.200308
2559 26 0.295463
2560 26 0.061752
2561 26 0.068870
2562 26 0.118867
2563 26 0.137845
2564 26 0.238145
2565 26 0.131410
2566 26 0.209344
2567 26 0.137421
2568 26 0.127497
2569 26 0.215648
2570 26 0.219188
2571 26 0.132117
2572 26 0.222687
2573 26 0.172113
2574 26 0.034445
2575 26 0.152182
2576 26 0.349360
2577 26 0.031595
2578 26 0.109285
2579 26 0.210473
2580 26 0.171527
2581 26 0.258389
2582 26 0.256997
2583 26 0.208374
2584 26 0.028382
2585 26 0.096371
2586 26 0.121362
2587 26 0.117157
2588 26 0.387010
2589 26 0.242025
2590 26 0.208937
2591 26 0.130534
2592 26 0.027914
2593 26 0.136786
2594 26 0.618930
2595 26 0.172388
2596 26 0.153201
2597 26 0.206389
2598 26 0.613918
2599 26 0.094807
2600 27 0.156936
2601 27 0.687111
2602 27 0.117725
2603 27 0.250199
2604 27 0.171812
2605 27 0.194736
2606 27 0.034474
2607 27 0.238916
2608 27 0.143790
2609 27 0.108842
2610 27 0.163251
2611 27 0.237689
2612 27 0.245995
2613 27 0.247502
2614 27 0.189304
2615 27 0.225163
2616 27 0.088704
2617 27 0.283267
2618 27 0.123002
2619 27 0.134055
2620 27 0.068812
2621 27 0.250838
2622 27 0.130883
2623 27 0.149252
2624 27 0.103977
2625 27 0.116517
2626 27 0.097957
2627 27 0.149501
2628 27 0.173532
2629 27 0.128236
2630 27 0.204840
2631 27 0.158241
2632 27 0.153228
2633 27 0.186288
2634 27 0.203052
2635 27 0.533378
2636 27 0.229733
2637 27 0.061026
2638 27 0.542552
2639 27 0.153015
2640 27 0.086229
2641 27 0.150925
2642 27 0.228852
2643 27 0.242424
2644 27 0.162413
2645 27 0.225370
2646 27 0.137144
2647 27 0.113609
2648 27 0.028026
2649 27 0.150471
2650 27 0.150338
2651 27 0.337380
2652 27 0.427525
2653 27 0.234736
2654 27 0.236193
2655 27 0.048360
2656 27 0.212276
2657 27 0.090214
2658 27 0.144035
2659 27 0.257795
2660 27 0.252033
2661 27 0.209865
2662 27 0.510106
2663 27 0.180130
2664 27 0.094680
2665 27 0.103582
2666 27 0.021336
2667 27 0.200838
2668 27 0.597029
2669 27 0.173225
2670 27 0.172146
2671 27 0.150733
2672 27 0.235108
2673 27 0.161289
2674 27 0.031737
2675 27 0.112141
2676 27 0.028531
2677 27 0.194337
2678 27 0.104475
2679 27 0.157699
2680 27 0.146129
2681 27 0.110262
2682 27 0.161439
2683 27 0.212766
2684 27 0.031233
2685 27 0.166198
2686 27 0.085720
2687 27 0.140311
2688 27 0.346501
2689 27 0.291301
2690 27 0.265477
2691 27 0.216379
2692 27 0.028281
2693 27 0.106425
2694 27 0.129217
2695 27 0.318483
2696 27 0.168169
2697 27 0.075418
2698 27 0.156788
2699 27 0.094673
2700 28 0.166884
2701 28 0.241481
2702 28 0.205091
2703 28 0.335170
2704 28 0.166002
2705 28 0.320268
2706 28 0.162242
2707 28 0.085705
2708 28 0.028536
2709 28 0.195070
2710 28 0.242770
2711 28 0.271223
2712 28 0.272583
2713 28 0.021364
2714 28 0.028281
2715 28 0.048355
2716 28 0.186432
2717 28 0.194348
2718 28 0.196038
2719 28 0.109323
2720 28 0.202675
2721 28 0.128218
2722 28 0.137134
2723 28 0.181598
2724 28 0.031216
2725 28 0.151295
2726 28 0.435217
2727 28 0.094608
2728 28 0.538508
2729 28 0.109194
2730 28 0.152007
2731 28 0.157059
2732 28 0.145792
2733 28 0.152498
2734 28 0.180790
2735 28 0.585593
2736 28 0.119351
2737 28 0.149887
2738 28 0.090204
2739 28 0.031758
2740 28 0.191004
2741 28 0.313439
2742 28 0.217653
2743 28 0.103517
2744 28 0.307652
2745 28 0.212928
2746 28 0.134733
2747 28 0.272060
2748 28 0.153151
2749 28 0.126552
2750 28 0.159697
2751 28 0.176770
2752 28 0.197850
2753 28 0.184987
2754 28 0.116404
2755 28 0.124139
2756 28 0.162099
2757 28 0.119890
2758 28 0.195222
2759 28 0.103985
2760 28 0.234824
2761 28 0.086189
2762 28 0.116793
2763 28 0.207224
2764 28 0.169684
2765 28 0.094259
2766 28 0.028082
2767 28 0.145732
2768 28 0.149733
2769 28 0.158481
2770 28 0.275841
2771 28 0.285516
2772 28 0.068841
2773 28 0.109802
2774 28 0.094591
2775 28 0.129242
2776 28 0.192830
2777 28 0.179765
2778 28 0.259979
2779 28 0.628548
2780 28 0.230040
2781 28 0.114105
2782 28 0.034589
2783 28 0.113482
2784 28 0.248658
2785 28 0.097550
2786 28 0.154124
2787 28 0.255687
2788 28 0.242468
2789 28 0.203098
2790 28 0.122980
2791 28 0.061774
2792 28 0.088285
2793 28 0.171130
2794 28 0.151396
2795 28 0.264262
2796 28 0.350306
2797 28 0.239301
2798 28 0.097737
2799 28 0.260419
2800 29 0.133464
2801 29 0.176003
2802 29 0.118693
2803 29 0.048400
2804 29 0.097718
2805 29 0.136642
2806 29 0.148352
2807 29 0.255270
2808 29 0.146785
2809 29 0.068835
2810 29 0.170521
2811 29 0.329936
2812 29 0.221655
2813 29 0.194704
2814 29 0.124146
2815 29 0.262725
2816 29 0.249989
2817 29 0.057708
2818 29 0.417235
2819 29 0.111901
2820 29 0.239961
2821 29 0.217633
2822 29 0.507961
2823 29 0.143329
2824 29 0.109246
2825 29 0.182362
2826 29 0.244470
2827 29 0.085674
2828 29 0.090485
2829 29 0.188545
2830 29 0.103572
2831 29 0.221496
2832 29 0.126824
2833 29 0.094458
2834 29 0.109167
2835 29 0.145509
2836 29 0.271776
2837 29 0.133873
2838 29 0.137184
2839 29 0.204605
2840 29 0.520906
2841 29 0.194029
2842 29 0.172101
2843 29 0.086138
2844 29 0.172097
2845 29 0.204928
2846 29 0.263129
2847 29 0.188723
2848 29 0.135141
2849 29 0.028168
2850 29 0.511820
2851 29 0.135277
2852 29 0.249234
2853 29 0.123146
2854 29 0.090158
2855 29 0.308501
2856 29 0.261127
2857 29 0.210961
2858 29 0.130611
2859 29 0.142457
2860 29 0.028458
2861 29 0.167170
2862 29 0.021553
2863 29 0.118897
2864 29 0.151269
2865 29 0.075380
2866 29 0.145876
2867 29 0.231001
2868 29 0.154368
2869 29 0.094440
2870 29 0.221433
2871 29 0.141186
2872 29 0.217269
2873 29 0.201311
2874 29 0.156525
2875 29 0.126360
2876 29 0.319959
2877 29 0.151179
2878 29 0.268353
2879 29 0.134457
2880 29 0.286943
2881 29 0.228795
2882 29 0.223847
2883 29 0.239546
2884 29 0.270158
2885 29 0.136949
2886 29 0.179302
2887 29 0.171844
2888 29 0.109722
2889 29 0.264631
2890 29 0.149360
2891 29 0.028739
2892 29 0.136867
2893 29 0.031366
2894 29 0.060959
2895 29 0.185850
2896 29 0.234062
2897 29 0.289020
2898 29 0.031924
2899 29 0.165822
