# Batch convergence for: model=snn-ae encoding=poisson architecture=conv1d v_th=0.5 alpha=0.8 run=1
batch_num epoch batch_loss
0 1 0.051270
1 1 0.104973
2 1 0.279432
3 1 0.058087
4 1 1.184048
5 1 0.126525
6 1 0.250050
7 1 0.094016
8 1 0.156574
9 1 0.234959
10 1 0.073179
11 1 0.519821
12 1 0.314173
13 1 0.121559
14 1 0.331961
15 1 0.178748
16 1 0.378906
17 1 0.308464
18 1 0.237413
19 1 0.244503
20 1 0.149430
21 1 0.011680
22 1 0.169903
23 1 0.639280
24 1 0.121207
25 1 0.467710
26 1 0.211102
27 1 0.140319
28 1 0.074443
29 1 0.315842
30 1 0.379433
31 1 0.301144
32 1 0.329905
33 1 0.261824
34 1 0.147334
35 1 0.147276
36 1 0.156135
37 1 0.317222
38 1 0.061798
39 1 0.055384
40 1 0.152424
41 1 0.192904
42 1 0.103131
43 1 0.175561
44 1 0.257871
45 1 0.090614
46 1 0.117772
47 1 0.163968
48 1 0.156517
49 1 0.415384
50 1 0.016027
51 1 0.185834
52 1 0.313640
53 1 0.048477
54 1 1.091119
55 1 0.099041
56 1 0.460598
57 1 0.285380
58 1 0.050757
59 1 0.179832
60 1 0.123340
61 1 0.539159
62 1 0.474884
63 1 0.114100
64 1 0.237615
65 1 0.071357
66 1 0.068613
67 1 0.799164
68 1 0.067541
69 1 0.076825
70 1 0.205580
71 1 0.012096
72 1 0.057358
73 1 0.337857
74 1 0.142542
75 1 0.346715
76 1 0.153466
77 1 0.199114
78 1 0.090278
79 1 0.123546
80 1 1.045477
81 1 0.171238
82 1 0.192420
83 1 0.329986
84 1 0.235171
85 1 0.305109
86 1 0.086082
87 1 0.201152
88 1 0.280229
89 1 0.189662
90 1 0.024565
91 1 0.361763
92 1 0.025108
93 1 0.120769
94 1 0.132262
95 1 0.168274
96 1 0.148364
97 1 0.059864
98 1 0.353844
99 1 0.193028
100 2 0.170207
101 2 0.091281
102 2 0.179827
103 2 0.130615
104 2 0.194391
105 2 0.068040
106 2 0.194819
107 2 0.155719
108 2 0.183284
109 2 0.090714
110 2 0.157497
111 2 0.015888
112 2 0.196763
113 2 1.001311
114 2 0.065698
115 2 0.157253
116 2 0.084857
117 2 0.116910
118 2 0.081920
119 2 0.156303
120 2 0.205028
121 2 0.061220
122 2 0.011996
123 2 0.073611
124 2 0.096445
125 2 0.176021
126 2 0.309531
127 2 0.139566
128 2 0.163067
129 2 0.151041
130 2 0.245948
131 2 0.097707
132 2 0.175893
133 2 0.204193
134 2 0.214528
135 2 0.115919
136 2 0.051060
137 2 0.260218
138 2 0.447225
139 2 0.222102
140 2 0.082017
141 2 0.228220
142 2 0.314510
143 2 0.118899
144 2 0.148538
145 2 0.093191
146 2 0.307269
147 2 0.103174
148 2 0.157109
149 2 0.204290
150 2 0.050350
151 2 0.072326
152 2 0.163651
153 2 0.094035
154 2 0.162994
155 2 0.015855
156 2 0.781124
157 2 0.043521
158 2 0.146977
159 2 0.124658
160 2 0.090877
161 2 0.108616
162 2 0.159642
163 2 0.384147
164 2 0.059172
165 2 0.254639
166 2 0.023042
167 2 0.079578
168 2 0.184243
169 2 0.205856
170 2 0.101311
171 2 0.746516
172 2 0.210698
173 2 0.146522
174 2 0.229991
175 2 0.211773
176 2 0.192403
177 2 0.018168
178 2 0.073207
179 2 0.104197
180 2 0.250152
181 2 0.143905
182 2 0.185070
183 2 0.284969
184 2 0.265979
185 2 0.068902
186 2 0.220667
187 2 0.176800
188 2 0.255104
189 2 0.167412
190 2 0.182018
191 2 0.083511
192 2 0.122199
193 2 0.277690
194 2 1.039039
195 2 0.275211
196 2 0.262539
197 2 0.074817
198 2 0.086199
199 2 0.101661
200 3 0.227887
201 3 0.208352
202 3 0.043250
203 3 0.275280
204 3 0.015783
205 3 0.172077
206 3 0.166408
207 3 0.109564
208 3 0.965600
209 3 0.100730
210 3 0.125197
211 3 0.189905
212 3 0.158913
213 3 0.273424
214 3 0.158952
215 3 0.110167
216 3 0.273146
217 3 0.220959
218 3 1.038469
219 3 0.107825
220 3 0.115767
221 3 0.046331
222 3 0.060593
223 3 0.132076
224 3 0.210751
225 3 0.058838
226 3 0.075867
227 3 0.153726
228 3 0.179275
229 3 0.120134
230 3 0.249767
231 3 0.015636
232 3 0.139445
233 3 0.153942
234 3 0.192721
235 3 0.186776
236 3 0.089233
237 3 0.230191
238 3 0.124168
239 3 0.310260
240 3 0.135822
241 3 0.222593
242 3 0.132073
243 3 0.128541
244 3 0.188868
245 3 0.132036
246 3 0.153967
247 3 0.219443
248 3 0.089826
249 3 0.150849
250 3 0.102643
251 3 0.175235
252 3 0.703864
253 3 0.224108
254 3 0.159223
255 3 0.082044
256 3 0.091906
257 3 0.133270
258 3 0.145653
259 3 0.071618
260 3 0.154580
261 3 0.197048
262 3 0.309194
263 3 0.093176
264 3 0.156106
265 3 0.209228
266 3 0.125216
267 3 0.089059
268 3 0.163495
269 3 0.356010
270 3 0.056128
271 3 0.124201
272 3 0.182452
273 3 0.277881
274 3 0.061673
275 3 0.223776
276 3 0.040043
277 3 0.017966
278 3 0.201617
279 3 0.168892
280 3 0.168968
281 3 0.099432
282 3 0.158533
283 3 0.145300
284 3 0.614281
285 3 0.228104
286 3 0.217752
287 3 0.126883
288 3 0.042777
289 3 0.049789
290 3 0.129229
291 3 0.278452
292 3 0.083627
293 3 0.136058
294 3 0.130590
295 3 0.023857
296 3 0.191474
297 3 0.266227
298 3 0.115088
299 3 0.337342
300 4 0.137253
301 4 0.161369
302 4 0.170988
303 4 0.114673
304 4 0.110472
305 4 0.193410
306 4 0.043209
307 4 0.344177
308 4 0.279790
309 4 0.296535
310 4 0.095869
311 4 0.178815
312 4 0.054563
313 4 0.115808
314 4 0.118621
315 4 0.124966
316 4 0.011697
317 4 0.115741
318 4 0.158545
319 4 0.221647
320 4 0.194007
321 4 0.108501
322 4 0.120263
323 4 0.249352
324 4 0.110334
325 4 0.310766
326 4 0.134317
327 4 0.111028
328 4 0.017875
329 4 0.078823
330 4 0.126732
331 4 0.127022
332 4 0.174382
333 4 0.103463
334 4 0.102622
335 4 0.071200
336 4 0.042499
337 4 0.191395
338 4 0.042513
339 4 0.091829
340 4 0.105438
341 4 0.077023
342 4 0.283545
343 4 0.015615
344 4 0.680347
345 4 0.188783
346 4 0.218276
347 4 0.751103
348 4 0.089245
349 4 0.136394
350 4 0.235202
351 4 0.108826
352 4 0.140777
353 4 0.163089
354 4 0.015434
355 4 0.069579
356 4 0.126201
357 4 0.296218
358 4 0.230774
359 4 0.011167
360 4 0.057365
361 4 0.177058
362 4 0.136209
363 4 0.203622
364 4 0.187702
365 4 0.252460
366 4 0.107971
367 4 0.069128
368 4 0.146513
369 4 0.138492
370 4 0.076199
371 4 0.024266
372 4 0.108206
373 4 0.152141
374 4 0.136117
375 4 0.043562
376 4 0.058554
377 4 0.200930
378 4 0.181495
379 4 0.236976
380 4 0.102874
381 4 0.100776
382 4 0.279248
383 4 0.941643
384 4 0.182593
385 4 0.080873
386 4 0.327417
387 4 0.223469
388 4 0.068710
389 4 0.115942
390 4 0.118857
391 4 0.159858
392 4 0.103890
393 4 0.165996
394 4 0.147913
395 4 0.920700
396 4 0.186212
397 4 0.255020
398 4 0.321065
399 4 0.075482
400 5 0.134792
401 5 0.325109
402 5 0.156618
403 5 0.068331
404 5 0.082744
405 5 0.085773
406 5 0.171465
407 5 0.667733
408 5 0.089455
409 5 0.153832
410 5 0.286215
411 5 1.002057
412 5 0.078285
413 5 0.011110
414 5 0.090434
415 5 0.163443
416 5 0.046120
417 5 0.175101
418 5 0.071429
419 5 0.233849
420 5 0.288651
421 5 0.017722
422 5 0.122362
423 5 0.042040
424 5 0.115061
425 5 0.096341
426 5 0.048698
427 5 0.133665
428 5 0.068315
429 5 0.050143
430 5 0.250973
431 5 0.176996
432 5 0.218171
433 5 0.065420
434 5 0.156985
435 5 0.070602
436 5 0.099650
437 5 0.074321
438 5 0.015511
439 5 0.184586
440 5 0.179013
441 5 0.157552
442 5 0.217348
443 5 0.087051
444 5 0.197606
445 5 0.051868
446 5 0.093836
447 5 0.230713
448 5 0.129947
449 5 0.121123
450 5 0.276189
451 5 0.191337
452 5 0.125891
453 5 0.129695
454 5 0.178624
455 5 0.128781
456 5 0.076107
457 5 0.199521
458 5 0.202426
459 5 0.122983
460 5 0.224460
461 5 0.138268
462 5 0.312431
463 5 0.103489
464 5 0.167613
465 5 0.070683
466 5 0.063597
467 5 0.100810
468 5 0.187415
469 5 0.110140
470 5 0.090699
471 5 0.158306
472 5 0.011532
473 5 0.243084
474 5 0.044663
475 5 0.547217
476 5 0.248125
477 5 0.083951
478 5 0.057044
479 5 0.190739
480 5 0.120978
481 5 0.978039
482 5 0.144543
483 5 0.113947
484 5 0.023962
485 5 0.092908
486 5 0.210169
487 5 0.233148
488 5 0.243438
489 5 0.126383
490 5 0.073327
491 5 0.277404
492 5 0.258218
493 5 0.234846
494 5 0.164975
495 5 0.070451
496 5 0.334655
497 5 0.051485
498 5 0.229826
499 5 0.059107
500 6 0.180066
501 6 0.011039
502 6 0.051442
503 6 0.094152
504 6 0.318004
505 6 0.174667
506 6 0.015471
507 6 0.142349
508 6 0.618379
509 6 0.157308
510 6 0.164854
511 6 0.144047
512 6 0.297453
513 6 0.101258
514 6 0.265932
515 6 0.233998
516 6 0.086316
517 6 0.099465
518 6 0.072195
519 6 0.169562
520 6 0.194504
521 6 0.210049
522 6 0.116805
523 6 0.099596
524 6 0.103136
525 6 0.115781
526 6 0.167808
527 6 0.296877
528 6 0.103305
529 6 0.095436
530 6 0.168061
531 6 0.087075
532 6 0.318925
533 6 0.157002
534 6 0.053228
535 6 0.078833
536 6 0.269929
537 6 0.078026
538 6 0.185598
539 6 0.104422
540 6 0.221478
541 6 0.161321
542 6 0.058602
543 6 0.071886
544 6 0.111766
545 6 0.211382
546 6 0.063143
547 6 0.278903
548 6 0.098850
549 6 0.114051
550 6 0.212014
551 6 0.053664
552 6 0.096216
553 6 0.057472
554 6 0.067531
555 6 0.098699
556 6 0.241524
557 6 0.176039
558 6 0.333771
559 6 0.022283
560 6 0.100610
561 6 0.171316
562 6 0.051487
563 6 0.074026
564 6 0.046441
565 6 0.049246
566 6 0.104459
567 6 0.322363
568 6 0.199724
569 6 0.143288
570 6 0.015131
571 6 0.279715
572 6 0.057423
573 6 0.042524
574 6 0.260213
575 6 0.131502
576 6 0.011453
577 6 0.182069
578 6 0.088088
579 6 0.065342
580 6 0.148198
581 6 0.990876
582 6 0.115909
583 6 0.120746
584 6 0.281639
585 6 0.041338
586 6 0.210944
587 6 0.241413
588 6 0.083344
589 6 0.554041
590 6 0.873662
591 6 0.106188
592 6 0.145109
593 6 0.170532
594 6 0.126673
595 6 0.263467
596 6 0.291169
597 6 0.064485
598 6 0.096830
599 6 0.206871
600 7 0.127225
601 7 0.294098
602 7 0.083402
603 7 0.249296
604 7 0.045184
605 7 0.193814
606 7 0.125315
607 7 0.224931
608 7 0.207588
609 7 0.116515
610 7 0.207520
611 7 0.268877
612 7 0.163164
613 7 0.100255
614 7 0.125898
615 7 0.188475
616 7 0.115118
617 7 0.023680
618 7 0.137022
619 7 0.077647
620 7 0.017445
621 7 0.064606
622 7 0.041129
623 7 0.061271
624 7 0.058525
625 7 0.105643
626 7 0.198801
627 7 0.229919
628 7 0.144222
629 7 0.092255
630 7 0.194138
631 7 0.096041
632 7 0.080628
633 7 0.149500
634 7 0.126568
635 7 0.087749
636 7 0.010948
637 7 0.071360
638 7 0.173537
639 7 0.206244
640 7 0.206260
641 7 0.191005
642 7 0.114649
643 7 0.081022
644 7 0.090260
645 7 0.076422
646 7 0.062701
647 7 0.179947
648 7 0.197829
649 7 0.047093
650 7 0.079330
651 7 0.569452
652 7 0.189318
653 7 0.564149
654 7 0.092899
655 7 0.230737
656 7 0.048733
657 7 0.064075
658 7 0.171229
659 7 0.122375
660 7 0.209666
661 7 0.110347
662 7 0.080885
663 7 0.129949
664 7 0.171416
665 7 0.307826
666 7 0.085407
667 7 0.087931
668 7 0.135956
669 7 0.184725
670 7 0.154899
671 7 0.101574
672 7 0.903245
673 7 0.957191
674 7 0.088864
675 7 0.203699
676 7 0.205025
677 7 0.174150
678 7 0.118343
679 7 0.091582
680 7 0.157371
681 7 0.135474
682 7 0.145350
683 7 0.230028
684 7 0.147151
685 7 0.167354
686 7 0.283777
687 7 0.109743
688 7 0.011438
689 7 0.077907
690 7 0.087677
691 7 0.132161
692 7 0.058341
693 7 0.107754
694 7 0.067422
695 7 0.177360
696 7 0.080720
697 7 0.103621
698 7 0.073190
699 7 0.110077
700 8 0.259407
701 8 0.045547
702 8 0.102389
703 8 0.569299
704 8 0.113155
705 8 0.066793
706 8 0.054193
707 8 0.249636
708 8 0.185253
709 8 0.113906
710 8 0.238119
711 8 0.202387
712 8 0.067755
713 8 0.048453
714 8 0.172152
715 8 0.320638
716 8 0.911600
717 8 0.259871
718 8 0.569983
719 8 0.225455
720 8 0.155480
721 8 0.161125
722 8 0.137631
723 8 0.128608
724 8 0.102952
725 8 0.094920
726 8 0.254645
727 8 0.228011
728 8 0.102105
729 8 0.114762
730 8 0.040681
731 8 0.087521
732 8 0.136309
733 8 0.197563
734 8 0.152814
735 8 0.053312
736 8 0.081549
737 8 0.105028
738 8 0.137546
739 8 0.140954
740 8 0.061339
741 8 0.189498
742 8 0.141550
743 8 0.300944
744 8 0.224201
745 8 0.107943
746 8 0.022039
747 8 0.136116
748 8 0.100651
749 8 0.190719
750 8 0.058357
751 8 0.172410
752 8 0.128854
753 8 0.078940
754 8 0.231945
755 8 0.176850
756 8 0.135352
757 8 0.118754
758 8 0.072728
759 8 0.133412
760 8 0.181090
761 8 0.144171
762 8 0.134293
763 8 0.079133
764 8 0.189514
765 8 0.077540
766 8 0.097449
767 8 0.155712
768 8 0.361426
769 8 0.010931
770 8 0.152843
771 8 0.144535
772 8 0.067275
773 8 0.213913
774 8 0.140472
775 8 0.126606
776 8 0.116062
777 8 0.134810
778 8 0.074327
779 8 0.011412
780 8 0.206947
781 8 0.113866
782 8 0.046623
783 8 0.014946
784 8 0.017298
785 8 0.244010
786 8 0.230332
787 8 0.050814
788 8 0.198440
789 8 0.015348
790 8 0.106550
791 8 0.109777
792 8 0.160046
793 8 0.863943
794 8 0.157450
795 8 0.161758
796 8 0.077324
797 8 0.049465
798 8 0.125861
799 8 0.128596
800 9 0.127081
801 9 0.153878
802 9 0.144926
803 9 0.088632
804 9 0.277637
805 9 0.083667
806 9 0.092676
807 9 0.051903
808 9 0.158434
809 9 0.055019
810 9 0.114662
811 9 0.117740
812 9 0.242328
813 9 0.237543
814 9 0.198125
815 9 0.156154
816 9 0.087704
817 9 0.133898
818 9 0.891734
819 9 0.087614
820 9 0.146913
821 9 0.110251
822 9 0.122959
823 9 0.195945
824 9 0.117741
825 9 0.137106
826 9 0.186270
827 9 0.060983
828 9 0.354868
829 9 0.143792
830 9 0.043703
831 9 0.312075
832 9 0.150811
833 9 0.074663
834 9 0.201309
835 9 0.010915
836 9 0.145056
837 9 0.139705
838 9 0.134904
839 9 0.180443
840 9 0.205438
841 9 0.186536
842 9 0.192585
843 9 0.080815
844 9 0.171704
845 9 0.023281
846 9 0.173833
847 9 0.199529
848 9 0.043723
849 9 0.090569
850 9 0.092708
851 9 0.211537
852 9 0.093546
853 9 0.217119
854 9 0.090543
855 9 0.116212
856 9 0.046055
857 9 0.095824
858 9 0.174093
859 9 0.161274
860 9 0.168101
861 9 0.079414
862 9 0.068781
863 9 0.172535
864 9 0.021893
865 9 0.110768
866 9 0.171397
867 9 0.173233
868 9 0.219957
869 9 0.128517
870 9 0.041240
871 9 0.108406
872 9 0.147164
873 9 0.092725
874 9 0.197752
875 9 0.263591
876 9 0.011374
877 9 0.040169
878 9 0.281996
879 9 0.243342
880 9 0.123256
881 9 0.166546
882 9 0.215720
883 9 0.066909
884 9 0.182969
885 9 0.108739
886 9 0.014853
887 9 0.559348
888 9 0.092850
889 9 0.131475
890 9 0.163887
891 9 0.860523
892 9 0.178477
893 9 0.040159
894 9 0.070021
895 9 0.557875
896 9 0.022474
897 9 0.056565
898 9 0.041458
899 9 0.187880
