# Batch convergence for: model=snn-ae encoding=direct architecture=conv1d v_th=0.5 alpha=0.9 run=1
batch_num epoch batch_loss
0 1 1.115495
1 1 1.320241
2 1 1.219593
3 1 0.713324
4 1 0.907084
5 1 1.199774
6 1 1.474829
7 1 1.093490
8 1 0.905715
9 1 1.245544
10 1 0.838829
11 1 1.002970
12 1 1.070566
13 1 0.877896
14 1 0.637585
15 1 1.007662
16 1 1.202605
17 1 1.040750
18 1 1.069043
19 1 1.087729
20 1 0.935031
21 1 0.824932
22 1 1.064546
23 1 1.132907
24 1 0.850845
25 1 1.151655
26 1 1.070111
27 1 0.987256
28 1 0.037024
29 1 1.220678
30 1 1.109273
31 1 1.173749
32 1 1.022761
33 1 1.055302
34 1 0.957772
35 1 0.069416
36 1 1.126942
37 1 1.045237
38 1 0.897904
39 1 0.127128
40 1 0.659311
41 1 1.106970
42 1 1.005914
43 1 0.971137
44 1 1.044867
45 1 0.887109
46 1 0.967366
47 1 0.853009
48 1 1.010700
49 1 1.028393
50 1 0.781289
51 1 1.018414
52 1 1.221290
53 1 0.894719
54 1 1.013223
55 1 1.091316
56 1 1.008857
57 1 1.083542
58 1 0.097041
59 1 1.032211
60 1 1.143383
61 1 1.081975
62 1 0.997413
63 1 0.873342
64 1 1.079961
65 1 1.022435
66 1 0.880432
67 1 0.613631
68 1 0.971954
69 1 1.091556
70 1 0.980317
71 1 0.746918
72 1 0.828336
73 1 1.033131
74 1 1.105552
75 1 0.937154
76 1 1.048612
77 1 1.040548
78 1 0.891657
79 1 1.160997
80 1 0.973012
81 1 1.162182
82 1 0.159915
83 1 0.830170
84 1 1.241345
85 1 1.135243
86 1 0.207380
87 1 1.141096
88 1 0.910256
89 1 0.934634
90 1 0.976503
91 1 1.120885
92 1 1.027303
93 1 1.119434
94 1 0.456000
95 1 1.377884
96 1 0.955031
97 1 0.812474
98 1 0.954646
99 1 0.937891
100 2 0.952959
101 2 0.037047
102 2 0.929622
103 2 1.016700
104 2 0.954462
105 2 1.010096
106 2 1.064258
107 2 0.971793
108 2 0.933135
109 2 0.953521
110 2 0.950443
111 2 0.744435
112 2 0.984501
113 2 1.108424
114 2 0.957339
115 2 0.925091
116 2 1.025011
117 2 1.069639
118 2 0.849555
119 2 1.117616
120 2 1.215456
121 2 0.848638
122 2 0.758082
123 2 0.954983
124 2 0.566008
125 2 0.933437
126 2 1.125178
127 2 0.842373
128 2 0.994960
129 2 0.872699
130 2 1.080293
131 2 1.128569
132 2 1.226766
133 2 0.574448
134 2 0.981852
135 2 1.078258
136 2 0.186197
137 2 0.816369
138 2 1.167058
139 2 1.108089
140 2 0.096955
141 2 0.979627
142 2 0.995804
143 2 1.087680
144 2 1.064974
145 2 0.923951
146 2 1.102162
147 2 0.069425
148 2 0.979455
149 2 1.145444
150 2 0.976071
151 2 0.894449
152 2 0.962720
153 2 0.536525
154 2 1.176317
155 2 0.838694
156 2 0.675564
157 2 0.928626
158 2 0.907413
159 2 1.030363
160 2 0.512454
161 2 0.889359
162 2 0.171486
163 2 1.101627
164 2 0.960363
165 2 1.067571
166 2 0.832960
167 2 1.025240
168 2 1.067042
169 2 1.111041
170 2 1.043294
171 2 0.710973
172 2 1.069345
173 2 1.097934
174 2 1.073473
175 2 1.042773
176 2 1.016176
177 2 0.748711
178 2 0.986937
179 2 1.091686
180 2 0.947535
181 2 1.033733
182 2 0.102182
183 2 1.060479
184 2 0.987866
185 2 0.755200
186 2 1.061190
187 2 1.070916
188 2 1.098721
189 2 1.105606
190 2 1.040723
191 2 0.851096
192 2 0.950963
193 2 1.087710
194 2 0.953010
195 2 0.938060
196 2 0.927960
197 2 0.954152
198 2 0.446658
199 2 1.052252
200 3 1.092719
201 3 0.958323
202 3 0.615445
203 3 1.019554
204 3 0.919940
205 3 0.959301
206 3 0.983964
207 3 0.794025
208 3 0.965201
209 3 1.058133
210 3 1.134733
211 3 1.018040
212 3 0.985674
213 3 1.113701
214 3 0.898405
215 3 0.177298
216 3 1.050533
217 3 0.170492
218 3 1.017572
219 3 0.825460
220 3 0.942512
221 3 0.037119
222 3 0.823503
223 3 1.041849
224 3 0.967770
225 3 0.833789
226 3 1.019765
227 3 1.049884
228 3 0.895740
229 3 0.773322
230 3 0.906523
231 3 0.810451
232 3 0.102170
233 3 0.911171
234 3 1.050306
235 3 0.936351
236 3 0.896530
237 3 1.001269
238 3 1.013788
239 3 1.019136
240 3 1.007027
241 3 1.107356
242 3 1.100636
243 3 1.113388
244 3 1.072351
245 3 0.941108
246 3 1.133392
247 3 0.952262
248 3 1.039541
249 3 0.476884
250 3 0.854955
251 3 1.010702
252 3 0.846422
253 3 1.181023
254 3 1.109670
255 3 1.188425
256 3 0.513106
257 3 1.281331
258 3 0.937222
259 3 0.975573
260 3 0.986277
261 3 1.011589
262 3 0.942876
263 3 1.058661
264 3 0.947132
265 3 1.091647
266 3 1.121979
267 3 0.840878
268 3 1.024298
269 3 1.040205
270 3 0.554623
271 3 0.892159
272 3 0.944942
273 3 1.023209
274 3 0.808193
275 3 1.062549
276 3 0.816559
277 3 0.842063
278 3 1.028456
279 3 0.765006
280 3 0.200356
281 3 1.053077
282 3 0.971049
283 3 0.992086
284 3 0.678522
285 3 0.938634
286 3 0.962320
287 3 0.950327
288 3 0.996686
289 3 0.215817
290 3 0.877725
291 3 0.890637
292 3 1.300756
293 3 0.698158
294 3 0.904379
295 3 0.826315
296 3 1.038324
297 3 1.212010
298 3 0.853179
299 3 1.115373
300 4 0.990945
301 4 1.027308
302 4 0.969852
303 4 0.990836
304 4 0.186171
305 4 0.947654
306 4 0.954755
307 4 0.982133
308 4 1.031045
309 4 0.955804
310 4 1.117664
311 4 0.926424
312 4 0.558728
313 4 0.895659
314 4 0.905008
315 4 0.754398
316 4 0.717667
317 4 0.897294
318 4 0.828030
319 4 0.775739
320 4 1.111519
321 4 1.015559
322 4 0.936890
323 4 0.970628
324 4 1.039787
325 4 0.994484
326 4 0.624903
327 4 1.159551
328 4 0.895762
329 4 1.002540
330 4 0.999007
331 4 0.993807
332 4 1.161521
333 4 0.996014
334 4 0.561618
335 4 0.927883
336 4 0.586985
337 4 0.938637
338 4 1.058686
339 4 0.133549
340 4 0.948296
341 4 0.771893
342 4 0.927465
343 4 0.735837
344 4 0.613352
345 4 1.076179
346 4 0.976122
347 4 0.685361
348 4 0.952982
349 4 0.981895
350 4 1.000688
351 4 0.526200
352 4 0.916883
353 4 1.008835
354 4 0.778113
355 4 0.062838
356 4 1.022671
357 4 0.998042
358 4 0.963062
359 4 0.875767
360 4 0.831389
361 4 1.012233
362 4 0.900763
363 4 1.073956
364 4 0.913342
365 4 0.939108
366 4 0.920565
367 4 0.964126
368 4 0.932214
369 4 1.051680
370 4 0.916524
371 4 0.901460
372 4 0.955833
373 4 1.030160
374 4 0.892267
375 4 1.040298
376 4 1.007476
377 4 1.065396
378 4 0.119019
379 4 1.052219
380 4 0.942069
381 4 1.090258
382 4 1.035053
383 4 0.872529
384 4 0.945647
385 4 1.023728
386 4 1.216208
387 4 0.982876
388 4 0.865905
389 4 1.014287
390 4 1.022837
391 4 1.012987
392 4 0.126726
393 4 1.192581
394 4 0.994364
395 4 0.996286
396 4 0.937785
397 4 1.048946
398 4 1.052938
399 4 0.163698
400 5 0.938747
401 5 0.982077
402 5 0.656776
403 5 0.821392
404 5 0.954316
405 5 1.045491
406 5 1.054772
407 5 0.613249
408 5 0.929919
409 5 1.003645
410 5 1.294599
411 5 0.889019
412 5 0.096873
413 5 0.747039
414 5 0.969237
415 5 1.032518
416 5 0.742448
417 5 0.951770
418 5 1.104086
419 5 1.053343
420 5 1.035091
421 5 0.753383
422 5 0.988982
423 5 0.987448
424 5 0.819033
425 5 0.952901
426 5 0.186158
427 5 0.947203
428 5 0.891163
429 5 0.815854
430 5 1.075091
431 5 1.023923
432 5 0.935843
433 5 0.962088
434 5 0.804095
435 5 0.926940
436 5 0.985030
437 5 0.539883
438 5 0.781536
439 5 0.508573
440 5 0.973014
441 5 1.087174
442 5 0.932987
443 5 0.967400
444 5 0.923311
445 5 1.116580
446 5 0.826843
447 5 0.953152
448 5 1.103064
449 5 0.978694
450 5 1.132041
451 5 1.099829
452 5 1.098368
453 5 0.802948
454 5 1.015504
455 5 0.069446
456 5 0.772004
457 5 1.049309
458 5 1.189166
459 5 1.016169
460 5 1.231154
461 5 1.017176
462 5 1.207562
463 5 1.041299
464 5 0.933867
465 5 0.931570
466 5 0.915620
467 5 0.445239
468 5 0.765656
469 5 0.947613
470 5 0.926082
471 5 1.050954
472 5 0.617324
473 5 1.094877
474 5 0.037264
475 5 0.791851
476 5 0.914694
477 5 0.991926
478 5 0.785528
479 5 0.959782
480 5 1.002826
481 5 1.040761
482 5 1.179348
483 5 1.059345
484 5 0.771240
485 5 1.004602
486 5 0.965630
487 5 1.067736
488 5 0.771244
489 5 0.942461
490 5 0.911365
491 5 0.983005
492 5 0.982041
493 5 0.856372
494 5 0.136566
495 5 0.873959
496 5 1.126161
497 5 0.160558
498 5 0.499437
499 5 0.800818
500 6 0.096854
501 6 0.808576
502 6 0.141903
503 6 0.147685
504 6 1.042350
505 6 0.900989
506 6 0.796057
507 6 0.903981
508 6 0.722306
509 6 0.926131
510 6 1.022165
511 6 1.142222
512 6 1.019623
513 6 1.127302
514 6 1.075057
515 6 1.011672
516 6 0.772608
517 6 0.934323
518 6 0.186112
519 6 0.935563
520 6 1.036247
521 6 0.966443
522 6 1.001267
523 6 1.017751
524 6 0.974837
525 6 1.025028
526 6 0.790195
527 6 1.046176
528 6 1.049538
529 6 1.020867
530 6 0.960017
531 6 0.069499
532 6 0.998835
533 6 0.599776
534 6 0.501213
535 6 0.946174
536 6 1.028275
537 6 1.022311
538 6 0.991231
539 6 0.975559
540 6 0.962223
541 6 1.007009
542 6 0.930738
543 6 1.043984
544 6 0.766729
545 6 0.944787
546 6 0.892722
547 6 0.940133
548 6 0.966203
549 6 0.536500
550 6 0.899724
551 6 0.882105
552 6 0.850140
553 6 0.815078
554 6 1.072189
555 6 0.797133
556 6 0.954686
557 6 0.941066
558 6 0.985759
559 6 0.774985
560 6 0.935967
561 6 1.058356
562 6 1.009041
563 6 0.968208
564 6 0.873684
565 6 0.946005
566 6 0.910669
567 6 0.994863
568 6 1.013836
569 6 0.921569
570 6 0.910920
571 6 1.052256
572 6 1.012776
573 6 0.966388
574 6 0.928897
575 6 0.885939
576 6 0.616895
577 6 0.961114
578 6 0.765171
579 6 0.825608
580 6 1.007802
581 6 1.044119
582 6 0.978842
583 6 0.067684
584 6 1.085819
585 6 0.565803
586 6 1.165700
587 6 1.135294
588 6 0.533066
589 6 0.697147
590 6 0.872749
591 6 0.901260
592 6 0.996436
593 6 0.962561
594 6 1.004048
595 6 1.064070
596 6 1.044861
597 6 0.989458
598 6 0.835336
599 6 1.015229
600 7 0.096816
601 7 0.993311
602 7 0.921713
603 7 1.028956
604 7 0.840313
605 7 0.958563
606 7 1.006166
607 7 0.946447
608 7 0.941107
609 7 0.859624
610 7 0.957197
611 7 0.889596
612 7 0.963279
613 7 0.991215
614 7 0.069492
615 7 0.988472
616 7 0.957748
617 7 0.769991
618 7 1.031982
619 7 0.206794
620 7 0.770918
621 7 1.023330
622 7 0.960060
623 7 0.037361
624 7 0.782537
625 7 0.799154
626 7 0.919092
627 7 1.115133
628 7 0.858513
629 7 0.789945
630 7 1.035291
631 7 0.946693
632 7 0.102103
633 7 1.134784
634 7 0.913979
635 7 0.594205
636 7 0.776347
637 7 1.140813
638 7 1.025151
639 7 0.932657
640 7 0.921136
641 7 0.959361
642 7 1.070920
643 7 0.119152
644 7 0.821922
645 7 0.444646
646 7 0.892959
647 7 0.969599
648 7 0.967333
649 7 0.740760
650 7 0.991128
651 7 0.695934
652 7 0.943637
653 7 0.745547
654 7 1.024381
655 7 0.964444
656 7 0.945379
657 7 0.976173
658 7 0.999869
659 7 1.043474
660 7 0.885250
661 7 0.864380
662 7 0.954492
663 7 0.924419
664 7 0.938525
665 7 1.012204
666 7 0.825290
667 7 1.039472
668 7 0.951887
669 7 0.772028
670 7 0.971955
671 7 0.852699
672 7 1.035091
673 7 0.985176
674 7 0.900239
675 7 1.093624
676 7 0.964767
677 7 1.025379
678 7 0.935943
679 7 0.983298
680 7 0.547432
681 7 0.965615
682 7 1.048589
683 7 1.022395
684 7 1.072568
685 7 1.092958
686 7 1.020826
687 7 0.975808
688 7 0.664110
689 7 1.029189
690 7 0.501724
691 7 0.960012
692 7 0.844514
693 7 0.821671
694 7 1.001861
695 7 0.965595
696 7 0.962808
697 7 0.527469
698 7 1.016006
699 7 0.773361
700 8 0.992363
701 8 0.096816
702 8 1.071579
703 8 0.685164
704 8 0.849810
705 8 0.956824
706 8 0.837557
707 8 0.962021
708 8 0.964606
709 8 0.831229
710 8 0.990377
711 8 1.029053
712 8 0.641030
713 8 0.974584
714 8 0.926553
715 8 0.991098
716 8 0.968121
717 8 0.979297
718 8 0.649748
719 8 1.040606
720 8 0.957692
721 8 1.002672
722 8 1.041763
723 8 1.146665
724 8 0.921176
725 8 0.973179
726 8 1.005375
727 8 1.001870
728 8 0.560968
729 8 0.964959
730 8 0.965372
731 8 0.037437
732 8 0.951692
733 8 0.977931
734 8 0.789753
735 8 0.444386
736 8 0.965519
737 8 0.916620
738 8 1.011029
739 8 0.960447
740 8 0.069529
741 8 1.062502
742 8 0.954149
743 8 1.072084
744 8 0.903885
745 8 0.938708
746 8 0.738435
747 8 0.967556
748 8 0.989495
749 8 0.910405
750 8 0.755713
751 8 0.977253
752 8 0.989756
753 8 0.948509
754 8 1.007761
755 8 1.044856
756 8 1.150483
757 8 1.005104
758 8 0.969639
759 8 0.893173
760 8 1.038074
761 8 0.981194
762 8 0.984657
763 8 0.517594
764 8 0.964371
765 8 0.765016
766 8 0.877695
767 8 0.934462
768 8 0.985847
769 8 0.838566
770 8 0.985996
771 8 0.919691
772 8 0.963824
773 8 0.994368
774 8 0.973282
775 8 0.932161
776 8 0.958919
777 8 0.547106
778 8 0.186143
779 8 0.630286
780 8 0.967161
781 8 0.119215
782 8 0.832202
783 8 0.910891
784 8 0.803089
785 8 0.964443
786 8 1.158504
787 8 0.951301
788 8 0.860932
789 8 0.732974
790 8 0.946976
791 8 1.044027
792 8 0.956195
793 8 0.958369
794 8 0.982297
795 8 0.797427
796 8 0.947811
797 8 0.132774
798 8 1.072497
799 8 0.981503
800 9 1.032292
801 9 0.925188
802 9 0.910060
803 9 0.940956
804 9 0.954239
805 9 0.990369
806 9 0.986856
807 9 0.516081
808 9 0.804657
809 9 0.762605
810 9 0.941462
811 9 1.083055
812 9 1.065606
813 9 1.028891
814 9 0.987593
815 9 0.823433
816 9 1.017416
817 9 0.995239
818 9 0.987533
819 9 0.627738
820 9 0.920812
821 9 0.119205
822 9 0.069544
823 9 0.961675
824 9 1.027051
825 9 1.004621
826 9 0.948014
827 9 0.934597
828 9 0.976299
829 9 0.980479
830 9 0.779420
831 9 1.134118
832 9 0.922465
833 9 0.480702
834 9 0.894765
835 9 0.744429
836 9 0.928124
837 9 0.954703
838 9 0.941471
839 9 0.866008
840 9 0.952281
841 9 0.975086
842 9 1.028915
843 9 0.771486
844 9 0.935371
845 9 0.877642
846 9 0.984591
847 9 1.003517
848 9 0.775340
849 9 0.922992
850 9 0.832550
851 9 0.967128
852 9 0.945017
853 9 1.024167
854 9 0.883608
855 9 1.045835
856 9 0.186125
857 9 0.979108
858 9 0.956754
859 9 0.940603
860 9 0.974146
861 9 1.053109
862 9 0.824829
863 9 0.919074
864 9 0.749438
865 9 1.108768
866 9 0.993139
867 9 0.941839
868 9 1.042889
869 9 0.037572
870 9 0.964270
871 9 0.102107
872 9 0.923500
873 9 0.945573
874 9 1.140765
875 9 1.037140
876 9 0.661906
877 9 0.920226
878 9 0.984205
879 9 0.965328
880 9 0.956141
881 9 0.910830
882 9 1.029844
883 9 1.081195
884 9 0.927980
885 9 1.025027
886 9 0.776487
887 9 0.685388
888 9 0.922597
889 9 0.501328
890 9 0.837278
891 9 0.892847
892 9 1.038041
893 9 0.565340
894 9 0.116902
895 9 0.612812
896 9 0.810826
897 9 0.906096
898 9 0.979750
899 9 1.027668
900 10 0.963383
901 10 0.641906
902 10 0.560342
903 10 0.808958
904 10 1.077508
905 10 1.047274
906 10 0.486390
907 10 0.901336
908 10 0.085584
909 10 1.015474
910 10 0.207289
911 10 0.966702
912 10 0.740660
913 10 0.994491
914 10 0.994951
915 10 1.001751
916 10 0.922402
917 10 1.020500
918 10 0.945141
919 10 0.911943
920 10 0.771151
921 10 1.058143
922 10 0.976156
923 10 0.899750
924 10 1.029225
925 10 0.933049
926 10 1.024564
927 10 0.992760
928 10 1.077715
929 10 0.833878
930 10 0.990540
931 10 1.023628
932 10 1.024721
933 10 0.069611
934 10 0.938327
935 10 0.443646
936 10 0.931164
937 10 0.963973
938 10 0.922342
939 10 0.754985
940 10 0.991402
941 10 0.998894
942 10 1.152246
943 10 0.753751
944 10 1.015210
945 10 1.044814
946 10 0.948243
947 10 0.969712
948 10 0.802945
949 10 1.008129
950 10 0.884335
951 10 0.951633
952 10 0.822374
953 10 0.971714
954 10 0.951440
955 10 0.975609
956 10 1.034110
957 10 0.565188
958 10 0.961937
959 10 0.838593
960 10 0.509642
961 10 0.955883
962 10 0.963956
963 10 1.009746
964 10 0.918644
965 10 0.999275
966 10 0.985578
967 10 0.866218
968 10 0.994099
969 10 0.941847
970 10 0.736925
971 10 0.764562
972 10 0.915321
973 10 0.744719
974 10 0.962851
975 10 0.892248
976 10 0.916120
977 10 0.948722
978 10 0.943158
979 10 1.038100
980 10 1.055382
981 10 0.136047
982 10 0.919950
983 10 0.775193
984 10 0.932148
985 10 0.989725
986 10 0.908739
987 10 0.966545
988 10 0.961171
989 10 1.016681
990 10 0.102060
991 10 0.705633
992 10 0.817860
993 10 0.096807
994 10 0.947459
995 10 0.990665
996 10 0.983841
997 10 1.153501
998 10 0.901269
999 10 1.058746
1000 11 0.892935
1001 11 0.864474
1002 11 0.995873
1003 11 0.965254
1004 11 0.973019
1005 11 0.754804
1006 11 0.738649
1007 11 0.938133
1008 11 0.905566
1009 11 0.971588
1010 11 0.811303
1011 11 0.955770
1012 11 0.816364
1013 11 0.975945
1014 11 0.037624
1015 11 1.069699
1016 11 0.951315
1017 11 0.744408
1018 11 1.031099
1019 11 0.946318
1020 11 0.927836
1021 11 1.052121
1022 11 0.963392
1023 11 1.003573
1024 11 0.950251
1025 11 1.008535
1026 11 1.012444
1027 11 0.791915
1028 11 1.060658
1029 11 0.942544
1030 11 1.021924
1031 11 0.900068
1032 11 1.087634
1033 11 1.023578
1034 11 0.847820
1035 11 0.840754
1036 11 0.828313
1037 11 0.751105
1038 11 0.614819
1039 11 0.881921
1040 11 0.956242
1041 11 0.957755
1042 11 0.930383
1043 11 0.932347
1044 11 1.011101
1045 11 0.119259
1046 11 0.547692
1047 11 1.043456
1048 11 0.997642
1049 11 0.993998
1050 11 0.736259
1051 11 0.954371
1052 11 0.069587
1053 11 0.963646
1054 11 0.907940
1055 11 0.102059
1056 11 0.920062
1057 11 0.537372
1058 11 0.998487
1059 11 0.687563
1060 11 1.009492
1061 11 0.803004
1062 11 1.008036
1063 11 1.035090
1064 11 0.615544
1065 11 0.984913
1066 11 0.977982
1067 11 0.963015
1068 11 1.025534
1069 11 0.938989
1070 11 0.742861
1071 11 0.990576
1072 11 1.014752
1073 11 0.974389
1074 11 0.963463
1075 11 0.271089
1076 11 0.963883
1077 11 0.960723
1078 11 0.890486
1079 11 1.033809
1080 11 0.943638
1081 11 0.825931
1082 11 0.976666
1083 11 1.024517
1084 11 0.783786
1085 11 0.612420
1086 11 1.005110
1087 11 0.163898
1088 11 0.945109
1089 11 0.956220
1090 11 0.464266
1091 11 0.996016
1092 11 0.956072
1093 11 0.934961
1094 11 1.044214
1095 11 0.961229
1096 11 1.031190
1097 11 0.950061
1098 11 0.666266
1099 11 1.013686
1100 12 0.913720
1101 12 0.933543
1102 12 0.931875
1103 12 0.983323
1104 12 0.971172
1105 12 0.037705
1106 12 0.954051
1107 12 0.102024
1108 12 1.029356
1109 12 1.024196
1110 12 0.977394
1111 12 0.919591
1112 12 0.840656
1113 12 0.949269
1114 12 0.894544
1115 12 0.962629
1116 12 0.760815
1117 12 0.991307
1118 12 0.987857
1119 12 0.931815
1120 12 1.030852
1121 12 0.213207
1122 12 0.764830
1123 12 0.979063
1124 12 0.766044
1125 12 0.879459
1126 12 0.954274
1127 12 1.022154
1128 12 0.985694
1129 12 1.051889
1130 12 0.930305
1131 12 0.850154
1132 12 0.927363
1133 12 0.925690
1134 12 0.945034
1135 12 1.085009
1136 12 1.008117
1137 12 0.809783
1138 12 0.612296
1139 12 0.594676
1140 12 0.915916
1141 12 0.986250
1142 12 0.939801
1143 12 0.964355
1144 12 0.772459
1145 12 0.704766
1146 12 0.972253
1147 12 0.997249
1148 12 0.704788
1149 12 0.966711
1150 12 1.097145
1151 12 1.003136
1152 12 0.744724
1153 12 0.917875
1154 12 0.096771
1155 12 0.457756
1156 12 1.037237
1157 12 0.998768
1158 12 0.735589
1159 12 1.002972
1160 12 0.900639
1161 12 1.076678
1162 12 0.069623
1163 12 1.078372
1164 12 1.019321
1165 12 0.788769
1166 12 0.598713
1167 12 0.940733
1168 12 0.922773
1169 12 0.770500
1170 12 0.773310
1171 12 1.072709
1172 12 0.981559
1173 12 0.792543
1174 12 0.961698
1175 12 0.930168
1176 12 0.941981
1177 12 0.914513
1178 12 0.778612
1179 12 0.921470
1180 12 0.984988
1181 12 0.945677
1182 12 1.032424
1183 12 0.599147
1184 12 0.954518
1185 12 1.034606
1186 12 0.743560
1187 12 0.955831
1188 12 0.982160
1189 12 0.914858
1190 12 0.924318
1191 12 0.973561
1192 12 0.910446
1193 12 0.554743
1194 12 0.139308
1195 12 0.898208
1196 12 0.849052
1197 12 1.071073
1198 12 0.977598
1199 12 1.030681
1200 13 0.861254
1201 13 0.941113
1202 13 0.987331
1203 13 0.464095
1204 13 0.973486
1205 13 0.933021
1206 13 0.980303
1207 13 0.999497
1208 13 0.998088
1209 13 1.043414
1210 13 0.961701
1211 13 1.009545
1212 13 1.029894
1213 13 0.976346
1214 13 1.047653
1215 13 0.977583
1216 13 1.105861
1217 13 0.937349
1218 13 0.764365
1219 13 0.939801
1220 13 0.898291
1221 13 0.932358
1222 13 0.764789
1223 13 0.782553
1224 13 1.107245
1225 13 0.831004
1226 13 0.936849
1227 13 0.944565
1228 13 0.982988
1229 13 0.186050
1230 13 1.034326
1231 13 0.773250
1232 13 0.102012
1233 13 0.963856
1234 13 0.972457
1235 13 1.037071
1236 13 0.500542
1237 13 0.966948
1238 13 0.847404
1239 13 0.941748
1240 13 0.921276
1241 13 0.909961
1242 13 0.824497
1243 13 0.097045
1244 13 0.904077
1245 13 0.733905
1246 13 0.999015
1247 13 1.046572
1248 13 0.907903
1249 13 0.765131
1250 13 1.053888
1251 13 0.953542
1252 13 1.027566
1253 13 0.668512
1254 13 1.104664
1255 13 0.976549
1256 13 0.936919
1257 13 0.980006
1258 13 0.955221
1259 13 0.674813
1260 13 0.909898
1261 13 0.901997
1262 13 1.028262
1263 13 1.009190
1264 13 0.879755
1265 13 0.960011
1266 13 0.674936
1267 13 0.865758
1268 13 0.937283
1269 13 1.041408
1270 13 0.979112
1271 13 0.961543
1272 13 1.105837
1273 13 0.909746
1274 13 0.815460
1275 13 1.074167
1276 13 0.928150
1277 13 1.035016
1278 13 0.949369
1279 13 0.985512
1280 13 0.934500
1281 13 0.941357
1282 13 1.036476
1283 13 0.772658
1284 13 1.018092
1285 13 0.838511
1286 13 0.943845
1287 13 0.037827
1288 13 0.442280
1289 13 0.985130
1290 13 0.769870
1291 13 0.118268
1292 13 0.824642
1293 13 0.508537
1294 13 0.880704
1295 13 1.079516
1296 13 0.990405
1297 13 0.119378
1298 13 0.795146
1299 13 0.743002
1300 14 0.987025
1301 14 0.927149
1302 14 0.907520
1303 14 0.963654
1304 14 0.442181
1305 14 0.977196
1306 14 0.841860
1307 14 0.615841
1308 14 1.053975
1309 14 0.902568
1310 14 0.962347
1311 14 0.913636
1312 14 0.037839
1313 14 0.792708
1314 14 0.953874
1315 14 0.763967
1316 14 0.932702
1317 14 0.069641
1318 14 0.979775
1319 14 0.770788
1320 14 0.831226
1321 14 0.812756
1322 14 0.767009
1323 14 0.678587
1324 14 0.833585
1325 14 0.979691
1326 14 1.076135
1327 14 0.938019
1328 14 0.971237
1329 14 0.996014
1330 14 0.962012
1331 14 0.956020
1332 14 0.962017
1333 14 0.951095
1334 14 0.824568
1335 14 0.914552
1336 14 1.010337
1337 14 0.764439
1338 14 0.931850
1339 14 0.987062
1340 14 0.530207
1341 14 0.768298
1342 14 0.463842
1343 14 0.947034
1344 14 0.954477
1345 14 0.900655
1346 14 1.005190
1347 14 0.920887
1348 14 0.866451
1349 14 0.934205
1350 14 0.998574
1351 14 0.999357
1352 14 1.012600
1353 14 1.004609
1354 14 1.111124
1355 14 0.889207
1356 14 0.996186
1357 14 0.946421
1358 14 0.976811
1359 14 0.974107
1360 14 1.000429
1361 14 0.929662
1362 14 0.932814
1363 14 1.056091
1364 14 0.931613
1365 14 0.772596
1366 14 1.045346
1367 14 0.824947
1368 14 0.096822
1369 14 0.119378
1370 14 1.017763
1371 14 0.927072
1372 14 0.994712
1373 14 0.938239
1374 14 0.915787
1375 14 0.947133
1376 14 0.837898
1377 14 0.909907
1378 14 0.580535
1379 14 0.999126
1380 14 0.908254
1381 14 0.982249
1382 14 0.788363
1383 14 0.101961
1384 14 0.904971
1385 14 0.945306
1386 14 0.984636
1387 14 0.186087
1388 14 0.951388
1389 14 0.628533
1390 14 0.629926
1391 14 0.996275
1392 14 0.758122
1393 14 0.910534
1394 14 0.964610
1395 14 1.007050
1396 14 1.092548
1397 14 0.796591
1398 14 1.082684
1399 14 0.894508
1400 15 1.026367
1401 15 0.884546
1402 15 0.080318
1403 15 0.936725
1404 15 0.469720
1405 15 0.828563
1406 15 0.969390
1407 15 0.934825
1408 15 1.051399
1409 15 0.998332
1410 15 0.775926
1411 15 0.863754
1412 15 0.894550
1413 15 0.940130
1414 15 0.951376
1415 15 0.518474
1416 15 0.508180
1417 15 1.031530
1418 15 0.740831
1419 15 0.917121
1420 15 0.929882
1421 15 0.977870
1422 15 0.974254
1423 15 1.010189
1424 15 1.027577
1425 15 0.684843
1426 15 0.101972
1427 15 0.615626
1428 15 1.015579
1429 15 0.976792
1430 15 0.770062
1431 15 0.923499
1432 15 0.176116
1433 15 0.733489
1434 15 0.186071
1435 15 0.921174
1436 15 0.621436
1437 15 0.943037
1438 15 0.935937
1439 15 0.882885
1440 15 0.862987
1441 15 0.915075
1442 15 1.021650
1443 15 1.067467
1444 15 0.931326
1445 15 1.160594
1446 15 0.940277
1447 15 0.945349
1448 15 0.910487
1449 15 1.028101
1450 15 1.018526
1451 15 0.933574
1452 15 0.993862
1453 15 0.958284
1454 15 0.824673
1455 15 0.974347
1456 15 0.564998
1457 15 0.742158
1458 15 0.735925
1459 15 0.966708
1460 15 0.968500
1461 15 0.781170
1462 15 0.096837
1463 15 0.756813
1464 15 0.970079
1465 15 0.944755
1466 15 0.974102
1467 15 0.930871
1468 15 0.982677
1469 15 0.945076
1470 15 0.932440
1471 15 0.900427
1472 15 0.908877
1473 15 1.033680
1474 15 0.935835
1475 15 0.912277
1476 15 0.960303
1477 15 0.992153
1478 15 0.927004
1479 15 1.110758
1480 15 0.956356
1481 15 0.807032
1482 15 0.838626
1483 15 0.905258
1484 15 0.920263
1485 15 0.930431
1486 15 0.069706
1487 15 0.863390
1488 15 0.758404
1489 15 0.914216
1490 15 0.851455
1491 15 0.943535
1492 15 0.961557
1493 15 0.945246
1494 15 0.804485
1495 15 0.919149
1496 15 1.000115
1497 15 0.917037
1498 15 0.956604
1499 15 0.463693
1500 16 0.951190
1501 16 0.186040
1502 16 0.988863
1503 16 0.918778
1504 16 0.507877
1505 16 0.037990
1506 16 0.758414
1507 16 0.928242
1508 16 0.958874
1509 16 0.101951
1510 16 0.684753
1511 16 0.990034
1512 16 0.940547
1513 16 0.979392
1514 16 1.036540
1515 16 0.992317
1516 16 0.913527
1517 16 0.993595
1518 16 1.009426
1519 16 0.942297
1520 16 0.069699
1521 16 0.986914
1522 16 0.945990
1523 16 0.991319
1524 16 0.535834
1525 16 0.964066
1526 16 1.054486
1527 16 0.908138
1528 16 0.147648
1529 16 0.763863
1530 16 0.441348
1531 16 0.841542
1532 16 0.806462
1533 16 0.748857
1534 16 0.931743
1535 16 0.829092
1536 16 0.945693
1537 16 0.931154
1538 16 0.784541
1539 16 0.953127
1540 16 0.987847
1541 16 0.912083
1542 16 1.006237
1543 16 0.982768
1544 16 0.838543
1545 16 0.553104
1546 16 0.772560
1547 16 0.967731
1548 16 0.944551
1549 16 0.923677
1550 16 1.004360
1551 16 1.066521
1552 16 0.956874
1553 16 0.886859
1554 16 0.960057
1555 16 0.939845
1556 16 0.919426
1557 16 0.801424
1558 16 0.493795
1559 16 0.988929
1560 16 0.975299
1561 16 0.940407
1562 16 0.938981
1563 16 0.888763
1564 16 0.768957
1565 16 0.933173
1566 16 0.886046
1567 16 1.065608
1568 16 0.985050
1569 16 0.943189
1570 16 0.907994
1571 16 1.006982
1572 16 1.197485
1573 16 0.991188
1574 16 0.765340
1575 16 0.945947
1576 16 0.938099
1577 16 0.999764
1578 16 0.943958
1579 16 0.905178
1580 16 0.987248
1581 16 0.841112
1582 16 0.896489
1583 16 0.615381
1584 16 0.820590
1585 16 1.047845
1586 16 0.968906
1587 16 0.960790
1588 16 1.097741
1589 16 1.032431
1590 16 0.965708
1591 16 0.732967
1592 16 0.096841
1593 16 0.928531
1594 16 0.959589
1595 16 0.611691
1596 16 0.893329
1597 16 0.901576
1598 16 0.746602
1599 16 0.962189
