# Batch convergence for: model=snn-ae encoding=poisson architecture=recurrent v_th=1 alpha=0.9 run=1
batch_num epoch batch_loss
0 1 0.062500
1 1 0.266480
2 1 0.190239
3 1 0.445612
4 1 1.139286
5 1 0.468833
6 1 0.388608
7 1 0.132531
8 1 0.202202
9 1 0.238401
10 1 0.185899
11 1 0.220019
12 1 0.272104
13 1 0.218521
14 1 0.441462
15 1 0.245146
16 1 0.410107
17 1 0.302591
18 1 0.260705
19 1 0.213048
20 1 0.149374
21 1 0.044827
22 1 0.336912
23 1 0.186859
24 1 0.247024
25 1 0.336947
26 1 0.269743
27 1 0.268578
28 1 0.141452
29 1 0.305809
30 1 0.156033
31 1 0.311080
32 1 0.318906
33 1 0.230412
34 1 0.172809
35 1 0.145494
36 1 0.101435
37 1 0.167676
38 1 0.172772
39 1 0.458617
40 1 0.417949
41 1 0.386843
42 1 0.183538
43 1 0.144245
44 1 0.174999
45 1 0.254603
46 1 0.074055
47 1 0.158117
48 1 0.318656
49 1 0.362226
50 1 0.183818
51 1 0.309828
52 1 0.313188
53 1 0.082744
54 1 1.177499
55 1 0.230188
56 1 0.244537
57 1 0.223305
58 1 0.105225
59 1 0.297531
60 1 0.225045
61 1 0.312997
62 1 0.352356
63 1 0.344687
64 1 0.514021
65 1 0.085586
66 1 0.015539
67 1 1.166705
68 1 0.074023
69 1 0.072635
70 1 0.161226
71 1 0.019428
72 1 0.083759
73 1 0.306897
74 1 0.191473
75 1 0.316127
76 1 0.291607
77 1 0.202740
78 1 0.128756
79 1 0.105029
80 1 1.240826
81 1 0.224461
82 1 0.175358
83 1 0.214478
84 1 0.249882
85 1 0.233164
86 1 0.089405
87 1 0.178844
88 1 0.278625
89 1 0.203529
90 1 0.177069
91 1 0.452931
92 1 0.034975
93 1 0.077753
94 1 0.118391
95 1 0.414254
96 1 0.177234
97 1 0.238635
98 1 0.085464
99 1 0.157732
100 2 0.073825
101 2 0.085522
102 2 0.073878
103 2 0.103661
104 2 0.185008
105 2 0.155986
106 2 0.165595
107 2 0.146559
108 2 0.124466
109 2 0.242600
110 2 0.155079
111 2 0.023272
112 2 0.236745
113 2 1.007820
114 2 0.110683
115 2 0.128207
116 2 0.093302
117 2 0.119750
118 2 0.034875
119 2 0.116576
120 2 0.192870
121 2 0.165005
122 2 0.019352
123 2 0.261464
124 2 0.165145
125 2 0.278950
126 2 0.180899
127 2 0.137488
128 2 0.359656
129 2 0.221208
130 2 0.219874
131 2 0.189025
132 2 0.271595
133 2 0.161567
134 2 0.306710
135 2 0.131214
136 2 0.089163
137 2 0.126935
138 2 0.257327
139 2 0.574489
140 2 0.130417
141 2 0.296504
142 2 0.308977
143 2 0.150548
144 2 0.093008
145 2 0.178820
146 2 0.201582
147 2 0.136735
148 2 0.124268
149 2 0.189650
150 2 0.077107
151 2 0.178174
152 2 0.182560
153 2 0.185401
154 2 0.222009
155 2 0.015433
156 2 0.763010
157 2 0.058109
158 2 0.234880
159 2 0.116220
160 2 0.120059
161 2 0.127411
162 2 0.151669
163 2 0.252577
164 2 0.058293
165 2 0.195827
166 2 0.053270
167 2 0.182520
168 2 0.283591
169 2 0.197407
170 2 0.111232
171 2 0.753104
172 2 0.216554
173 2 0.226067
174 2 0.116308
175 2 0.213415
176 2 0.194518
177 2 0.023210
178 2 0.174420
179 2 0.126017
180 2 0.238154
181 2 0.141919
182 2 0.153356
183 2 0.238839
184 2 0.516528
185 2 0.015490
186 2 0.177834
187 2 0.232796
188 2 0.186578
189 2 0.241036
190 2 0.257882
191 2 0.092864
192 2 0.149021
193 2 0.377483
194 2 0.992783
195 2 0.179430
196 2 0.135288
197 2 0.189039
198 2 0.085091
199 2 0.124454
200 3 0.212565
201 3 0.256398
202 3 0.125667
203 3 0.226442
204 3 0.015389
205 3 0.255362
206 3 0.214889
207 3 0.019237
208 3 0.906410
209 3 0.058183
210 3 0.156584
211 3 0.084833
212 3 0.092625
213 3 0.170114
214 3 0.190714
215 3 0.262418
216 3 0.233872
217 3 0.181123
218 3 0.950492
219 3 0.093335
220 3 0.154510
221 3 0.085053
222 3 0.069698
223 3 0.159518
224 3 0.204288
225 3 0.165027
226 3 0.061786
227 3 0.100437
228 3 0.311022
229 3 0.034726
230 3 0.161983
231 3 0.051772
232 3 0.207736
233 3 0.137581
234 3 0.171533
235 3 0.077135
236 3 0.096057
237 3 0.332062
238 3 0.244559
239 3 0.340461
240 3 0.189416
241 3 0.375484
242 3 0.092422
243 3 0.233259
244 3 0.202971
245 3 0.186531
246 3 0.142903
247 3 0.138920
248 3 0.115628
249 3 0.081075
250 3 0.156363
251 3 0.174556
252 3 0.679803
253 3 0.192403
254 3 0.115786
255 3 0.136095
256 3 0.183820
257 3 0.065333
258 3 0.122979
259 3 0.080903
260 3 0.208893
261 3 0.209911
262 3 0.291255
263 3 0.152910
264 3 0.122998
265 3 0.224846
266 3 0.177599
267 3 0.121966
268 3 0.134698
269 3 0.330954
270 3 0.084758
271 3 0.080875
272 3 0.124723
273 3 0.229787
274 3 0.092347
275 3 0.143887
276 3 0.015441
277 3 0.023113
278 3 0.228507
279 3 0.248942
280 3 0.367412
281 3 0.126746
282 3 0.138538
283 3 0.069360
284 3 0.763275
285 3 0.237979
286 3 0.289459
287 3 0.181433
288 3 0.085029
289 3 0.116899
290 3 0.115635
291 3 0.242121
292 3 0.104033
293 3 0.151592
294 3 0.103785
295 3 0.034493
296 3 0.227371
297 3 0.169394
298 3 0.168892
299 3 0.356342
300 4 0.183587
301 4 0.173582
302 4 0.103962
303 4 0.196566
304 4 0.088366
305 4 0.191893
306 4 0.058025
307 4 0.173323
308 4 0.210280
309 4 0.202510
310 4 0.103666
311 4 0.124938
312 4 0.119607
313 4 0.084597
314 4 0.155393
315 4 0.152233
316 4 0.019128
317 4 0.092114
318 4 0.134596
319 4 0.115287
320 4 0.241969
321 4 0.224600
322 4 0.096021
323 4 0.269712
324 4 0.137525
325 4 0.245316
326 4 0.225301
327 4 0.182241
328 4 0.056631
329 4 0.121153
330 4 0.140783
331 4 0.115152
332 4 0.241168
333 4 0.225124
334 4 0.143976
335 4 0.080651
336 4 0.194214
337 4 0.270452
338 4 0.089054
339 4 0.178836
340 4 0.122224
341 4 0.103543
342 4 0.126869
343 4 0.015298
344 4 0.614991
345 4 0.243400
346 4 0.122505
347 4 0.537336
348 4 0.142559
349 4 0.307295
350 4 0.169073
351 4 0.084496
352 4 0.134082
353 4 0.173282
354 4 0.078815
355 4 0.084526
356 4 0.114868
357 4 0.332558
358 4 0.274701
359 4 0.015407
360 4 0.026796
361 4 0.263939
362 4 0.277177
363 4 0.179839
364 4 0.188766
365 4 0.179765
366 4 0.152677
367 4 0.076655
368 4 0.090955
369 4 0.061401
370 4 0.034354
371 4 0.034521
372 4 0.180546
373 4 0.099820
374 4 0.080546
375 4 0.133963
376 4 0.151327
377 4 0.202235
378 4 0.147482
379 4 0.246064
380 4 0.136254
381 4 0.072956
382 4 0.297071
383 4 0.933045
384 4 0.216318
385 4 0.084184
386 4 0.231892
387 4 0.255566
388 4 0.100165
389 4 0.091802
390 4 0.122699
391 4 0.153413
392 4 0.144943
393 4 0.260423
394 4 0.145908
395 4 0.850921
396 4 0.188930
397 4 0.463907
398 4 0.235319
399 4 0.103403
400 5 0.187625
401 5 0.194239
402 5 0.065116
403 5 0.072848
404 5 0.103456
405 5 0.084020
406 5 0.159804
407 5 0.551669
408 5 0.145982
409 5 0.246660
410 5 0.252125
411 5 0.971055
412 5 0.103283
413 5 0.015387
414 5 0.084004
415 5 0.193925
416 5 0.051270
417 5 0.272840
418 5 0.064711
419 5 0.236814
420 5 0.189862
421 5 0.052979
422 5 0.114839
423 5 0.085068
424 5 0.135283
425 5 0.122650
426 5 0.087845
427 5 0.091600
428 5 0.099919
429 5 0.063880
430 5 0.236552
431 5 0.168330
432 5 0.188887
433 5 0.097542
434 5 0.091548
435 5 0.080228
436 5 0.148816
437 5 0.189844
438 5 0.015233
439 5 0.264732
440 5 0.175158
441 5 0.180299
442 5 0.133411
443 5 0.104778
444 5 0.145322
445 5 0.151491
446 5 0.168547
447 5 0.152909
448 5 0.268197
449 5 0.215294
450 5 0.214026
451 5 0.331947
452 5 0.172961
453 5 0.026670
454 5 0.259786
455 5 0.147897
456 5 0.102907
457 5 0.114634
458 5 0.190781
459 5 0.122468
460 5 0.160476
461 5 0.075533
462 5 0.325467
463 5 0.107780
464 5 0.219576
465 5 0.196765
466 5 0.080228
467 5 0.114519
468 5 0.173126
469 5 0.150080
470 5 0.180062
471 5 0.151072
472 5 0.018994
473 5 0.167954
474 5 0.130398
475 5 0.563010
476 5 0.159885
477 5 0.072499
478 5 0.091541
479 5 0.091103
480 5 0.107341
481 5 0.896543
482 5 0.122174
483 5 0.099275
484 5 0.034365
485 5 0.114878
486 5 0.231808
487 5 0.235472
488 5 0.152491
489 5 0.179648
490 5 0.137194
491 5 0.182673
492 5 0.372366
493 5 0.152565
494 5 0.193087
495 5 0.119185
496 5 0.299243
497 5 0.121712
498 5 0.156588
499 5 0.090793
500 6 0.102796
501 6 0.015365
502 6 0.164529
503 6 0.114305
504 6 0.300435
505 6 0.144771
506 6 0.015218
507 6 0.251821
508 6 0.575033
509 6 0.132924
510 6 0.122824
511 6 0.133966
512 6 0.136878
513 6 0.094521
514 6 0.295302
515 6 0.275386
516 6 0.143156
517 6 0.125433
518 6 0.087476
519 6 0.144481
520 6 0.212171
521 6 0.159467
522 6 0.121865
523 6 0.141135
524 6 0.137226
525 6 0.286409
526 6 0.114408
527 6 0.276829
528 6 0.056967
529 6 0.122068
530 6 0.217349
531 6 0.132896
532 6 0.236631
533 6 0.161213
534 6 0.080000
535 6 0.129700
536 6 0.225044
537 6 0.098917
538 6 0.236640
539 6 0.107165
540 6 0.129191
541 6 0.121232
542 6 0.157181
543 6 0.061003
544 6 0.181632
545 6 0.196103
546 6 0.105865
547 6 0.228560
548 6 0.153983
549 6 0.220707
550 6 0.125604
551 6 0.034282
552 6 0.113244
553 6 0.058466
554 6 0.158483
555 6 0.124612
556 6 0.114140
557 6 0.223113
558 6 0.264608
559 6 0.090716
560 6 0.164539
561 6 0.115070
562 6 0.168339
563 6 0.110389
564 6 0.076461
565 6 0.068354
566 6 0.167354
567 6 0.275910
568 6 0.155987
569 6 0.284443
570 6 0.022944
571 6 0.186592
572 6 0.072211
573 6 0.064214
574 6 0.249846
575 6 0.116576
576 6 0.018926
577 6 0.211840
578 6 0.091082
579 6 0.057560
580 6 0.134676
581 6 0.856853
582 6 0.114009
583 6 0.083720
584 6 0.233972
585 6 0.097445
586 6 0.155224
587 6 0.170630
588 6 0.112437
589 6 0.606180
590 6 0.888004
591 6 0.098917
592 6 0.072282
593 6 0.225016
594 6 0.140440
595 6 0.173809
596 6 0.083341
597 6 0.196314
598 6 0.148945
599 6 0.190097
600 7 0.102305
601 7 0.283202
602 7 0.104534
603 7 0.309923
604 7 0.015197
605 7 0.113863
606 7 0.160290
607 7 0.249807
608 7 0.139810
609 7 0.113653
610 7 0.275324
611 7 0.206672
612 7 0.179653
613 7 0.121386
614 7 0.146242
615 7 0.128686
616 7 0.145650
617 7 0.064760
618 7 0.113687
619 7 0.087087
620 7 0.022885
621 7 0.072144
622 7 0.056686
623 7 0.167338
624 7 0.090320
625 7 0.090867
626 7 0.249255
627 7 0.200279
628 7 0.090693
629 7 0.132400
630 7 0.200892
631 7 0.128017
632 7 0.173358
633 7 0.202308
634 7 0.156123
635 7 0.097088
636 7 0.015340
637 7 0.090554
638 7 0.113408
639 7 0.217549
640 7 0.156801
641 7 0.132084
642 7 0.219444
643 7 0.113559
644 7 0.147486
645 7 0.083392
646 7 0.105284
647 7 0.158959
648 7 0.242298
649 7 0.022911
650 7 0.131528
651 7 0.600679
652 7 0.228505
653 7 0.528890
654 7 0.148795
655 7 0.293161
656 7 0.068017
657 7 0.087179
658 7 0.245655
659 7 0.105012
660 7 0.130901
661 7 0.098620
662 7 0.083071
663 7 0.113058
664 7 0.269298
665 7 0.230290
666 7 0.176266
667 7 0.147101
668 7 0.102279
669 7 0.157560
670 7 0.121358
671 7 0.079470
672 7 0.737256
673 7 0.828581
674 7 0.166276
675 7 0.166292
676 7 0.196915
677 7 0.151137
678 7 0.093697
679 7 0.239066
680 7 0.185822
681 7 0.063871
682 7 0.142974
683 7 0.258128
684 7 0.217691
685 7 0.098222
686 7 0.269470
687 7 0.083072
688 7 0.057101
689 7 0.090853
690 7 0.167661
691 7 0.244791
692 7 0.033874
693 7 0.026465
694 7 0.109613
695 7 0.197404
696 7 0.060662
697 7 0.145471
698 7 0.086188
699 7 0.150882
700 8 0.250245
701 8 0.101792
702 8 0.192818
703 8 0.561285
704 8 0.127894
705 8 0.057313
706 8 0.034102
707 8 0.248062
708 8 0.155089
709 8 0.101647
710 8 0.284151
711 8 0.178134
712 8 0.064298
713 8 0.067831
714 8 0.124667
715 8 0.261909
716 8 0.791389
717 8 0.188990
718 8 0.569127
719 8 0.212018
720 8 0.129213
721 8 0.256916
722 8 0.093441
723 8 0.063712
724 8 0.149694
725 8 0.139229
726 8 0.179975
727 8 0.120084
728 8 0.190885
729 8 0.159591
730 8 0.056407
731 8 0.138269
732 8 0.156873
733 8 0.224549
734 8 0.113382
735 8 0.083025
736 8 0.118215
737 8 0.124249
738 8 0.136887
739 8 0.127911
740 8 0.131538
741 8 0.214899
742 8 0.098216
743 8 0.176615
744 8 0.215878
745 8 0.142261
746 8 0.095142
747 8 0.210133
748 8 0.079176
749 8 0.071649
750 8 0.090180
751 8 0.169554
752 8 0.125599
753 8 0.124761
754 8 0.181716
755 8 0.188975
756 8 0.150721
757 8 0.112997
758 8 0.099841
759 8 0.079230
760 8 0.152428
761 8 0.189125
762 8 0.183200
763 8 0.079259
764 8 0.153957
765 8 0.090289
766 8 0.113026
767 8 0.193065
768 8 0.191518
769 8 0.015379
770 8 0.101836
771 8 0.116152
772 8 0.082721
773 8 0.275149
774 8 0.156277
775 8 0.060532
776 8 0.145234
777 8 0.131671
778 8 0.086558
779 8 0.018873
780 8 0.199639
781 8 0.150836
782 8 0.063152
783 8 0.050344
784 8 0.022848
785 8 0.194214
786 8 0.261244
787 8 0.052897
788 8 0.189583
789 8 0.015205
790 8 0.112621
791 8 0.082650
792 8 0.187139
793 8 0.752760
794 8 0.172100
795 8 0.068277
796 8 0.090478
797 8 0.145767
798 8 0.111702
799 8 0.160845
800 9 0.177479
801 9 0.115974
802 9 0.187410
803 9 0.079114
804 9 0.226980
805 9 0.203783
806 9 0.135115
807 9 0.079140
808 9 0.150111
809 9 0.090107
810 9 0.170784
811 9 0.151535
812 9 0.210233
813 9 0.089972
814 9 0.147044
815 9 0.121793
816 9 0.136963
817 9 0.097646
818 9 0.761883
819 9 0.152133
820 9 0.097952
821 9 0.196082
822 9 0.130849
823 9 0.157649
824 9 0.097775
825 9 0.123248
826 9 0.212900
827 9 0.082537
828 9 0.257397
829 9 0.157102
830 9 0.015208
831 9 0.220719
832 9 0.210721
833 9 0.082763
834 9 0.171770
835 9 0.015385
836 9 0.165446
837 9 0.120238
838 9 0.179458
839 9 0.123730
840 9 0.150275
841 9 0.341164
842 9 0.176115
843 9 0.068118
844 9 0.230203
845 9 0.062482
846 9 0.146305
847 9 0.198888
848 9 0.022823
849 9 0.133357
850 9 0.089824
851 9 0.197891
852 9 0.109061
853 9 0.172067
854 9 0.127689
855 9 0.176102
856 9 0.119880
857 9 0.067368
858 9 0.134664
859 9 0.213847
860 9 0.279217
861 9 0.060410
862 9 0.078864
863 9 0.110025
864 9 0.026338
865 9 0.139033
866 9 0.160509
867 9 0.112005
868 9 0.153751
869 9 0.146324
870 9 0.063301
871 9 0.128549
872 9 0.071468
873 9 0.120287
874 9 0.185980
875 9 0.164796
876 9 0.018844
877 9 0.056118
878 9 0.265525
879 9 0.162526
880 9 0.071319
881 9 0.142133
882 9 0.196874
883 9 0.193217
884 9 0.202665
885 9 0.101417
886 9 0.022890
887 9 0.567028
888 9 0.158745
889 9 0.202309
890 9 0.100903
891 9 0.818357
892 9 0.112390
893 9 0.063960
894 9 0.100970
895 9 0.530680
896 9 0.058496
897 9 0.082347
898 9 0.057101
899 9 0.215448
900 10 0.161813
901 10 0.018844
902 10 0.166064
903 10 0.149440
904 10 0.112378
905 10 0.224791
906 10 0.129463
907 10 0.098644
908 10 0.082605
909 10 0.112941
910 10 0.187228
911 10 0.171598
912 10 0.561844
913 10 0.089950
914 10 0.098051
915 10 0.141857
916 10 0.101688
917 10 0.152703
918 10 0.160061
919 10 0.168076
920 10 0.090971
921 10 0.215376
922 10 0.079972
923 10 0.130264
924 10 0.188678
925 10 0.078797
926 10 0.111925
927 10 0.177234
928 10 0.097536
929 10 0.078646
930 10 0.247006
931 10 0.183157
932 10 0.265804
933 10 0.154843
934 10 0.195757
935 10 0.082463
936 10 0.192614
937 10 0.082250
938 10 0.101104
939 10 0.089509
940 10 0.169841
941 10 0.178773
942 10 0.231513
943 10 0.015237
944 10 0.097308
945 10 0.153512
946 10 0.285147
947 10 0.156335
948 10 0.050430
949 10 0.111562
950 10 0.130336
951 10 0.123489
952 10 0.130545
953 10 0.082146
954 10 0.166606
955 10 0.784300
956 10 0.205703
957 10 0.137163
958 10 0.134113
959 10 0.097905
960 10 0.115458
961 10 0.115370
962 10 0.160066
963 10 0.208903
964 10 0.137716
965 10 0.115069
966 10 0.214211
967 10 0.261018
968 10 0.119694
969 10 0.169708
970 10 0.052008
971 10 0.089540
972 10 0.115669
973 10 0.022824
974 10 0.202018
975 10 0.071070
976 10 0.119810
977 10 0.089840
978 10 0.067094
979 10 0.283795
980 10 0.255368
981 10 0.189684
982 10 0.033596
983 10 0.015422
984 10 0.115580
985 10 0.074507
986 10 0.111298
987 10 0.126537
988 10 0.156623
989 10 0.153603
990 10 0.130443
991 10 0.570327
992 10 0.112248
993 10 0.100543
994 10 0.170535
995 10 0.195370
996 10 0.071179
997 10 0.230685
998 10 0.801937
999 10 0.149343
1000 11 0.767122
1001 11 0.097759
1002 11 0.100963
1003 11 0.180040
1004 11 0.288074
1005 11 0.089250
1006 11 0.077652
1007 11 0.186545
1008 11 0.127869
1009 11 0.089206
1010 11 0.167547
1011 11 0.123784
1012 11 0.207308
1013 11 0.756796
1014 11 0.082309
1015 11 0.148048
1016 11 0.209757
1017 11 0.075032
1018 11 0.258397
1019 11 0.133690
1020 11 0.222808
1021 11 0.164681
1022 11 0.092160
1023 11 0.066936
1024 11 0.118526
1025 11 0.156322
1026 11 0.108263
1027 11 0.131731
1028 11 0.229713
1029 11 0.200020
1030 11 0.189404
1031 11 0.111788
1032 11 0.166357
1033 11 0.224064
1034 11 0.033538
1035 11 0.070896
1036 11 0.148544
1037 11 0.015256
1038 11 0.018851
1039 11 0.078340
1040 11 0.079871
1041 11 0.179175
1042 11 0.200447
1043 11 0.111091
1044 11 0.096978
1045 11 0.199246
1046 11 0.082147
1047 11 0.126799
1048 11 0.211695
1049 11 0.071030
1050 11 0.026255
1051 11 0.148970
1052 11 0.111956
1053 11 0.062818
1054 11 0.235832
1055 11 0.129531
1056 11 0.122917
1057 11 0.148125
1058 11 0.245429
1059 11 0.545335
1060 11 0.173829
1061 11 0.119017
1062 11 0.197174
1063 11 0.163446
1064 11 0.186005
1065 11 0.337016
1066 11 0.134231
1067 11 0.078451
1068 11 0.085823
1069 11 0.082411
1070 11 0.042260
1071 11 0.217833
1072 11 0.163652
1073 11 0.074257
1074 11 0.181578
1075 11 0.085646
1076 11 0.081893
1077 11 0.173363
1078 11 0.163072
1079 11 0.183237
1080 11 0.097037
1081 11 0.033797
1082 11 0.088822
1083 11 0.188440
1084 11 0.141587
1085 11 0.567946
1086 11 0.149624
1087 11 0.162672
1088 11 0.060090
1089 11 0.174338
1090 11 0.078415
1091 11 0.203980
1092 11 0.112285
1093 11 0.158267
1094 11 0.189055
1095 11 0.122618
1096 11 0.297181
1097 11 0.052518
1098 11 0.063559
1099 11 0.092788
1100 12 0.142857
1101 12 0.173240
1102 12 0.096511
1103 12 0.179902
1104 12 0.171708
1105 12 0.106363
1106 12 0.185239
1107 12 0.101032
1108 12 0.214832
1109 12 0.141498
1110 12 0.086575
1111 12 0.125835
1112 12 0.116970
1113 12 0.161835
1114 12 0.218872
1115 12 0.227517
1116 12 0.105909
1117 12 0.187772
1118 12 0.211893
1119 12 0.092562
1120 12 0.155885
1121 12 0.085536
1122 12 0.150915
1123 12 0.169032
1124 12 0.033794
1125 12 0.089043
1126 12 0.163317
1127 12 0.068026
1128 12 0.243834
1129 12 0.070868
1130 12 0.188520
1131 12 0.195300
1132 12 0.143444
1133 12 0.148389
1134 12 0.151328
1135 12 0.129141
1136 12 0.115299
1137 12 0.033488
1138 12 0.573020
1139 12 0.165637
1140 12 0.155061
1141 12 0.133138
1142 12 0.141506
1143 12 0.233290
1144 12 0.099921
1145 12 0.549519
1146 12 0.265907
1147 12 0.297680
1148 12 0.045051
1149 12 0.162943
1150 12 0.228932
1151 12 0.330601
1152 12 0.047326
1153 12 0.093193
1154 12 0.099892
1155 12 0.081911
1156 12 0.123305
1157 12 0.112040
1158 12 0.026248
1159 12 0.199974
1160 12 0.101955
1161 12 0.155509
1162 12 0.164449
1163 12 0.244476
1164 12 0.110917
1165 12 0.111527
1166 12 0.166950
1167 12 0.723880
1168 12 0.170197
1169 12 0.067578
1170 12 0.147882
1171 12 0.202555
1172 12 0.118832
1173 12 0.015541
1174 12 0.103870
1175 12 0.123690
1176 12 0.123405
1177 12 0.155655
1178 12 0.088710
1179 12 0.169239
1180 12 0.100278
1181 12 0.146737
1182 12 0.136358
1183 12 0.063422
1184 12 0.721197
1185 12 0.255277
1186 12 0.022871
1187 12 0.144227
1188 12 0.169705
1189 12 0.145278
1190 12 0.097244
1191 12 0.215255
1192 12 0.117826
1193 12 0.103020
1194 12 0.147386
1195 12 0.096707
1196 12 0.078009
1197 12 0.192493
1198 12 0.209867
1199 12 0.111106
1200 13 0.033458
1201 13 0.055488
1202 13 0.188922
1203 13 0.109211
1204 13 0.195833
1205 13 0.172046
1206 13 0.210123
1207 13 0.219528
1208 13 0.127433
1209 13 0.206894
1210 13 0.143079
1211 13 0.118627
1212 13 0.192236
1213 13 0.122976
1214 13 0.135311
1215 13 0.129488
1216 13 0.301309
1217 13 0.154549
1218 13 0.088540
1219 13 0.066457
1220 13 0.155053
1221 13 0.059937
1222 13 0.139097
1223 13 0.146910
1224 13 0.235369
1225 13 0.057208
1226 13 0.117663
1227 13 0.124667
1228 13 0.194145
1229 13 0.141116
1230 13 0.264731
1231 13 0.041740
1232 13 0.117960
1233 13 0.078107
1234 13 0.118108
1235 13 0.263107
1236 13 0.200933
1237 13 0.111806
1238 13 0.111213
1239 13 0.113654
1240 13 0.160838
1241 13 0.132591
1242 13 0.056799
1243 13 0.124422
1244 13 0.100064
1245 13 0.023009
1246 13 0.111016
1247 13 0.122429
1248 13 0.128143
1249 13 0.033727
1250 13 0.258087
1251 13 0.158848
1252 13 0.129127
1253 13 0.018864
1254 13 0.142781
1255 13 0.062428
1256 13 0.120946
1257 13 0.173381
1258 13 0.227141
1259 13 0.519920
1260 13 0.091336
1261 13 0.096497
1262 13 0.187168
1263 13 0.207307
1264 13 0.147359
1265 13 0.125170
1266 13 0.091204
1267 13 0.088866
1268 13 0.113633
1269 13 0.155777
1270 13 0.232808
1271 13 0.249795
1272 13 0.146891
1273 13 0.160664
1274 13 0.141389
1275 13 0.168603
1276 13 0.272250
1277 13 0.220603
1278 13 0.210547
1279 13 0.271613
1280 13 0.111104
1281 13 0.070614
1282 13 0.118525
1283 13 0.099502
1284 13 0.077326
1285 13 0.113786
1286 13 0.096725
1287 13 0.112173
1288 13 0.137692
1289 13 0.177177
1290 13 0.479334
1291 13 0.131585
1292 13 0.077840
1293 13 0.114071
1294 13 0.736314
1295 13 0.722785
1296 13 0.150447
1297 13 0.189187
1298 13 0.015378
1299 13 0.022897
