# Batch convergence for: model=snn-ae encoding=poisson architecture=conv1d v_th=1.5 alpha=0.9 run=2
batch_num epoch batch_loss
0 1 0.082520
1 1 0.140946
2 1 0.206625
3 1 0.161697
4 1 0.810790
5 1 0.106802
6 1 0.269290
7 1 0.104000
8 1 0.071887
9 1 0.202880
10 1 0.079369
11 1 0.328063
12 1 0.187743
13 1 0.247552
14 1 0.174441
15 1 0.114676
16 1 0.127029
17 1 0.356930
18 1 0.157807
19 1 0.153184
20 1 0.176794
21 1 0.021433
22 1 0.115538
23 1 0.185518
24 1 0.053582
25 1 0.375138
26 1 0.188194
27 1 0.105666
28 1 0.129139
29 1 0.424417
30 1 0.283578
31 1 0.083692
32 1 0.365938
33 1 0.116967
34 1 0.137052
35 1 0.070868
36 1 0.265964
37 1 0.217413
38 1 0.060119
39 1 0.123893
40 1 0.161203
41 1 0.088427
42 1 0.089567
43 1 0.147834
44 1 0.106509
45 1 0.080370
46 1 0.117105
47 1 0.160489
48 1 0.229101
49 1 0.289996
50 1 0.018436
51 1 0.337569
52 1 0.146293
53 1 0.046517
54 1 1.164741
55 1 0.172375
56 1 0.226296
57 1 0.149512
58 1 0.070204
59 1 0.166995
60 1 0.238982
61 1 0.142537
62 1 0.368833
63 1 0.182136
64 1 0.136549
65 1 0.038753
66 1 0.010634
67 1 0.724951
68 1 0.077121
69 1 0.046114
70 1 0.225555
71 1 0.015459
72 1 0.018886
73 1 0.266199
74 1 0.154586
75 1 0.185465
76 1 0.167311
77 1 0.300098
78 1 0.080313
79 1 0.160125
80 1 1.237896
81 1 0.182812
82 1 0.135062
83 1 0.131910
84 1 0.225204
85 1 0.212065
86 1 0.186422
87 1 0.183345
88 1 0.194183
89 1 0.099621
90 1 0.036105
91 1 0.194173
92 1 0.049418
93 1 0.149875
94 1 0.088528
95 1 0.164704
96 1 0.051030
97 1 0.120891
98 1 0.083987
99 1 0.217177
100 2 0.115462
101 2 0.130485
102 2 0.076802
103 2 0.124077
104 2 0.165752
105 2 0.188131
106 2 0.087658
107 2 0.095602
108 2 0.081472
109 2 0.132214
110 2 0.153010
111 2 0.018280
112 2 0.129159
113 2 0.960960
114 2 0.172252
115 2 0.200141
116 2 0.050151
117 2 0.084210
118 2 0.035965
119 2 0.203994
120 2 0.129078
121 2 0.028288
122 2 0.015348
123 2 0.078413
124 2 0.065059
125 2 0.126043
126 2 0.184918
127 2 0.150132
128 2 0.233177
129 2 0.094227
130 2 0.238038
131 2 0.095792
132 2 0.238136
133 2 0.071788
134 2 0.198208
135 2 0.144066
136 2 0.082343
137 2 0.075764
138 2 0.277484
139 2 0.273173
140 2 0.035204
141 2 0.230798
142 2 0.314203
143 2 0.067608
144 2 0.082455
145 2 0.187221
146 2 0.285320
147 2 0.069466
148 2 0.104165
149 2 0.171610
150 2 0.048772
151 2 0.050748
152 2 0.088593
153 2 0.089762
154 2 0.119001
155 2 0.010509
156 2 0.667652
157 2 0.086112
158 2 0.101556
159 2 0.084360
160 2 0.078129
161 2 0.139977
162 2 0.102601
163 2 0.286505
164 2 0.047726
165 2 0.200522
166 2 0.018695
167 2 0.070302
168 2 0.189619
169 2 0.263269
170 2 0.038156
171 2 0.643976
172 2 0.263596
173 2 0.150230
174 2 0.134586
175 2 0.157723
176 2 0.146557
177 2 0.016161
178 2 0.160515
179 2 0.119134
180 2 0.256633
181 2 0.138156
182 2 0.058729
183 2 0.281735
184 2 0.253958
185 2 0.021014
186 2 0.173519
187 2 0.072040
188 2 0.171794
189 2 0.193817
190 2 0.172855
191 2 0.155058
192 2 0.154771
193 2 0.194520
194 2 1.032396
195 2 0.113675
196 2 0.152894
197 2 0.069919
198 2 0.116883
199 2 0.107258
200 3 0.166572
201 3 0.163455
202 3 0.035688
203 3 0.121047
204 3 0.010439
205 3 0.242236
206 3 0.259987
207 3 0.015177
208 3 1.000489
209 3 0.076288
210 3 0.073797
211 3 0.037911
212 3 0.152525
213 3 0.234065
214 3 0.162055
215 3 0.067638
216 3 0.251338
217 3 0.067779
218 3 1.025108
219 3 0.018585
220 3 0.115327
221 3 0.160159
222 3 0.027916
223 3 0.217118
224 3 0.175736
225 3 0.082740
226 3 0.080268
227 3 0.266888
228 3 0.097968
229 3 0.019406
230 3 0.102275
231 3 0.018027
232 3 0.058136
233 3 0.113606
234 3 0.138347
235 3 0.282063
236 3 0.077364
237 3 0.354848
238 3 0.154051
239 3 0.223530
240 3 0.216085
241 3 0.112450
242 3 0.071247
243 3 0.127116
244 3 0.154719
245 3 0.097073
246 3 0.071424
247 3 0.121615
248 3 0.105499
249 3 0.054376
250 3 0.129623
251 3 0.193904
252 3 0.682939
253 3 0.084609
254 3 0.085559
255 3 0.078291
256 3 0.104118
257 3 0.069451
258 3 0.115582
259 3 0.049981
260 3 0.222978
261 3 0.126133
262 3 0.185797
263 3 0.049778
264 3 0.086461
265 3 0.229666
266 3 0.144087
267 3 0.143575
268 3 0.125672
269 3 0.138986
270 3 0.047618
271 3 0.078410
272 3 0.066422
273 3 0.260461
274 3 0.051994
275 3 0.118418
276 3 0.020828
277 3 0.045072
278 3 0.190838
279 3 0.145310
280 3 0.067764
281 3 0.108683
282 3 0.092814
283 3 0.075404
284 3 0.597647
285 3 0.155412
286 3 0.189185
287 3 0.117118
288 3 0.080966
289 3 0.049990
290 3 0.092254
291 3 0.175159
292 3 0.201821
293 3 0.097964
294 3 0.136003
295 3 0.061924
296 3 0.130083
297 3 0.223631
298 3 0.178075
299 3 0.179620
300 4 0.275315
301 4 0.154029
302 4 0.143845
303 4 0.148043
304 4 0.134478
305 4 0.195334
306 4 0.068773
307 4 0.216507
308 4 0.176821
309 4 0.202014
310 4 0.093767
311 4 0.076749
312 4 0.053880
313 4 0.049428
314 4 0.109534
315 4 0.057475
316 4 0.071248
317 4 0.051747
318 4 0.099535
319 4 0.127002
320 4 0.204512
321 4 0.037363
322 4 0.114809
323 4 0.289586
324 4 0.102083
325 4 0.157596
326 4 0.069696
327 4 0.070738
328 4 0.015867
329 4 0.048933
330 4 0.118815
331 4 0.130521
332 4 0.204677
333 4 0.288549
334 4 0.076075
335 4 0.049492
336 4 0.034870
337 4 0.144766
338 4 0.052748
339 4 0.067117
340 4 0.065917
341 4 0.119871
342 4 0.171976
343 4 0.010319
344 4 0.640736
345 4 0.186286
346 4 0.085641
347 4 0.736929
348 4 0.044964
349 4 0.074744
350 4 0.267770
351 4 0.070600
352 4 0.204467
353 4 0.114661
354 4 0.017851
355 4 0.064964
356 4 0.104178
357 4 0.189401
358 4 0.084815
359 4 0.020687
360 4 0.018385
361 4 0.175164
362 4 0.091568
363 4 0.144685
364 4 0.125426
365 4 0.204765
366 4 0.120297
367 4 0.085722
368 4 0.027500
369 4 0.078964
370 4 0.061304
371 4 0.019120
372 4 0.116112
373 4 0.177794
374 4 0.077599
375 4 0.068541
376 4 0.080271
377 4 0.103342
378 4 0.085659
379 4 0.098592
380 4 0.111852
381 4 0.074724
382 4 0.199424
383 4 0.966020
384 4 0.139314
385 4 0.098898
386 4 0.220947
387 4 0.191621
388 4 0.071289
389 4 0.080052
390 4 0.089792
391 4 0.137537
392 4 0.056664
393 4 0.137093
394 4 0.300230
395 4 0.922977
396 4 0.096672
397 4 0.274460
398 4 0.229336
399 4 0.033599
400 5 0.110889
401 5 0.133627
402 5 0.058406
403 5 0.046231
404 5 0.175791
405 5 0.036939
406 5 0.169624
407 5 0.618820
408 5 0.082400
409 5 0.153370
410 5 0.206868
411 5 1.018255
412 5 0.033501
413 5 0.020595
414 5 0.119234
415 5 0.168336
416 5 0.044881
417 5 0.142266
418 5 0.068098
419 5 0.092599
420 5 0.299930
421 5 0.015716
422 5 0.099282
423 5 0.077369
424 5 0.133569
425 5 0.100699
426 5 0.048746
427 5 0.235612
428 5 0.102197
429 5 0.034434
430 5 0.196206
431 5 0.214780
432 5 0.133035
433 5 0.074261
434 5 0.072893
435 5 0.048811
436 5 0.106499
437 5 0.127230
438 5 0.010251
439 5 0.068500
440 5 0.155929
441 5 0.179312
442 5 0.157478
443 5 0.111249
444 5 0.085277
445 5 0.044621
446 5 0.124367
447 5 0.136614
448 5 0.142810
449 5 0.123274
450 5 0.133191
451 5 0.197832
452 5 0.201108
453 5 0.050141
454 5 0.069641
455 5 0.065733
456 5 0.178238
457 5 0.110991
458 5 0.214829
459 5 0.113077
460 5 0.320055
461 5 0.078150
462 5 0.258961
463 5 0.064883
464 5 0.236988
465 5 0.140873
466 5 0.110547
467 5 0.046191
468 5 0.109618
469 5 0.081360
470 5 0.131646
471 5 0.084234
472 5 0.014828
473 5 0.183848
474 5 0.119103
475 5 0.606382
476 5 0.136904
477 5 0.079311
478 5 0.056256
479 5 0.048154
480 5 0.114794
481 5 0.898574
482 5 0.071636
483 5 0.139399
484 5 0.018905
485 5 0.073198
486 5 0.236327
487 5 0.221849
488 5 0.090135
489 5 0.139305
490 5 0.100264
491 5 0.171221
492 5 0.217119
493 5 0.117300
494 5 0.064856
495 5 0.110282
496 5 0.135377
497 5 0.055646
498 5 0.082818
499 5 0.027126
500 6 0.033010
501 6 0.020476
502 6 0.055590
503 6 0.087645
504 6 0.240271
505 6 0.124632
506 6 0.041397
507 6 0.227027
508 6 0.594991
509 6 0.152866
510 6 0.069268
511 6 0.137990
512 6 0.090206
513 6 0.075062
514 6 0.186467
515 6 0.238239
516 6 0.027072
517 6 0.084093
518 6 0.047968
519 6 0.123125
520 6 0.170027
521 6 0.198163
522 6 0.093590
523 6 0.109609
524 6 0.133363
525 6 0.082969
526 6 0.121071
527 6 0.312511
528 6 0.051480
529 6 0.099563
530 6 0.146455
531 6 0.087559
532 6 0.186946
533 6 0.091851
534 6 0.052156
535 6 0.093561
536 6 0.221327
537 6 0.121154
538 6 0.324952
539 6 0.161908
540 6 0.109058
541 6 0.152292
542 6 0.047972
543 6 0.102198
544 6 0.115646
545 6 0.151087
546 6 0.076108
547 6 0.125065
548 6 0.071946
549 6 0.067467
550 6 0.130549
551 6 0.018832
552 6 0.048162
553 6 0.033951
554 6 0.069905
555 6 0.083943
556 6 0.100384
557 6 0.113819
558 6 0.148417
559 6 0.018192
560 6 0.111839
561 6 0.125417
562 6 0.044243
563 6 0.105615
564 6 0.015555
565 6 0.047739
566 6 0.072787
567 6 0.195142
568 6 0.108603
569 6 0.102445
570 6 0.017608
571 6 0.237346
572 6 0.078526
573 6 0.067021
574 6 0.172172
575 6 0.071763
576 6 0.014727
577 6 0.080435
578 6 0.110060
579 6 0.045335
580 6 0.091139
581 6 0.948610
582 6 0.152972
583 6 0.062690
584 6 0.303625
585 6 0.033536
586 6 0.197048
587 6 0.128367
588 6 0.045461
589 6 0.613472
590 6 0.954776
591 6 0.099273
592 6 0.073300
593 6 0.199908
594 6 0.068506
595 6 0.136616
596 6 0.113215
597 6 0.113478
598 6 0.107994
599 6 0.275698
600 7 0.032500
601 7 0.187640
602 7 0.078210
603 7 0.200339
604 7 0.038506
605 7 0.068600
606 7 0.134317
607 7 0.194813
608 7 0.096281
609 7 0.107799
610 7 0.108642
611 7 0.228390
612 7 0.139401
613 7 0.090267
614 7 0.063947
615 7 0.103729
616 7 0.109011
617 7 0.018744
618 7 0.082524
619 7 0.047144
620 7 0.053494
621 7 0.073055
622 7 0.050903
623 7 0.102048
624 7 0.026833
625 7 0.055218
626 7 0.179146
627 7 0.173877
628 7 0.050057
629 7 0.138519
630 7 0.353023
631 7 0.077898
632 7 0.054465
633 7 0.068138
634 7 0.072179
635 7 0.033251
636 7 0.020345
637 7 0.068488
638 7 0.170202
639 7 0.145622
640 7 0.170388
641 7 0.187604
642 7 0.112874
643 7 0.086997
644 7 0.117529
645 7 0.045061
646 7 0.075358
647 7 0.179553
648 7 0.154636
649 7 0.017560
650 7 0.142866
651 7 0.606918
652 7 0.210831
653 7 0.594878
654 7 0.116672
655 7 0.166743
656 7 0.047314
657 7 0.112791
658 7 0.197214
659 7 0.035894
660 7 0.044914
661 7 0.156350
662 7 0.078788
663 7 0.071206
664 7 0.093484
665 7 0.225954
666 7 0.124637
667 7 0.109896
668 7 0.170213
669 7 0.140941
670 7 0.152966
671 7 0.047506
672 7 0.929355
673 7 0.933667
674 7 0.154597
675 7 0.187079
676 7 0.156252
677 7 0.121145
678 7 0.073882
679 7 0.071812
680 7 0.072285
681 7 0.066228
682 7 0.177155
683 7 0.199127
684 7 0.124602
685 7 0.118538
686 7 0.247595
687 7 0.047125
688 7 0.040716
689 7 0.091000
690 7 0.090538
691 7 0.170323
692 7 0.033461
693 7 0.018132
694 7 0.082394
695 7 0.161893
696 7 0.076161
697 7 0.103542
698 7 0.067083
699 7 0.117645
700 8 0.185900
701 8 0.032007
702 8 0.071611
703 8 0.577902
704 8 0.143461
705 8 0.044676
706 8 0.018660
707 8 0.119617
708 8 0.088181
709 8 0.127335
710 8 0.198147
711 8 0.223292
712 8 0.032859
713 8 0.047065
714 8 0.213975
715 8 0.188163
716 8 0.931000
717 8 0.178594
718 8 0.612602
719 8 0.162317
720 8 0.067945
721 8 0.169581
722 8 0.073483
723 8 0.065897
724 8 0.071365
725 8 0.094215
726 8 0.166294
727 8 0.113984
728 8 0.100953
729 8 0.163761
730 8 0.073504
731 8 0.082766
732 8 0.143545
733 8 0.107276
734 8 0.094741
735 8 0.044448
736 8 0.068433
737 8 0.104447
738 8 0.110575
739 8 0.079699
740 8 0.062591
741 8 0.160657
742 8 0.132065
743 8 0.111160
744 8 0.143176
745 8 0.159024
746 8 0.018134
747 8 0.080726
748 8 0.047045
749 8 0.076990
750 8 0.049507
751 8 0.142836
752 8 0.070619
753 8 0.090613
754 8 0.136570
755 8 0.115720
756 8 0.132174
757 8 0.081534
758 8 0.046726
759 8 0.074521
760 8 0.187644
761 8 0.127478
762 8 0.117414
763 8 0.078261
764 8 0.149133
765 8 0.054283
766 8 0.067454
767 8 0.172398
768 8 0.295059
769 8 0.020286
770 8 0.105178
771 8 0.151774
772 8 0.035458
773 8 0.243405
774 8 0.113082
775 8 0.075578
776 8 0.147565
777 8 0.145127
778 8 0.045971
779 8 0.014666
780 8 0.214200
781 8 0.062232
782 8 0.033177
783 8 0.017538
784 8 0.015417
785 8 0.170487
786 8 0.267008
787 8 0.043634
788 8 0.087124
789 8 0.010283
790 8 0.078655
791 8 0.174516
792 8 0.124612
793 8 0.849679
794 8 0.133984
795 8 0.026543
796 8 0.062468
797 8 0.077024
798 8 0.101502
799 8 0.159687
800 9 0.095418
801 9 0.101285
802 9 0.070828
803 9 0.074286
804 9 0.230416
805 9 0.068055
806 9 0.111190
807 9 0.050360
808 9 0.086917
809 9 0.054068
810 9 0.144376
811 9 0.100630
812 9 0.217285
813 9 0.076466
814 9 0.148602
815 9 0.105408
816 9 0.146656
817 9 0.043574
818 9 0.891984
819 9 0.087765
820 9 0.097033
821 9 0.121037
822 9 0.082365
823 9 0.204512
824 9 0.101237
825 9 0.062246
826 9 0.147260
827 9 0.116281
828 9 0.189674
829 9 0.096172
830 9 0.010304
831 9 0.181499
832 9 0.067353
833 9 0.043935
834 9 0.091923
835 9 0.020246
836 9 0.133069
837 9 0.103381
838 9 0.094387
839 9 0.145539
840 9 0.131198
841 9 0.205909
842 9 0.162891
843 9 0.026448
844 9 0.178524
845 9 0.085664
846 9 0.104914
847 9 0.220670
848 9 0.015387
849 9 0.070737
850 9 0.049116
851 9 0.191718
852 9 0.081021
853 9 0.207245
854 9 0.137500
855 9 0.101097
856 9 0.045448
857 9 0.046463
858 9 0.140433
859 9 0.103243
860 9 0.163291
861 9 0.126356
862 9 0.046568
863 9 0.120277
864 9 0.018089
865 9 0.215805
866 9 0.127995
867 9 0.070071
868 9 0.129158
869 9 0.060117
870 9 0.065061
871 9 0.052589
872 9 0.071710
873 9 0.095926
874 9 0.140467
875 9 0.177042
876 9 0.014654
877 9 0.049512
878 9 0.187845
879 9 0.117094
880 9 0.076187
881 9 0.188901
882 9 0.156935
883 9 0.035156
884 9 0.147180
885 9 0.179470
886 9 0.017500
887 9 0.579141
888 9 0.072592
889 9 0.064608
890 9 0.164001
891 9 0.903621
892 9 0.135762
893 9 0.059925
894 9 0.031229
895 9 0.574862
896 9 0.032828
897 9 0.046090
898 9 0.043923
899 9 0.105168
