# Batch convergence for: model=snn-ae encoding=latency architecture=recurrent v_th=1 alpha=0.9 run=3
batch_num epoch batch_loss
0 1 0.677297
1 1 1.015719
2 1 1.026757
3 1 0.897200
4 1 1.204261
5 1 0.836043
6 1 0.895048
7 1 1.088861
8 1 0.767058
9 1 0.797005
10 1 1.034118
11 1 0.864628
12 1 1.053007
13 1 0.823188
14 1 0.894007
15 1 0.892517
16 1 0.877616
17 1 1.196568
18 1 0.970453
19 1 0.649239
20 1 1.101161
21 1 0.066244
22 1 0.882392
23 1 0.794175
24 1 0.737493
25 1 0.823530
26 1 0.754395
27 1 0.878065
28 1 0.788604
29 1 0.887779
30 1 0.628976
31 1 0.825674
32 1 1.030553
33 1 0.898794
34 1 0.826019
35 1 0.848916
36 1 1.010691
37 1 0.591163
38 1 1.143560
39 1 0.815243
40 1 0.699405
41 1 0.638912
42 1 0.649589
43 1 0.569665
44 1 0.771612
45 1 0.618328
46 1 0.842482
47 1 0.827621
48 1 0.822827
49 1 0.822934
50 1 0.176115
51 1 0.783541
52 1 0.596463
53 1 0.124139
54 1 1.048174
55 1 0.759769
56 1 0.654958
57 1 0.744084
58 1 0.567411
59 1 0.707174
60 1 0.846817
61 1 0.804495
62 1 0.733759
63 1 0.858277
64 1 0.585393
65 1 0.589235
66 1 0.027127
67 1 1.026126
68 1 0.709247
69 1 0.727556
70 1 0.652762
71 1 0.457159
72 1 0.059706
73 1 0.840159
74 1 0.747803
75 1 0.756325
76 1 0.493807
77 1 0.827871
78 1 0.602930
79 1 0.487317
80 1 1.038499
81 1 0.433722
82 1 0.658254
83 1 0.918196
84 1 0.596540
85 1 0.708844
86 1 0.703573
87 1 0.762430
88 1 0.586112
89 1 0.528288
90 1 0.410553
91 1 0.800187
92 1 0.353758
93 1 0.537742
94 1 0.646844
95 1 0.571505
96 1 0.810979
97 1 0.536402
98 1 0.750479
99 1 0.620952
100 2 0.519388
101 2 0.558613
102 2 0.685311
103 2 0.752402
104 2 0.685556
105 2 0.598078
106 2 0.440307
107 2 0.668950
108 2 0.569119
109 2 0.551917
110 2 0.604534
111 2 0.164839
112 2 0.566728
113 2 0.954021
114 2 0.496348
115 2 0.572330
116 2 0.490349
117 2 0.604527
118 2 0.360753
119 2 0.570728
120 2 0.536109
121 2 0.691972
122 2 0.544639
123 2 0.658662
124 2 0.457829
125 2 0.560167
126 2 0.558675
127 2 0.674138
128 2 0.794360
129 2 0.607780
130 2 0.559896
131 2 0.473735
132 2 0.420870
133 2 0.603748
134 2 0.689284
135 2 0.771175
136 2 0.688670
137 2 0.547921
138 2 0.650911
139 2 0.754851
140 2 0.436011
141 2 0.695734
142 2 0.616585
143 2 0.530768
144 2 0.502687
145 2 0.612768
146 2 0.505895
147 2 0.639445
148 2 0.836228
149 2 0.593596
150 2 0.417334
151 2 0.554380
152 2 0.585245
153 2 0.477374
154 2 0.596118
155 2 0.085704
156 2 0.839476
157 2 0.528534
158 2 0.696466
159 2 0.580676
160 2 0.568768
161 2 0.500354
162 2 0.503744
163 2 0.696827
164 2 0.455034
165 2 0.470397
166 2 0.054068
167 2 0.418257
168 2 0.493760
169 2 0.643602
170 2 0.504396
171 2 0.672623
172 2 0.631642
173 2 0.580514
174 2 0.755067
175 2 0.589911
176 2 0.600172
177 2 0.182078
178 2 0.507192
179 2 0.538493
180 2 0.696604
181 2 0.535798
182 2 0.522399
183 2 0.702743
184 2 0.689032
185 2 0.135659
186 2 0.689476
187 2 0.521467
188 2 0.480033
189 2 0.657143
190 2 0.605640
191 2 0.383636
192 2 0.578463
193 2 0.578512
194 2 0.916566
195 2 0.584106
196 2 0.605030
197 2 0.563942
198 2 0.399591
199 2 0.532904
200 3 0.418520
201 3 0.549307
202 3 0.443160
203 3 0.534219
204 3 0.026729
205 3 0.640658
206 3 0.451740
207 3 0.396272
208 3 0.898464
209 3 0.414852
210 3 0.539893
211 3 0.470495
212 3 0.526043
213 3 0.527293
214 3 0.550841
215 3 0.508257
216 3 0.640224
217 3 0.453295
218 3 0.959789
219 3 0.030514
220 3 0.557008
221 3 0.456983
222 3 0.760342
223 3 0.659999
224 3 0.597152
225 3 0.391829
226 3 0.466493
227 3 0.507299
228 3 0.547823
229 3 0.342011
230 3 0.527064
231 3 0.203983
232 3 0.598089
233 3 0.534039
234 3 0.516865
235 3 0.566425
236 3 0.609645
237 3 0.577167
238 3 0.642581
239 3 0.600149
240 3 0.641846
241 3 0.398894
242 3 0.498736
243 3 0.607692
244 3 0.538460
245 3 0.517307
246 3 0.524708
247 3 0.560382
248 3 0.486650
249 3 0.507576
250 3 0.568982
251 3 0.539530
252 3 0.587922
253 3 0.451469
254 3 0.529501
255 3 0.537283
256 3 0.557219
257 3 0.439302
258 3 0.519770
259 3 0.555924
260 3 0.495914
261 3 0.624451
262 3 0.625133
263 3 0.609055
264 3 0.474294
265 3 0.546835
266 3 0.536689
267 3 0.514367
268 3 0.441955
269 3 0.621807
270 3 0.422275
271 3 0.464054
272 3 0.447231
273 3 0.510171
274 3 0.436400
275 3 0.455502
276 3 0.064157
277 3 0.147702
278 3 0.554613
279 3 0.689870
280 3 0.514296
281 3 0.438237
282 3 0.457015
283 3 0.428238
284 3 0.664752
285 3 0.589675
286 3 0.521425
287 3 0.479838
288 3 0.542854
289 3 0.517627
290 3 0.694045
291 3 0.688217
292 3 0.663986
293 3 0.581918
294 3 0.517544
295 3 0.314624
296 3 0.374990
297 3 0.445122
298 3 0.625595
299 3 0.564343
300 4 0.511766
301 4 0.467432
302 4 0.561795
303 4 0.445578
304 4 0.528497
305 4 0.600458
306 4 0.452159
307 4 0.437590
308 4 0.705773
309 4 0.622110
310 4 0.384069
311 4 0.485634
312 4 0.492898
313 4 0.545517
314 4 0.563233
315 4 0.424073
316 4 0.412754
317 4 0.346482
318 4 0.678234
319 4 0.599124
320 4 0.535408
321 4 0.515107
322 4 0.475090
323 4 0.591589
324 4 0.400744
325 4 0.648398
326 4 0.531098
327 4 0.527106
328 4 0.176292
329 4 0.441023
330 4 0.509183
331 4 0.419796
332 4 0.480748
333 4 0.451219
334 4 0.476703
335 4 0.570056
336 4 0.515065
337 4 0.606179
338 4 0.462584
339 4 0.484543
340 4 0.406590
341 4 0.523184
342 4 0.462822
343 4 0.067804
344 4 0.633654
345 4 0.469444
346 4 0.441750
347 4 0.523811
348 4 0.502955
349 4 0.537505
350 4 0.508806
351 4 0.293469
352 4 0.496566
353 4 0.489177
354 4 0.128846
355 4 0.548519
356 4 0.469016
357 4 0.570203
358 4 0.401229
359 4 0.063502
360 4 0.030120
361 4 0.439102
362 4 0.537835
363 4 0.370104
364 4 0.555200
365 4 0.637730
366 4 0.537473
367 4 0.458041
368 4 0.633474
369 4 0.494539
370 4 0.363837
371 4 0.309112
372 4 0.497427
373 4 0.546268
374 4 0.408968
375 4 0.433453
376 4 0.447414
377 4 0.525476
378 4 0.405505
379 4 0.560940
380 4 0.498132
381 4 0.570831
382 4 0.589237
383 4 0.870944
384 4 0.610710
385 4 0.577839
386 4 0.489263
387 4 0.592139
388 4 0.443053
389 4 0.424239
390 4 0.479996
391 4 0.432364
392 4 0.622338
393 4 0.537051
394 4 0.617218
395 4 0.767236
396 4 0.535689
397 4 0.518545
398 4 0.603709
399 4 0.368598
400 5 0.401559
401 5 0.610600
402 5 0.385975
403 5 0.371480
404 5 0.502860
405 5 0.434481
406 5 0.422585
407 5 0.598211
408 5 0.471950
409 5 0.491820
410 5 0.617995
411 5 0.856870
412 5 0.433887
413 5 0.063089
414 5 0.468198
415 5 0.528408
416 5 0.128456
417 5 0.427276
418 5 0.473779
419 5 0.343371
420 5 0.516512
421 5 0.188186
422 5 0.509321
423 5 0.562730
424 5 0.534871
425 5 0.617874
426 5 0.534426
427 5 0.479941
428 5 0.451273
429 5 0.291055
430 5 0.546854
431 5 0.448482
432 5 0.539637
433 5 0.433347
434 5 0.361432
435 5 0.574785
436 5 0.593440
437 5 0.462113
438 5 0.026253
439 5 0.529238
440 5 0.664023
441 5 0.514075
442 5 0.554345
443 5 0.424326
444 5 0.573349
445 5 0.495498
446 5 0.612888
447 5 0.426807
448 5 0.415595
449 5 0.482203
450 5 0.491005
451 5 0.507165
452 5 0.575071
453 5 0.029910
454 5 0.496313
455 5 0.507853
456 5 0.503714
457 5 0.520484
458 5 0.581436
459 5 0.381169
460 5 0.546635
461 5 0.424684
462 5 0.622198
463 5 0.457166
464 5 0.477795
465 5 0.501729
466 5 0.451602
467 5 0.357038
468 5 0.529145
469 5 0.412744
470 5 0.581669
471 5 0.445932
472 5 0.382261
473 5 0.495737
474 5 0.435289
475 5 0.564385
476 5 0.531620
477 5 0.445469
478 5 0.412648
479 5 0.413417
480 5 0.499847
481 5 0.747403
482 5 0.415839
483 5 0.504035
484 5 0.336413
485 5 0.450878
486 5 0.519199
487 5 0.464375
488 5 0.504747
489 5 0.418976
490 5 0.521180
491 5 0.491556
492 5 0.477692
493 5 0.403991
494 5 0.407864
495 5 0.539440
496 5 0.489820
497 5 0.456982
498 5 0.471148
499 5 0.521756
500 6 0.438370
501 6 0.062500
502 6 0.452147
503 6 0.391437
504 6 0.505809
505 6 0.509528
506 6 0.059062
507 6 0.522670
508 6 0.570926
509 6 0.440350
510 6 0.528350
511 6 0.618375
512 6 0.426756
513 6 0.483627
514 6 0.502305
515 6 0.544984
516 6 0.492165
517 6 0.389411
518 6 0.483199
519 6 0.552703
520 6 0.470739
521 6 0.568892
522 6 0.362862
523 6 0.433314
524 6 0.520625
525 6 0.420805
526 6 0.563339
527 6 0.531815
528 6 0.414949
529 6 0.569604
530 6 0.519718
531 6 0.469930
532 6 0.401877
533 6 0.430199
534 6 0.531174
535 6 0.412839
536 6 0.571036
537 6 0.427914
538 6 0.568729
539 6 0.458548
540 6 0.389477
541 6 0.427882
542 6 0.441345
543 6 0.410978
544 6 0.527849
545 6 0.482189
546 6 0.372624
547 6 0.493384
548 6 0.438731
549 6 0.459516
550 6 0.502946
551 6 0.297071
552 6 0.477593
553 6 0.292363
554 6 0.495292
555 6 0.480085
556 6 0.524741
557 6 0.409239
558 6 0.564571
559 6 0.029780
560 6 0.397516
561 6 0.385537
562 6 0.474999
563 6 0.524285
564 6 0.143203
565 6 0.421189
566 6 0.468645
567 6 0.526285
568 6 0.339018
569 6 0.519065
570 6 0.094058
571 6 0.392468
572 6 0.464888
573 6 0.418435
574 6 0.437290
575 6 0.348780
576 6 0.347020
577 6 0.439540
578 6 0.429899
579 6 0.347158
580 6 0.378561
581 6 0.677414
582 6 0.433021
583 6 0.426224
584 6 0.487810
585 6 0.395550
586 6 0.485221
587 6 0.582642
588 6 0.335232
589 6 0.583673
590 6 0.788816
591 6 0.442950
592 6 0.443514
593 6 0.396120
594 6 0.496026
595 6 0.624198
596 6 0.515392
597 6 0.500634
598 6 0.525609
599 6 0.549088
600 7 0.375260
601 7 0.478231
602 7 0.511521
603 7 0.491359
604 7 0.026097
605 7 0.466361
606 7 0.359408
607 7 0.465319
608 7 0.447870
609 7 0.558306
610 7 0.465094
611 7 0.603102
612 7 0.373408
613 7 0.383657
614 7 0.449172
615 7 0.455889
616 7 0.496287
617 7 0.329639
618 7 0.540039
619 7 0.435553
620 7 0.176424
621 7 0.454952
622 7 0.413781
623 7 0.420643
624 7 0.507725
625 7 0.364928
626 7 0.457352
627 7 0.452486
628 7 0.395829
629 7 0.564024
630 7 0.489722
631 7 0.420056
632 7 0.500624
633 7 0.505428
634 7 0.403283
635 7 0.323983
636 7 0.125253
637 7 0.390661
638 7 0.425194
639 7 0.454450
640 7 0.395285
641 7 0.385180
642 7 0.400218
643 7 0.428583
644 7 0.381325
645 7 0.295515
646 7 0.353557
647 7 0.503073
648 7 0.522867
649 7 0.093249
650 7 0.378445
651 7 0.615434
652 7 0.472970
653 7 0.554741
654 7 0.346542
655 7 0.435068
656 7 0.347120
657 7 0.487190
658 7 0.481695
659 7 0.399944
660 7 0.418162
661 7 0.398776
662 7 0.431043
663 7 0.393345
664 7 0.479024
665 7 0.529032
666 7 0.556314
667 7 0.429044
668 7 0.454859
669 7 0.420648
670 7 0.555891
671 7 0.446861
672 7 0.729852
673 7 0.701936
674 7 0.477295
675 7 0.443834
676 7 0.481832
677 7 0.350667
678 7 0.441875
679 7 0.480118
680 7 0.406762
681 7 0.411143
682 7 0.472151
683 7 0.483292
684 7 0.476405
685 7 0.451379
686 7 0.472658
687 7 0.474769
688 7 0.356887
689 7 0.371625
690 7 0.430162
691 7 0.480712
692 7 0.299283
693 7 0.052806
694 7 0.410170
695 7 0.426477
696 7 0.469186
697 7 0.441150
698 7 0.454364
699 7 0.463096
700 8 0.472711
701 8 0.369512
702 8 0.448872
703 8 0.473713
704 8 0.479752
705 8 0.376423
706 8 0.333337
707 8 0.485460
708 8 0.447617
709 8 0.429392
710 8 0.424919
711 8 0.444791
712 8 0.342924
713 8 0.390857
714 8 0.481819
715 8 0.561901
716 8 0.655228
717 8 0.396659
718 8 0.510732
719 8 0.395129
720 8 0.418162
721 8 0.430552
722 8 0.461921
723 8 0.423305
724 8 0.446522
725 8 0.416806
726 8 0.507550
727 8 0.399156
728 8 0.419985
729 8 0.452706
730 8 0.445844
731 8 0.387594
732 8 0.464545
733 8 0.409594
734 8 0.501187
735 8 0.349646
736 8 0.386057
737 8 0.410584
738 8 0.423138
739 8 0.380246
740 8 0.409518
741 8 0.373586
742 8 0.418558
743 8 0.473745
744 8 0.504643
745 8 0.436593
746 8 0.029670
747 8 0.413332
748 8 0.413894
749 8 0.407332
750 8 0.405041
751 8 0.405152
752 8 0.381613
753 8 0.393251
754 8 0.431881
755 8 0.340673
756 8 0.428234
757 8 0.399141
758 8 0.441612
759 8 0.366518
760 8 0.377244
761 8 0.411858
762 8 0.481065
763 8 0.442777
764 8 0.447027
765 8 0.351211
766 8 0.455553
767 8 0.491433
768 8 0.516160
769 8 0.061227
770 8 0.403900
771 8 0.400840
772 8 0.374132
773 8 0.477602
774 8 0.383079
775 8 0.388403
776 8 0.445932
777 8 0.391136
778 8 0.408653
779 8 0.373357
780 8 0.486819
781 8 0.323702
782 8 0.312913
783 8 0.190416
784 8 0.241586
785 8 0.438972
786 8 0.400177
787 8 0.399236
788 8 0.434521
789 8 0.026066
790 8 0.382954
791 8 0.462303
792 8 0.410886
793 8 0.626510
794 8 0.510518
795 8 0.393610
796 8 0.457898
797 8 0.352385
798 8 0.568462
799 8 0.412809
800 9 0.462934
801 9 0.376043
802 9 0.383679
803 9 0.378234
804 9 0.453077
805 9 0.421286
806 9 0.348420
807 9 0.393059
808 9 0.479212
809 9 0.341694
810 9 0.412401
811 9 0.441491
812 9 0.426710
813 9 0.358243
814 9 0.360355
815 9 0.521340
816 9 0.442271
817 9 0.373249
818 9 0.668659
819 9 0.384482
820 9 0.396917
821 9 0.305513
822 9 0.430367
823 9 0.400645
824 9 0.477237
825 9 0.340857
826 9 0.465470
827 9 0.419889
828 9 0.451540
829 9 0.443264
830 9 0.026082
831 9 0.500826
832 9 0.360225
833 9 0.377647
834 9 0.342741
835 9 0.108165
836 9 0.408556
837 9 0.370865
838 9 0.454978
839 9 0.449402
840 9 0.379843
841 9 0.375266
842 9 0.436525
843 9 0.453732
844 9 0.386481
845 9 0.359256
846 9 0.406573
847 9 0.455874
848 9 0.191840
849 9 0.352631
850 9 0.356726
851 9 0.463209
852 9 0.431114
853 9 0.380951
854 9 0.506492
855 9 0.378398
856 9 0.384989
857 9 0.382885
858 9 0.354519
859 9 0.375776
860 9 0.434803
861 9 0.373283
862 9 0.399326
863 9 0.415726
864 9 0.096127
865 9 0.398865
866 9 0.460634
867 9 0.456117
868 9 0.387969
869 9 0.346470
870 9 0.369357
871 9 0.341826
872 9 0.352146
873 9 0.533660
874 9 0.437224
875 9 0.360788
876 9 0.345762
877 9 0.339127
878 9 0.449108
879 9 0.334786
880 9 0.363561
881 9 0.459203
882 9 0.486430
883 9 0.380190
884 9 0.467272
885 9 0.408559
886 9 0.111854
887 9 0.456585
888 9 0.504679
889 9 0.343732
890 9 0.410281
891 9 0.650046
892 9 0.400079
893 9 0.288961
894 9 0.327996
895 9 0.519243
896 9 0.249996
897 9 0.368986
898 9 0.387618
899 9 0.361346
900 10 0.389012
901 10 0.357825
902 10 0.331908
903 10 0.499467
904 10 0.364734
905 10 0.389988
906 10 0.358974
907 10 0.360831
908 10 0.326930
909 10 0.413951
910 10 0.298536
911 10 0.417693
912 10 0.448303
913 10 0.362302
914 10 0.352123
915 10 0.449345
916 10 0.429685
917 10 0.405126
918 10 0.484180
919 10 0.330594
920 10 0.380611
921 10 0.367699
922 10 0.384833
923 10 0.468022
924 10 0.392923
925 10 0.348951
926 10 0.259969
927 10 0.453180
928 10 0.402876
929 10 0.331793
930 10 0.327681
931 10 0.363965
932 10 0.468856
933 10 0.320372
934 10 0.387278
935 10 0.276728
936 10 0.380247
937 10 0.375286
938 10 0.402650
939 10 0.327411
940 10 0.418604
941 10 0.374087
942 10 0.405725
943 10 0.026124
944 10 0.406132
945 10 0.333970
946 10 0.330848
947 10 0.424262
948 10 0.213988
949 10 0.311247
950 10 0.384077
951 10 0.391151
952 10 0.380936
953 10 0.426265
954 10 0.389008
955 10 0.548000
956 10 0.430162
957 10 0.375804
958 10 0.307327
959 10 0.329106
960 10 0.348476
961 10 0.344629
962 10 0.328023
963 10 0.458359
964 10 0.261976
965 10 0.407653
966 10 0.361725
967 10 0.370033
968 10 0.388077
969 10 0.339896
970 10 0.029744
971 10 0.347231
972 10 0.391823
973 10 0.163865
974 10 0.370368
975 10 0.413660
976 10 0.535375
977 10 0.270297
978 10 0.305933
979 10 0.480044
980 10 0.406716
981 10 0.353659
982 10 0.356527
983 10 0.060717
984 10 0.332509
985 10 0.298579
986 10 0.375562
987 10 0.345614
988 10 0.372512
989 10 0.370270
990 10 0.350819
991 10 0.358182
992 10 0.406782
993 10 0.334166
994 10 0.394904
995 10 0.366834
996 10 0.303017
997 10 0.365194
998 10 0.590239
999 10 0.344432
1000 11 0.664692
1001 11 0.278868
1002 11 0.377213
1003 11 0.394375
1004 11 0.397353
1005 11 0.292246
1006 11 0.247627
1007 11 0.440850
1008 11 0.366922
1009 11 0.357484
1010 11 0.327962
1011 11 0.340359
1012 11 0.381800
1013 11 0.633168
1014 11 0.272681
1015 11 0.257319
1016 11 0.366318
1017 11 0.136188
1018 11 0.390175
1019 11 0.310886
1020 11 0.317922
1021 11 0.385479
1022 11 0.328390
1023 11 0.290249
1024 11 0.313377
1025 11 0.408765
1026 11 0.317408
1027 11 0.320950
1028 11 0.408584
1029 11 0.338354
1030 11 0.370496
1031 11 0.365907
1032 11 0.316296
1033 11 0.393425
1034 11 0.270540
1035 11 0.360884
1036 11 0.354543
1037 11 0.026152
1038 11 0.244968
1039 11 0.311383
1040 11 0.389050
1041 11 0.386219
1042 11 0.381414
1043 11 0.279962
1044 11 0.425493
1045 11 0.349614
1046 11 0.257525
1047 11 0.347688
1048 11 0.338363
1049 11 0.332923
1050 11 0.029770
1051 11 0.348958
1052 11 0.340248
1053 11 0.415411
1054 11 0.340359
1055 11 0.275135
1056 11 0.394494
1057 11 0.322207
1058 11 0.358868
1059 11 0.338313
1060 11 0.347836
1061 11 0.305480
1062 11 0.399251
1063 11 0.354772
1064 11 0.316747
1065 11 0.417638
1066 11 0.341321
1067 11 0.329024
1068 11 0.325547
1069 11 0.354489
1070 11 0.089802
1071 11 0.318784
1072 11 0.322692
1073 11 0.346484
1074 11 0.352083
1075 11 0.330533
1076 11 0.320320
1077 11 0.337568
1078 11 0.328216
1079 11 0.290932
1080 11 0.275517
1081 11 0.296559
1082 11 0.345162
1083 11 0.366181
1084 11 0.338074
1085 11 0.391440
1086 11 0.434576
1087 11 0.420143
1088 11 0.364897
1089 11 0.301801
1090 11 0.345380
1091 11 0.390751
1092 11 0.359601
1093 11 0.360194
1094 11 0.410776
1095 11 0.298220
1096 11 0.335890
1097 11 0.295598
1098 11 0.281307
1099 11 0.273545
1100 12 0.319511
1101 12 0.320197
1102 12 0.274699
1103 12 0.336101
1104 12 0.261129
1105 12 0.251859
1106 12 0.314416
1107 12 0.264531
1108 12 0.353244
1109 12 0.345277
1110 12 0.319233
1111 12 0.375980
1112 12 0.308750
1113 12 0.261825
1114 12 0.349603
1115 12 0.434644
1116 12 0.124925
1117 12 0.311911
1118 12 0.364916
1119 12 0.365880
1120 12 0.359553
1121 12 0.314451
1122 12 0.320778
1123 12 0.410964
1124 12 0.259499
1125 12 0.312596
1126 12 0.281370
1127 12 0.351650
1128 12 0.399366
1129 12 0.255988
1130 12 0.368463
1131 12 0.342601
1132 12 0.433304
1133 12 0.324922
1134 12 0.352447
1135 12 0.282053
1136 12 0.379129
1137 12 0.266304
1138 12 0.412246
1139 12 0.317020
1140 12 0.395287
1141 12 0.276548
1142 12 0.294510
1143 12 0.389145
1144 12 0.389435
1145 12 0.391630
1146 12 0.318844
1147 12 0.409710
1148 12 0.284517
1149 12 0.345159
1150 12 0.382716
1151 12 0.442043
1152 12 0.085873
1153 12 0.308684
1154 12 0.308902
1155 12 0.309576
1156 12 0.343659
1157 12 0.319313
1158 12 0.029851
1159 12 0.338785
1160 12 0.294340
1161 12 0.338230
1162 12 0.335761
1163 12 0.381566
1164 12 0.311507
1165 12 0.318511
1166 12 0.344962
1167 12 0.465916
1168 12 0.312041
1169 12 0.298367
1170 12 0.343461
1171 12 0.328382
1172 12 0.308787
1173 12 0.157288
1174 12 0.296763
1175 12 0.279465
1176 12 0.289218
1177 12 0.306507
1178 12 0.275585
1179 12 0.392659
1180 12 0.329773
1181 12 0.384372
1182 12 0.301982
1183 12 0.281137
1184 12 0.585384
1185 12 0.327896
1186 12 0.129737
1187 12 0.318287
1188 12 0.416265
1189 12 0.301487
1190 12 0.331461
1191 12 0.346173
1192 12 0.317385
1193 12 0.313491
1194 12 0.276762
1195 12 0.281116
1196 12 0.310057
1197 12 0.280862
1198 12 0.320915
1199 12 0.298713
1200 13 0.264741
1201 13 0.287629
1202 13 0.293340
1203 13 0.311396
1204 13 0.288795
1205 13 0.288265
1206 13 0.319769
1207 13 0.261848
1208 13 0.348941
1209 13 0.355058
1210 13 0.340986
1211 13 0.303694
1212 13 0.321485
1213 13 0.313133
1214 13 0.299250
1215 13 0.259054
1216 13 0.301888
1217 13 0.297627
1218 13 0.274655
1219 13 0.249302
1220 13 0.309040
1221 13 0.304977
1222 13 0.334637
1223 13 0.361277
1224 13 0.371314
1225 13 0.095700
1226 13 0.260265
1227 13 0.289032
1228 13 0.307809
1229 13 0.290238
1230 13 0.358789
1231 13 0.060519
1232 13 0.268177
1233 13 0.290071
1234 13 0.280977
1235 13 0.416195
1236 13 0.255130
1237 13 0.321419
1238 13 0.348789
1239 13 0.334201
1240 13 0.275172
1241 13 0.348831
1242 13 0.309192
1243 13 0.303235
1244 13 0.299555
1245 13 0.133036
1246 13 0.278406
1247 13 0.271734
1248 13 0.322562
1249 13 0.242390
1250 13 0.337143
1251 13 0.365010
1252 13 0.288470
1253 13 0.231916
1254 13 0.309280
1255 13 0.253284
1256 13 0.271145
1257 13 0.245548
1258 13 0.378797
1259 13 0.348648
1260 13 0.286403
1261 13 0.300106
1262 13 0.348553
1263 13 0.308990
1264 13 0.338233
1265 13 0.364470
1266 13 0.232221
1267 13 0.235129
1268 13 0.228830
1269 13 0.323031
1270 13 0.273817
1271 13 0.358841
1272 13 0.302963
1273 13 0.306434
1274 13 0.283345
1275 13 0.321060
1276 13 0.321846
1277 13 0.349923
1278 13 0.315389
1279 13 0.434244
1280 13 0.263851
1281 13 0.259077
1282 13 0.360360
1283 13 0.321922
1284 13 0.249558
1285 13 0.282187
1286 13 0.259771
1287 13 0.284852
1288 13 0.231202
1289 13 0.351667
1290 13 0.322015
1291 13 0.220791
1292 13 0.328955
1293 13 0.279007
1294 13 0.555412
1295 13 0.418452
1296 13 0.307430
1297 13 0.280369
1298 13 0.098271
1299 13 0.295328
1300 14 0.226771
1301 14 0.539134
1302 14 0.376379
1303 14 0.300089
1304 14 0.255960
1305 14 0.304022
1306 14 0.284151
1307 14 0.286175
1308 14 0.315318
1309 14 0.328512
1310 14 0.330021
1311 14 0.308682
1312 14 0.212754
1313 14 0.252662
1314 14 0.335488
1315 14 0.305627
1316 14 0.297760
1317 14 0.303245
1318 14 0.295698
1319 14 0.079114
1320 14 0.206216
1321 14 0.290605
1322 14 0.130929
1323 14 0.302832
1324 14 0.029970
1325 14 0.320828
1326 14 0.283190
1327 14 0.297328
1328 14 0.225905
1329 14 0.337683
1330 14 0.372363
1331 14 0.312536
1332 14 0.300191
1333 14 0.271688
1334 14 0.264064
1335 14 0.266580
1336 14 0.352700
1337 14 0.282494
1338 14 0.309808
1339 14 0.284889
1340 14 0.297013
1341 14 0.152844
1342 14 0.322163
1343 14 0.487957
1344 14 0.300578
1345 14 0.362413
1346 14 0.268037
1347 14 0.280228
1348 14 0.320620
1349 14 0.323411
1350 14 0.347110
1351 14 0.284564
1352 14 0.308020
1353 14 0.293740
1354 14 0.295201
1355 14 0.317483
1356 14 0.354780
1357 14 0.274257
1358 14 0.356226
1359 14 0.307186
1360 14 0.243773
1361 14 0.274954
1362 14 0.286942
1363 14 0.358466
1364 14 0.281385
1365 14 0.380710
1366 14 0.327596
1367 14 0.238971
1368 14 0.236835
1369 14 0.270009
1370 14 0.323352
1371 14 0.362802
1372 14 0.274177
1373 14 0.219379
1374 14 0.256059
1375 14 0.381626
1376 14 0.317329
1377 14 0.299786
1378 14 0.356903
1379 14 0.279747
1380 14 0.244713
1381 14 0.343546
1382 14 0.293614
1383 14 0.335989
1384 14 0.225182
1385 14 0.405639
1386 14 0.380016
1387 14 0.291108
1388 14 0.320194
1389 14 0.352789
1390 14 0.261235
1391 14 0.304454
1392 14 0.026308
1393 14 0.287283
1394 14 0.316590
1395 14 0.309448
1396 14 0.299057
1397 14 0.260194
1398 14 0.265428
1399 14 0.324512
1400 15 0.300482
1401 15 0.299377
1402 15 0.225441
1403 15 0.328701
1404 15 0.283143
1405 15 0.287554
1406 15 0.308173
1407 15 0.351654
1408 15 0.289764
1409 15 0.275930
1410 15 0.243387
1411 15 0.287713
1412 15 0.376537
1413 15 0.289902
1414 15 0.223257
1415 15 0.236502
1416 15 0.295561
1417 15 0.308685
1418 15 0.060551
1419 15 0.266267
1420 15 0.308966
1421 15 0.291518
1422 15 0.268772
1423 15 0.246040
1424 15 0.250908
1425 15 0.293335
1426 15 0.319510
1427 15 0.244686
1428 15 0.268549
1429 15 0.269770
1430 15 0.354478
1431 15 0.243252
1432 15 0.238515
1433 15 0.052806
1434 15 0.236862
1435 15 0.297561
1436 15 0.336028
1437 15 0.274172
1438 15 0.310114
1439 15 0.242366
1440 15 0.242107
1441 15 0.283978
1442 15 0.259481
1443 15 0.324924
1444 15 0.273665
1445 15 0.340348
1446 15 0.268473
1447 15 0.381163
1448 15 0.303996
1449 15 0.231485
1450 15 0.372810
1451 15 0.289898
1452 15 0.247440
1453 15 0.281462
1454 15 0.330323
1455 15 0.314358
1456 15 0.265362
1457 15 0.221155
1458 15 0.238863
1459 15 0.303191
1460 15 0.258047
1461 15 0.225497
1462 15 0.243784
1463 15 0.053777
1464 15 0.300393
1465 15 0.281066
1466 15 0.358486
1467 15 0.504243
1468 15 0.321129
1469 15 0.218668
1470 15 0.331517
1471 15 0.556252
1472 15 0.236577
1473 15 0.297388
1474 15 0.261956
1475 15 0.328636
1476 15 0.283791
1477 15 0.274790
1478 15 0.272096
1479 15 0.341815
1480 15 0.329933
1481 15 0.220341
1482 15 0.320614
1483 15 0.275740
1484 15 0.255720
1485 15 0.255317
1486 15 0.275796
1487 15 0.277067
1488 15 0.207078
1489 15 0.247413
1490 15 0.304960
1491 15 0.333267
1492 15 0.310785
1493 15 0.293003
1494 15 0.286937
1495 15 0.353836
1496 15 0.287806
1497 15 0.217075
1498 15 0.297745
1499 15 0.293885
1500 16 0.356951
1501 16 0.270286
1502 16 0.278529
1503 16 0.280556
1504 16 0.276883
1505 16 0.217685
1506 16 0.080695
1507 16 0.223510
1508 16 0.339997
1509 16 0.236378
1510 16 0.286288
1511 16 0.229667
1512 16 0.292844
1513 16 0.301437
1514 16 0.287245
1515 16 0.318908
1516 16 0.285819
1517 16 0.313607
1518 16 0.243272
1519 16 0.300208
1520 16 0.250500
1521 16 0.316174
1522 16 0.323060
1523 16 0.227437
1524 16 0.235525
1525 16 0.248383
1526 16 0.310722
1527 16 0.337550
1528 16 0.281496
1529 16 0.291179
1530 16 0.237045
1531 16 0.263490
1532 16 0.239132
1533 16 0.212717
1534 16 0.262396
1535 16 0.241105
1536 16 0.369083
1537 16 0.432990
1538 16 0.315271
1539 16 0.213163
1540 16 0.380338
1541 16 0.310022
1542 16 0.303038
1543 16 0.218501
1544 16 0.280005
1545 16 0.227959
1546 16 0.288242
1547 16 0.298899
1548 16 0.346458
1549 16 0.261926
1550 16 0.263740
1551 16 0.270612
1552 16 0.247347
1553 16 0.269349
1554 16 0.467242
1555 16 0.283387
1556 16 0.246260
1557 16 0.132134
1558 16 0.207583
1559 16 0.322026
1560 16 0.221929
1561 16 0.269520
1562 16 0.263734
1563 16 0.348436
1564 16 0.231892
1565 16 0.262774
1566 16 0.231212
1567 16 0.309005
1568 16 0.269679
1569 16 0.272294
1570 16 0.292223
1571 16 0.368083
1572 16 0.266878
1573 16 0.243474
1574 16 0.084647
1575 16 0.247340
1576 16 0.287082
1577 16 0.213490
1578 16 0.339861
1579 16 0.252526
1580 16 0.232314
1581 16 0.230475
1582 16 0.256938
1583 16 0.241081
1584 16 0.257793
1585 16 0.273950
1586 16 0.259821
1587 16 0.416890
1588 16 0.303414
1589 16 0.292587
1590 16 0.210979
1591 16 0.030176
1592 16 0.257017
1593 16 0.294298
1594 16 0.242929
1595 16 0.304965
1596 16 0.280339
1597 16 0.238539
1598 16 0.249954
1599 16 0.256230
1600 17 0.202480
1601 17 0.289237
1602 17 0.219454
1603 17 0.321316
1604 17 0.242081
1605 17 0.230211
1606 17 0.227189
1607 17 0.310608
1608 17 0.291504
1609 17 0.334405
1610 17 0.213215
1611 17 0.322603
1612 17 0.279081
1613 17 0.363115
1614 17 0.468671
1615 17 0.060635
1616 17 0.255581
1617 17 0.308179
1618 17 0.334919
1619 17 0.208952
1620 17 0.283293
1621 17 0.270768
1622 17 0.247473
1623 17 0.263103
1624 17 0.257049
1625 17 0.235703
1626 17 0.274210
1627 17 0.232408
1628 17 0.242078
1629 17 0.210982
1630 17 0.285683
1631 17 0.233088
1632 17 0.172592
1633 17 0.267171
1634 17 0.324138
1635 17 0.284956
1636 17 0.265431
1637 17 0.193560
1638 17 0.304678
1639 17 0.247689
1640 17 0.296991
1641 17 0.301882
1642 17 0.241304
1643 17 0.210586
1644 17 0.318180
1645 17 0.289308
1646 17 0.337219
1647 17 0.257646
1648 17 0.303026
1649 17 0.172568
1650 17 0.283678
1651 17 0.249781
1652 17 0.218720
1653 17 0.397810
1654 17 0.255758
1655 17 0.211637
1656 17 0.026395
1657 17 0.242347
1658 17 0.323958
1659 17 0.385146
1660 17 0.468760
1661 17 0.209833
1662 17 0.208031
1663 17 0.224240
1664 17 0.277487
1665 17 0.030216
1666 17 0.243013
1667 17 0.286402
1668 17 0.304897
1669 17 0.305713
1670 17 0.304089
1671 17 0.227875
1672 17 0.235678
1673 17 0.245013
1674 17 0.310133
1675 17 0.328229
1676 17 0.328512
1677 17 0.326739
1678 17 0.245455
1679 17 0.396562
1680 17 0.275050
1681 17 0.282687
1682 17 0.231508
1683 17 0.256032
1684 17 0.232170
1685 17 0.296795
1686 17 0.284934
1687 17 0.243163
1688 17 0.249508
1689 17 0.213593
1690 17 0.239946
1691 17 0.293099
1692 17 0.282547
1693 17 0.104332
1694 17 0.275929
1695 17 0.298493
1696 17 0.177235
1697 17 0.283146
1698 17 0.282149
1699 17 0.254117
1700 18 0.228407
1701 18 0.300063
1702 18 0.283467
1703 18 0.250993
1704 18 0.253590
1705 18 0.490703
1706 18 0.230952
1707 18 0.306890
1708 18 0.207969
1709 18 0.247644
1710 18 0.287102
1711 18 0.242418
1712 18 0.237544
1713 18 0.189293
1714 18 0.246330
1715 18 0.270953
1716 18 0.299799
1717 18 0.259686
1718 18 0.286750
1719 18 0.240892
1720 18 0.257808
1721 18 0.268090
1722 18 0.310510
1723 18 0.309369
1724 18 0.257008
1725 18 0.309609
1726 18 0.215186
1727 18 0.208514
1728 18 0.264605
1729 18 0.232875
1730 18 0.257049
1731 18 0.283678
1732 18 0.269753
1733 18 0.309353
1734 18 0.301432
1735 18 0.182770
1736 18 0.248450
1737 18 0.282413
1738 18 0.290800
1739 18 0.241297
1740 18 0.248799
1741 18 0.216132
1742 18 0.060707
1743 18 0.244061
1744 18 0.211991
1745 18 0.326097
1746 18 0.320898
1747 18 0.217364
1748 18 0.300953
1749 18 0.304897
1750 18 0.289837
1751 18 0.263144
1752 18 0.283581
1753 18 0.256706
1754 18 0.256654
1755 18 0.258621
1756 18 0.236559
1757 18 0.206032
1758 18 0.256434
1759 18 0.323102
1760 18 0.268718
1761 18 0.286351
1762 18 0.268236
1763 18 0.232617
1764 18 0.305552
1765 18 0.283784
1766 18 0.286610
1767 18 0.249958
1768 18 0.205025
1769 18 0.212301
1770 18 0.426754
1771 18 0.223281
1772 18 0.247469
1773 18 0.026420
1774 18 0.258895
1775 18 0.225382
1776 18 0.251413
1777 18 0.254571
1778 18 0.354816
1779 18 0.280407
1780 18 0.247122
1781 18 0.232535
1782 18 0.225882
1783 18 0.283442
1784 18 0.246479
1785 18 0.268940
1786 18 0.231307
1787 18 0.194703
1788 18 0.264652
1789 18 0.243983
1790 18 0.267107
1791 18 0.239330
1792 18 0.298694
1793 18 0.163650
1794 18 0.255618
1795 18 0.250088
1796 18 0.078963
1797 18 0.282078
1798 18 0.225706
1799 18 0.286896
1800 19 0.289244
1801 19 0.205470
1802 19 0.205361
1803 19 0.249740
1804 19 0.252491
1805 19 0.291692
1806 19 0.223118
1807 19 0.326743
1808 19 0.213177
1809 19 0.296253
1810 19 0.194199
1811 19 0.247790
1812 19 0.272294
1813 19 0.299264
1814 19 0.193494
1815 19 0.248096
1816 19 0.249648
1817 19 0.321170
1818 19 0.200692
1819 19 0.283710
1820 19 0.244377
1821 19 0.330047
1822 19 0.246911
1823 19 0.026420
1824 19 0.249640
1825 19 0.240398
1826 19 0.226978
1827 19 0.300626
1828 19 0.202096
1829 19 0.296018
1830 19 0.271854
1831 19 0.236176
1832 19 0.220426
1833 19 0.290036
1834 19 0.228518
1835 19 0.082241
1836 19 0.257568
1837 19 0.201644
1838 19 0.251426
1839 19 0.245452
1840 19 0.356993
1841 19 0.263145
1842 19 0.272553
1843 19 0.324772
1844 19 0.200404
1845 19 0.245191
1846 19 0.227092
1847 19 0.224929
1848 19 0.200384
1849 19 0.300555
1850 19 0.212053
1851 19 0.074858
1852 19 0.249998
1853 19 0.275872
1854 19 0.183815
1855 19 0.228858
1856 19 0.265132
1857 19 0.245569
1858 19 0.220897
1859 19 0.259282
1860 19 0.274391
1861 19 0.204211
1862 19 0.249679
1863 19 0.255623
1864 19 0.311207
1865 19 0.241097
1866 19 0.323871
1867 19 0.255074
1868 19 0.359011
1869 19 0.257424
1870 19 0.226718
1871 19 0.374766
1872 19 0.262815
1873 19 0.340809
1874 19 0.323294
1875 19 0.235915
1876 19 0.265651
1877 19 0.198194
1878 19 0.599292
1879 19 0.195137
1880 19 0.257707
1881 19 0.203245
1882 19 0.089647
1883 19 0.225212
1884 19 0.236499
1885 19 0.220041
1886 19 0.321709
1887 19 0.251060
1888 19 0.277502
1889 19 0.213169
1890 19 0.293984
1891 19 0.274361
1892 19 0.233222
1893 19 0.281437
1894 19 0.270473
1895 19 0.224714
1896 19 0.249162
1897 19 0.245751
1898 19 0.186491
1899 19 0.188905
1900 20 0.194041
1901 20 0.211785
1902 20 0.259940
1903 20 0.183574
1904 20 0.236028
1905 20 0.243553
1906 20 0.223826
1907 20 0.258175
1908 20 0.250788
1909 20 0.247569
1910 20 0.220268
1911 20 0.226544
1912 20 0.195986
1913 20 0.251174
1914 20 0.216441
1915 20 0.247898
1916 20 0.187305
1917 20 0.304165
1918 20 0.237254
1919 20 0.089613
1920 20 0.307088
1921 20 0.218628
1922 20 0.269485
1923 20 0.267184
1924 20 0.248324
1925 20 0.249960
1926 20 0.301048
1927 20 0.260942
1928 20 0.234857
1929 20 0.236833
1930 20 0.481846
1931 20 0.319054
1932 20 0.353599
1933 20 0.263055
1934 20 0.300949
1935 20 0.241717
1936 20 0.271724
1937 20 0.026429
1938 20 0.221136
1939 20 0.271691
1940 20 0.236224
1941 20 0.216144
1942 20 0.232927
1943 20 0.233960
1944 20 0.109764
1945 20 0.236670
1946 20 0.242052
1947 20 0.298911
1948 20 0.286973
1949 20 0.230221
1950 20 0.227166
1951 20 0.345318
1952 20 0.198828
1953 20 0.199768
1954 20 0.216077
1955 20 0.264331
1956 20 0.186879
1957 20 0.222496
1958 20 0.397724
1959 20 0.297256
1960 20 0.240959
1961 20 0.127258
1962 20 0.237794
1963 20 0.030299
1964 20 0.215886
1965 20 0.227489
1966 20 0.233065
1967 20 0.236219
1968 20 0.312300
1969 20 0.240180
1970 20 0.246668
1971 20 0.214471
1972 20 0.244091
1973 20 0.265065
1974 20 0.283845
1975 20 0.233108
1976 20 0.243231
1977 20 0.261643
1978 20 0.284692
1979 20 0.172725
1980 20 0.325318
1981 20 0.235031
1982 20 0.179627
1983 20 0.403567
1984 20 0.161256
1985 20 0.308281
1986 20 0.185370
1987 20 0.251327
1988 20 0.234156
1989 20 0.293694
1990 20 0.224082
1991 20 0.237940
1992 20 0.242097
1993 20 0.251027
1994 20 0.210073
1995 20 0.327244
1996 20 0.269489
1997 20 0.221378
1998 20 0.252310
1999 20 0.226366
2000 21 0.263700
2001 21 0.248639
2002 21 0.254442
2003 21 0.252449
2004 21 0.234851
2005 21 0.216173
2006 21 0.266762
2007 21 0.204749
2008 21 0.251463
2009 21 0.241662
2010 21 0.216348
2011 21 0.233607
2012 21 0.289335
2013 21 0.200474
2014 21 0.334986
2015 21 0.219909
2016 21 0.222019
2017 21 0.212070
2018 21 0.395837
2019 21 0.246025
2020 21 0.370798
2021 21 0.240357
2022 21 0.268590
2023 21 0.244171
2024 21 0.228933
2025 21 0.207029
2026 21 0.262427
2027 21 0.324385
2028 21 0.284101
2029 21 0.245989
2030 21 0.247389
2031 21 0.225277
2032 21 0.210075
2033 21 0.305615
2034 21 0.175243
2035 21 0.272630
2036 21 0.292477
2037 21 0.107695
2038 21 0.252356
2039 21 0.190528
2040 21 0.214415
2041 21 0.200464
2042 21 0.287353
2043 21 0.253041
2044 21 0.248420
2045 21 0.301071
2046 21 0.274537
2047 21 0.287548
2048 21 0.295698
2049 21 0.271912
2050 21 0.190618
2051 21 0.089527
2052 21 0.192946
2053 21 0.262838
2054 21 0.295288
2055 21 0.253989
2056 21 0.276808
2057 21 0.268925
2058 21 0.125568
2059 21 0.224751
2060 21 0.176054
2061 21 0.251632
2062 21 0.216052
2063 21 0.223332
2064 21 0.253739
2065 21 0.320419
2066 21 0.262701
2067 21 0.206426
2068 21 0.266031
2069 21 0.240382
2070 21 0.217685
2071 21 0.234057
2072 21 0.236475
2073 21 0.200539
2074 21 0.311553
2075 21 0.228630
2076 21 0.272743
2077 21 0.204031
2078 21 0.267369
2079 21 0.253657
2080 21 0.201695
2081 21 0.266596
2082 21 0.322314
2083 21 0.211774
2084 21 0.026413
2085 21 0.189312
2086 21 0.203554
2087 21 0.251191
2088 21 0.249188
2089 21 0.318316
2090 21 0.109668
2091 21 0.196029
2092 21 0.417743
2093 21 0.343378
2094 21 0.218657
2095 21 0.262023
2096 21 0.228998
2097 21 0.264384
2098 21 0.271273
2099 21 0.217831
2100 22 0.250917
2101 22 0.259526
2102 22 0.190262
2103 22 0.302786
2104 22 0.305528
2105 22 0.210766
2106 22 0.224047
2107 22 0.298922
2108 22 0.158550
2109 22 0.026408
2110 22 0.265338
2111 22 0.274388
2112 22 0.205028
2113 22 0.222319
2114 22 0.030304
2115 22 0.270091
2116 22 0.240749
2117 22 0.208950
2118 22 0.253512
2119 22 0.239130
2120 22 0.211681
2121 22 0.220018
2122 22 0.206652
2123 22 0.323848
2124 22 0.308070
2125 22 0.234445
2126 22 0.301701
2127 22 0.268663
2128 22 0.279710
2129 22 0.227903
2130 22 0.216099
2131 22 0.256275
2132 22 0.245941
2133 22 0.284580
2134 22 0.236477
2135 22 0.250360
2136 22 0.321717
2137 22 0.234989
2138 22 0.253766
2139 22 0.250085
2140 22 0.289041
2141 22 0.210832
2142 22 0.224850
2143 22 0.234704
2144 22 0.242009
2145 22 0.222682
2146 22 0.246979
2147 22 0.244087
2148 22 0.410165
2149 22 0.242969
2150 22 0.247589
2151 22 0.213876
2152 22 0.204637
2153 22 0.201310
2154 22 0.288070
2155 22 0.104416
2156 22 0.180535
2157 22 0.315442
2158 22 0.299925
2159 22 0.219281
2160 22 0.232426
2161 22 0.199260
2162 22 0.169414
2163 22 0.204580
2164 22 0.221179
2165 22 0.236706
2166 22 0.389024
2167 22 0.285541
2168 22 0.213569
2169 22 0.251637
2170 22 0.243575
2171 22 0.245921
2172 22 0.229614
2173 22 0.247059
2174 22 0.229887
2175 22 0.258399
2176 22 0.250003
2177 22 0.081204
2178 22 0.200918
2179 22 0.290583
2180 22 0.269897
2181 22 0.192986
2182 22 0.254677
2183 22 0.196934
2184 22 0.380367
2185 22 0.217391
2186 22 0.321247
2187 22 0.254032
2188 22 0.376343
2189 22 0.221251
2190 22 0.196078
2191 22 0.232829
2192 22 0.175951
2193 22 0.239901
2194 22 0.158853
2195 22 0.208103
2196 22 0.199336
2197 22 0.224636
2198 22 0.271916
2199 22 0.195299
2200 23 0.239332
2201 23 0.239608
2202 23 0.263962
2203 23 0.248248
2204 23 0.291422
2205 23 0.289361
2206 23 0.233990
2207 23 0.232338
2208 23 0.220235
2209 23 0.212875
2210 23 0.196089
2211 23 0.233263
2212 23 0.265808
2213 23 0.271206
2214 23 0.202840
2215 23 0.217819
2216 23 0.263033
2217 23 0.345179
2218 23 0.246262
2219 23 0.278822
2220 23 0.344126
2221 23 0.223789
2222 23 0.237750
2223 23 0.239964
2224 23 0.210896
2225 23 0.234885
2226 23 0.295319
2227 23 0.307845
2228 23 0.264440
2229 23 0.026398
2230 23 0.262880
2231 23 0.230387
2232 23 0.200080
2233 23 0.247767
2234 23 0.185009
2235 23 0.284970
2236 23 0.251958
2237 23 0.286097
2238 23 0.217120
2239 23 0.173870
2240 23 0.243854
2241 23 0.200521
2242 23 0.234273
2243 23 0.163646
2244 23 0.218281
2245 23 0.195557
2246 23 0.252773
2247 23 0.311646
2248 23 0.264025
2249 23 0.109570
2250 23 0.211590
2251 23 0.202749
2252 23 0.283337
2253 23 0.292541
2254 23 0.201747
2255 23 0.194128
2256 23 0.209048
2257 23 0.212228
2258 23 0.194766
2259 23 0.229008
2260 23 0.251992
2261 23 0.197518
2262 23 0.296159
2263 23 0.194318
2264 23 0.208004
2265 23 0.234111
2266 23 0.216077
2267 23 0.249019
2268 23 0.271511
2269 23 0.234335
2270 23 0.181516
2271 23 0.200178
2272 23 0.285009
2273 23 0.272893
2274 23 0.260917
2275 23 0.185697
2276 23 0.222642
2277 23 0.390474
2278 23 0.290086
2279 23 0.273360
2280 23 0.291113
2281 23 0.113155
2282 23 0.414720
2283 23 0.215575
2284 23 0.225626
2285 23 0.293295
2286 23 0.194908
2287 23 0.276814
2288 23 0.189464
2289 23 0.247520
2290 23 0.206462
2291 23 0.295227
2292 23 0.221225
2293 23 0.210573
2294 23 0.218332
2295 23 0.051863
2296 23 0.255368
2297 23 0.060711
2298 23 0.203741
2299 23 0.237978
2300 24 0.259457
2301 24 0.202848
2302 24 0.266782
2303 24 0.217899
2304 24 0.399784
2305 24 0.229934
2306 24 0.235906
2307 24 0.240134
2308 24 0.282705
2309 24 0.188846
2310 24 0.199767
2311 24 0.291701
2312 24 0.295545
2313 24 0.242556
2314 24 0.225844
2315 24 0.203474
2316 24 0.220506
2317 24 0.234242
2318 24 0.289554
2319 24 0.253137
2320 24 0.198596
2321 24 0.188898
2322 24 0.196220
2323 24 0.168090
2324 24 0.255168
2325 24 0.053636
2326 24 0.212780
2327 24 0.233921
2328 24 0.241779
2329 24 0.192928
2330 24 0.234212
2331 24 0.187127
2332 24 0.121698
2333 24 0.239979
2334 24 0.268172
2335 24 0.261385
2336 24 0.310466
2337 24 0.258056
2338 24 0.294054
2339 24 0.267906
2340 24 0.222194
2341 24 0.201481
2342 24 0.419243
2343 24 0.262967
2344 24 0.230197
2345 24 0.284135
2346 24 0.244752
2347 24 0.227254
2348 24 0.242928
2349 24 0.228782
2350 24 0.210921
2351 24 0.302843
2352 24 0.204985
2353 24 0.294739
2354 24 0.221684
2355 24 0.180224
2356 24 0.256043
2357 24 0.278991
2358 24 0.244097
2359 24 0.305607
2360 24 0.218173
2361 24 0.261602
2362 24 0.177499
2363 24 0.236805
2364 24 0.210310
2365 24 0.261311
2366 24 0.189973
2367 24 0.240150
2368 24 0.219199
2369 24 0.236726
2370 24 0.177197
2371 24 0.263426
2372 24 0.194114
2373 24 0.269310
2374 24 0.191028
2375 24 0.259959
2376 24 0.201978
2377 24 0.215314
2378 24 0.192535
2379 24 0.305901
2380 24 0.221445
2381 24 0.183316
2382 24 0.172459
2383 24 0.246681
2384 24 0.262800
2385 24 0.196875
2386 24 0.026375
2387 24 0.247067
2388 24 0.109459
2389 24 0.206059
2390 24 0.262609
2391 24 0.197361
2392 24 0.237147
2393 24 0.285641
2394 24 0.083508
2395 24 0.280104
2396 24 0.203931
2397 24 0.234027
2398 24 0.205103
2399 24 0.238596
2400 25 0.215340
2401 25 0.296275
2402 25 0.210471
2403 25 0.186226
2404 25 0.178379
2405 25 0.273036
2406 25 0.189685
2407 25 0.237332
2408 25 0.258366
2409 25 0.308507
2410 25 0.245135
2411 25 0.227568
2412 25 0.282720
2413 25 0.231652
2414 25 0.241948
2415 25 0.252299
2416 25 0.134738
2417 25 0.160262
2418 25 0.270668
2419 25 0.229407
2420 25 0.238966
2421 25 0.204366
2422 25 0.060670
2423 25 0.207015
2424 25 0.267417
2425 25 0.231101
2426 25 0.225191
2427 25 0.092239
2428 25 0.245401
2429 25 0.219913
2430 25 0.297506
2431 25 0.215366
2432 25 0.221029
2433 25 0.281264
2434 25 0.266515
2435 25 0.239192
2436 25 0.179611
2437 25 0.236356
2438 25 0.207980
2439 25 0.410306
2440 25 0.345551
2441 25 0.247277
2442 25 0.253083
2443 25 0.218303
2444 25 0.283817
2445 25 0.210381
2446 25 0.026352
2447 25 0.199759
2448 25 0.219608
2449 25 0.219959
2450 25 0.177457
2451 25 0.255033
2452 25 0.247219
2453 25 0.199023
2454 25 0.192933
2455 25 0.223001
2456 25 0.183636
2457 25 0.197945
2458 25 0.259362
2459 25 0.201832
2460 25 0.284024
2461 25 0.156398
2462 25 0.289119
2463 25 0.268301
2464 25 0.263995
2465 25 0.373082
2466 25 0.260923
2467 25 0.238577
2468 25 0.206451
2469 25 0.227736
2470 25 0.183696
2471 25 0.261195
2472 25 0.198919
2473 25 0.201126
2474 25 0.227764
2475 25 0.196108
2476 25 0.273946
2477 25 0.225562
2478 25 0.220667
2479 25 0.203546
2480 25 0.276107
2481 25 0.212526
2482 25 0.221081
2483 25 0.159899
2484 25 0.298545
2485 25 0.235716
2486 25 0.212864
2487 25 0.212337
2488 25 0.171078
2489 25 0.198484
2490 25 0.285410
2491 25 0.241917
2492 25 0.253170
2493 25 0.234370
2494 25 0.237690
2495 25 0.271463
2496 25 0.196598
2497 25 0.309091
2498 25 0.172151
2499 25 0.232065
2500 26 0.207579
2501 26 0.274072
2502 26 0.178682
2503 26 0.184383
2504 26 0.127489
2505 26 0.182375
2506 26 0.224952
2507 26 0.221979
2508 26 0.226262
2509 26 0.295346
2510 26 0.192603
2511 26 0.203442
2512 26 0.244468
2513 26 0.165598
2514 26 0.251263
2515 26 0.236874
2516 26 0.205311
2517 26 0.157390
2518 26 0.277244
2519 26 0.303831
2520 26 0.268914
2521 26 0.185347
2522 26 0.233829
2523 26 0.190081
2524 26 0.304520
2525 26 0.220651
2526 26 0.282303
2527 26 0.204661
2528 26 0.219275
2529 26 0.197502
2530 26 0.227321
2531 26 0.209014
2532 26 0.282570
2533 26 0.208864
2534 26 0.292573
2535 26 0.279294
2536 26 0.217552
2537 26 0.193739
2538 26 0.192958
2539 26 0.211795
2540 26 0.201502
2541 26 0.245275
2542 26 0.060638
2543 26 0.180549
2544 26 0.213722
2545 26 0.271600
2546 26 0.212133
2547 26 0.150024
2548 26 0.269986
2549 26 0.258578
2550 26 0.226169
2551 26 0.026330
2552 26 0.213646
2553 26 0.265169
2554 26 0.215849
2555 26 0.270983
2556 26 0.281903
2557 26 0.208823
2558 26 0.223123
2559 26 0.287090
2560 26 0.178494
2561 26 0.264143
2562 26 0.227915
2563 26 0.191548
2564 26 0.217697
2565 26 0.231688
2566 26 0.207113
2567 26 0.216945
2568 26 0.173806
2569 26 0.199606
2570 26 0.264851
2571 26 0.224938
2572 26 0.276654
2573 26 0.230628
2574 26 0.195270
2575 26 0.197231
2576 26 0.222497
2577 26 0.151119
2578 26 0.201162
2579 26 0.298633
2580 26 0.249850
2581 26 0.222446
2582 26 0.258556
2583 26 0.208137
2584 26 0.230117
2585 26 0.149883
2586 26 0.203545
2587 26 0.236244
2588 26 0.264734
2589 26 0.276648
2590 26 0.202474
2591 26 0.194724
2592 26 0.060497
2593 26 0.210740
2594 26 0.380380
2595 26 0.276820
2596 26 0.247370
2597 26 0.236189
2598 26 0.428827
2599 26 0.195806
2600 27 0.206211
2601 27 0.362440
2602 27 0.250416
2603 27 0.270521
2604 27 0.207608
2605 27 0.216508
2606 27 0.259981
2607 27 0.273192
2608 27 0.203945
2609 27 0.177703
2610 27 0.226897
2611 27 0.183856
2612 27 0.262795
2613 27 0.238353
2614 27 0.242242
2615 27 0.201290
2616 27 0.172549
2617 27 0.234646
2618 27 0.212334
2619 27 0.155375
2620 27 0.223582
2621 27 0.280499
2622 27 0.196292
2623 27 0.206565
2624 27 0.256046
2625 27 0.159894
2626 27 0.169420
2627 27 0.254308
2628 27 0.197245
2629 27 0.230675
2630 27 0.235867
2631 27 0.214528
2632 27 0.244939
2633 27 0.224380
2634 27 0.246408
2635 27 0.232842
2636 27 0.283341
2637 27 0.181578
2638 27 0.229595
2639 27 0.248165
2640 27 0.214969
2641 27 0.212462
2642 27 0.246547
2643 27 0.234419
2644 27 0.201201
2645 27 0.235361
2646 27 0.206471
2647 27 0.201351
2648 27 0.030273
2649 27 0.193504
2650 27 0.249067
2651 27 0.288074
2652 27 0.202121
2653 27 0.294807
2654 27 0.223229
2655 27 0.190081
2656 27 0.229666
2657 27 0.186362
2658 27 0.253834
2659 27 0.223566
2660 27 0.254911
2661 27 0.248056
2662 27 0.267910
2663 27 0.176465
2664 27 0.205560
2665 27 0.196245
2666 27 0.026313
2667 27 0.259235
2668 27 0.390648
2669 27 0.255307
2670 27 0.282947
2671 27 0.224358
2672 27 0.208737
2673 27 0.234209
2674 27 0.109223
2675 27 0.198337
2676 27 0.165041
2677 27 0.195237
2678 27 0.211432
2679 27 0.273502
2680 27 0.314434
2681 27 0.194476
2682 27 0.227522
2683 27 0.321809
2684 27 0.100270
2685 27 0.186791
2686 27 0.235672
2687 27 0.173614
2688 27 0.270166
2689 27 0.276136
2690 27 0.211865
2691 27 0.232066
2692 27 0.128892
2693 27 0.190693
2694 27 0.180020
2695 27 0.204036
2696 27 0.213089
2697 27 0.161756
2698 27 0.218941
2699 27 0.179581
2700 28 0.202195
2701 28 0.176273
2702 28 0.236481
2703 28 0.207282
2704 28 0.246944
2705 28 0.234793
2706 28 0.181755
2707 28 0.287782
2708 28 0.248695
2709 28 0.252414
2710 28 0.217582
2711 28 0.233349
2712 28 0.286819
2713 28 0.050431
2714 28 0.113768
2715 28 0.179544
2716 28 0.225777
2717 28 0.244457
2718 28 0.197717
2719 28 0.218933
2720 28 0.242172
2721 28 0.236553
2722 28 0.212657
2723 28 0.224659
2724 28 0.107384
2725 28 0.265352
2726 28 0.289257
2727 28 0.231437
2728 28 0.252731
2729 28 0.171551
2730 28 0.225750
2731 28 0.230594
2732 28 0.270826
2733 28 0.198683
2734 28 0.211414
2735 28 0.400972
2736 28 0.218279
2737 28 0.185669
2738 28 0.177728
2739 28 0.109095
2740 28 0.224937
2741 28 0.292177
2742 28 0.234041
2743 28 0.198209
2744 28 0.269397
2745 28 0.188646
2746 28 0.242314
2747 28 0.238596
2748 28 0.206364
2749 28 0.244341
2750 28 0.181453
2751 28 0.222964
2752 28 0.170909
2753 28 0.249445
2754 28 0.150795
2755 28 0.172821
2756 28 0.183026
2757 28 0.262044
2758 28 0.223623
2759 28 0.265576
2760 28 0.202046
2761 28 0.240331
2762 28 0.206892
2763 28 0.247802
2764 28 0.186657
2765 28 0.169552
2766 28 0.030217
2767 28 0.194313
2768 28 0.324421
2769 28 0.197588
2770 28 0.247403
2771 28 0.237595
2772 28 0.295675
2773 28 0.215229
2774 28 0.159885
2775 28 0.208439
2776 28 0.252663
2777 28 0.316754
2778 28 0.243590
2779 28 0.399479
2780 28 0.220971
2781 28 0.157196
2782 28 0.245884
2783 28 0.158927
2784 28 0.283122
2785 28 0.217346
2786 28 0.196141
2787 28 0.218073
2788 28 0.177038
2789 28 0.244013
2790 28 0.249316
2791 28 0.154182
2792 28 0.218598
2793 28 0.188065
2794 28 0.249981
2795 28 0.238851
2796 28 0.301854
2797 28 0.257033
2798 28 0.155245
2799 28 0.279333
2800 29 0.185227
2801 29 0.210947
2802 29 0.198022
2803 29 0.179049
2804 29 0.165987
2805 29 0.197096
2806 29 0.197925
2807 29 0.267315
2808 29 0.172810
2809 29 0.242634
2810 29 0.185579
2811 29 0.266537
2812 29 0.209090
2813 29 0.195315
2814 29 0.192314
2815 29 0.294288
2816 29 0.282331
2817 29 0.287620
2818 29 0.211267
2819 29 0.201201
2820 29 0.178953
2821 29 0.234151
2822 29 0.392354
2823 29 0.243845
2824 29 0.233752
2825 29 0.166163
2826 29 0.269670
2827 29 0.175595
2828 29 0.185414
2829 29 0.244041
2830 29 0.183208
2831 29 0.253119
2832 29 0.197330
2833 29 0.230376
2834 29 0.260022
2835 29 0.195498
2836 29 0.197152
2837 29 0.163274
2838 29 0.193639
2839 29 0.267633
2840 29 0.276650
2841 29 0.217696
2842 29 0.218543
2843 29 0.202022
2844 29 0.236700
2845 29 0.204614
2846 29 0.240810
2847 29 0.206750
2848 29 0.232812
2849 29 0.102647
2850 29 0.424160
2851 29 0.255941
2852 29 0.239208
2853 29 0.191197
2854 29 0.181444
2855 29 0.235139
2856 29 0.248946
2857 29 0.225658
2858 29 0.180434
2859 29 0.318435
2860 29 0.088937
2861 29 0.155228
2862 29 0.026263
2863 29 0.171364
2864 29 0.211282
2865 29 0.185733
2866 29 0.250127
2867 29 0.284215
2868 29 0.214533
2869 29 0.226878
2870 29 0.280689
2871 29 0.172271
2872 29 0.203351
2873 29 0.202813
2874 29 0.298774
2875 29 0.209398
2876 29 0.263131
2877 29 0.213895
2878 29 0.202961
2879 29 0.200622
2880 29 0.283726
2881 29 0.265781
2882 29 0.203628
2883 29 0.270461
2884 29 0.224667
2885 29 0.205786
2886 29 0.209980
2887 29 0.235585
2888 29 0.193230
2889 29 0.238366
2890 29 0.231699
2891 29 0.191971
2892 29 0.203024
2893 29 0.094353
2894 29 0.229509
2895 29 0.238462
2896 29 0.225709
2897 29 0.214101
2898 29 0.108997
2899 29 0.241449
2900 30 0.030199
2901 30 0.203849
2902 30 0.207350
2903 30 0.252588
2904 30 0.255514
2905 30 0.172781
2906 30 0.197174
2907 30 0.196746
2908 30 0.205885
2909 30 0.227567
2910 30 0.220238
2911 30 0.250615
2912 30 0.189642
2913 30 0.176800
2914 30 0.274691
2915 30 0.233020
2916 30 0.211362
2917 30 0.237147
2918 30 0.319182
2919 30 0.185719
2920 30 0.191017
2921 30 0.263681
2922 30 0.175458
2923 30 0.225033
2924 30 0.229448
2925 30 0.193060
2926 30 0.231205
2927 30 0.249183
2928 30 0.077341
2929 30 0.149690
2930 30 0.252411
2931 30 0.253849
2932 30 0.212660
2933 30 0.269488
2934 30 0.225128
2935 30 0.238460
2936 30 0.206075
2937 30 0.236991
2938 30 0.195207
2939 30 0.026201
2940 30 0.164464
2941 30 0.256146
2942 30 0.277243
2943 30 0.193593
2944 30 0.257478
2945 30 0.159421
2946 30 0.186312
2947 30 0.433487
2948 30 0.287110
2949 30 0.169279
2950 30 0.280273
2951 30 0.216649
2952 30 0.456004
2953 30 0.108868
2954 30 0.233273
2955 30 0.219839
2956 30 0.201598
2957 30 0.185919
2958 30 0.220104
2959 30 0.148287
2960 30 0.237675
2961 30 0.231426
2962 30 0.200385
2963 30 0.216035
2964 30 0.212348
2965 30 0.194942
2966 30 0.185368
2967 30 0.208868
2968 30 0.177281
2969 30 0.257806
2970 30 0.220454
2971 30 0.229056
2972 30 0.276415
2973 30 0.255634
2974 30 0.234058
2975 30 0.265648
2976 30 0.217325
2977 30 0.203421
2978 30 0.088768
2979 30 0.191840
2980 30 0.220581
2981 30 0.287716
2982 30 0.242246
2983 30 0.207592
2984 30 0.284848
2985 30 0.159437
2986 30 0.187568
2987 30 0.219977
2988 30 0.246703
2989 30 0.188722
2990 30 0.305797
2991 30 0.224288
2992 30 0.196348
2993 30 0.228315
2994 30 0.229234
2995 30 0.214621
2996 30 0.243344
2997 30 0.223760
2998 30 0.204136
2999 30 0.203281
