# Batch convergence for: model=snn-ae encoding=direct architecture=conv1d v_th=1.5 alpha=0.9 run=1
batch_num epoch batch_loss
0 1 1.077753
1 1 1.254653
2 1 1.157685
3 1 0.716851
4 1 0.745054
5 1 1.283140
6 1 1.128672
7 1 1.075487
8 1 0.669503
9 1 1.155748
10 1 0.997032
11 1 1.320063
12 1 0.951478
13 1 1.199373
14 1 0.508438
15 1 1.163514
16 1 1.160259
17 1 0.934066
18 1 1.035337
19 1 1.095308
20 1 1.199270
21 1 0.777275
22 1 1.060282
23 1 0.897705
24 1 0.791792
25 1 1.118160
26 1 1.276320
27 1 1.050004
28 1 0.037039
29 1 1.025081
30 1 1.146264
31 1 1.150390
32 1 1.059450
33 1 1.059613
34 1 1.088855
35 1 0.069428
36 1 1.205150
37 1 1.106733
38 1 0.774320
39 1 0.102082
40 1 0.533400
41 1 1.166258
42 1 1.270229
43 1 1.301674
44 1 1.078307
45 1 0.870607
46 1 1.182052
47 1 0.771585
48 1 1.175557
49 1 1.212385
50 1 0.744874
51 1 1.017495
52 1 1.066041
53 1 0.807797
54 1 0.981407
55 1 1.378572
56 1 1.087266
57 1 1.324091
58 1 0.131620
59 1 1.195009
60 1 0.997373
61 1 1.097337
62 1 1.022747
63 1 0.950690
64 1 1.028540
65 1 0.995029
66 1 0.977749
67 1 0.660299
68 1 1.166794
69 1 1.008026
70 1 1.050867
71 1 0.735221
72 1 0.941565
73 1 0.915329
74 1 1.102742
75 1 1.156733
76 1 1.219624
77 1 1.105854
78 1 0.891312
79 1 1.141043
80 1 1.101704
81 1 1.143666
82 1 0.118711
83 1 0.983443
84 1 1.172043
85 1 0.996896
86 1 0.186242
87 1 1.016529
88 1 0.948294
89 1 0.926684
90 1 0.944413
91 1 1.253448
92 1 0.859499
93 1 1.250067
94 1 0.611417
95 1 1.162675
96 1 1.000821
97 1 0.956938
98 1 1.144905
99 1 1.134801
100 2 1.160014
101 2 0.037068
102 2 1.068371
103 2 1.059706
104 2 1.027489
105 2 1.227863
106 2 1.053989
107 2 1.000268
108 2 1.145589
109 2 0.899155
110 2 1.023931
111 2 0.767082
112 2 1.110544
113 2 1.323759
114 2 1.076589
115 2 0.898087
116 2 1.198183
117 2 0.952302
118 2 0.936023
119 2 1.209302
120 2 0.989876
121 2 0.877007
122 2 0.684527
123 2 0.947166
124 2 0.566115
125 2 0.952421
126 2 1.164999
127 2 0.787645
128 2 1.086262
129 2 1.116971
130 2 1.019295
131 2 1.124106
132 2 1.122443
133 2 0.601839
134 2 1.078996
135 2 1.212514
136 2 0.186212
137 2 0.809392
138 2 1.090595
139 2 0.989667
140 2 0.166872
141 2 1.071315
142 2 1.112067
143 2 1.135582
144 2 1.045020
145 2 0.958462
146 2 1.027515
147 2 0.069453
148 2 0.944845
149 2 1.011911
150 2 0.898204
151 2 0.880226
152 2 0.856679
153 2 0.537435
154 2 1.087776
155 2 0.802016
156 2 0.658829
157 2 1.003919
158 2 1.074228
159 2 1.236159
160 2 0.622870
161 2 0.962490
162 2 0.118676
163 2 1.057645
164 2 0.972538
165 2 1.053638
166 2 0.914275
167 2 1.137001
168 2 1.033334
169 2 1.051711
170 2 1.082791
171 2 0.965803
172 2 0.965044
173 2 1.170199
174 2 1.029225
175 2 1.052838
176 2 1.073723
177 2 0.788680
178 2 1.122414
179 2 1.098733
180 2 1.006017
181 2 0.997306
182 2 0.140404
183 2 0.989736
184 2 0.965087
185 2 0.976285
186 2 1.149174
187 2 1.046157
188 2 1.032703
189 2 1.142335
190 2 0.967369
191 2 0.829852
192 2 0.995606
193 2 0.998202
194 2 1.128930
195 2 1.103750
196 2 1.136089
197 2 0.998934
198 2 0.599598
199 2 1.048297
200 3 1.012124
201 3 0.903997
202 3 0.566081
203 3 1.082077
204 3 0.736461
205 3 1.050962
206 3 1.131161
207 3 0.685539
208 3 1.118182
209 3 0.922094
210 3 1.181549
211 3 1.072611
212 3 1.044493
213 3 0.958581
214 3 0.898455
215 3 0.113907
216 3 1.053975
217 3 0.118632
218 3 1.030993
219 3 0.741638
220 3 0.980179
221 3 0.037139
222 3 0.979180
223 3 1.252112
224 3 1.004286
225 3 0.875590
226 3 0.980596
227 3 1.059904
228 3 1.036599
229 3 0.769513
230 3 1.031520
231 3 0.816912
232 3 0.132110
233 3 0.953661
234 3 0.936155
235 3 1.135362
236 3 1.019637
237 3 1.036826
238 3 1.084577
239 3 1.049602
240 3 1.002036
241 3 0.964068
242 3 1.051157
243 3 1.000069
244 3 1.005556
245 3 0.978000
246 3 1.050709
247 3 0.987225
248 3 1.157500
249 3 0.465536
250 3 1.193049
251 3 1.007852
252 3 0.684996
253 3 1.049087
254 3 0.978961
255 3 1.087715
256 3 0.552333
257 3 1.067608
258 3 0.994445
259 3 0.881471
260 3 0.986597
261 3 1.008114
262 3 1.284479
263 3 0.950607
264 3 1.056480
265 3 1.160377
266 3 0.972955
267 3 1.133657
268 3 0.924444
269 3 1.086857
270 3 0.517767
271 3 0.920148
272 3 0.988295
273 3 0.990541
274 3 0.757773
275 3 0.969688
276 3 0.747730
277 3 0.855501
278 3 0.981766
279 3 0.918391
280 3 0.119292
281 3 1.158054
282 3 1.094136
283 3 0.931087
284 3 0.687450
285 3 1.025631
286 3 1.057389
287 3 1.009635
288 3 1.154845
289 3 0.247888
290 3 0.983607
291 3 0.995839
292 3 1.203823
293 3 0.635916
294 3 0.810505
295 3 0.870017
296 3 0.959365
297 3 0.962433
298 3 0.872568
299 3 1.037151
300 4 1.142843
301 4 0.941230
302 4 0.956034
303 4 1.110071
304 4 0.234316
305 4 0.924158
306 4 0.860916
307 4 1.002287
308 4 0.968485
309 4 1.089553
310 4 1.076207
311 4 0.988489
312 4 0.505749
313 4 0.931360
314 4 0.944837
315 4 0.917376
316 4 0.682882
317 4 0.757469
318 4 0.948054
319 4 0.780704
320 4 1.081451
321 4 1.090671
322 4 0.936453
323 4 0.991600
324 4 0.871270
325 4 0.966373
326 4 0.671623
327 4 0.967935
328 4 0.862650
329 4 1.008235
330 4 0.978379
331 4 1.252770
332 4 1.243443
333 4 1.012400
334 4 0.498516
335 4 0.826514
336 4 0.625526
337 4 1.036615
338 4 1.137461
339 4 0.069498
340 4 1.067051
341 4 0.830549
342 4 0.926889
343 4 0.786750
344 4 0.645973
345 4 1.009864
346 4 0.919090
347 4 0.743243
348 4 1.055196
349 4 0.986360
350 4 0.998345
351 4 0.475736
352 4 0.982720
353 4 1.054091
354 4 0.813946
355 4 0.037233
356 4 0.926664
357 4 1.078595
358 4 0.953533
359 4 0.747069
360 4 0.813924
361 4 0.972675
362 4 0.951556
363 4 1.044005
364 4 0.968494
365 4 1.013757
366 4 0.975695
367 4 0.974072
368 4 0.838014
369 4 0.928172
370 4 0.816245
371 4 0.904064
372 4 1.039567
373 4 1.115800
374 4 0.920520
375 4 1.046456
376 4 1.021894
377 4 1.101492
378 4 0.139761
379 4 1.042866
380 4 0.993602
381 4 1.074549
382 4 1.084683
383 4 1.018737
384 4 1.087952
385 4 0.983539
386 4 0.929380
387 4 1.130909
388 4 0.950218
389 4 0.998088
390 4 1.214657
391 4 0.959253
392 4 0.101958
393 4 1.142521
394 4 1.045590
395 4 1.248916
396 4 0.897751
397 4 1.032191
398 4 0.984949
399 4 0.201762
400 5 0.947767
401 5 1.029083
402 5 0.565939
403 5 0.989577
404 5 1.230848
405 5 1.033892
406 5 1.068373
407 5 0.656499
408 5 0.979279
409 5 1.054596
410 5 1.130376
411 5 0.878830
412 5 0.096914
413 5 0.774838
414 5 1.037585
415 5 0.943490
416 5 0.890910
417 5 0.961653
418 5 1.070228
419 5 1.023147
420 5 1.051234
421 5 0.771298
422 5 0.974524
423 5 1.083267
424 5 0.915714
425 5 0.977758
426 5 0.186181
427 5 1.038122
428 5 0.872880
429 5 0.815611
430 5 0.953682
431 5 0.990791
432 5 1.030413
433 5 1.107673
434 5 0.866540
435 5 0.947901
436 5 1.055266
437 5 0.511373
438 5 0.734657
439 5 0.502271
440 5 0.997762
441 5 0.933115
442 5 0.948909
443 5 0.965686
444 5 0.918086
445 5 0.973640
446 5 0.959891
447 5 1.044046
448 5 0.993632
449 5 1.045588
450 5 1.056521
451 5 1.012397
452 5 0.979278
453 5 0.883142
454 5 0.987626
455 5 0.069550
456 5 0.849628
457 5 1.026728
458 5 1.058128
459 5 1.040264
460 5 1.100560
461 5 0.933055
462 5 1.178962
463 5 0.946019
464 5 1.049431
465 5 1.031251
466 5 0.891001
467 5 0.445055
468 5 0.852499
469 5 1.110089
470 5 1.003777
471 5 0.974204
472 5 0.623720
473 5 1.012517
474 5 0.037292
475 5 0.684717
476 5 0.938002
477 5 0.841410
478 5 0.814427
479 5 1.080787
480 5 1.026727
481 5 1.172398
482 5 0.995420
483 5 1.168530
484 5 0.771138
485 5 1.146561
486 5 1.001530
487 5 1.003207
488 5 0.807195
489 5 1.003717
490 5 0.884981
491 5 1.049243
492 5 0.982178
493 5 0.954375
494 5 0.118576
495 5 1.028442
496 5 0.972325
497 5 0.101932
498 5 0.464614
499 5 0.837942
500 6 0.211805
501 6 0.820565
502 6 0.101917
503 6 0.118553
504 6 1.002252
505 6 0.919977
506 6 0.894518
507 6 0.914576
508 6 0.714182
509 6 0.992911
510 6 1.029966
511 6 1.074158
512 6 0.975912
513 6 0.945512
514 6 0.943370
515 6 1.001594
516 6 0.771733
517 6 0.941761
518 6 0.186157
519 6 0.989410
520 6 1.021913
521 6 1.092123
522 6 1.134892
523 6 0.971080
524 6 0.914033
525 6 1.010285
526 6 0.869446
527 6 0.998871
528 6 1.170942
529 6 1.020038
530 6 1.104564
531 6 0.069589
532 6 1.042214
533 6 0.504320
534 6 0.464537
535 6 0.988554
536 6 1.078687
537 6 1.041702
538 6 1.067229
539 6 1.033706
540 6 0.939733
541 6 0.912883
542 6 0.927457
543 6 0.939497
544 6 0.862984
545 6 1.085781
546 6 0.920479
547 6 1.010497
548 6 1.138083
549 6 0.549057
550 6 0.901948
551 6 0.786059
552 6 0.894614
553 6 0.814314
554 6 0.837897
555 6 0.771934
556 6 1.003803
557 6 1.060338
558 6 1.103863
559 6 0.739107
560 6 0.974955
561 6 1.028177
562 6 1.089761
563 6 0.947118
564 6 0.857851
565 6 1.096493
566 6 0.897507
567 6 1.065718
568 6 0.963433
569 6 1.108708
570 6 0.827761
571 6 0.974908
572 6 0.904691
573 6 1.026624
574 6 0.974565
575 6 0.788618
576 6 0.886534
577 6 1.144074
578 6 0.953438
579 6 0.829809
580 6 0.957627
581 6 1.033108
582 6 1.086764
583 6 0.037379
584 6 1.176871
585 6 0.598061
586 6 0.949261
587 6 1.015164
588 6 0.444807
589 6 0.713554
590 6 1.001071
591 6 0.904053
592 6 0.965960
593 6 0.990412
594 6 1.062063
595 6 1.011834
596 6 0.935229
597 6 1.062363
598 6 0.777931
599 6 1.018848
600 7 0.189086
601 7 0.973541
602 7 0.858742
603 7 1.110807
604 7 0.733595
605 7 0.950467
606 7 1.112539
607 7 1.047010
608 7 1.002839
609 7 0.760497
610 7 1.001724
611 7 0.983994
612 7 0.995827
613 7 1.010408
614 7 0.069618
615 7 0.925605
616 7 0.996242
617 7 0.770192
618 7 1.059764
619 7 0.186165
620 7 0.810848
621 7 0.924727
622 7 0.906680
623 7 0.037385
624 7 0.765441
625 7 0.863386
626 7 1.230615
627 7 0.964189
628 7 0.756589
629 7 0.831169
630 7 1.071394
631 7 1.051246
632 7 0.176734
633 7 1.043212
634 7 1.045448
635 7 0.612344
636 7 0.748602
637 7 0.992526
638 7 1.165097
639 7 0.918777
640 7 0.942436
641 7 1.006990
642 7 0.936029
643 7 0.118525
644 7 0.837635
645 7 0.444389
646 7 0.919814
647 7 0.961244
648 7 0.913254
649 7 0.740254
650 7 0.987039
651 7 0.712461
652 7 0.965352
653 7 0.684477
654 7 1.039979
655 7 0.914133
656 7 0.945016
657 7 0.972219
658 7 1.003528
659 7 0.963645
660 7 0.860063
661 7 0.855545
662 7 0.935035
663 7 0.957274
664 7 0.912189
665 7 0.951045
666 7 0.879059
667 7 0.911988
668 7 0.996288
669 7 0.864974
670 7 0.990479
671 7 0.824719
672 7 1.042418
673 7 1.092061
674 7 1.041434
675 7 1.054860
676 7 1.021283
677 7 0.916785
678 7 0.931243
679 7 0.975925
680 7 0.524524
681 7 0.965418
682 7 1.016056
683 7 1.053456
684 7 0.987035
685 7 1.013854
686 7 0.942108
687 7 0.916868
688 7 0.635804
689 7 1.173469
690 7 0.626397
691 7 0.994790
692 7 0.846406
693 7 0.738159
694 7 0.933136
695 7 0.966490
696 7 0.972900
697 7 0.463935
698 7 0.984588
699 7 0.807857
700 8 0.969126
701 8 0.096864
702 8 0.950039
703 8 0.728581
704 8 0.762724
705 8 0.902541
706 8 0.949463
707 8 0.961142
708 8 0.996143
709 8 0.888572
710 8 0.983163
711 8 1.116612
712 8 0.565786
713 8 1.012352
714 8 0.900419
715 8 0.980254
716 8 0.910536
717 8 1.021214
718 8 0.644164
719 8 0.908624
720 8 1.236753
721 8 1.046059
722 8 0.964689
723 8 0.965156
724 8 0.910751
725 8 0.933685
726 8 0.963754
727 8 0.911520
728 8 0.497969
729 8 0.907270
730 8 0.921454
731 8 0.037465
732 8 1.023459
733 8 1.003505
734 8 0.872492
735 8 0.602545
736 8 0.894474
737 8 0.910425
738 8 0.992839
739 8 0.994444
740 8 0.069679
741 8 1.049636
742 8 0.864132
743 8 1.048138
744 8 0.964009
745 8 1.011119
746 8 0.828211
747 8 1.007452
748 8 0.835100
749 8 0.921729
750 8 0.756288
751 8 0.993170
752 8 0.998382
753 8 1.001990
754 8 0.981431
755 8 1.008275
756 8 1.022732
757 8 1.086097
758 8 1.019119
759 8 0.891043
760 8 0.933602
761 8 0.995947
762 8 0.950811
763 8 0.463680
764 8 0.906204
765 8 0.789221
766 8 0.945955
767 8 1.009033
768 8 1.060719
769 8 0.764353
770 8 0.956906
771 8 1.006938
772 8 1.009616
773 8 1.045537
774 8 1.028114
775 8 0.933038
776 8 0.934524
777 8 0.501638
778 8 0.234171
779 8 0.615832
780 8 0.932944
781 8 0.146396
782 8 0.897981
783 8 0.739663
784 8 0.822209
785 8 1.040602
786 8 0.972437
787 8 0.951754
788 8 0.822419
789 8 0.868151
790 8 1.056990
791 8 0.980841
792 8 0.944085
793 8 1.076396
794 8 0.897912
795 8 0.815357
796 8 1.005336
797 8 0.101838
798 8 1.085946
799 8 0.935842
800 9 1.082185
801 9 0.918983
802 9 0.922281
803 9 1.053595
804 9 0.958821
805 9 0.900111
806 9 0.958124
807 9 0.463506
808 9 0.840362
809 9 0.836680
810 9 1.015144
811 9 1.012473
812 9 1.077685
813 9 0.946759
814 9 0.963824
815 9 0.840559
816 9 0.956049
817 9 0.983995
818 9 1.142716
819 9 0.510081
820 9 0.879893
821 9 0.118477
822 9 0.069690
823 9 1.053623
824 9 1.024586
825 9 1.091465
826 9 0.955309
827 9 1.059890
828 9 1.005019
829 9 1.003518
830 9 0.786407
831 9 0.959409
832 9 0.959979
833 9 0.443645
834 9 0.895918
835 9 0.743884
836 9 0.922418
837 9 1.169041
838 9 0.985947
839 9 0.855772
840 9 0.993732
841 9 0.912100
842 9 1.007117
843 9 0.770638
844 9 0.957151
845 9 0.762601
846 9 1.084733
847 9 1.069793
848 9 0.744006
849 9 1.045595
850 9 0.775382
851 9 0.907811
852 9 0.959653
853 9 1.027141
854 9 0.789017
855 9 1.051777
856 9 0.186165
857 9 0.943718
858 9 0.962593
859 9 1.031643
860 9 0.926353
861 9 0.992820
862 9 0.824707
863 9 0.922775
864 9 0.736861
865 9 0.934260
866 9 0.913485
867 9 0.993745
868 9 0.970522
869 9 0.037609
870 9 0.964073
871 9 0.195639
872 9 1.056954
873 9 0.940525
874 9 0.995085
875 9 1.005693
876 9 0.721470
877 9 0.920136
878 9 1.162926
879 9 0.933922
880 9 0.918565
881 9 0.911647
882 9 0.962267
883 9 1.003751
884 9 0.903150
885 9 1.055969
886 9 0.738728
887 9 0.741276
888 9 0.909776
889 9 0.501435
890 9 0.772284
891 9 0.941284
892 9 1.076978
893 9 0.572680
894 9 0.096871
895 9 0.611437
896 9 0.810951
897 9 0.981953
898 9 0.848600
899 9 1.016822
900 10 1.043774
901 10 0.615388
902 10 0.501340
903 10 0.858112
904 10 0.922385
905 10 1.026681
906 10 0.490219
907 10 0.816144
908 10 0.037610
909 10 0.999548
910 10 0.266409
911 10 0.993702
912 10 0.700210
913 10 1.018239
914 10 0.982966
915 10 0.911479
916 10 0.949755
917 10 1.132547
918 10 0.996778
919 10 0.910042
920 10 0.879579
921 10 1.016722
922 10 0.976142
923 10 0.917286
924 10 1.045089
925 10 0.891031
926 10 1.079240
927 10 1.023965
928 10 0.863813
929 10 0.823406
930 10 0.895911
931 10 0.938780
932 10 0.976833
933 10 0.069770
934 10 1.062862
935 10 0.443266
936 10 0.903188
937 10 1.006581
938 10 0.905605
939 10 0.755527
940 10 1.015374
941 10 0.990106
942 10 1.093044
943 10 0.731451
944 10 1.061120
945 10 0.962891
946 10 1.153885
947 10 0.961794
948 10 0.774299
949 10 0.980742
950 10 0.852573
951 10 0.923344
952 10 0.772257
953 10 1.050250
954 10 0.951878
955 10 0.941531
956 10 1.025216
957 10 0.690860
958 10 1.044742
959 10 0.847840
960 10 0.509581
961 10 1.028746
962 10 0.977088
963 10 0.941424
964 10 0.818576
965 10 0.934461
966 10 0.962374
967 10 0.842975
968 10 1.042857
969 10 1.047072
970 10 0.764570
971 10 0.800101
972 10 1.000514
973 10 0.813910
974 10 1.001822
975 10 1.013218
976 10 0.893832
977 10 0.948392
978 10 0.946671
979 10 1.108654
980 10 1.022930
981 10 0.187219
982 10 0.810101
983 10 0.761386
984 10 1.075661
985 10 1.045485
986 10 0.976887
987 10 0.920979
988 10 1.041301
989 10 1.012445
990 10 0.126788
991 10 0.684066
992 10 0.853963
993 10 0.096878
994 10 0.888337
995 10 0.944312
996 10 0.935758
997 10 1.085775
998 10 0.968830
999 10 1.053205
1000 11 0.834564
1001 11 0.985034
1002 11 1.041133
1003 11 0.967525
1004 11 0.911123
1005 11 0.789690
1006 11 0.747842
1007 11 0.888238
1008 11 0.913297
1009 11 0.981121
1010 11 0.797541
1011 11 0.983329
1012 11 0.976350
1013 11 1.000802
1014 11 0.062917
1015 11 1.057348
1016 11 0.971178
1017 11 0.826688
1018 11 0.976644
1019 11 0.972705
1020 11 0.916364
1021 11 0.965574
1022 11 0.964427
1023 11 0.942466
1024 11 0.909288
1025 11 0.990552
1026 11 0.952888
1027 11 0.808036
1028 11 1.008238
1029 11 0.941533
1030 11 1.131356
1031 11 0.922115
1032 11 0.981808
1033 11 0.982404
1034 11 0.854536
1035 11 1.018743
1036 11 0.832369
1037 11 0.730703
1038 11 0.626275
1039 11 0.901838
1040 11 0.831541
1041 11 0.945458
1042 11 0.967349
1043 11 0.958404
1044 11 1.040677
1045 11 0.118450
1046 11 0.442668
1047 11 1.026306
1048 11 0.986184
1049 11 0.921006
1050 11 0.721903
1051 11 0.955832
1052 11 0.090686
1053 11 0.962359
1054 11 0.927349
1055 11 0.101763
1056 11 0.966116
1057 11 0.544264
1058 11 0.969698
1059 11 0.753998
1060 11 0.982680
1061 11 0.755764
1062 11 0.962660
1063 11 0.959649
1064 11 0.509510
1065 11 1.046063
1066 11 0.915482
1067 11 0.891246
1068 11 0.961317
1069 11 0.963098
1070 11 0.801896
1071 11 0.999625
1072 11 0.936445
1073 11 0.998249
1074 11 0.975476
1075 11 0.186111
1076 11 0.963601
1077 11 0.984296
1078 11 0.845173
1079 11 1.069836
1080 11 0.898293
1081 11 0.766507
1082 11 0.923934
1083 11 1.221112
1084 11 0.835598
1085 11 0.677256
1086 11 0.908870
1087 11 0.186148
1088 11 0.932744
1089 11 1.066017
1090 11 0.519889
1091 11 1.015800
1092 11 0.926414
1093 11 1.097833
1094 11 0.938818
1095 11 0.926620
1096 11 0.982137
1097 11 0.986384
1098 11 0.644413
1099 11 0.936745
1100 12 1.130616
1101 12 1.005686
1102 12 0.990980
1103 12 0.998595
1104 12 0.954368
1105 12 0.037747
1106 12 1.020003
1107 12 0.101718
1108 12 1.031502
1109 12 0.963659
1110 12 0.992815
1111 12 0.919892
1112 12 0.850774
1113 12 1.009756
1114 12 0.895054
1115 12 0.962662
1116 12 0.825607
1117 12 0.940000
1118 12 1.002619
1119 12 0.967978
1120 12 1.031013
1121 12 0.186067
1122 12 0.922450
1123 12 0.967980
1124 12 0.788715
1125 12 0.764104
1126 12 1.079789
1127 12 0.995556
1128 12 0.985978
1129 12 1.068668
1130 12 0.905196
1131 12 0.909741
1132 12 0.910485
1133 12 0.902097
1134 12 0.943327
1135 12 0.953524
1136 12 0.937912
1137 12 0.913036
1138 12 0.610744
1139 12 0.500810
1140 12 0.945652
1141 12 0.910292
1142 12 1.038658
1143 12 0.913708
1144 12 0.785763
1145 12 0.717847
1146 12 0.924779
1147 12 0.967792
1148 12 0.624504
1149 12 0.988475
1150 12 0.969909
1151 12 0.986682
1152 12 0.765391
1153 12 0.917927
1154 12 0.096826
1155 12 0.475823
1156 12 0.923567
1157 12 0.981546
1158 12 0.773260
1159 12 1.017362
1160 12 0.909020
1161 12 1.024478
1162 12 0.069802
1163 12 1.043873
1164 12 0.946691
1165 12 0.867655
1166 12 0.589422
1167 12 1.057713
1168 12 1.087509
1169 12 0.805389
1170 12 0.947159
1171 12 0.986855
1172 12 0.955160
1173 12 0.741573
1174 12 0.891419
1175 12 0.997970
1176 12 0.954273
1177 12 0.947004
1178 12 0.754797
1179 12 0.907363
1180 12 0.974722
1181 12 0.984070
1182 12 1.045895
1183 12 0.591516
1184 12 0.855759
1185 12 0.981209
1186 12 0.742009
1187 12 0.955611
1188 12 0.945515
1189 12 0.914499
1190 12 0.850258
1191 12 0.973725
1192 12 0.908223
1193 12 0.462379
1194 12 0.118499
1195 12 0.863675
1196 12 0.822560
1197 12 0.911261
1198 12 0.903089
1199 12 1.094914
1200 13 0.839674
1201 13 0.965285
1202 13 0.964407
1203 13 0.524839
1204 13 0.973646
1205 13 0.991364
1206 13 0.992112
1207 13 0.942212
1208 13 1.009723
1209 13 1.183664
1210 13 1.004822
1211 13 1.014738
1212 13 0.958900
1213 13 1.061558
1214 13 1.029993
1215 13 1.089997
1216 13 0.981595
1217 13 1.025219
1218 13 0.761554
1219 13 1.027236
1220 13 0.930179
1221 13 0.932457
1222 13 0.909428
1223 13 0.807836
1224 13 1.013298
1225 13 0.758485
1226 13 0.991400
1227 13 0.856898
1228 13 0.981992
1229 13 0.186079
1230 13 0.976014
1231 13 0.812290
1232 13 0.101693
1233 13 0.937846
1234 13 0.952883
1235 13 1.049683
1236 13 0.500644
1237 13 0.927373
1238 13 0.841792
1239 13 1.026048
1240 13 0.922210
1241 13 0.920694
1242 13 0.826891
1243 13 0.069822
1244 13 0.903806
1245 13 0.736311
1246 13 1.002453
1247 13 0.995963
1248 13 0.910934
1249 13 0.838063
1250 13 1.022999
1251 13 0.918478
1252 13 1.107771
1253 13 0.641833
1254 13 1.025410
1255 13 0.968287
1256 13 0.913437
1257 13 1.020194
1258 13 1.044470
1259 13 0.610737
1260 13 0.911532
1261 13 0.863312
1262 13 0.969967
1263 13 0.994500
1264 13 0.773114
1265 13 0.965861
1266 13 0.602154
1267 13 0.939898
1268 13 0.913799
1269 13 0.988255
1270 13 0.943009
1271 13 0.981903
1272 13 0.987972
1273 13 0.990708
1274 13 0.899893
1275 13 0.942398
1276 13 0.928334
1277 13 1.017706
1278 13 0.929301
1279 13 0.942299
1280 13 0.950872
1281 13 1.032304
1282 13 1.029863
1283 13 0.773871
1284 13 0.984201
1285 13 0.837294
1286 13 0.923874
1287 13 0.107440
1288 13 0.516179
1289 13 0.986870
1290 13 0.683761
1291 13 0.096883
1292 13 0.821783
1293 13 0.508626
1294 13 0.952802
1295 13 1.073332
1296 13 0.988952
1297 13 0.118473
1298 13 0.768377
1299 13 0.738065
1300 14 0.997866
1301 14 0.947074
1302 14 1.060232
1303 14 0.973485
1304 14 0.469150
1305 14 0.936831
1306 14 0.879261
1307 14 0.651491
1308 14 1.108258
1309 14 0.902678
1310 14 1.108678
1311 14 0.913212
1312 14 0.091627
1313 14 0.853388
1314 14 1.009403
1315 14 0.786774
1316 14 0.981295
1317 14 0.069828
1318 14 1.013039
1319 14 0.740769
1320 14 0.824540
1321 14 0.754291
1322 14 0.787310
1323 14 0.741386
1324 14 0.732706
1325 14 1.059259
1326 14 0.972463
1327 14 1.019944
1328 14 0.991686
1329 14 0.911657
1330 14 0.928358
1331 14 1.030455
1332 14 1.038081
1333 14 0.951476
1334 14 0.853411
1335 14 0.898080
1336 14 1.031970
1337 14 0.786557
1338 14 0.903268
1339 14 0.930614
1340 14 0.522634
1341 14 0.849904
1342 14 0.461855
1343 14 0.981056
1344 14 1.022886
1345 14 0.905741
1346 14 0.973834
1347 14 0.921833
1348 14 0.863396
1349 14 0.979461
1350 14 0.932713
1351 14 0.970697
1352 14 0.967487
1353 14 1.022804
1354 14 0.958667
1355 14 0.909052
1356 14 0.983766
1357 14 0.990656
1358 14 1.023164
1359 14 1.048548
1360 14 1.007419
1361 14 0.878541
1362 14 0.959528
1363 14 0.941518
1364 14 0.932339
1365 14 0.778045
1366 14 0.952465
1367 14 0.859986
1368 14 0.133144
1369 14 0.118458
1370 14 0.952118
1371 14 0.919791
1372 14 0.918728
1373 14 0.940536
1374 14 1.002420
1375 14 1.015295
1376 14 0.773034
1377 14 0.957376
1378 14 0.508434
1379 14 1.042570
1380 14 0.942359
1381 14 0.952936
1382 14 0.803280
1383 14 0.101638
1384 14 0.907916
1385 14 0.988554
1386 14 1.018391
1387 14 0.186126
1388 14 0.963272
1389 14 0.610302
1390 14 0.565471
1391 14 1.007715
1392 14 0.728435
1393 14 0.996826
1394 14 1.019616
1395 14 1.251316
1396 14 1.068975
1397 14 0.793337
1398 14 0.891187
1399 14 0.891598
1400 15 0.987836
1401 15 0.852535
1402 15 0.037977
1403 15 0.983402
1404 15 0.441246
1405 15 0.871290
1406 15 0.970102
1407 15 0.893644
1408 15 1.027014
1409 15 0.988430
1410 15 0.837034
1411 15 0.817764
1412 15 1.008055
1413 15 0.982104
1414 15 1.048178
1415 15 0.549955
1416 15 0.501410
1417 15 1.034687
1418 15 0.740096
1419 15 0.927755
1420 15 0.942826
1421 15 1.060444
1422 15 0.950806
1423 15 0.946467
1424 15 0.975433
1425 15 0.703043
1426 15 0.101655
1427 15 0.614348
1428 15 0.972908
1429 15 0.924149
1430 15 0.770939
1431 15 1.060803
1432 15 0.118446
1433 15 0.733103
1434 15 0.186102
1435 15 1.016451
1436 15 0.610207
1437 15 0.947951
1438 15 0.960960
1439 15 0.946279
1440 15 0.920276
1441 15 1.023127
1442 15 0.987570
1443 15 1.054971
1444 15 0.871636
1445 15 1.051033
1446 15 0.917769
1447 15 0.945857
1448 15 0.940042
1449 15 0.949217
1450 15 1.011809
1451 15 0.967491
1452 15 1.034210
1453 15 0.958135
1454 15 0.824673
1455 15 0.990472
1456 15 0.565378
1457 15 0.766829
1458 15 0.779887
1459 15 0.968445
1460 15 0.957316
1461 15 0.794902
1462 15 0.096905
1463 15 0.744254
1464 15 0.878028
1465 15 0.943808
1466 15 0.940606
1467 15 0.936993
1468 15 0.982381
1469 15 0.989985
1470 15 0.903338
1471 15 0.883090
1472 15 0.906347
1473 15 1.019590
1474 15 1.013357
1475 15 1.027749
1476 15 0.992331
1477 15 0.976045
1478 15 0.928791
1479 15 1.042690
1480 15 0.906332
1481 15 0.805569
1482 15 0.802001
1483 15 0.885425
1484 15 0.924985
1485 15 0.924732
1486 15 0.069911
1487 15 0.863124
1488 15 0.763618
1489 15 0.905003
1490 15 0.898196
1491 15 0.899104
1492 15 0.941535
1493 15 0.943428
1494 15 0.846153
1495 15 0.928353
1496 15 0.964100
1497 15 0.963104
1498 15 0.971131
1499 15 0.567995
1500 16 0.983840
1501 16 0.186064
1502 16 0.944411
1503 16 0.925098
1504 16 0.508050
1505 16 0.038060
1506 16 0.727646
1507 16 0.932254
1508 16 1.046828
1509 16 0.101650
1510 16 0.683403
1511 16 0.982489
1512 16 0.915274
1513 16 1.015479
1514 16 1.141358
1515 16 0.981106
1516 16 0.904906
1517 16 0.964524
1518 16 0.910351
1519 16 0.990431
1520 16 0.102304
1521 16 1.035784
1522 16 0.994058
1523 16 0.956735
1524 16 0.561724
1525 16 0.932290
1526 16 0.958052
1527 16 0.949639
1528 16 0.118475
1529 16 0.816451
1530 16 0.440776
1531 16 0.796832
1532 16 0.805020
1533 16 0.811825
1534 16 1.014120
1535 16 0.892844
1536 16 0.946230
1537 16 0.938272
1538 16 0.803190
1539 16 0.951336
1540 16 0.988296
1541 16 0.905753
1542 16 0.973704
1543 16 0.944920
1544 16 0.837200
1545 16 0.591792
1546 16 0.764738
1547 16 1.023738
1548 16 0.934312
1549 16 0.969901
1550 16 1.023522
1551 16 1.049491
1552 16 0.914663
1553 16 0.933565
1554 16 0.944673
1555 16 0.972436
1556 16 1.015473
1557 16 0.739912
1558 16 0.461399
1559 16 0.951155
1560 16 0.971649
1561 16 0.875098
1562 16 0.939157
1563 16 0.979003
1564 16 0.768340
1565 16 0.931992
1566 16 0.863889
1567 16 0.934892
1568 16 0.991131
1569 16 0.909679
1570 16 0.787106
1571 16 0.958229
1572 16 1.035848
1573 16 1.016503
1574 16 0.739130
1575 16 0.944852
1576 16 0.954173
1577 16 0.944915
1578 16 0.929066
1579 16 0.924661
1580 16 0.975623
1581 16 0.948668
1582 16 0.971670
1583 16 0.614090
1584 16 0.781964
1585 16 0.964279
1586 16 0.954541
1587 16 0.891456
1588 16 0.970278
1589 16 1.009272
1590 16 0.969539
1591 16 0.732110
1592 16 0.096906
1593 16 0.930318
1594 16 1.014936
1595 16 0.613306
1596 16 0.895892
1597 16 0.951704
1598 16 0.776069
1599 16 0.962261
1600 17 0.744769
1601 17 0.981673
1602 17 0.946196
1603 17 0.944183
1604 17 0.504788
1605 17 1.144873
1606 17 0.980632
1607 17 0.919832
1608 17 0.997810
1609 17 1.022455
1610 17 1.022829
1611 17 0.683338
1612 17 0.950871
1613 17 0.988808
1614 17 1.108860
1615 17 0.766890
1616 17 1.040798
1617 17 1.006505
1618 17 0.932166
1619 17 0.768316
1620 17 0.904781
1621 17 0.884414
1622 17 0.944673
1623 17 0.790070
1624 17 1.063229
1625 17 0.069981
1626 17 0.903028
1627 17 0.910025
1628 17 1.013297
1629 17 0.917099
1630 17 1.036139
1631 17 1.028460
1632 17 0.440445
1633 17 1.111068
1634 17 0.573319
1635 17 0.964776
1636 17 0.961601
1637 17 0.906970
1638 17 0.947811
1639 17 0.800346
1640 17 0.868594
1641 17 0.957597
1642 17 0.836936
1643 17 0.038184
1644 17 0.946605
1645 17 0.096918
1646 17 0.915741
1647 17 0.904682
1648 17 0.999092
1649 17 0.975053
1650 17 0.940106
1651 17 0.767935
1652 17 0.499882
1653 17 0.675442
1654 17 1.038830
1655 17 0.963153
1656 17 0.783423
1657 17 1.006083
1658 17 0.938641
1659 17 0.987581
1660 17 0.857605
1661 17 0.798896
1662 17 0.939921
1663 17 0.971226
1664 17 0.874573
1665 17 0.731678
1666 17 0.762463
1667 17 0.764479
1668 17 0.845867
1669 17 0.994854
1670 17 0.857698
1671 17 0.676005
1672 17 0.941820
1673 17 1.035388
1674 17 0.928661
1675 17 0.995422
1676 17 0.909871
1677 17 0.938058
1678 17 0.829230
1679 17 0.101619
1680 17 1.005843
1681 17 0.801270
1682 17 1.073543
1683 17 0.997347
1684 17 1.013889
1685 17 0.931891
1686 17 0.842500
1687 17 0.118464
1688 17 0.544627
1689 17 0.945172
1690 17 1.027440
1691 17 1.101308
1692 17 1.182402
1693 17 0.732160
1694 17 0.931864
1695 17 0.186066
1696 17 0.948126
1697 17 0.878061
1698 17 0.848983
1699 17 0.966480
1700 18 0.069994
1701 18 1.020536
1702 18 0.987367
1703 18 0.990744
1704 18 0.994749
1705 18 0.850593
1706 18 1.018021
1707 18 1.059901
1708 18 0.938342
1709 18 0.992781
1710 18 0.913591
1711 18 1.005003
1712 18 0.096931
1713 18 0.922635
1714 18 0.910322
1715 18 1.057057
1716 18 0.947465
1717 18 0.968484
1718 18 0.860732
1719 18 0.914195
1720 18 0.653413
1721 18 0.683200
1722 18 0.902706
1723 18 0.609656
1724 18 0.839242
1725 18 0.869648
1726 18 0.212529
1727 18 0.974631
1728 18 0.969063
1729 18 0.628026
1730 18 0.945468
1731 18 0.962810
1732 18 0.913836
1733 18 0.931533
1734 18 1.012651
1735 18 0.776787
1736 18 0.917873
1737 18 0.560736
1738 18 0.761927
1739 18 0.858045
1740 18 1.017889
1741 18 1.055915
1742 18 0.801694
1743 18 0.141788
1744 18 0.928787
1745 18 0.905511
1746 18 0.931880
1747 18 0.753026
1748 18 0.977210
1749 18 1.049123
1750 18 0.929062
1751 18 0.887342
1752 18 0.921875
1753 18 1.028053
1754 18 0.802810
1755 18 0.101575
1756 18 0.934641
1757 18 0.987610
1758 18 0.908223
1759 18 0.763058
1760 18 1.038549
1761 18 0.838992
1762 18 0.910252
1763 18 0.939057
1764 18 0.772954
1765 18 0.987784
1766 18 0.943589
1767 18 0.938180
1768 18 0.891944
1769 18 0.933216
1770 18 0.951257
1771 18 1.012058
1772 18 1.056401
1773 18 0.746233
1774 18 0.923483
1775 18 0.952191
1776 18 1.006068
1777 18 0.990852
1778 18 0.995720
1779 18 1.051850
1780 18 0.966092
1781 18 1.000234
1782 18 0.460678
1783 18 0.951778
1784 18 0.862707
1785 18 0.439914
1786 18 0.038288
1787 18 0.883375
1788 18 0.869433
1789 18 0.961223
1790 18 0.992944
1791 18 1.010285
1792 18 0.927428
1793 18 0.733065
1794 18 0.507404
1795 18 0.912858
1796 18 0.773618
1797 18 0.850949
1798 18 0.963151
1799 18 0.773393
1800 19 0.998730
1801 19 1.036317
1802 19 0.824436
1803 19 0.906119
1804 19 0.554674
1805 19 0.934335
1806 19 0.904150
1807 19 0.813480
1808 19 0.829574
1809 19 0.977831
1810 19 0.201749
1811 19 0.912664
1812 19 0.888362
1813 19 0.983457
1814 19 1.129698
1815 19 0.593222
1816 19 0.938221
1817 19 1.025155
1818 19 0.976620
1819 19 0.975381
1820 19 0.681211
1821 19 1.120894
1822 19 0.994998
1823 19 0.725703
1824 19 0.936502
1825 19 1.031477
1826 19 0.957633
1827 19 1.009319
1828 19 0.985214
1829 19 0.957039
1830 19 0.909795
1831 19 0.928876
1832 19 0.917684
1833 19 1.022418
1834 19 0.904486
1835 19 0.755010
1836 19 0.818634
1837 19 0.469114
1838 19 0.877518
1839 19 0.969956
1840 19 0.900061
1841 19 0.683028
1842 19 0.918779
1843 19 1.058122
1844 19 0.799845
1845 19 0.070068
1846 19 0.763285
1847 19 1.022479
1848 19 0.038377
1849 19 0.891387
1850 19 0.931849
1851 19 0.730274
1852 19 0.610997
1853 19 0.814382
1854 19 0.910521
1855 19 0.952878
1856 19 0.896726
1857 19 1.032162
1858 19 0.919314
1859 19 0.895584
1860 19 1.011289
1861 19 0.613604
1862 19 0.908038
1863 19 0.911328
1864 19 0.949825
1865 19 0.946785
1866 19 0.906294
1867 19 1.019198
1868 19 1.023318
1869 19 0.946128
1870 19 1.132638
1871 19 0.971598
1872 19 0.118448
1873 19 0.901536
1874 19 1.187777
1875 19 0.932871
1876 19 1.032165
1877 19 0.767724
1878 19 0.858713
1879 19 0.939236
1880 19 0.923605
1881 19 0.460369
1882 19 0.732406
1883 19 0.923057
1884 19 0.903437
1885 19 1.033220
1886 19 0.997198
1887 19 0.943818
1888 19 0.101637
1889 19 0.934959
1890 19 1.044621
1891 19 1.028374
1892 19 0.874397
1893 19 0.966683
1894 19 1.010501
1895 19 0.096970
1896 19 1.003803
1897 19 0.911458
1898 19 0.755579
1899 19 0.824484
1900 20 0.961615
1901 20 0.945912
1902 20 0.070096
1903 20 0.972285
1904 20 0.991819
1905 20 1.008400
1906 20 0.101629
1907 20 0.968969
1908 20 0.945558
1909 20 0.965055
1910 20 1.021293
1911 20 0.208267
1912 20 0.939091
1913 20 0.118460
1914 20 0.934181
1915 20 0.927571
1916 20 0.931587
1917 20 0.934650
1918 20 0.872020
1919 20 0.732216
1920 20 0.939403
1921 20 0.768197
1922 20 1.012919
1923 20 0.989204
1924 20 1.027259
1925 20 0.965218
1926 20 0.982252
1927 20 0.953178
1928 20 0.948712
1929 20 0.840694
1930 20 0.929500
1931 20 0.890101
1932 20 1.067070
1933 20 0.998684
1934 20 1.037063
1935 20 0.946949
1936 20 0.912740
1937 20 0.725116
1938 20 0.903400
1939 20 0.957867
1940 20 0.949525
1941 20 0.940027
1942 20 0.911741
1943 20 0.797769
1944 20 0.757752
1945 20 0.825656
1946 20 0.913116
1947 20 0.550136
1948 20 1.176113
1949 20 0.809815
1950 20 0.512427
1951 20 0.960641
1952 20 0.959575
1953 20 0.964714
1954 20 0.767455
1955 20 0.999822
1956 20 0.590122
1957 20 0.752326
1958 20 0.940625
1959 20 1.005275
1960 20 0.929264
1961 20 0.734136
1962 20 0.812860
1963 20 0.785125
1964 20 0.797319
1965 20 0.773400
1966 20 0.096985
1967 20 1.015710
1968 20 0.916613
1969 20 0.954026
1970 20 0.951996
1971 20 0.909459
1972 20 1.018927
1973 20 1.040382
1974 20 0.931935
1975 20 0.705720
1976 20 0.903141
1977 20 0.961540
1978 20 0.961873
1979 20 0.926028
1980 20 0.672242
1981 20 0.931202
1982 20 0.939403
1983 20 0.969028
1984 20 0.618169
1985 20 0.965076
1986 20 0.918867
1987 20 0.841616
1988 20 0.899097
1989 20 0.977626
1990 20 0.862571
1991 20 0.038518
1992 20 0.925923
1993 20 0.439068
1994 20 0.917980
1995 20 0.961697
1996 20 1.020342
1997 20 0.974530
1998 20 0.543567
1999 20 0.975499
2000 21 0.926991
2001 21 1.014023
2002 21 0.609946
2003 21 0.912627
2004 21 0.989629
2005 21 1.027866
2006 21 0.499248
2007 21 0.904692
2008 21 0.118446
2009 21 0.926855
2010 21 0.955069
2011 21 0.925266
2012 21 0.956618
2013 21 1.018179
2014 21 1.003304
2015 21 0.925587
2016 21 0.800784
2017 21 0.894285
2018 21 0.936674
2019 21 0.969373
2020 21 0.978130
2021 21 0.856152
2022 21 0.895270
2023 21 0.840837
2024 21 0.768050
2025 21 0.910106
2026 21 0.932560
2027 21 0.951073
2028 21 0.905586
2029 21 0.438978
2030 21 0.856563
2031 21 0.830524
2032 21 0.954045
2033 21 0.800955
2034 21 0.918590
2035 21 0.785811
2036 21 0.909983
2037 21 0.736262
2038 21 1.037352
2039 21 0.958164
2040 21 0.824529
2041 21 0.038568
2042 21 0.506658
2043 21 1.030589
2044 21 0.516407
2045 21 0.903746
2046 21 0.945376
2047 21 0.901804
2048 21 0.672678
2049 21 0.943083
2050 21 0.975659
2051 21 0.731396
2052 21 0.096996
2053 21 0.892895
2054 21 0.915226
2055 21 0.813104
2056 21 1.003197
2057 21 1.015094
2058 21 0.747990
2059 21 0.985873
2060 21 1.002697
2061 21 0.819153
2062 21 0.964962
2063 21 0.812221
2064 21 1.012562
2065 21 0.966701
2066 21 0.976212
2067 21 0.910379
2068 21 0.682895
2069 21 1.048278
2070 21 0.975947
2071 21 0.972032
2072 21 1.008974
2073 21 0.932152
2074 21 0.885050
2075 21 0.930923
2076 21 0.977173
2077 21 0.969483
2078 21 0.990663
2079 21 1.043483
2080 21 0.937064
2081 21 1.033755
2082 21 0.948890
2083 21 0.993657
2084 21 0.764504
2085 21 0.666374
2086 21 0.978927
2087 21 0.963843
2088 21 0.900234
2089 21 1.000610
2090 21 0.744820
2091 21 0.186088
2092 21 0.935182
2093 21 1.012313
2094 21 0.070207
2095 21 1.009632
2096 21 0.925194
2097 21 0.773783
2098 21 0.977834
2099 21 0.101653
2100 22 0.991483
2101 22 0.898119
2102 22 0.987124
2103 22 0.987243
2104 22 1.040831
2105 22 0.911844
2106 22 0.917785
2107 22 0.988871
2108 22 0.953923
2109 22 0.748530
2110 22 0.903263
2111 22 1.042848
2112 22 0.800565
2113 22 1.079679
2114 22 0.752715
2115 22 0.682800
2116 22 0.928851
2117 22 0.980844
2118 22 0.957726
2119 22 0.762993
2120 22 0.918255
2121 22 0.933885
2122 22 1.029939
2123 22 1.017336
2124 22 0.946069
2125 22 1.069750
2126 22 0.947627
2127 22 0.438540
2128 22 0.989092
2129 22 0.958661
2130 22 0.125177
2131 22 0.965818
2132 22 0.506445
2133 22 1.009775
2134 22 0.958659
2135 22 0.946164
2136 22 0.977524
2137 22 0.785600
2138 22 0.459795
2139 22 0.947651
2140 22 0.909538
2141 22 0.974382
2142 22 0.596198
2143 22 0.836617
2144 22 0.953438
2145 22 0.070180
2146 22 0.981403
2147 22 0.968974
2148 22 0.942015
2149 22 1.049450
2150 22 0.991230
2151 22 0.142716
2152 22 1.043518
2153 22 0.810378
2154 22 0.985907
2155 22 0.730765
2156 22 0.631467
2157 22 0.954132
2158 22 0.862291
2159 22 0.943690
2160 22 0.931500
2161 22 0.969908
2162 22 0.974863
2163 22 0.882748
2164 22 0.908497
2165 22 0.945771
2166 22 1.061067
2167 22 0.829079
2168 22 0.836923
2169 22 1.000024
2170 22 0.903014
2171 22 0.899082
2172 22 0.935893
2173 22 0.979963
2174 22 0.928123
2175 22 0.880753
2176 22 0.917051
2177 22 0.735464
2178 22 0.565002
2179 22 0.920573
2180 22 0.791114
2181 22 0.962614
2182 22 0.990299
2183 22 0.971933
2184 22 0.898713
2185 22 0.975235
2186 22 0.903062
2187 22 0.970312
2188 22 0.608924
2189 22 0.823770
2190 22 1.042200
2191 22 0.038684
2192 22 0.909807
2193 22 0.980426
2194 22 0.821577
2195 22 0.097057
2196 22 0.969262
2197 22 0.751619
2198 22 0.922121
2199 22 0.186112
2200 23 0.955258
2201 23 0.987344
2202 23 1.090652
2203 23 0.984818
2204 23 0.980165
2205 23 0.682730
2206 23 0.186102
2207 23 0.758517
2208 23 0.917915
2209 23 0.882550
2210 23 0.038689
2211 23 0.799180
2212 23 1.086312
2213 23 0.962169
2214 23 0.926331
2215 23 1.039764
2216 23 0.946030
2217 23 0.911072
2218 23 1.004809
2219 23 0.938857
2220 23 0.961128
2221 23 0.990256
2222 23 0.977517
2223 23 0.968397
2224 23 0.118476
2225 23 0.895315
2226 23 0.773880
2227 23 0.951580
2228 23 0.909753
2229 23 0.723203
2230 23 0.837084
2231 23 0.928283
2232 23 0.961718
2233 23 0.917163
2234 23 0.949413
2235 23 0.608702
2236 23 0.896686
2237 23 0.958725
2238 23 0.509759
2239 23 0.954587
2240 23 0.954896
2241 23 0.805564
2242 23 1.008790
2243 23 0.594832
2244 23 1.047680
2245 23 0.438070
2246 23 1.033312
2247 23 0.905549
2248 23 0.972727
2249 23 0.764161
2250 23 1.006014
2251 23 1.030319
2252 23 0.960407
2253 23 0.914267
2254 23 0.925341
2255 23 0.459274
2256 23 0.931722
2257 23 0.909446
2258 23 1.036618
2259 23 0.978224
2260 23 0.987284
2261 23 0.985397
2262 23 0.822987
2263 23 0.797648
2264 23 0.902754
2265 23 0.987801
2266 23 0.953945
2267 23 0.994480
2268 23 0.970610
2269 23 0.892844
2270 23 0.881818
2271 23 0.097103
2272 23 0.964601
2273 23 1.070045
2274 23 0.922640
2275 23 0.915007
2276 23 0.070274
2277 23 0.888399
2278 23 0.966405
2279 23 0.886410
2280 23 0.935339
2281 23 0.730074
2282 23 0.934017
2283 23 0.927918
2284 23 1.013481
2285 23 0.889106
2286 23 0.612985
2287 23 0.971489
2288 23 0.942562
2289 23 0.864821
2290 23 0.827708
2291 23 0.967890
2292 23 1.017474
2293 23 0.766774
2294 23 0.501855
2295 23 0.727742
2296 23 0.964713
2297 23 0.756655
2298 23 0.101680
2299 23 0.903123
2300 24 1.036279
2301 24 1.083939
2302 24 0.992769
2303 24 0.923350
2304 24 0.903885
2305 24 0.842908
2306 24 0.987754
2307 24 0.934035
2308 24 0.862014
2309 24 0.549441
2310 24 0.955745
2311 24 0.608652
2312 24 0.951156
2313 24 0.916208
2314 24 1.006198
2315 24 0.955177
2316 24 1.062900
2317 24 0.991899
2318 24 0.757954
2319 24 0.438007
2320 24 0.038795
2321 24 0.498724
2322 24 0.505976
2323 24 0.954125
2324 24 0.966843
2325 24 0.727689
2326 24 0.721250
2327 24 0.824696
2328 24 0.811830
2329 24 0.973282
2330 24 0.914552
2331 24 0.118516
2332 24 0.729935
2333 24 0.943127
2334 24 0.994703
2335 24 0.903133
2336 24 0.977664
2337 24 1.070162
2338 24 0.932834
2339 24 0.938060
2340 24 1.004867
2341 24 0.902531
2342 24 1.070814
2343 24 0.992715
2344 24 0.798315
2345 24 0.961326
2346 24 0.959090
2347 24 0.938771
2348 24 0.938002
2349 24 0.923917
2350 24 0.899299
2351 24 0.964760
2352 24 0.944979
2353 24 0.958316
2354 24 0.773148
2355 24 0.954195
2356 24 0.925983
2357 24 0.989785
2358 24 0.981430
2359 24 0.824889
2360 24 0.785004
2361 24 0.944156
2362 24 0.205533
2363 24 0.900481
2364 24 0.924383
2365 24 0.787523
2366 24 0.934398
2367 24 1.003047
2368 24 0.915285
2369 24 0.968129
2370 24 0.940401
2371 24 0.933115
2372 24 0.915735
2373 24 1.005925
2374 24 0.594481
2375 24 0.920198
2376 24 0.908515
2377 24 0.934188
2378 24 0.098634
2379 24 0.906165
2380 24 0.915909
2381 24 0.157651
2382 24 0.790563
2383 24 0.918196
2384 24 0.612934
2385 24 0.931705
2386 24 0.722596
2387 24 0.932440
2388 24 0.743468
2389 24 0.785114
2390 24 0.849191
2391 24 0.925452
2392 24 0.980026
2393 24 1.017469
2394 24 0.732531
2395 24 0.948274
2396 24 1.021512
2397 24 0.964890
2398 24 0.097133
2399 24 0.761731
2400 25 0.906941
2401 25 1.048720
2402 25 0.945559
2403 25 0.982105
2404 25 1.015859
2405 25 0.971173
2406 25 0.581721
2407 25 0.906387
2408 25 0.869731
2409 25 1.075472
2410 25 0.963843
2411 25 0.964431
2412 25 0.916531
2413 25 0.938016
2414 25 0.892839
2415 25 0.795236
2416 25 0.729330
2417 25 0.625819
2418 25 1.069902
2419 25 0.958892
2420 25 1.086580
2421 25 0.975721
2422 25 0.763688
2423 25 0.759673
2424 25 0.734572
2425 25 0.921242
2426 25 0.567120
2427 25 0.765566
2428 25 0.766060
2429 25 0.916514
2430 25 0.990065
2431 25 0.118513
2432 25 0.741640
2433 25 0.977058
2434 25 1.012171
2435 25 0.894482
2436 25 0.934531
2437 25 0.946872
2438 25 0.921152
2439 25 0.920809
2440 25 0.935165
2441 25 0.904428
2442 25 0.914696
2443 25 0.891460
2444 25 0.961354
2445 25 1.002520
2446 25 0.721929
2447 25 0.070341
2448 25 0.943371
2449 25 0.983123
2450 25 0.927833
2451 25 0.824706
2452 25 0.983006
2453 25 0.961960
2454 25 0.798711
2455 25 0.984440
2456 25 0.750833
2457 25 0.916509
2458 25 0.906670
2459 25 1.018733
2460 25 1.043314
2461 25 0.917260
2462 25 0.608471
2463 25 1.002515
2464 25 0.762418
2465 25 0.962438
2466 25 1.041900
2467 25 1.039633
2468 25 0.931542
2469 25 0.962928
2470 25 0.811719
2471 25 0.956595
2472 25 0.982916
2473 25 0.942978
2474 25 0.843263
2475 25 0.097174
2476 25 0.968493
2477 25 0.101689
2478 25 0.924863
2479 25 0.523623
2480 25 0.916009
2481 25 0.766072
2482 25 0.437490
2483 25 0.038953
2484 25 0.924355
2485 25 0.935844
2486 25 0.932910
2487 25 0.849929
2488 25 0.951818
2489 25 0.908510
2490 25 0.962281
2491 25 0.505678
2492 25 1.081570
2493 25 0.938920
2494 25 1.027837
2495 25 1.016345
2496 25 0.993780
2497 25 0.999734
2498 25 0.911208
2499 25 0.240174
2500 26 0.896294
2501 26 1.014273
2502 26 0.980193
2503 26 0.958231
2504 26 0.725086
2505 26 0.827086
2506 26 0.863208
2507 26 0.118521
2508 26 1.027271
2509 26 0.997411
2510 26 0.760650
2511 26 0.097165
2512 26 0.940908
2513 26 0.916796
2514 26 0.952740
2515 26 0.907498
2516 26 0.985303
2517 26 0.125060
2518 26 0.882656
2519 26 1.039390
2520 26 0.796395
2521 26 0.750600
2522 26 0.908705
2523 26 0.964510
2524 26 0.968609
2525 26 0.916990
2526 26 0.724309
2527 26 0.458679
2528 26 0.538535
2529 26 0.910640
2530 26 0.948932
2531 26 1.019900
2532 26 0.909808
2533 26 0.583750
2534 26 0.999511
2535 26 0.608264
2536 26 0.962349
2537 26 0.803677
2538 26 0.039023
2539 26 0.893166
2540 26 0.963305
2541 26 0.944637
2542 26 0.733389
2543 26 0.862009
2544 26 0.869855
2545 26 0.973473
2546 26 0.999230
2547 26 0.186098
2548 26 0.964171
2549 26 0.976962
2550 26 0.892461
2551 26 0.721381
2552 26 0.923875
2553 26 1.063838
2554 26 0.944733
2555 26 0.989017
2556 26 0.961943
2557 26 0.942691
2558 26 0.890896
2559 26 0.986637
2560 26 0.965489
2561 26 0.965110
2562 26 1.005935
2563 26 0.937233
2564 26 0.931587
2565 26 0.974310
2566 26 0.925124
2567 26 1.115239
2568 26 1.005927
2569 26 0.809233
2570 26 0.984209
2571 26 1.015554
2572 26 0.886412
2573 26 0.999105
2574 26 0.756046
2575 26 0.904808
2576 26 0.902246
2577 26 0.739493
2578 26 0.824767
2579 26 0.980146
2580 26 0.959524
2581 26 0.945024
2582 26 0.955593
2583 26 0.815754
2584 26 0.650227
2585 26 0.563996
2586 26 0.983228
2587 26 0.817513
2588 26 1.002452
2589 26 0.907451
2590 26 0.070427
2591 26 0.527406
2592 26 0.724100
2593 26 0.950556
2594 26 0.934919
2595 26 0.986771
2596 26 0.920436
2597 26 0.917811
2598 26 0.865015
2599 26 0.969830
2600 27 0.893058
2601 27 0.934875
2602 27 0.943764
2603 27 0.960369
2604 27 0.101516
2605 27 0.951850
2606 27 0.782563
2607 27 1.011432
2608 27 0.908341
2609 27 0.955065
2610 27 0.502963
2611 27 0.996974
2612 27 0.921953
2613 27 0.903740
2614 27 0.973066
2615 27 1.002445
2616 27 0.878069
2617 27 0.909122
2618 27 1.018114
2619 27 0.564638
2620 27 0.964938
2621 27 0.903482
2622 27 0.968622
2623 27 0.912461
2624 27 0.777009
2625 27 0.186114
2626 27 0.948016
2627 27 0.923241
2628 27 0.951329
2629 27 0.957672
2630 27 0.956143
2631 27 0.895127
2632 27 0.930200
2633 27 0.505434
2634 27 0.998292
2635 27 0.682261
2636 27 0.989529
2637 27 0.807377
2638 27 0.608043
2639 27 0.943070
2640 27 0.823408
2641 27 0.814148
2642 27 0.936685
2643 27 0.895329
2644 27 1.050154
2645 27 0.972619
2646 27 0.992572
2647 27 0.916675
2648 27 0.725832
2649 27 0.969413
2650 27 0.994431
2651 27 1.198812
2652 27 0.827915
2653 27 0.971849
2654 27 0.935016
2655 27 0.835729
2656 27 0.934863
2657 27 0.995455
2658 27 0.917638
2659 27 0.931131
2660 27 0.957180
2661 27 0.972422
2662 27 1.089619
2663 27 0.792178
2664 27 0.494845
2665 27 0.955863
2666 27 0.722775
2667 27 0.985642
2668 27 0.983207
2669 27 0.101729
2670 27 0.954019
2671 27 0.993584
2672 27 0.907215
2673 27 1.007406
2674 27 0.764806
2675 27 0.938256
2676 27 0.612411
2677 27 0.759628
2678 27 0.097242
2679 27 0.974794
2680 27 0.843559
2681 27 0.514933
2682 27 0.741543
2683 27 0.959871
2684 27 0.748032
2685 27 0.815550
2686 27 0.931657
2687 27 0.961593
2688 27 0.955254
2689 27 0.933163
2690 27 0.967795
2691 27 0.974004
2692 27 0.758284
2693 27 0.973771
2694 27 0.905542
2695 27 0.039149
2696 27 0.978268
2697 27 0.971446
2698 27 0.143012
2699 27 0.956295
2700 28 0.893873
2701 28 0.101709
2702 28 0.543382
2703 28 0.901726
2704 28 0.964038
2705 28 0.987065
2706 28 0.913507
2707 28 0.862681
2708 28 0.612234
2709 28 1.004924
2710 28 1.002746
2711 28 0.955310
2712 28 1.020503
2713 28 0.720590
2714 28 0.756719
2715 28 0.765571
2716 28 1.018024
2717 28 0.890242
2718 28 0.070469
2719 28 0.963436
2720 28 0.920191
2721 28 0.915785
2722 28 0.962192
2723 28 0.861611
2724 28 0.732405
2725 28 0.940052
2726 28 0.734080
2727 28 0.466829
2728 28 0.607976
2729 28 0.934963
2730 28 0.931074
2731 28 0.118533
2732 28 0.956850
2733 28 0.952166
2734 28 0.784220
2735 28 0.891395
2736 28 0.907508
2737 28 0.458142
2738 28 0.890984
2739 28 0.833956
2740 28 0.786309
2741 28 0.974970
2742 28 0.971775
2743 28 0.926137
2744 28 0.960045
2745 28 0.810757
2746 28 0.908638
2747 28 1.021347
2748 28 0.958015
2749 28 0.893616
2750 28 0.877647
2751 28 0.039186
2752 28 0.900762
2753 28 0.968622
2754 28 0.186123
2755 28 0.097272
2756 28 0.892366
2757 28 0.941091
2758 28 0.965094
2759 28 0.784295
2760 28 0.968459
2761 28 0.749978
2762 28 0.922705
2763 28 0.764308
2764 28 0.928157
2765 28 0.932562
2766 28 0.724934
2767 28 0.498063
2768 28 0.937237
2769 28 0.953859
2770 28 0.963156
2771 28 0.979074
2772 28 1.111063
2773 28 1.023555
2774 28 0.919914
2775 28 0.919110
2776 28 0.934023
2777 28 0.949945
2778 28 0.925424
2779 28 0.994154
2780 28 0.971853
2781 28 0.964894
2782 28 0.754733
2783 28 0.836767
2784 28 0.966056
2785 28 0.599748
2786 28 1.004631
2787 28 0.953898
2788 28 0.949215
2789 28 0.763409
2790 28 1.020658
2791 28 0.991289
2792 28 0.825115
2793 28 1.043575
2794 28 0.970243
2795 28 0.954809
2796 28 1.050650
2797 28 0.903460
2798 28 0.915931
2799 28 1.146423
2800 29 0.936374
2801 29 0.820719
2802 29 0.931109
2803 29 0.818130
2804 29 0.929747
2805 29 0.908526
2806 29 0.992944
2807 29 0.977676
2808 29 0.487636
2809 29 0.966984
2810 29 0.070523
2811 29 1.011200
2812 29 0.966135
2813 29 1.017158
2814 29 1.182243
2815 29 1.013306
2816 29 0.949444
2817 29 0.754597
2818 29 0.734554
2819 29 0.878485
2820 29 0.905288
2821 29 0.940798
2822 29 1.010652
2823 29 0.885933
2824 29 0.954481
2825 29 0.910081
2826 29 0.966158
2827 29 0.833658
2828 29 0.980898
2829 29 0.946966
2830 29 0.810983
2831 29 0.798246
2832 29 0.967106
2833 29 0.493273
2834 29 0.573208
2835 29 0.898235
2836 29 0.810608
2837 29 0.957228
2838 29 0.794292
2839 29 0.842155
2840 29 0.607715
2841 29 0.894920
2842 29 0.505103
2843 29 0.801117
2844 29 0.932164
2845 29 0.867167
2846 29 0.956127
2847 29 0.039292
2848 29 0.118591
2849 29 0.741323
2850 29 0.926617
2851 29 0.955040
2852 29 0.972694
2853 29 0.918068
2854 29 0.876909
2855 29 1.010944
2856 29 0.886100
2857 29 0.980575
2858 29 0.101711
2859 29 0.906757
2860 29 0.763984
2861 29 0.186224
2862 29 0.738196
2863 29 0.097310
2864 29 0.920214
2865 29 0.951547
2866 29 0.947187
2867 29 0.969208
2868 29 0.958691
2869 29 0.958618
2870 29 0.931079
2871 29 0.919575
2872 29 0.971661
2873 29 0.934858
2874 29 0.863220
2875 29 0.843719
2876 29 1.089988
2877 29 0.918109
2878 29 0.993953
2879 29 0.960324
2880 29 0.952446
2881 29 0.959235
2882 29 0.766928
2883 29 1.014921
2884 29 0.987960
2885 29 0.930494
2886 29 1.003121
2887 29 0.969384
2888 29 1.022253
2889 29 0.943489
2890 29 0.861591
2891 29 0.674568
2892 29 0.527246
2893 29 0.731713
2894 29 0.834849
2895 29 0.950420
2896 29 0.908015
2897 29 0.901474
2898 29 0.773574
2899 29 1.049811
2900 30 0.832996
2901 30 0.965407
2902 30 1.028978
2903 30 0.981112
2904 30 0.906352
2905 30 0.717622
2906 30 0.926933
2907 30 0.457636
2908 30 0.436088
2909 30 0.926138
2910 30 0.893946
2911 30 0.966730
2912 30 0.752907
2913 30 0.186211
2914 30 0.979125
2915 30 0.676712
2916 30 0.977176
2917 30 1.090473
2918 30 1.051329
2919 30 0.893548
2920 30 0.097356
2921 30 0.793570
2922 30 0.996587
2923 30 0.953185
2924 30 1.005709
2925 30 0.558571
2926 30 0.905731
2927 30 0.963979
2928 30 0.743551
2929 30 1.033141
2930 30 0.889513
2931 30 0.915904
2932 30 0.959089
2933 30 0.763998
2934 30 1.001000
2935 30 0.608670
2936 30 0.944792
2937 30 0.862318
2938 30 0.932160
2939 30 0.742022
2940 30 0.935417
2941 30 0.968924
2942 30 0.928298
2943 30 0.892074
2944 30 0.955729
2945 30 0.984437
2946 30 0.966932
2947 30 0.966602
2948 30 1.101996
2949 30 0.920269
2950 30 1.069937
2951 30 0.968659
2952 30 0.881166
2953 30 0.781718
2954 30 0.903695
2955 30 0.918616
2956 30 0.765392
2957 30 0.070624
2958 30 0.753635
2959 30 0.039413
2960 30 0.919148
2961 30 0.766843
2962 30 0.877720
2963 30 0.762821
2964 30 0.982180
2965 30 0.931201
2966 30 0.904254
2967 30 0.936116
2968 30 0.909600
2969 30 0.118599
2970 30 0.941573
2971 30 0.958219
2972 30 0.984762
2973 30 0.977828
2974 30 0.960432
2975 30 0.954686
2976 30 0.931543
2977 30 0.950019
2978 30 0.726139
2979 30 1.026012
2980 30 0.883980
2981 30 0.564358
2982 30 0.980208
2983 30 0.961692
2984 30 0.542932
2985 30 0.799348
2986 30 0.896722
2987 30 0.912749
2988 30 0.922844
2989 30 0.907575
2990 30 1.068630
2991 30 0.948920
2992 30 0.841360
2993 30 0.906778
2994 30 1.035450
2995 30 0.951920
2996 30 0.946083
2997 30 0.944316
2998 30 0.101770
2999 30 0.832292
