# Batch convergence for: model=snn-ae encoding=poisson architecture=recurrent v_th=0.5 alpha=0.8 run=1
batch_num epoch batch_loss
0 1 0.105469
1 1 0.295227
2 1 0.489733
3 1 0.371764
4 1 0.994194
5 1 0.322211
6 1 0.512089
7 1 0.119135
8 1 0.250749
9 1 0.332898
10 1 0.283430
11 1 0.627070
12 1 0.447931
13 1 0.358888
14 1 0.587058
15 1 0.361576
16 1 0.331525
17 1 0.376391
18 1 0.384943
19 1 0.347387
20 1 0.437246
21 1 0.060967
22 1 0.314052
23 1 0.369151
24 1 0.237434
25 1 0.682471
26 1 0.388129
27 1 0.307148
28 1 0.201656
29 1 0.418491
30 1 0.348950
31 1 0.355273
32 1 0.403563
33 1 0.244283
34 1 0.481016
35 1 0.270050
36 1 0.228967
37 1 0.354640
38 1 0.234637
39 1 0.156007
40 1 0.517605
41 1 0.362132
42 1 0.182686
43 1 0.289943
44 1 0.286414
45 1 0.240357
46 1 0.322097
47 1 0.391449
48 1 0.418323
49 1 0.418430
50 1 0.060049
51 1 0.411918
52 1 0.551338
53 1 0.104315
54 1 1.241991
55 1 0.270609
56 1 0.406263
57 1 0.144168
58 1 0.151840
59 1 0.546317
60 1 0.302817
61 1 0.418027
62 1 0.575720
63 1 0.273454
64 1 0.328456
65 1 0.250947
66 1 0.031120
67 1 1.038826
68 1 0.224282
69 1 0.138543
70 1 0.321609
71 1 0.084860
72 1 0.217845
73 1 0.538148
74 1 0.411260
75 1 0.458341
76 1 0.240336
77 1 0.428331
78 1 0.391094
79 1 0.253309
80 1 1.222754
81 1 0.459843
82 1 0.375487
83 1 0.417384
84 1 0.347737
85 1 0.484825
86 1 0.248470
87 1 0.409481
88 1 0.374725
89 1 0.248556
90 1 0.204338
91 1 0.413983
92 1 0.086121
93 1 0.369426
94 1 0.309128
95 1 0.322790
96 1 0.178545
97 1 0.281585
98 1 0.272133
99 1 0.350938
100 2 0.184000
101 2 0.187136
102 2 0.127974
103 2 0.246202
104 2 0.277080
105 2 0.200154
106 2 0.413181
107 2 0.449771
108 2 0.111059
109 2 0.244155
110 2 0.319054
111 2 0.067756
112 2 0.320406
113 2 1.108387
114 2 0.243766
115 2 0.409807
116 2 0.215884
117 2 0.219830
118 2 0.089723
119 2 0.292847
120 2 0.288535
121 2 0.303161
122 2 0.193978
123 2 0.186926
124 2 0.112335
125 2 0.316414
126 2 0.268270
127 2 0.301227
128 2 0.366163
129 2 0.504310
130 2 0.312269
131 2 0.285441
132 2 0.403354
133 2 0.316446
134 2 0.329544
135 2 0.267472
136 2 0.263695
137 2 0.182792
138 2 0.448182
139 2 0.484856
140 2 0.183799
141 2 0.446535
142 2 0.563013
143 2 0.331157
144 2 0.253928
145 2 0.221769
146 2 0.374727
147 2 0.345850
148 2 0.235188
149 2 0.427918
150 2 0.137734
151 2 0.225023
152 2 0.199025
153 2 0.135222
154 2 0.319559
155 2 0.089357
156 2 0.921453
157 2 0.084956
158 2 0.282025
159 2 0.331960
160 2 0.360592
161 2 0.252107
162 2 0.314446
163 2 0.463991
164 2 0.192023
165 2 0.346754
166 2 0.147200
167 2 0.126017
168 2 0.425331
169 2 0.262606
170 2 0.313287
171 2 0.836281
172 2 0.424839
173 2 0.382615
174 2 0.200887
175 2 0.354220
176 2 0.247304
177 2 0.042341
178 2 0.322561
179 2 0.209440
180 2 0.355726
181 2 0.234075
182 2 0.180845
183 2 0.419193
184 2 0.420112
185 2 0.026967
186 2 0.385768
187 2 0.383284
188 2 0.347765
189 2 0.392287
190 2 0.333910
191 2 0.310568
192 2 0.200288
193 2 0.358792
194 2 1.020662
195 2 0.350461
196 2 0.329716
197 2 0.132261
198 2 0.146748
199 2 0.256084
200 3 0.319915
201 3 0.302504
202 3 0.131777
203 3 0.231140
204 3 0.030793
205 3 0.565869
206 3 0.230483
207 3 0.034709
208 3 1.001584
209 3 0.196489
210 3 0.411104
211 3 0.170312
212 3 0.245479
213 3 0.388205
214 3 0.318773
215 3 0.150251
216 3 0.417060
217 3 0.269504
218 3 1.208935
219 3 0.049957
220 3 0.463515
221 3 0.166441
222 3 0.138286
223 3 0.260972
224 3 0.307464
225 3 0.211473
226 3 0.157954
227 3 0.281116
228 3 0.398801
229 3 0.130481
230 3 0.291632
231 3 0.108113
232 3 0.188844
233 3 0.202643
234 3 0.240773
235 3 0.244711
236 3 0.292860
237 3 0.345603
238 3 0.307325
239 3 0.460160
240 3 0.213532
241 3 0.457515
242 3 0.142369
243 3 0.436020
244 3 0.253720
245 3 0.169144
246 3 0.304516
247 3 0.142136
248 3 0.252967
249 3 0.164582
250 3 0.253667
251 3 0.255943
252 3 0.765693
253 3 0.378447
254 3 0.246622
255 3 0.253981
256 3 0.250407
257 3 0.139015
258 3 0.228724
259 3 0.223908
260 3 0.315601
261 3 0.424580
262 3 0.310684
263 3 0.244614
264 3 0.248480
265 3 0.352983
266 3 0.270594
267 3 0.155107
268 3 0.411731
269 3 0.399681
270 3 0.172231
271 3 0.203335
272 3 0.209523
273 3 0.438277
274 3 0.253864
275 3 0.180340
276 3 0.103501
277 3 0.069562
278 3 0.312909
279 3 0.224744
280 3 0.228679
281 3 0.194691
282 3 0.273343
283 3 0.165204
284 3 0.840996
285 3 0.259957
286 3 0.370473
287 3 0.142426
288 3 0.159088
289 3 0.164802
290 3 0.314981
291 3 0.431523
292 3 0.157241
293 3 0.283735
294 3 0.296913
295 3 0.096171
296 3 0.228046
297 3 0.304731
298 3 0.278937
299 3 0.538410
300 4 0.256416
301 4 0.262693
302 4 0.186098
303 4 0.304740
304 4 0.236829
305 4 0.383917
306 4 0.209944
307 4 0.472961
308 4 0.338551
309 4 0.244888
310 4 0.232485
311 4 0.156898
312 4 0.270257
313 4 0.173592
314 4 0.264725
315 4 0.149433
316 4 0.034507
317 4 0.282685
318 4 0.213221
319 4 0.284173
320 4 0.291452
321 4 0.215388
322 4 0.243381
323 4 0.375212
324 4 0.248139
325 4 0.360634
326 4 0.222404
327 4 0.351038
328 4 0.061324
329 4 0.110983
330 4 0.258605
331 4 0.219282
332 4 0.326410
333 4 0.261333
334 4 0.252192
335 4 0.302631
336 4 0.207695
337 4 0.295650
338 4 0.083941
339 4 0.236702
340 4 0.227963
341 4 0.164854
342 4 0.267237
343 4 0.030539
344 4 0.888656
345 4 0.263677
346 4 0.236081
347 4 0.734040
348 4 0.130277
349 4 0.225546
350 4 0.363089
351 4 0.171147
352 4 0.261136
353 4 0.268518
354 4 0.038102
355 4 0.157525
356 4 0.280381
357 4 0.350050
358 4 0.301118
359 4 0.054690
360 4 0.077569
361 4 0.439542
362 4 0.266818
363 4 0.383095
364 4 0.390198
365 4 0.452879
366 4 0.254334
367 4 0.161146
368 4 0.107286
369 4 0.196151
370 4 0.087648
371 4 0.079256
372 4 0.160014
373 4 0.149148
374 4 0.165311
375 4 0.136025
376 4 0.227524
377 4 0.230407
378 4 0.240880
379 4 0.360632
380 4 0.192578
381 4 0.170946
382 4 0.518070
383 4 1.041088
384 4 0.391657
385 4 0.273352
386 4 0.331167
387 4 0.475925
388 4 0.167694
389 4 0.261292
390 4 0.291419
391 4 0.325891
392 4 0.210260
393 4 0.391341
394 4 0.234257
395 4 0.975583
396 4 0.252839
397 4 0.431415
398 4 0.405007
399 4 0.204180
400 5 0.342676
401 5 0.369350
402 5 0.185128
403 5 0.099168
404 5 0.267037
405 5 0.164229
406 5 0.328042
407 5 0.756330
408 5 0.182658
409 5 0.341920
410 5 0.457181
411 5 1.085998
412 5 0.175417
413 5 0.052134
414 5 0.275265
415 5 0.285920
416 5 0.099199
417 5 0.228052
418 5 0.132864
419 5 0.214328
420 5 0.334045
421 5 0.041599
422 5 0.219750
423 5 0.107413
424 5 0.263891
425 5 0.310123
426 5 0.261835
427 5 0.209009
428 5 0.167102
429 5 0.086927
430 5 0.355076
431 5 0.437908
432 5 0.319445
433 5 0.185333
434 5 0.293131
435 5 0.235152
436 5 0.212690
437 5 0.314226
438 5 0.030357
439 5 0.272563
440 5 0.298650
441 5 0.243256
442 5 0.283313
443 5 0.169674
444 5 0.178303
445 5 0.123304
446 5 0.200803
447 5 0.300847
448 5 0.369695
449 5 0.288366
450 5 0.281830
451 5 0.409469
452 5 0.361017
453 5 0.049142
454 5 0.239376
455 5 0.229666
456 5 0.193453
457 5 0.166993
458 5 0.385230
459 5 0.172218
460 5 0.288899
461 5 0.106997
462 5 0.388515
463 5 0.172388
464 5 0.327497
465 5 0.233521
466 5 0.227675
467 5 0.177533
468 5 0.296018
469 5 0.226364
470 5 0.208761
471 5 0.244812
472 5 0.034246
473 5 0.261389
474 5 0.190461
475 5 0.745034
476 5 0.295480
477 5 0.173024
478 5 0.148031
479 5 0.173665
480 5 0.189755
481 5 0.956983
482 5 0.329896
483 5 0.209436
484 5 0.075037
485 5 0.281348
486 5 0.365832
487 5 0.523201
488 5 0.351734
489 5 0.254973
490 5 0.194599
491 5 0.256634
492 5 0.415636
493 5 0.431616
494 5 0.223499
495 5 0.239344
496 5 0.334781
497 5 0.168220
498 5 0.152097
499 5 0.106436
500 6 0.177328
501 6 0.026504
502 6 0.151959
503 6 0.235775
504 6 0.384663
505 6 0.281524
506 6 0.030269
507 6 0.261732
508 6 0.774355
509 6 0.351149
510 6 0.157084
511 6 0.171823
512 6 0.238918
513 6 0.154868
514 6 0.395640
515 6 0.396872
516 6 0.106312
517 6 0.226277
518 6 0.181341
519 6 0.314100
520 6 0.298558
521 6 0.249463
522 6 0.247079
523 6 0.202949
524 6 0.219219
525 6 0.252240
526 6 0.231722
527 6 0.321839
528 6 0.082978
529 6 0.249783
530 6 0.319930
531 6 0.208271
532 6 0.294947
533 6 0.212281
534 6 0.172809
535 6 0.171031
536 6 0.397037
537 6 0.193212
538 6 0.361543
539 6 0.154758
540 6 0.370581
541 6 0.282241
542 6 0.157588
543 6 0.151870
544 6 0.268682
545 6 0.322239
546 6 0.157370
547 6 0.319601
548 6 0.358626
549 6 0.249204
550 6 0.288820
551 6 0.056852
552 6 0.132497
553 6 0.059981
554 6 0.199134
555 6 0.230804
556 6 0.327648
557 6 0.235829
558 6 0.375447
559 6 0.048850
560 6 0.170642
561 6 0.128421
562 6 0.152346
563 6 0.185184
564 6 0.041218
565 6 0.109392
566 6 0.279350
567 6 0.327413
568 6 0.387971
569 6 0.196558
570 6 0.067020
571 6 0.280108
572 6 0.190137
573 6 0.127290
574 6 0.309213
575 6 0.173394
576 6 0.110785
577 6 0.183776
578 6 0.147155
579 6 0.155257
580 6 0.290612
581 6 0.950414
582 6 0.185355
583 6 0.275582
584 6 0.416712
585 6 0.150379
586 6 0.252868
587 6 0.322506
588 6 0.191885
589 6 0.773337
590 6 0.983809
591 6 0.229824
592 6 0.187571
593 6 0.279022
594 6 0.305581
595 6 0.346892
596 6 0.139160
597 6 0.140033
598 6 0.176877
599 6 0.357983
600 7 0.146626
601 7 0.454543
602 7 0.120411
603 7 0.393561
604 7 0.030131
605 7 0.235369
606 7 0.353558
607 7 0.332959
608 7 0.291467
609 7 0.300392
610 7 0.274406
611 7 0.318822
612 7 0.259596
613 7 0.228860
614 7 0.187781
615 7 0.258244
616 7 0.276525
617 7 0.094896
618 7 0.194465
619 7 0.188956
620 7 0.041073
621 7 0.135272
622 7 0.151802
623 7 0.215393
624 7 0.167833
625 7 0.146737
626 7 0.432743
627 7 0.266532
628 7 0.198493
629 7 0.276238
630 7 0.394316
631 7 0.219788
632 7 0.150903
633 7 0.232263
634 7 0.191059
635 7 0.108923
636 7 0.026368
637 7 0.165268
638 7 0.239665
639 7 0.259840
640 7 0.176210
641 7 0.220218
642 7 0.294346
643 7 0.223609
644 7 0.210347
645 7 0.223254
646 7 0.244294
647 7 0.295709
648 7 0.360299
649 7 0.092246
650 7 0.183377
651 7 0.747790
652 7 0.393028
653 7 0.723588
654 7 0.164551
655 7 0.292514
656 7 0.131943
657 7 0.202144
658 7 0.289441
659 7 0.204192
660 7 0.166523
661 7 0.240218
662 7 0.252114
663 7 0.259116
664 7 0.254634
665 7 0.381795
666 7 0.264118
667 7 0.198138
668 7 0.153620
669 7 0.196468
670 7 0.239271
671 7 0.193865
672 7 0.945040
673 7 1.002872
674 7 0.244401
675 7 0.258017
676 7 0.394067
677 7 0.239478
678 7 0.225449
679 7 0.225199
680 7 0.268809
681 7 0.105142
682 7 0.146456
683 7 0.420570
684 7 0.257630
685 7 0.295502
686 7 0.373186
687 7 0.134421
688 7 0.033978
689 7 0.192467
690 7 0.350058
691 7 0.224012
692 7 0.156118
693 7 0.048481
694 7 0.325163
695 7 0.326643
696 7 0.139815
697 7 0.130618
698 7 0.126237
699 7 0.332780
700 8 0.422304
701 8 0.145730
702 8 0.261936
703 8 0.683779
704 8 0.251551
705 8 0.260488
706 8 0.056430
707 8 0.246077
708 8 0.302178
709 8 0.161475
710 8 0.365817
711 8 0.270449
712 8 0.108410
713 8 0.255270
714 8 0.247433
715 8 0.365307
716 8 0.937248
717 8 0.313778
718 8 0.764257
719 8 0.394525
720 8 0.211011
721 8 0.343191
722 8 0.152903
723 8 0.104855
724 8 0.203814
725 8 0.210033
726 8 0.272493
727 8 0.219087
728 8 0.243349
729 8 0.218962
730 8 0.082013
731 8 0.174186
732 8 0.233088
733 8 0.234862
734 8 0.226494
735 8 0.142155
736 8 0.202129
737 8 0.203275
738 8 0.131345
739 8 0.273966
740 8 0.217783
741 8 0.307887
742 8 0.187446
743 8 0.289776
744 8 0.290241
745 8 0.138880
746 8 0.048343
747 8 0.298033
748 8 0.162928
749 8 0.180024
750 8 0.155994
751 8 0.328986
752 8 0.178668
753 8 0.188246
754 8 0.266738
755 8 0.194344
756 8 0.294047
757 8 0.212382
758 8 0.150400
759 8 0.171627
760 8 0.196952
761 8 0.305149
762 8 0.268840
763 8 0.145957
764 8 0.337721
765 8 0.220407
766 8 0.235578
767 8 0.300246
768 8 0.335440
769 8 0.026313
770 8 0.190032
771 8 0.241768
772 8 0.185055
773 8 0.322333
774 8 0.283698
775 8 0.130299
776 8 0.180452
777 8 0.225130
778 8 0.205086
779 8 0.033899
780 8 0.392273
781 8 0.267307
782 8 0.136860
783 8 0.067256
784 8 0.040768
785 8 0.283179
786 8 0.312694
787 8 0.126115
788 8 0.334071
789 8 0.029955
790 8 0.287155
791 8 0.155592
792 8 0.257709
793 8 0.955781
794 8 0.328688
795 8 0.178559
796 8 0.264410
797 8 0.181562
798 8 0.185836
799 8 0.252219
800 9 0.252584
801 9 0.233931
802 9 0.189009
803 9 0.256475
804 9 0.296613
805 9 0.187813
806 9 0.161931
807 9 0.145338
808 9 0.346409
809 9 0.169097
810 9 0.247173
811 9 0.229804
812 9 0.395127
813 9 0.178437
814 9 0.234951
815 9 0.211147
816 9 0.216378
817 9 0.109620
818 9 0.895757
819 9 0.251632
820 9 0.209274
821 9 0.265903
822 9 0.242232
823 9 0.285986
824 9 0.170586
825 9 0.137909
826 9 0.242797
827 9 0.137389
828 9 0.333301
829 9 0.330579
830 9 0.029906
831 9 0.365711
832 9 0.166168
833 9 0.141517
834 9 0.255980
835 9 0.026260
836 9 0.210616
837 9 0.341403
838 9 0.416083
839 9 0.253780
840 9 0.252238
841 9 0.278447
842 9 0.347780
843 9 0.142317
844 9 0.325042
845 9 0.156173
846 9 0.219621
847 9 0.372737
848 9 0.070047
849 9 0.264530
850 9 0.174677
851 9 0.302007
852 9 0.209972
853 9 0.342862
854 9 0.224313
855 9 0.214483
856 9 0.173002
857 9 0.133541
858 9 0.289837
859 9 0.221449
860 9 0.404195
861 9 0.100404
862 9 0.160635
863 9 0.221351
864 9 0.145144
865 9 0.203404
866 9 0.282469
867 9 0.211852
868 9 0.256373
869 9 0.204902
870 9 0.165828
871 9 0.175806
872 9 0.176103
873 9 0.351425
874 9 0.311792
875 9 0.244465
876 9 0.057337
877 9 0.081492
878 9 0.399797
879 9 0.286685
880 9 0.168602
881 9 0.327389
882 9 0.307071
883 9 0.126327
884 9 0.300014
885 9 0.151790
886 9 0.124885
887 9 0.665350
888 9 0.151602
889 9 0.261710
890 9 0.281346
891 9 0.983075
892 9 0.162896
893 9 0.146111
894 9 0.176195
895 9 0.708717
896 9 0.058857
897 9 0.187399
898 9 0.096954
899 9 0.311143
900 10 0.181471
901 10 0.095355
902 10 0.225396
903 10 0.299004
904 10 0.275042
905 10 0.312840
906 10 0.144170
907 10 0.096887
908 10 0.170511
909 10 0.250680
910 10 0.319708
911 10 0.304761
912 10 0.724229
913 10 0.081980
914 10 0.081341
915 10 0.405465
916 10 0.136757
917 10 0.272894
918 10 0.370766
919 10 0.257896
920 10 0.153460
921 10 0.291791
922 10 0.100119
923 10 0.278058
924 10 0.298805
925 10 0.199583
926 10 0.179733
927 10 0.265369
928 10 0.243488
929 10 0.201907
930 10 0.235616
931 10 0.222522
932 10 0.347652
933 10 0.184424
934 10 0.249995
935 10 0.243232
936 10 0.255665
937 10 0.207080
938 10 0.200943
939 10 0.144078
940 10 0.220377
941 10 0.323015
942 10 0.347284
943 10 0.029857
944 10 0.144414
945 10 0.246957
946 10 0.424577
947 10 0.243481
948 10 0.037088
949 10 0.253842
950 10 0.225003
951 10 0.232167
952 10 0.175532
953 10 0.268523
954 10 0.238726
955 10 0.871770
956 10 0.261588
957 10 0.169653
958 10 0.261845
959 10 0.204989
960 10 0.179828
961 10 0.217405
962 10 0.127306
963 10 0.266715
964 10 0.145973
965 10 0.233161
966 10 0.258087
967 10 0.173210
968 10 0.192372
969 10 0.253457
970 10 0.047880
971 10 0.241762
972 10 0.228746
973 10 0.071239
974 10 0.319047
975 10 0.148527
976 10 0.290447
977 10 0.168505
978 10 0.107119
979 10 0.404108
980 10 0.362508
981 10 0.176180
982 10 0.058640
983 10 0.055304
984 10 0.195237
985 10 0.232133
986 10 0.218479
987 10 0.277160
988 10 0.282890
989 10 0.162138
990 10 0.168041
991 10 0.640776
992 10 0.184158
993 10 0.143499
994 10 0.351435
995 10 0.302542
996 10 0.121536
997 10 0.445220
998 10 0.886497
999 10 0.245498
1000 11 0.923691
1001 11 0.191170
1002 11 0.150850
1003 11 0.319483
1004 11 0.300512
1005 11 0.173131
1006 11 0.064164
1007 11 0.315158
1008 11 0.158222
1009 11 0.172498
1010 11 0.172738
1011 11 0.244250
1012 11 0.199227
1013 11 0.840244
1014 11 0.194932
1015 11 0.225968
1016 11 0.248314
1017 11 0.040351
1018 11 0.349637
1019 11 0.257967
1020 11 0.172424
1021 11 0.237040
1022 11 0.283413
1023 11 0.114605
1024 11 0.247025
1025 11 0.228050
1026 11 0.214967
1027 11 0.197092
1028 11 0.344769
1029 11 0.320409
1030 11 0.326754
1031 11 0.218067
1032 11 0.227429
1033 11 0.371561
1034 11 0.082885
1035 11 0.192116
1036 11 0.257231
1037 11 0.029771
1038 11 0.033735
1039 11 0.198700
1040 11 0.150088
1041 11 0.364958
1042 11 0.331910
1043 11 0.258263
1044 11 0.143724
1045 11 0.204188
1046 11 0.190938
1047 11 0.136467
1048 11 0.295827
1049 11 0.179482
1050 11 0.068294
1051 11 0.264706
1052 11 0.199542
1053 11 0.159494
1054 11 0.297850
1055 11 0.172895
1056 11 0.230251
1057 11 0.231083
1058 11 0.384124
1059 11 0.701818
1060 11 0.218901
1061 11 0.199070
1062 11 0.274409
1063 11 0.273823
1064 11 0.270202
1065 11 0.340782
1066 11 0.320002
1067 11 0.304007
1068 11 0.187505
1069 11 0.106093
1070 11 0.026206
1071 11 0.328021
1072 11 0.324038
1073 11 0.113460
1074 11 0.299741
1075 11 0.216896
1076 11 0.178135
1077 11 0.287498
1078 11 0.180215
1079 11 0.261974
1080 11 0.251709
1081 11 0.055668
1082 11 0.168921
1083 11 0.301364
1084 11 0.232995
1085 11 0.644675
1086 11 0.232341
1087 11 0.197272
1088 11 0.099474
1089 11 0.303752
1090 11 0.128017
1091 11 0.225108
1092 11 0.260872
1093 11 0.135694
1094 11 0.395827
1095 11 0.237907
1096 11 0.255596
1097 11 0.091851
1098 11 0.132888
1099 11 0.251944
1100 12 0.210817
1101 12 0.218385
1102 12 0.235572
1103 12 0.291637
1104 12 0.230303
1105 12 0.271583
1106 12 0.177629
1107 12 0.147547
1108 12 0.284042
1109 12 0.178518
1110 12 0.150408
1111 12 0.225723
1112 12 0.183095
1113 12 0.143568
1114 12 0.250294
1115 12 0.318622
1116 12 0.036912
1117 12 0.316830
1118 12 0.305037
1119 12 0.146907
1120 12 0.177443
1121 12 0.131705
1122 12 0.202037
1123 12 0.269059
1124 12 0.055626
1125 12 0.143107
1126 12 0.322390
1127 12 0.149366
1128 12 0.399998
1129 12 0.120737
1130 12 0.184587
1131 12 0.262661
1132 12 0.386555
1133 12 0.229221
1134 12 0.253119
1135 12 0.186396
1136 12 0.173043
1137 12 0.083065
1138 12 0.749421
1139 12 0.240875
1140 12 0.259622
1141 12 0.228427
1142 12 0.224087
1143 12 0.338492
1144 12 0.194821
1145 12 0.630592
1146 12 0.292068
1147 12 0.328019
1148 12 0.033711
1149 12 0.272890
1150 12 0.426013
1151 12 0.281047
1152 12 0.084147
1153 12 0.104272
1154 12 0.167565
1155 12 0.188855
1156 12 0.140903
1157 12 0.229400
1158 12 0.071192
1159 12 0.267660
1160 12 0.108715
1161 12 0.301949
1162 12 0.182289
1163 12 0.349698
1164 12 0.215439
1165 12 0.219213
1166 12 0.234170
1167 12 0.815883
1168 12 0.149021
1169 12 0.171633
1170 12 0.237749
1171 12 0.289051
1172 12 0.202244
1173 12 0.026242
1174 12 0.279004
1175 12 0.112958
1176 12 0.134860
1177 12 0.213023
1178 12 0.168437
1179 12 0.317831
1180 12 0.182591
1181 12 0.165247
1182 12 0.280183
1183 12 0.128624
1184 12 0.843529
1185 12 0.363518
1186 12 0.095670
1187 12 0.135192
1188 12 0.257739
1189 12 0.215158
1190 12 0.211139
1191 12 0.375279
1192 12 0.240304
1193 12 0.155734
1194 12 0.174206
1195 12 0.179447
1196 12 0.187045
1197 12 0.149250
1198 12 0.327684
1199 12 0.199407
1200 13 0.147563
1201 13 0.080428
1202 13 0.297101
1203 13 0.140235
1204 13 0.336043
1205 13 0.284323
1206 13 0.284357
1207 13 0.285328
1208 13 0.221446
1209 13 0.439103
1210 13 0.202553
1211 13 0.271639
1212 13 0.259042
1213 13 0.176196
1214 13 0.177515
1215 13 0.221075
1216 13 0.312147
1217 13 0.274171
1218 13 0.181430
1219 13 0.131735
1220 13 0.234098
1221 13 0.098979
1222 13 0.204374
1223 13 0.192125
1224 13 0.375929
1225 13 0.047432
1226 13 0.191787
1227 13 0.141769
1228 13 0.238898
1229 13 0.236365
1230 13 0.277343
1231 13 0.055768
1232 13 0.146881
1233 13 0.150640
1234 13 0.175538
1235 13 0.457660
1236 13 0.229967
1237 13 0.245194
1238 13 0.198893
1239 13 0.160484
1240 13 0.234247
1241 13 0.217600
1242 13 0.108211
1243 13 0.202307
1244 13 0.228299
1245 13 0.061474
1246 13 0.163963
1247 13 0.163846
1248 13 0.182322
1249 13 0.055433
1250 13 0.427465
1251 13 0.251906
1252 13 0.165638
1253 13 0.086299
1254 13 0.205395
1255 13 0.156746
1256 13 0.199970
1257 13 0.316737
1258 13 0.290521
1259 13 0.643875
1260 13 0.184358
1261 13 0.285414
1262 13 0.300129
1263 13 0.279053
1264 13 0.304608
1265 13 0.205860
1266 13 0.176712
1267 13 0.135686
1268 13 0.229461
1269 13 0.289269
1270 13 0.273310
1271 13 0.276954
1272 13 0.134587
1273 13 0.220768
1274 13 0.242412
1275 13 0.265619
1276 13 0.267211
1277 13 0.400427
1278 13 0.257735
1279 13 0.235415
1280 13 0.134611
1281 13 0.135723
1282 13 0.235091
1283 13 0.237390
1284 13 0.081069
1285 13 0.239445
1286 13 0.146179
1287 13 0.249638
1288 13 0.193103
1289 13 0.272379
1290 13 0.597025
1291 13 0.232472
1292 13 0.128082
1293 13 0.212154
1294 13 0.822476
1295 13 0.845356
1296 13 0.214227
1297 13 0.273923
1298 13 0.029757
1299 13 0.040040
1300 14 0.135091
1301 14 0.806964
1302 14 0.289034
1303 14 0.340499
1304 14 0.267478
1305 14 0.213946
1306 14 0.160890
1307 14 0.033707
1308 14 0.389938
1309 14 0.238844
1310 14 0.262763
1311 14 0.238753
1312 14 0.141923
1313 14 0.102611
1314 14 0.189252
1315 14 0.300241
1316 14 0.278426
1317 14 0.222180
1318 14 0.349948
1319 14 0.110963
1320 14 0.057913
1321 14 0.226209
1322 14 0.061381
1323 14 0.659077
1324 14 0.177189
1325 14 0.142119
1326 14 0.211731
1327 14 0.179062
1328 14 0.216686
1329 14 0.228798
1330 14 0.312208
1331 14 0.134191
1332 14 0.227688
1333 14 0.237013
1334 14 0.158694
1335 14 0.240300
1336 14 0.298231
1337 14 0.238389
1338 14 0.178220
1339 14 0.206753
1340 14 0.217075
1341 14 0.146067
1342 14 0.126617
1343 14 0.803566
1344 14 0.188869
1345 14 0.288682
1346 14 0.165446
1347 14 0.233429
1348 14 0.222295
1349 14 0.218498
1350 14 0.373422
1351 14 0.247186
1352 14 0.126968
1353 14 0.152698
1354 14 0.318055
1355 14 0.295211
1356 14 0.230722
1357 14 0.170818
1358 14 0.251657
1359 14 0.383822
1360 14 0.245071
1361 14 0.260506
1362 14 0.194064
1363 14 0.216016
1364 14 0.148655
1365 14 0.156861
1366 14 0.252776
1367 14 0.194981
1368 14 0.140955
1369 14 0.223208
1370 14 0.232016
1371 14 0.362935
1372 14 0.157233
1373 14 0.151753
1374 14 0.303438
1375 14 0.079974
1376 14 0.337769
1377 14 0.182028
1378 14 0.206472
1379 14 0.287337
1380 14 0.195448
1381 14 0.254869
1382 14 0.271260
1383 14 0.188657
1384 14 0.233448
1385 14 0.310041
1386 14 0.285643
1387 14 0.212621
1388 14 0.330182
1389 14 0.649788
1390 14 0.145055
1391 14 0.304851
1392 14 0.055346
1393 14 0.273932
1394 14 0.157113
1395 14 0.280930
1396 14 0.420669
1397 14 0.055326
1398 14 0.265470
1399 14 0.265916
1400 15 0.247324
1401 15 0.158922
1402 15 0.157010
1403 15 0.280103
1404 15 0.198467
1405 15 0.308024
1406 15 0.437973
1407 15 0.347272
1408 15 0.277423
1409 15 0.286571
1410 15 0.156779
1411 15 0.257553
1412 15 0.302959
1413 15 0.246470
1414 15 0.204798
1415 15 0.323586
1416 15 0.240054
1417 15 0.156620
1418 15 0.026325
1419 15 0.227042
1420 15 0.343831
1421 15 0.143670
1422 15 0.184866
1423 15 0.175090
1424 15 0.181154
1425 15 0.674520
1426 15 0.180535
1427 15 0.057653
1428 15 0.101779
1429 15 0.164207
1430 15 0.224086
1431 15 0.135251
1432 15 0.172286
1433 15 0.219369
1434 15 0.144833
1435 15 0.214963
1436 15 0.611069
1437 15 0.187651
1438 15 0.163656
1439 15 0.241057
1440 15 0.198423
1441 15 0.149917
1442 15 0.134451
1443 15 0.271223
1444 15 0.095292
1445 15 0.270853
1446 15 0.253428
1447 15 0.330264
1448 15 0.212822
1449 15 0.109300
1450 15 0.339603
1451 15 0.170746
1452 15 0.169406
1453 15 0.335216
1454 15 0.142133
1455 15 0.440763
1456 15 0.104901
1457 15 0.039937
1458 15 0.061349
1459 15 0.256428
1460 15 0.145862
1461 15 0.126146
1462 15 0.185540
1463 15 0.029775
1464 15 0.212289
1465 15 0.300239
1466 15 0.215087
1467 15 0.760980
1468 15 0.098283
1469 15 0.173208
1470 15 0.248134
1471 15 0.747012
1472 15 0.253556
1473 15 0.264959
1474 15 0.258976
1475 15 0.362507
1476 15 0.373985
1477 15 0.185528
1478 15 0.242890
1479 15 0.449565
1480 15 0.289171
1481 15 0.134022
1482 15 0.318288
1483 15 0.129394
1484 15 0.263296
1485 15 0.220344
1486 15 0.189839
1487 15 0.223984
1488 15 0.055234
1489 15 0.267224
1490 15 0.230074
1491 15 0.202019
1492 15 0.298277
1493 15 0.330278
1494 15 0.233616
1495 15 0.371017
1496 15 0.174747
1497 15 0.237540
1498 15 0.331034
1499 15 0.125910
1500 16 0.347306
1501 16 0.129655
1502 16 0.291402
1503 16 0.187105
1504 16 0.175204
1505 16 0.232350
1506 16 0.029793
1507 16 0.148941
1508 16 0.226396
1509 16 0.157615
1510 16 0.615250
1511 16 0.240349
1512 16 0.124415
1513 16 0.250973
1514 16 0.165033
1515 16 0.302765
1516 16 0.282980
1517 16 0.198481
1518 16 0.241817
1519 16 0.219105
1520 16 0.232557
1521 16 0.351462
1522 16 0.259536
1523 16 0.234621
1524 16 0.253723
1525 16 0.131003
1526 16 0.283533
1527 16 0.388096
1528 16 0.287051
1529 16 0.223696
1530 16 0.179507
1531 16 0.203402
1532 16 0.086677
1533 16 0.036803
1534 16 0.120003
1535 16 0.184031
1536 16 0.276060
1537 16 0.704495
1538 16 0.055203
1539 16 0.171579
1540 16 0.415346
1541 16 0.366125
1542 16 0.301611
1543 16 0.267549
1544 16 0.221140
1545 16 0.125559
1546 16 0.215293
1547 16 0.301449
1548 16 0.273520
1549 16 0.192719
1550 16 0.268671
1551 16 0.265032
1552 16 0.079587
1553 16 0.159193
1554 16 0.696999
1555 16 0.157975
1556 16 0.213745
1557 16 0.039885
1558 16 0.153075
1559 16 0.266414
1560 16 0.191458
1561 16 0.230611
1562 16 0.202762
1563 16 0.405815
1564 16 0.116032
1565 16 0.207084
1566 16 0.186041
1567 16 0.176942
1568 16 0.222228
1569 16 0.287429
1570 16 0.289052
1571 16 0.304350
1572 16 0.215517
1573 16 0.153964
1574 16 0.026416
1575 16 0.332651
1576 16 0.234770
1577 16 0.153919
1578 16 0.330593
1579 16 0.264770
1580 16 0.173893
1581 16 0.190242
1582 16 0.243833
1583 16 0.062511
1584 16 0.275384
1585 16 0.260976
1586 16 0.236152
1587 16 0.248247
1588 16 0.418197
1589 16 0.175822
1590 16 0.242968
1591 16 0.047067
1592 16 0.139754
1593 16 0.289682
1594 16 0.182645
1595 16 0.593057
1596 16 0.295629
1597 16 0.162540
1598 16 0.204180
1599 16 0.243584
1600 17 0.039839
1601 17 0.251664
1602 17 0.210045
1603 17 0.231823
1604 17 0.163644
1605 17 0.300725
1606 17 0.156120
1607 17 0.297878
1608 17 0.330677
1609 17 0.313036
1610 17 0.207222
1611 17 0.559221
1612 17 0.327887
1613 17 0.450425
1614 17 0.645028
1615 17 0.026436
1616 17 0.154202
1617 17 0.346127
1618 17 0.097856
1619 17 0.208078
1620 17 0.254442
1621 17 0.128776
1622 17 0.271995
1623 17 0.186692
1624 17 0.218888
1625 17 0.178750
1626 17 0.280935
1627 17 0.182790
1628 17 0.134626
1629 17 0.080402
1630 17 0.079417
1631 17 0.248526
1632 17 0.137329
1633 17 0.170310
1634 17 0.124847
1635 17 0.203538
1636 17 0.205774
1637 17 0.225669
1638 17 0.314321
1639 17 0.178864
1640 17 0.201140
1641 17 0.237688
1642 17 0.207395
1643 17 0.145373
1644 17 0.523717
1645 17 0.139466
1646 17 0.305039
1647 17 0.331713
1648 17 0.299357
1649 17 0.242498
1650 17 0.126919
1651 17 0.155495
1652 17 0.222645
1653 17 0.606029
1654 17 0.276240
1655 17 0.260013
1656 17 0.029851
1657 17 0.154132
1658 17 0.213281
1659 17 0.240399
1660 17 0.653642
1661 17 0.175909
1662 17 0.209472
1663 17 0.152211
1664 17 0.231239
1665 17 0.047019
1666 17 0.055145
1667 17 0.224539
1668 17 0.237055
1669 17 0.269285
1670 17 0.057405
1671 17 0.079191
1672 17 0.128544
1673 17 0.181581
1674 17 0.348517
1675 17 0.341946
1676 17 0.221227
1677 17 0.308107
1678 17 0.108971
1679 17 0.259864
1680 17 0.332152
1681 17 0.291578
1682 17 0.155194
1683 17 0.277962
1684 17 0.265757
1685 17 0.260877
1686 17 0.197118
1687 17 0.194778
1688 17 0.214736
1689 17 0.145395
1690 17 0.291643
1691 17 0.386169
1692 17 0.209472
1693 17 0.036800
1694 17 0.180224
1695 17 0.161046
1696 17 0.144330
1697 17 0.209422
1698 17 0.248131
1699 17 0.191010
1700 18 0.232016
1701 18 0.176642
1702 18 0.300480
1703 18 0.202216
1704 18 0.225230
1705 18 0.652723
1706 18 0.227046
1707 18 0.454902
1708 18 0.125149
1709 18 0.177573
1710 18 0.180506
1711 18 0.248551
1712 18 0.139102
1713 18 0.235448
1714 18 0.201202
1715 18 0.252325
1716 18 0.279821
1717 18 0.220932
1718 18 0.148554
1719 18 0.175354
1720 18 0.033885
1721 18 0.541974
1722 18 0.270263
1723 18 0.656906
1724 18 0.224598
1725 18 0.245883
1726 18 0.322724
1727 18 0.287096
1728 18 0.246174
1729 18 0.133241
1730 18 0.241145
1731 18 0.260777
1732 18 0.246650
1733 18 0.221307
1734 18 0.258714
1735 18 0.039785
1736 18 0.261234
1737 18 0.221473
1738 18 0.055112
1739 18 0.224427
1740 18 0.249924
1741 18 0.108990
1742 18 0.058853
1743 18 0.250301
1744 18 0.162973
1745 18 0.267573
1746 18 0.143208
1747 18 0.172649
1748 18 0.322252
1749 18 0.350054
1750 18 0.233657
1751 18 0.188894
1752 18 0.273805
1753 18 0.273966
1754 18 0.206614
1755 18 0.144591
1756 18 0.241481
1757 18 0.247804
1758 18 0.265921
1759 18 0.312401
1760 18 0.180417
1761 18 0.138315
1762 18 0.216481
1763 18 0.264880
1764 18 0.253000
1765 18 0.343191
1766 18 0.293172
1767 18 0.248138
1768 18 0.260063
1769 18 0.217784
1770 18 0.644949
1771 18 0.239402
1772 18 0.301002
1773 18 0.029876
1774 18 0.188487
1775 18 0.186929
1776 18 0.317089
1777 18 0.238310
1778 18 0.238599
1779 18 0.327185
1780 18 0.413891
1781 18 0.257686
1782 18 0.135992
1783 18 0.282963
1784 18 0.218073
1785 18 0.245796
1786 18 0.198414
1787 18 0.128161
1788 18 0.261306
1789 18 0.146565
1790 18 0.250752
1791 18 0.262292
1792 18 0.322069
1793 18 0.090623
1794 18 0.192187
1795 18 0.079170
1796 18 0.140137
1797 18 0.190685
1798 18 0.258837
1799 18 0.154958
1800 19 0.312099
1801 19 0.265644
1802 19 0.179284
1803 19 0.298664
1804 19 0.278151
1805 19 0.369437
1806 19 0.212336
1807 19 0.271706
1808 19 0.175960
1809 19 0.351305
1810 19 0.200196
1811 19 0.162283
1812 19 0.280354
1813 19 0.256565
1814 19 0.185541
1815 19 0.283240
1816 19 0.264648
1817 19 0.248157
1818 19 0.274664
1819 19 0.190283
1820 19 0.563189
1821 19 0.341468
1822 19 0.232599
1823 19 0.069573
1824 19 0.213882
1825 19 0.156946
1826 19 0.156555
1827 19 0.398598
1828 19 0.227405
1829 19 0.276022
1830 19 0.269076
1831 19 0.145721
1832 19 0.247066
1833 19 0.314414
1834 19 0.281898
1835 19 0.053053
1836 19 0.174217
1837 19 0.155182
1838 19 0.129789
1839 19 0.233682
1840 19 0.247619
1841 19 0.554795
1842 19 0.310359
1843 19 0.256112
1844 19 0.127700
1845 19 0.204732
1846 19 0.182532
1847 19 0.101352
1848 19 0.151656
1849 19 0.306574
1850 19 0.097427
1851 19 0.163367
1852 19 0.160869
1853 19 0.163477
1854 19 0.280334
1855 19 0.133070
1856 19 0.202768
1857 19 0.167146
1858 19 0.221827
1859 19 0.291288
1860 19 0.278903
1861 19 0.033966
1862 19 0.253101
1863 19 0.283150
1864 19 0.219030
1865 19 0.243165
1866 19 0.297997
1867 19 0.276837
1868 19 0.324257
1869 19 0.234932
1870 19 0.210433
1871 19 0.688128
1872 19 0.275876
1873 19 0.264680
1874 19 0.335033
1875 19 0.261306
1876 19 0.267145
1877 19 0.101407
1878 19 0.669415
1879 19 0.131094
1880 19 0.134093
1881 19 0.200007
1882 19 0.060547
1883 19 0.182656
1884 19 0.206632
1885 19 0.201970
1886 19 0.278726
1887 19 0.155804
1888 19 0.202808
1889 19 0.151923
1890 19 0.343509
1891 19 0.210569
1892 19 0.220453
1893 19 0.237644
1894 19 0.269556
1895 19 0.217763
1896 19 0.190382
1897 19 0.256486
1898 19 0.039721
1899 19 0.124980
1900 20 0.141611
1901 20 0.247422
1902 20 0.192673
1903 20 0.161065
1904 20 0.210881
1905 20 0.325715
1906 20 0.154845
1907 20 0.143943
1908 20 0.232282
1909 20 0.277128
1910 20 0.132839
1911 20 0.186684
1912 20 0.141742
1913 20 0.169286
1914 20 0.180790
1915 20 0.293074
1916 20 0.221799
1917 20 0.180956
1918 20 0.294354
1919 20 0.054074
1920 20 0.251816
1921 20 0.164592
1922 20 0.326802
1923 20 0.209238
1924 20 0.384863
1925 20 0.311202
1926 20 0.340036
1927 20 0.282136
1928 20 0.200149
1929 20 0.180075
1930 20 0.632763
1931 20 0.379071
1932 20 0.282823
1933 20 0.254832
1934 20 0.265482
1935 20 0.328791
1936 20 0.192958
1937 20 0.077455
1938 20 0.266670
1939 20 0.193847
1940 20 0.171708
1941 20 0.191384
1942 20 0.096442
1943 20 0.194156
1944 20 0.066202
1945 20 0.077770
1946 20 0.374360
1947 20 0.212156
1948 20 0.293050
1949 20 0.186501
1950 20 0.124231
1951 20 0.207607
1952 20 0.219452
1953 20 0.180976
1954 20 0.161305
1955 20 0.181133
1956 20 0.216366
1957 20 0.181791
1958 20 0.319726
1959 20 0.234631
1960 20 0.197320
1961 20 0.049792
1962 20 0.192953
1963 20 0.046803
1964 20 0.307187
1965 20 0.215409
1966 20 0.138103
1967 20 0.247788
1968 20 0.219258
1969 20 0.269249
1970 20 0.268934
1971 20 0.211988
1972 20 0.227917
1973 20 0.191906
1974 20 0.145133
1975 20 0.545377
1976 20 0.269322
1977 20 0.326798
1978 20 0.319477
1979 20 0.166803
1980 20 0.552639
1981 20 0.168648
1982 20 0.188789
1983 20 0.619274
1984 20 0.034036
1985 20 0.144045
1986 20 0.269104
1987 20 0.093954
1988 20 0.418477
1989 20 0.391668
1990 20 0.282803
1991 20 0.172720
1992 20 0.347673
1993 20 0.182769
1994 20 0.233191
1995 20 0.177064
1996 20 0.395730
1997 20 0.155510
1998 20 0.284581
1999 20 0.159574
2000 21 0.298495
2001 21 0.197293
2002 21 0.103381
2003 21 0.322536
2004 21 0.178990
2005 21 0.165786
2006 21 0.235659
2007 21 0.261118
2008 21 0.168828
2009 21 0.271009
2010 21 0.189233
2011 21 0.301288
2012 21 0.215801
2013 21 0.156896
2014 21 0.242155
2015 21 0.195278
2016 21 0.057037
2017 21 0.242383
2018 21 0.556712
2019 21 0.231515
2020 21 0.255507
2021 21 0.155172
2022 21 0.256989
2023 21 0.230950
2024 21 0.302722
2025 21 0.192700
2026 21 0.165105
2027 21 0.291541
2028 21 0.216681
2029 21 0.189636
2030 21 0.177841
2031 21 0.117462
2032 21 0.192082
2033 21 0.138844
2034 21 0.238561
2035 21 0.296156
2036 21 0.332457
2037 21 0.076581
2038 21 0.259298
2039 21 0.078848
2040 21 0.151039
2041 21 0.172641
2042 21 0.197712
2043 21 0.260058
2044 21 0.191313
2045 21 0.309788
2046 21 0.346945
2047 21 0.164490
2048 21 0.615827
2049 21 0.324488
2050 21 0.087867
2051 21 0.036847
2052 21 0.175432
2053 21 0.205075
2054 21 0.256266
2055 21 0.218067
2056 21 0.284668
2057 21 0.235637
2058 21 0.070759
2059 21 0.151411
2060 21 0.138644
2061 21 0.055015
2062 21 0.161234
2063 21 0.174911
2064 21 0.293988
2065 21 0.325785
2066 21 0.289802
2067 21 0.260501
2068 21 0.534861
2069 21 0.210403
2070 21 0.224163
2071 21 0.232943
2072 21 0.258810
2073 21 0.097132
2074 21 0.316486
2075 21 0.209329
2076 21 0.236782
2077 21 0.219874
2078 21 0.328677
2079 21 0.273768
2080 21 0.117524
2081 21 0.379618
2082 21 0.296501
2083 21 0.234508
2084 21 0.029992
2085 21 0.034104
2086 21 0.283418
2087 21 0.175251
2088 21 0.185863
2089 21 0.270538
2090 21 0.084798
2091 21 0.127661
2092 21 0.584653
2093 21 0.363221
2094 21 0.195344
2095 21 0.238992
2096 21 0.162081
2097 21 0.154029
2098 21 0.204430
2099 21 0.167327
2100 22 0.403848
2101 22 0.301355
2102 22 0.097076
2103 22 0.394427
2104 22 0.282498
2105 22 0.327594
2106 22 0.265483
2107 22 0.301883
2108 22 0.243399
2109 22 0.030019
2110 22 0.301962
2111 22 0.223144
2112 22 0.055036
2113 22 0.306156
2114 22 0.106442
2115 22 0.524419
2116 22 0.208044
2117 22 0.103815
2118 22 0.202197
2119 22 0.229374
2120 22 0.246783
2121 22 0.267304
2122 22 0.208461
2123 22 0.215084
2124 22 0.268437
2125 22 0.233293
2126 22 0.291123
2127 22 0.165398
2128 22 0.259673
2129 22 0.117416
2130 22 0.161548
2131 22 0.173615
2132 22 0.176127
2133 22 0.255271
2134 22 0.205068
2135 22 0.346872
2136 22 0.404281
2137 22 0.199804
2138 22 0.123728
2139 22 0.296169
2140 22 0.285151
2141 22 0.232251
2142 22 0.242549
2143 22 0.232274
2144 22 0.189781
2145 22 0.192541
2146 22 0.184343
2147 22 0.215646
2148 22 0.612864
2149 22 0.221492
2150 22 0.169946
2151 22 0.235515
2152 22 0.177423
2153 22 0.164633
2154 22 0.267840
2155 22 0.036892
2156 22 0.034170
2157 22 0.293631
2158 22 0.183235
2159 22 0.254248
2160 22 0.251672
2161 22 0.104838
2162 22 0.119759
2163 22 0.138134
2164 22 0.226771
2165 22 0.201371
2166 22 0.529459
2167 22 0.116831
2168 22 0.170819
2169 22 0.296544
2170 22 0.292945
2171 22 0.251115
2172 22 0.260554
2173 22 0.276954
2174 22 0.300666
2175 22 0.207933
2176 22 0.225179
2177 22 0.060032
2178 22 0.124211
2179 22 0.331775
2180 22 0.180279
2181 22 0.178842
2182 22 0.187889
2183 22 0.284428
2184 22 0.094450
2185 22 0.304334
2186 22 0.196405
2187 22 0.234661
2188 22 0.559731
2189 22 0.166251
2190 22 0.180061
2191 22 0.200711
2192 22 0.078703
2193 22 0.264427
2194 22 0.039664
2195 22 0.137268
2196 22 0.282685
2197 22 0.138444
2198 22 0.211456
2199 22 0.140035
