# Batch convergence for: model=snn-ae encoding=latency architecture=recurrent v_th=1 alpha=0.8 run=3
batch_num epoch batch_loss
0 1 0.570965
1 1 0.619193
2 1 0.472979
3 1 0.320742
4 1 0.733312
5 1 0.511176
6 1 0.471683
7 1 0.524169
8 1 0.451996
9 1 0.460005
10 1 0.521828
11 1 0.438744
12 1 0.410385
13 1 0.473862
14 1 0.441231
15 1 0.472428
16 1 0.500109
17 1 0.482900
18 1 0.515374
19 1 0.404862
20 1 0.563159
21 1 0.084602
22 1 0.469934
23 1 0.479682
24 1 0.406726
25 1 0.440021
26 1 0.381148
27 1 0.545756
28 1 0.456883
29 1 0.438890
30 1 0.410385
31 1 0.442290
32 1 0.454862
33 1 0.443933
34 1 0.391167
35 1 0.437212
36 1 0.552086
37 1 0.351273
38 1 0.481180
39 1 0.376402
40 1 0.389417
41 1 0.398777
42 1 0.346279
43 1 0.393684
44 1 0.427403
45 1 0.396065
46 1 0.319256
47 1 0.374911
48 1 0.409724
49 1 0.425146
50 1 0.084017
51 1 0.496605
52 1 0.391995
53 1 0.105026
54 1 0.671235
55 1 0.458218
56 1 0.402393
57 1 0.387778
58 1 0.394418
59 1 0.445995
60 1 0.419153
61 1 0.503923
62 1 0.429564
63 1 0.472338
64 1 0.328995
65 1 0.350579
66 1 0.022745
67 1 0.467557
68 1 0.422655
69 1 0.383180
70 1 0.366501
71 1 0.320012
72 1 0.025981
73 1 0.410325
74 1 0.408122
75 1 0.409716
76 1 0.382438
77 1 0.409160
78 1 0.322171
79 1 0.267668
80 1 0.653004
81 1 0.330943
82 1 0.288750
83 1 0.468349
84 1 0.375953
85 1 0.405835
86 1 0.370053
87 1 0.466880
88 1 0.350440
89 1 0.349265
90 1 0.202605
91 1 0.397223
92 1 0.253775
93 1 0.345824
94 1 0.274584
95 1 0.363903
96 1 0.335133
97 1 0.299535
98 1 0.352560
99 1 0.349817
100 2 0.331123
101 2 0.369102
102 2 0.309942
103 2 0.339905
104 2 0.330775
105 2 0.399764
106 2 0.331012
107 2 0.347643
108 2 0.325616
109 2 0.368858
110 2 0.361472
111 2 0.192440
112 2 0.302964
113 2 0.607531
114 2 0.248753
115 2 0.342185
116 2 0.319643
117 2 0.329131
118 2 0.263452
119 2 0.305362
120 2 0.269407
121 2 0.322504
122 2 0.245640
123 2 0.323448
124 2 0.243460
125 2 0.319717
126 2 0.324401
127 2 0.372017
128 2 0.346455
129 2 0.292597
130 2 0.287841
131 2 0.245158
132 2 0.282907
133 2 0.297600
134 2 0.371830
135 2 0.345354
136 2 0.277707
137 2 0.322958
138 2 0.317128
139 2 0.318600
140 2 0.283581
141 2 0.320324
142 2 0.315668
143 2 0.240791
144 2 0.247950
145 2 0.378451
146 2 0.240296
147 2 0.269622
148 2 0.316582
149 2 0.293890
150 2 0.235077
151 2 0.334530
152 2 0.307761
153 2 0.235458
154 2 0.212022
155 2 0.024834
156 2 0.359567
157 2 0.329275
158 2 0.305822
159 2 0.336402
160 2 0.285018
161 2 0.245145
162 2 0.299707
163 2 0.275633
164 2 0.267496
165 2 0.223251
166 2 0.027281
167 2 0.224307
168 2 0.276515
169 2 0.377643
170 2 0.284991
171 2 0.266110
172 2 0.279142
173 2 0.216004
174 2 0.285545
175 2 0.263116
176 2 0.267159
177 2 0.127792
178 2 0.360102
179 2 0.238125
180 2 0.231018
181 2 0.300873
182 2 0.235014
183 2 0.308811
184 2 0.273950
185 2 0.052380
186 2 0.284459
187 2 0.287687
188 2 0.244099
189 2 0.271569
190 2 0.287554
191 2 0.203544
192 2 0.228643
193 2 0.265429
194 2 0.439168
195 2 0.254455
196 2 0.218869
197 2 0.216456
198 2 0.213180
199 2 0.200727
200 3 0.258183
201 3 0.251113
202 3 0.179790
203 3 0.267699
204 3 0.025980
205 3 0.218278
206 3 0.259832
207 3 0.220972
208 3 0.390521
209 3 0.258032
210 3 0.269355
211 3 0.199956
212 3 0.302724
213 3 0.231900
214 3 0.271921
215 3 0.182100
216 3 0.304471
217 3 0.241116
218 3 0.424905
219 3 0.027893
220 3 0.188123
221 3 0.241617
222 3 0.229331
223 3 0.227060
224 3 0.258689
225 3 0.210630
226 3 0.225296
227 3 0.211443
228 3 0.263988
229 3 0.206891
230 3 0.201503
231 3 0.121160
232 3 0.195535
233 3 0.276327
234 3 0.203195
235 3 0.218965
236 3 0.228669
237 3 0.266775
238 3 0.220289
239 3 0.301574
240 3 0.220066
241 3 0.226789
242 3 0.236192
243 3 0.200071
244 3 0.253574
245 3 0.205669
246 3 0.236162
247 3 0.217174
248 3 0.226145
249 3 0.203016
250 3 0.224979
251 3 0.207276
252 3 0.235296
253 3 0.234215
254 3 0.204076
255 3 0.178424
256 3 0.239511
257 3 0.175988
258 3 0.217003
259 3 0.226967
260 3 0.252266
261 3 0.260310
262 3 0.211579
263 3 0.167543
264 3 0.176683
265 3 0.281465
266 3 0.154389
267 3 0.208043
268 3 0.195377
269 3 0.242315
270 3 0.205039
271 3 0.171219
272 3 0.231045
273 3 0.275696
274 3 0.199585
275 3 0.177942
276 3 0.052719
277 3 0.193385
278 3 0.204038
279 3 0.259650
280 3 0.219344
281 3 0.173870
282 3 0.179360
283 3 0.207237
284 3 0.237914
285 3 0.200792
286 3 0.256682
287 3 0.231085
288 3 0.162705
289 3 0.179025
290 3 0.237073
291 3 0.277484
292 3 0.237852
293 3 0.229429
294 3 0.227776
295 3 0.167373
296 3 0.187765
297 3 0.224336
298 3 0.228508
299 3 0.231934
300 4 0.201335
301 4 0.224488
302 4 0.196893
303 4 0.185101
304 4 0.158168
305 4 0.233600
306 4 0.184190
307 4 0.229296
308 4 0.243798
309 4 0.220692
310 4 0.185140
311 4 0.199569
312 4 0.147006
313 4 0.166148
314 4 0.177825
315 4 0.154959
316 4 0.162362
317 4 0.180516
318 4 0.204856
319 4 0.211289
320 4 0.184217
321 4 0.208104
322 4 0.174139
323 4 0.214049
324 4 0.221971
325 4 0.210737
326 4 0.169128
327 4 0.220972
328 4 0.093287
329 4 0.175744
330 4 0.165593
331 4 0.207936
332 4 0.251822
333 4 0.176059
334 4 0.174520
335 4 0.176446
336 4 0.152983
337 4 0.243454
338 4 0.139939
339 4 0.160396
340 4 0.171273
341 4 0.162287
342 4 0.217589
343 4 0.027197
344 4 0.224247
345 4 0.238668
346 4 0.223829
347 4 0.208794
348 4 0.173657
349 4 0.223299
350 4 0.209609
351 4 0.169603
352 4 0.199693
353 4 0.265521
354 4 0.076480
355 4 0.178342
356 4 0.192293
357 4 0.220238
358 4 0.208045
359 4 0.069153
360 4 0.028223
361 4 0.185884
362 4 0.180588
363 4 0.201085
364 4 0.169983
365 4 0.211620
366 4 0.242636
367 4 0.192098
368 4 0.183138
369 4 0.207191
370 4 0.168964
371 4 0.148980
372 4 0.208735
373 4 0.203911
374 4 0.175703
375 4 0.147053
376 4 0.190154
377 4 0.223007
378 4 0.198554
379 4 0.202203
380 4 0.191013
381 4 0.136009
382 4 0.240498
383 4 0.409399
384 4 0.190117
385 4 0.235903
386 4 0.215479
387 4 0.239223
388 4 0.235244
389 4 0.189098
390 4 0.246612
391 4 0.206772
392 4 0.186407
393 4 0.225811
394 4 0.218547
395 4 0.369395
396 4 0.188661
397 4 0.226785
398 4 0.217746
399 4 0.168721
400 5 0.177630
401 5 0.188732
402 5 0.166831
403 5 0.170628
404 5 0.200663
405 5 0.179601
406 5 0.194628
407 5 0.232781
408 5 0.203656
409 5 0.201579
410 5 0.206580
411 5 0.377713
412 5 0.172430
413 5 0.098564
414 5 0.180177
415 5 0.206615
416 5 0.076355
417 5 0.172796
418 5 0.141483
419 5 0.182818
420 5 0.186976
421 5 0.092570
422 5 0.186212
423 5 0.149963
424 5 0.203861
425 5 0.195288
426 5 0.154026
427 5 0.194650
428 5 0.200696
429 5 0.156834
430 5 0.206970
431 5 0.196158
432 5 0.210954
433 5 0.132088
434 5 0.216320
435 5 0.183746
436 5 0.161460
437 5 0.169561
438 5 0.027010
439 5 0.185087
440 5 0.236600
441 5 0.188316
442 5 0.207225
443 5 0.166629
444 5 0.179268
445 5 0.150117
446 5 0.194931
447 5 0.172309
448 5 0.190664
449 5 0.189839
450 5 0.237823
451 5 0.210859
452 5 0.192359
453 5 0.028083
454 5 0.242699
455 5 0.175709
456 5 0.199080
457 5 0.162644
458 5 0.200880
459 5 0.170415
460 5 0.212466
461 5 0.189726
462 5 0.211080
463 5 0.189813
464 5 0.204994
465 5 0.210397
466 5 0.185669
467 5 0.175654
468 5 0.186354
469 5 0.183817
470 5 0.200004
471 5 0.207743
472 5 0.145210
473 5 0.208942
474 5 0.159306
475 5 0.173841
476 5 0.192643
477 5 0.219261
478 5 0.177535
479 5 0.147115
480 5 0.203972
481 5 0.372667
482 5 0.223697
483 5 0.203790
484 5 0.191647
485 5 0.186041
486 5 0.220796
487 5 0.242829
488 5 0.175246
489 5 0.163120
490 5 0.189292
491 5 0.158011
492 5 0.204290
493 5 0.178880
494 5 0.181736
495 5 0.248964
496 5 0.206728
497 5 0.150544
498 5 0.184701
499 5 0.252623
500 6 0.239462
501 6 0.051431
502 6 0.163023
503 6 0.163372
504 6 0.225712
505 6 0.182367
506 6 0.026957
507 6 0.194877
508 6 0.198365
509 6 0.181372
510 6 0.183386
511 6 0.167902
512 6 0.160867
513 6 0.186635
514 6 0.218690
515 6 0.202117
516 6 0.170522
517 6 0.189091
518 6 0.155376
519 6 0.163596
520 6 0.227559
521 6 0.196621
522 6 0.173182
523 6 0.168668
524 6 0.188852
525 6 0.174572
526 6 0.204405
527 6 0.196040
528 6 0.159247
529 6 0.205281
530 6 0.187417
531 6 0.157945
532 6 0.171969
533 6 0.213377
534 6 0.161500
535 6 0.169589
536 6 0.202050
537 6 0.141640
538 6 0.185049
539 6 0.222479
540 6 0.163662
541 6 0.172218
542 6 0.169612
543 6 0.173694
544 6 0.166845
545 6 0.193800
546 6 0.160007
547 6 0.195550
548 6 0.176786
549 6 0.185950
550 6 0.178608
551 6 0.151726
552 6 0.158581
553 6 0.185363
554 6 0.179482
555 6 0.166503
556 6 0.171617
557 6 0.238839
558 6 0.210141
559 6 0.027983
560 6 0.218722
561 6 0.155249
562 6 0.174572
563 6 0.218334
564 6 0.117237
565 6 0.139296
566 6 0.163535
567 6 0.213405
568 6 0.221248
569 6 0.185227
570 6 0.075066
571 6 0.195142
572 6 0.173192
573 6 0.148283
574 6 0.223802
575 6 0.195377
576 6 0.184148
577 6 0.169547
578 6 0.179960
579 6 0.155696
580 6 0.184983
581 6 0.359427
582 6 0.181653
583 6 0.155163
584 6 0.254062
585 6 0.155534
586 6 0.174981
587 6 0.218368
588 6 0.170654
589 6 0.207843
590 6 0.403046
591 6 0.193973
592 6 0.155678
593 6 0.214020
594 6 0.183482
595 6 0.250056
596 6 0.176795
597 6 0.202437
598 6 0.196162
599 6 0.208202
600 7 0.183149
601 7 0.199532
602 7 0.200170
603 7 0.212053
604 7 0.026689
605 7 0.174722
606 7 0.153752
607 7 0.168768
608 7 0.212486
609 7 0.181813
610 7 0.201828
611 7 0.224303
612 7 0.171931
613 7 0.173949
614 7 0.173294
615 7 0.185163
616 7 0.187721
617 7 0.180427
618 7 0.151523
619 7 0.132325
620 7 0.117332
621 7 0.133309
622 7 0.162629
623 7 0.173968
624 7 0.168376
625 7 0.144237
626 7 0.196412
627 7 0.215338
628 7 0.162403
629 7 0.208600
630 7 0.214662
631 7 0.205039
632 7 0.153560
633 7 0.188946
634 7 0.188586
635 7 0.140789
636 7 0.050603
637 7 0.156267
638 7 0.181185
639 7 0.198484
640 7 0.170104
641 7 0.185650
642 7 0.177029
643 7 0.164589
644 7 0.178692
645 7 0.148823
646 7 0.155548
647 7 0.234776
648 7 0.178499
649 7 0.074363
650 7 0.174132
651 7 0.201338
652 7 0.214347
653 7 0.181027
654 7 0.138032
655 7 0.210803
656 7 0.199003
657 7 0.176497
658 7 0.171749
659 7 0.175284
660 7 0.156474
661 7 0.189502
662 7 0.178736
663 7 0.141370
664 7 0.176782
665 7 0.217853
666 7 0.182502
667 7 0.171761
668 7 0.193780
669 7 0.136950
670 7 0.207931
671 7 0.160259
672 7 0.339078
673 7 0.389156
674 7 0.220024
675 7 0.234457
676 7 0.206746
677 7 0.153596
678 7 0.166977
679 7 0.171383
680 7 0.183010
681 7 0.131621
682 7 0.166428
683 7 0.198551
684 7 0.171474
685 7 0.146201
686 7 0.199397
687 7 0.189832
688 7 0.140686
689 7 0.156806
690 7 0.220321
691 7 0.175284
692 7 0.152808
693 7 0.027757
694 7 0.171289
695 7 0.197577
696 7 0.166515
697 7 0.124067
698 7 0.143097
699 7 0.157799
700 8 0.209712
701 8 0.163774
702 8 0.157702
703 8 0.234042
704 8 0.177459
705 8 0.160410
706 8 0.166357
707 8 0.195776
708 8 0.182657
709 8 0.135992
710 8 0.217511
711 8 0.187205
712 8 0.123483
713 8 0.185991
714 8 0.189333
715 8 0.214287
716 8 0.375379
717 8 0.230435
718 8 0.197054
719 8 0.229600
720 8 0.170097
721 8 0.225768
722 8 0.180285
723 8 0.111821
724 8 0.181621
725 8 0.169207
726 8 0.185887
727 8 0.163109
728 8 0.167486
729 8 0.185660
730 8 0.158814
731 8 0.155640
732 8 0.180785
733 8 0.205617
734 8 0.215555
735 8 0.157627
736 8 0.170401
737 8 0.172685
738 8 0.166645
739 8 0.166964
740 8 0.151424
741 8 0.198321
742 8 0.165729
743 8 0.199734
744 8 0.203744
745 8 0.182305
746 8 0.027614
747 8 0.169992
748 8 0.171703
749 8 0.184968
750 8 0.176384
751 8 0.208098
752 8 0.133778
753 8 0.128514
754 8 0.186627
755 8 0.173387
756 8 0.204598
757 8 0.161329
758 8 0.177132
759 8 0.155658
760 8 0.156151
761 8 0.197591
762 8 0.191267
763 8 0.109189
764 8 0.204461
765 8 0.131378
766 8 0.174374
767 8 0.173645
768 8 0.198853
769 8 0.090795
770 8 0.180180
771 8 0.178102
772 8 0.159639
773 8 0.208975
774 8 0.130695
775 8 0.158039
776 8 0.174312
777 8 0.151654
778 8 0.129813
779 8 0.155961
780 8 0.224374
781 8 0.164673
782 8 0.155256
783 8 0.107530
784 8 0.114200
785 8 0.163597
786 8 0.221281
787 8 0.142945
788 8 0.161399
789 8 0.026386
790 8 0.174659
791 8 0.175919
792 8 0.187104
793 8 0.321710
794 8 0.215528
795 8 0.177261
796 8 0.150388
797 8 0.149367
798 8 0.176242
799 8 0.159328
800 9 0.203367
801 9 0.159131
802 9 0.184719
803 9 0.169765
804 9 0.203351
805 9 0.179114
806 9 0.185963
807 9 0.139018
808 9 0.141764
809 9 0.199889
810 9 0.187551
811 9 0.165840
812 9 0.206252
813 9 0.175539
814 9 0.124081
815 9 0.194724
816 9 0.175045
817 9 0.142321
818 9 0.298633
819 9 0.173628
820 9 0.181803
821 9 0.157952
822 9 0.150955
823 9 0.190878
824 9 0.146314
825 9 0.162449
826 9 0.160811
827 9 0.192468
828 9 0.207191
829 9 0.169652
830 9 0.026234
831 9 0.186408
832 9 0.146741
833 9 0.187055
834 9 0.204933
835 9 0.049579
836 9 0.169077
837 9 0.143302
838 9 0.226554
839 9 0.172183
840 9 0.165427
841 9 0.165326
842 9 0.180441
843 9 0.165153
844 9 0.150737
845 9 0.181064
846 9 0.158094
847 9 0.198476
848 9 0.089206
849 9 0.163498
850 9 0.155228
851 9 0.177051
852 9 0.191040
853 9 0.194570
854 9 0.177519
855 9 0.130615
856 9 0.123492
857 9 0.154232
858 9 0.153218
859 9 0.167805
860 9 0.223032
861 9 0.217949
862 9 0.195649
863 9 0.223717
864 9 0.027249
865 9 0.168067
866 9 0.173200
867 9 0.147222
868 9 0.224647
869 9 0.166705
870 9 0.110281
871 9 0.134054
872 9 0.117200
873 9 0.199504
874 9 0.198820
875 9 0.197147
876 9 0.121403
877 9 0.125912
878 9 0.196336
879 9 0.203467
880 9 0.204687
881 9 0.169949
882 9 0.177576
883 9 0.164925
884 9 0.176551
885 9 0.187581
886 9 0.072832
887 9 0.192520
888 9 0.160596
889 9 0.160972
890 9 0.140417
891 9 0.375805
892 9 0.124924
893 9 0.134385
894 9 0.124570
895 9 0.183825
896 9 0.135093
897 9 0.174005
898 9 0.167697
899 9 0.218318
900 10 0.171126
901 10 0.135590
902 10 0.143409
903 10 0.142469
904 10 0.165448
905 10 0.179776
906 10 0.111290
907 10 0.169050
908 10 0.158528
909 10 0.164237
910 10 0.112208
911 10 0.203183
912 10 0.173728
913 10 0.145050
914 10 0.117897
915 10 0.148153
916 10 0.129909
917 10 0.150571
918 10 0.203397
919 10 0.170292
920 10 0.201291
921 10 0.191491
922 10 0.158410
923 10 0.184431
924 10 0.170829
925 10 0.172533
926 10 0.161969
927 10 0.182548
928 10 0.195608
929 10 0.149439
930 10 0.208398
931 10 0.151325
932 10 0.221633
933 10 0.129100
934 10 0.153425
935 10 0.163527
936 10 0.201940
937 10 0.163328
938 10 0.184395
939 10 0.144624
940 10 0.196690
941 10 0.124319
942 10 0.203428
943 10 0.026101
944 10 0.155221
945 10 0.196952
946 10 0.190286
947 10 0.188027
948 10 0.072415
949 10 0.130593
950 10 0.184653
951 10 0.172750
952 10 0.137501
953 10 0.178027
954 10 0.248170
955 10 0.299135
956 10 0.171279
957 10 0.115477
958 10 0.152372
959 10 0.168037
960 10 0.182911
961 10 0.117535
962 10 0.132838
963 10 0.200091
964 10 0.160227
965 10 0.186196
966 10 0.167380
967 10 0.197712
968 10 0.180118
969 10 0.171668
970 10 0.027143
971 10 0.144934
972 10 0.124852
973 10 0.088082
974 10 0.209716
975 10 0.192548
976 10 0.182837
977 10 0.130900
978 10 0.167061
979 10 0.183490
980 10 0.192435
981 10 0.190042
982 10 0.119448
983 10 0.048711
984 10 0.173470
985 10 0.218860
986 10 0.152455
987 10 0.163273
988 10 0.179978
989 10 0.172664
990 10 0.121729
991 10 0.192300
992 10 0.203191
993 10 0.145072
994 10 0.214049
995 10 0.145731
996 10 0.105162
997 10 0.215559
998 10 0.360545
999 10 0.173174
1000 11 0.381123
1001 11 0.152923
1002 11 0.151539
1003 11 0.174380
1004 11 0.175575
1005 11 0.165973
1006 11 0.109745
1007 11 0.197422
1008 11 0.193174
1009 11 0.174576
1010 11 0.192170
1011 11 0.135176
1012 11 0.174120
1013 11 0.278250
1014 11 0.157934
1015 11 0.152230
1016 11 0.185005
1017 11 0.087466
1018 11 0.174718
1019 11 0.142240
1020 11 0.163460
1021 11 0.160521
1022 11 0.147766
1023 11 0.119006
1024 11 0.155163
1025 11 0.174990
1026 11 0.134217
1027 11 0.131260
1028 11 0.167616
1029 11 0.165570
1030 11 0.190112
1031 11 0.140773
1032 11 0.189298
1033 11 0.180299
1034 11 0.141708
1035 11 0.184520
1036 11 0.142628
1037 11 0.025879
1038 11 0.115361
1039 11 0.156727
1040 11 0.154093
1041 11 0.193168
1042 11 0.198211
1043 11 0.134934
1044 11 0.189927
1045 11 0.184370
1046 11 0.235272
1047 11 0.142346
1048 11 0.150262
1049 11 0.095998
1050 11 0.026851
1051 11 0.165989
1052 11 0.154965
1053 11 0.115932
1054 11 0.162605
1055 11 0.128532
1056 11 0.172228
1057 11 0.171835
1058 11 0.186538
1059 11 0.169605
1060 11 0.167129
1061 11 0.232751
1062 11 0.172243
1063 11 0.211720
1064 11 0.164252
1065 11 0.217385
1066 11 0.108277
1067 11 0.168479
1068 11 0.170952
1069 11 0.133822
1070 11 0.048351
1071 11 0.155769
1072 11 0.165224
1073 11 0.151511
1074 11 0.183945
1075 11 0.093197
1076 11 0.184197
1077 11 0.162139
1078 11 0.136565
1079 11 0.166715
1080 11 0.179980
1081 11 0.168665
1082 11 0.132827
1083 11 0.193088
1084 11 0.191224
1085 11 0.161276
1086 11 0.211445
1087 11 0.132074
1088 11 0.154340
1089 11 0.201029
1090 11 0.103165
1091 11 0.201942
1092 11 0.154836
1093 11 0.169128
1094 11 0.154570
1095 11 0.156858
1096 11 0.180860
1097 11 0.123899
1098 11 0.108004
1099 11 0.158074
1100 12 0.116494
1101 12 0.170185
1102 12 0.115751
1103 12 0.149125
1104 12 0.122902
1105 12 0.168778
1106 12 0.148045
1107 12 0.118886
1108 12 0.173872
1109 12 0.128432
1110 12 0.092833
1111 12 0.161163
1112 12 0.161953
1113 12 0.145198
1114 12 0.174692
1115 12 0.165595
1116 12 0.093006
1117 12 0.195961
1118 12 0.180322
1119 12 0.178538
1120 12 0.166635
1121 12 0.104862
1122 12 0.196608
1123 12 0.183422
1124 12 0.148033
1125 12 0.118021
1126 12 0.130022
1127 12 0.139279
1128 12 0.183823
1129 12 0.088032
1130 12 0.135808
1131 12 0.206222
1132 12 0.145723
1133 12 0.173189
1134 12 0.168713
1135 12 0.112451
1136 12 0.149293
1137 12 0.119684
1138 12 0.153975
1139 12 0.154809
1140 12 0.156421
1141 12 0.160541
1142 12 0.139334
1143 12 0.143964
1144 12 0.146373
1145 12 0.142853
1146 12 0.153186
1147 12 0.178352
1148 12 0.110346
1149 12 0.175011
1150 12 0.172102
1151 12 0.188540
1152 12 0.025691
1153 12 0.159169
1154 12 0.172407
1155 12 0.168822
1156 12 0.196277
1157 12 0.170574
1158 12 0.026664
1159 12 0.272155
1160 12 0.131042
1161 12 0.166547
1162 12 0.132312
1163 12 0.180991
1164 12 0.170185
1165 12 0.174583
1166 12 0.183972
1167 12 0.280156
1168 12 0.144285
1169 12 0.164007
1170 12 0.128120
1171 12 0.174995
1172 12 0.163126
1173 12 0.047739
1174 12 0.150938
1175 12 0.215452
1176 12 0.125470
1177 12 0.161821
1178 12 0.136761
1179 12 0.217209
1180 12 0.197869
1181 12 0.168004
1182 12 0.168668
1183 12 0.109219
1184 12 0.366454
1185 12 0.160359
1186 12 0.105136
1187 12 0.156200
1188 12 0.177673
1189 12 0.190877
1190 12 0.137818
1191 12 0.184547
1192 12 0.156482
1193 12 0.090793
1194 12 0.185297
1195 12 0.153907
1196 12 0.161121
1197 12 0.152670
1198 12 0.167657
1199 12 0.113860
1200 13 0.117695
1201 13 0.107579
1202 13 0.197738
1203 13 0.091077
1204 13 0.164535
1205 13 0.156833
1206 13 0.178308
1207 13 0.166214
1208 13 0.178586
1209 13 0.181596
1210 13 0.150089
1211 13 0.152954
1212 13 0.208516
1213 13 0.142843
1214 13 0.161735
1215 13 0.110230
1216 13 0.155291
1217 13 0.179000
1218 13 0.122674
1219 13 0.107760
1220 13 0.184301
1221 13 0.197870
1222 13 0.174455
1223 13 0.136661
1224 13 0.169078
1225 13 0.026670
1226 13 0.196570
1227 13 0.156306
1228 13 0.160718
1229 13 0.088260
1230 13 0.171636
1231 13 0.047350
1232 13 0.108318
1233 13 0.166677
1234 13 0.108558
1235 13 0.214179
1236 13 0.145722
1237 13 0.160588
1238 13 0.197753
1239 13 0.137554
1240 13 0.137206
1241 13 0.161837
1242 13 0.137518
1243 13 0.109522
1244 13 0.176034
1245 13 0.069871
1246 13 0.160551
1247 13 0.156634
1248 13 0.148726
1249 13 0.145269
1250 13 0.184915
1251 13 0.196981
1252 13 0.134766
1253 13 0.111348
1254 13 0.139731
1255 13 0.085484
1256 13 0.117888
1257 13 0.181494
1258 13 0.175558
1259 13 0.155608
1260 13 0.153150
1261 13 0.152907
1262 13 0.145779
1263 13 0.151560
1264 13 0.128802
1265 13 0.171913
1266 13 0.099685
1267 13 0.136057
1268 13 0.156043
1269 13 0.180084
1270 13 0.154744
1271 13 0.177983
1272 13 0.150661
1273 13 0.162795
1274 13 0.179152
1275 13 0.201858
1276 13 0.159940
1277 13 0.236845
1278 13 0.197518
1279 13 0.145074
1280 13 0.157074
1281 13 0.082842
1282 13 0.173519
1283 13 0.115511
1284 13 0.121459
1285 13 0.147563
1286 13 0.184723
1287 13 0.152747
1288 13 0.162431
1289 13 0.153571
1290 13 0.158707
1291 13 0.126037
1292 13 0.139049
1293 13 0.163084
1294 13 0.351800
1295 13 0.278484
1296 13 0.160540
1297 13 0.149672
1298 13 0.025498
1299 13 0.086028
1300 14 0.143359
1301 14 0.337364
1302 14 0.147621
1303 14 0.170099
1304 14 0.178373
1305 14 0.127994
1306 14 0.164822
1307 14 0.114091
1308 14 0.189418
1309 14 0.197898
1310 14 0.148811
1311 14 0.154345
1312 14 0.141940
1313 14 0.159772
1314 14 0.129995
1315 14 0.162297
1316 14 0.181088
1317 14 0.115986
1318 14 0.168085
1319 14 0.047023
1320 14 0.124185
1321 14 0.145123
1322 14 0.105193
1323 14 0.143262
1324 14 0.026449
1325 14 0.127549
1326 14 0.132770
1327 14 0.167496
1328 14 0.141601
1329 14 0.157623
1330 14 0.130958
1331 14 0.140279
1332 14 0.151793
1333 14 0.194232
1334 14 0.135865
1335 14 0.156300
1336 14 0.180348
1337 14 0.161058
1338 14 0.200931
1339 14 0.144760
1340 14 0.136173
1341 14 0.088037
1342 14 0.084039
1343 14 0.261555
1344 14 0.115788
1345 14 0.164766
1346 14 0.149552
1347 14 0.132932
1348 14 0.173648
1349 14 0.148891
1350 14 0.146362
1351 14 0.156790
1352 14 0.087186
1353 14 0.122734
1354 14 0.154023
1355 14 0.186940
1356 14 0.184510
1357 14 0.140179
1358 14 0.163297
1359 14 0.169199
1360 14 0.164235
1361 14 0.150543
1362 14 0.143805
1363 14 0.156354
1364 14 0.136326
1365 14 0.118866
1366 14 0.173770
1367 14 0.142250
1368 14 0.116897
1369 14 0.144560
1370 14 0.194870
1371 14 0.185327
1372 14 0.085144
1373 14 0.126506
1374 14 0.152018
1375 14 0.116356
1376 14 0.164874
1377 14 0.127260
1378 14 0.161170
1379 14 0.171669
1380 14 0.158583
1381 14 0.171108
1382 14 0.163069
1383 14 0.120530
1384 14 0.130904
1385 14 0.176735
1386 14 0.140904
1387 14 0.084649
1388 14 0.166154
1389 14 0.148437
1390 14 0.109098
1391 14 0.161588
1392 14 0.025271
1393 14 0.184555
1394 14 0.155708
1395 14 0.187123
1396 14 0.177464
1397 14 0.153661
1398 14 0.127807
1399 14 0.160300
1400 15 0.156005
1401 15 0.130277
1402 15 0.164892
1403 15 0.135012
1404 15 0.148612
1405 15 0.117523
1406 15 0.171017
1407 15 0.187762
1408 15 0.173603
1409 15 0.115984
1410 15 0.177570
1411 15 0.159522
1412 15 0.202061
1413 15 0.158303
1414 15 0.078693
1415 15 0.140986
1416 15 0.151739
1417 15 0.128977
1418 15 0.046374
1419 15 0.175713
1420 15 0.160419
1421 15 0.096650
1422 15 0.165738
1423 15 0.202700
1424 15 0.102451
1425 15 0.136811
1426 15 0.115719
1427 15 0.104572
1428 15 0.089743
1429 15 0.153825
1430 15 0.129293
1431 15 0.137928
1432 15 0.180606
1433 15 0.026236
1434 15 0.082569
1435 15 0.161505
1436 15 0.162334
1437 15 0.141906
1438 15 0.171155
1439 15 0.130142
1440 15 0.170139
1441 15 0.103551
1442 15 0.119115
1443 15 0.163517
1444 15 0.131506
1445 15 0.153260
1446 15 0.153953
1447 15 0.201439
1448 15 0.181468
1449 15 0.098270
1450 15 0.205033
1451 15 0.141672
1452 15 0.115590
1453 15 0.213138
1454 15 0.218632
1455 15 0.154075
1456 15 0.102494
1457 15 0.083860
1458 15 0.073941
1459 15 0.183673
1460 15 0.152657
1461 15 0.145070
1462 15 0.110187
1463 15 0.025148
1464 15 0.118233
1465 15 0.144585
1466 15 0.174046
1467 15 0.323617
1468 15 0.142889
1469 15 0.134095
1470 15 0.190247
1471 15 0.346227
1472 15 0.171239
1473 15 0.185542
1474 15 0.145259
1475 15 0.159402
1476 15 0.184641
1477 15 0.190943
1478 15 0.144025
1479 15 0.220960
1480 15 0.147746
1481 15 0.095757
1482 15 0.119143
1483 15 0.116743
1484 15 0.112611
1485 15 0.181872
1486 15 0.112599
1487 15 0.169565
1488 15 0.127323
1489 15 0.187828
1490 15 0.234133
1491 15 0.144041
1492 15 0.162312
1493 15 0.180627
1494 15 0.164303
1495 15 0.144448
1496 15 0.126889
1497 15 0.140692
1498 15 0.132176
1499 15 0.087635
1500 16 0.157016
1501 16 0.087288
1502 16 0.154797
1503 16 0.081454
1504 16 0.172506
1505 16 0.159188
1506 16 0.024960
1507 16 0.128209
1508 16 0.156013
1509 16 0.108421
1510 16 0.137831
1511 16 0.127773
1512 16 0.108933
1513 16 0.187431
1514 16 0.120142
1515 16 0.146247
1516 16 0.145047
1517 16 0.190795
1518 16 0.139574
1519 16 0.169610
1520 16 0.108864
1521 16 0.172977
1522 16 0.171916
1523 16 0.128218
1524 16 0.129784
1525 16 0.129585
1526 16 0.160735
1527 16 0.146634
1528 16 0.164166
1529 16 0.122561
1530 16 0.171002
1531 16 0.124235
1532 16 0.077325
1533 16 0.101323
1534 16 0.111876
1535 16 0.157059
1536 16 0.175063
1537 16 0.275584
1538 16 0.133620
1539 16 0.103909
1540 16 0.167163
1541 16 0.144901
1542 16 0.169858
1543 16 0.107831
1544 16 0.137388
1545 16 0.155385
1546 16 0.112749
1547 16 0.140052
1548 16 0.187250
1549 16 0.150358
1550 16 0.205612
1551 16 0.181954
1552 16 0.126416
1553 16 0.133959
1554 16 0.320394
1555 16 0.141383
1556 16 0.156754
1557 16 0.083002
1558 16 0.085949
1559 16 0.172631
1560 16 0.165587
1561 16 0.181481
1562 16 0.115821
1563 16 0.194044
1564 16 0.136941
1565 16 0.220643
1566 16 0.162989
1567 16 0.158637
1568 16 0.158827
1569 16 0.154409
1570 16 0.180651
1571 16 0.148857
1572 16 0.158682
1573 16 0.131960
1574 16 0.059942
1575 16 0.168843
1576 16 0.126908
1577 16 0.083887
1578 16 0.186076
1579 16 0.146894
1580 16 0.182850
1581 16 0.159378
1582 16 0.196510
1583 16 0.098870
1584 16 0.146113
1585 16 0.157077
1586 16 0.161760
1587 16 0.212779
1588 16 0.199547
1589 16 0.155256
1590 16 0.160453
1591 16 0.025934
1592 16 0.110480
1593 16 0.160235
1594 16 0.154911
1595 16 0.171247
1596 16 0.222416
1597 16 0.164452
1598 16 0.123205
1599 16 0.152650
1600 17 0.082437
1601 17 0.159916
1602 17 0.150700
1603 17 0.140462
1604 17 0.087286
1605 17 0.221669
1606 17 0.142025
1607 17 0.154037
1608 17 0.177309
1609 17 0.114325
1610 17 0.121939
1611 17 0.149678
1612 17 0.175981
1613 17 0.181160
1614 17 0.289002
1615 17 0.045112
1616 17 0.124288
1617 17 0.165026
1618 17 0.139181
1619 17 0.143657
1620 17 0.152038
1621 17 0.114089
1622 17 0.143445
1623 17 0.154208
1624 17 0.137739
1625 17 0.109768
1626 17 0.166993
1627 17 0.145213
1628 17 0.145199
1629 17 0.100183
1630 17 0.103629
1631 17 0.154018
1632 17 0.159827
1633 17 0.106625
1634 17 0.103103
1635 17 0.147786
1636 17 0.158626
1637 17 0.132263
1638 17 0.142506
1639 17 0.161483
1640 17 0.140933
1641 17 0.180618
1642 17 0.124897
1643 17 0.164054
1644 17 0.173661
1645 17 0.100416
1646 17 0.141815
1647 17 0.148064
1648 17 0.157959
1649 17 0.121519
1650 17 0.132742
1651 17 0.144792
1652 17 0.130601
1653 17 0.143316
1654 17 0.147339
1655 17 0.111091
1656 17 0.024870
1657 17 0.186772
1658 17 0.143716
1659 17 0.152374
1660 17 0.317670
1661 17 0.183025
1662 17 0.127239
1663 17 0.078086
1664 17 0.156833
1665 17 0.052539
1666 17 0.123771
1667 17 0.119405
1668 17 0.159581
1669 17 0.185964
1670 17 0.111435
1671 17 0.072200
1672 17 0.079071
1673 17 0.171219
1674 17 0.210827
1675 17 0.191663
1676 17 0.155852
1677 17 0.200045
1678 17 0.118063
1679 17 0.112336
1680 17 0.164959
1681 17 0.114674
1682 17 0.120098
1683 17 0.142820
1684 17 0.149313
1685 17 0.188660
1686 17 0.145568
1687 17 0.146926
1688 17 0.166822
1689 17 0.109895
1690 17 0.186991
1691 17 0.171965
1692 17 0.136425
1693 17 0.066310
1694 17 0.133358
1695 17 0.086880
1696 17 0.118588
1697 17 0.121073
1698 17 0.140855
1699 17 0.141302
1700 18 0.108006
1701 18 0.118911
1702 18 0.177228
1703 18 0.121655
1704 18 0.120502
1705 18 0.309194
1706 18 0.135406
1707 18 0.170428
1708 18 0.101214
1709 18 0.109685
1710 18 0.125768
1711 18 0.126037
1712 18 0.093364
1713 18 0.106569
1714 18 0.123134
1715 18 0.140103
1716 18 0.135186
1717 18 0.158193
1718 18 0.109615
1719 18 0.138140
1720 18 0.070524
1721 18 0.140411
1722 18 0.146677
1723 18 0.144408
1724 18 0.158667
1725 18 0.171154
1726 18 0.104796
1727 18 0.073178
1728 18 0.176189
1729 18 0.127704
1730 18 0.135834
1731 18 0.185308
1732 18 0.149110
1733 18 0.140317
1734 18 0.100597
1735 18 0.081685
1736 18 0.190320
1737 18 0.126816
1738 18 0.133957
1739 18 0.153226
1740 18 0.171358
1741 18 0.097125
1742 18 0.044316
1743 18 0.140921
1744 18 0.079963
1745 18 0.146847
1746 18 0.157979
1747 18 0.130627
1748 18 0.171355
1749 18 0.196785
1750 18 0.150838
1751 18 0.141065
1752 18 0.165930
1753 18 0.189020
1754 18 0.155450
1755 18 0.108815
1756 18 0.131984
1757 18 0.172465
1758 18 0.172581
1759 18 0.132411
1760 18 0.160829
1761 18 0.073230
1762 18 0.149102
1763 18 0.150237
1764 18 0.121519
1765 18 0.148969
1766 18 0.194563
1767 18 0.141782
1768 18 0.137112
1769 18 0.169260
1770 18 0.287468
1771 18 0.151110
1772 18 0.159394
1773 18 0.024729
1774 18 0.161574
1775 18 0.139684
1776 18 0.154138
1777 18 0.116934
1778 18 0.166494
1779 18 0.176911
1780 18 0.130779
1781 18 0.138185
1782 18 0.080055
1783 18 0.152492
1784 18 0.146671
1785 18 0.149538
1786 18 0.145276
1787 18 0.107362
1788 18 0.165772
1789 18 0.136256
1790 18 0.169250
1791 18 0.168382
1792 18 0.123376
1793 18 0.068225
1794 18 0.155389
1795 18 0.149306
1796 18 0.025701
1797 18 0.121076
1798 18 0.099128
1799 18 0.186727
1800 19 0.136666
1801 19 0.141197
1802 19 0.146053
1803 19 0.162859
1804 19 0.145281
1805 19 0.188512
1806 19 0.147320
1807 19 0.170570
1808 19 0.113787
1809 19 0.191334
1810 19 0.090300
1811 19 0.126140
1812 19 0.114911
1813 19 0.144914
1814 19 0.128682
1815 19 0.161981
1816 19 0.178279
1817 19 0.148012
1818 19 0.114492
1819 19 0.119802
1820 19 0.145784
1821 19 0.244090
1822 19 0.131506
1823 19 0.024639
1824 19 0.105354
1825 19 0.197508
1826 19 0.075005
1827 19 0.165977
1828 19 0.114422
1829 19 0.170382
1830 19 0.160509
1831 19 0.123578
1832 19 0.137877
1833 19 0.153298
1834 19 0.152488
1835 19 0.043939
1836 19 0.114912
1837 19 0.157329
1838 19 0.156878
1839 19 0.110008
1840 19 0.172390
1841 19 0.130823
1842 19 0.172083
1843 19 0.142830
1844 19 0.130672
1845 19 0.114861
1846 19 0.121263
1847 19 0.093883
1848 19 0.206841
1849 19 0.169385
1850 19 0.158297
1851 19 0.025627
1852 19 0.118124
1853 19 0.116617
1854 19 0.126871
1855 19 0.110342
1856 19 0.137323
1857 19 0.152620
1858 19 0.109366
1859 19 0.147425
1860 19 0.185944
1861 19 0.077697
1862 19 0.172506
1863 19 0.141592
1864 19 0.107183
1865 19 0.167024
1866 19 0.141468
1867 19 0.146405
1868 19 0.206275
1869 19 0.136661
1870 19 0.114459
1871 19 0.285587
1872 19 0.136295
1873 19 0.141993
1874 19 0.180611
1875 19 0.136928
1876 19 0.142217
1877 19 0.126137
1878 19 0.305297
1879 19 0.075721
1880 19 0.146130
1881 19 0.079675
1882 19 0.066351
1883 19 0.133625
1884 19 0.148529
1885 19 0.179257
1886 19 0.179698
1887 19 0.137204
1888 19 0.109191
1889 19 0.122501
1890 19 0.173434
1891 19 0.101425
1892 19 0.127964
1893 19 0.127745
1894 19 0.151693
1895 19 0.098350
1896 19 0.138883
1897 19 0.123959
1898 19 0.075973
1899 19 0.111064
1900 20 0.092725
1901 20 0.145965
1902 20 0.106795
1903 20 0.102650
1904 20 0.109955
1905 20 0.162583
1906 20 0.104437
1907 20 0.096707
1908 20 0.183164
1909 20 0.126620
1910 20 0.120178
1911 20 0.145282
1912 20 0.124896
1913 20 0.130266
1914 20 0.153924
1915 20 0.193686
1916 20 0.140558
1917 20 0.150083
1918 20 0.161748
1919 20 0.064176
1920 20 0.142356
1921 20 0.109614
1922 20 0.145849
1923 20 0.164820
1924 20 0.148478
1925 20 0.148152
1926 20 0.181829
1927 20 0.172208
1928 20 0.132744
1929 20 0.150562
1930 20 0.300173
1931 20 0.244194
1932 20 0.210089
1933 20 0.149415
1934 20 0.154190
1935 20 0.139491
1936 20 0.182663
1937 20 0.024609
1938 20 0.172314
1939 20 0.133748
1940 20 0.100055
1941 20 0.127772
1942 20 0.095986
1943 20 0.185225
1944 20 0.079518
1945 20 0.148385
1946 20 0.173448
1947 20 0.145560
1948 20 0.148922
1949 20 0.139566
1950 20 0.080658
1951 20 0.183368
1952 20 0.156632
1953 20 0.107262
1954 20 0.132859
1955 20 0.103871
1956 20 0.128819
1957 20 0.139920
1958 20 0.188428
1959 20 0.138023
1960 20 0.141323
1961 20 0.043001
1962 20 0.190204
1963 20 0.025624
1964 20 0.115062
1965 20 0.112241
1966 20 0.100986
1967 20 0.139482
1968 20 0.124388
1969 20 0.166818
1970 20 0.127918
1971 20 0.124855
1972 20 0.093835
1973 20 0.122881
1974 20 0.124720
1975 20 0.130501
1976 20 0.152148
1977 20 0.135239
1978 20 0.149690
1979 20 0.123819
1980 20 0.191756
1981 20 0.139663
1982 20 0.087226
1983 20 0.285277
1984 20 0.067637
1985 20 0.108967
1986 20 0.127629
1987 20 0.099917
1988 20 0.173185
1989 20 0.173646
1990 20 0.122709
1991 20 0.152643
1992 20 0.128764
1993 20 0.135081
1994 20 0.171146
1995 20 0.138306
1996 20 0.171378
1997 20 0.103790
1998 20 0.133974
1999 20 0.153747
2000 21 0.175723
2001 21 0.124916
2002 21 0.093914
2003 21 0.138746
2004 21 0.096502
2005 21 0.112637
2006 21 0.123990
2007 21 0.123806
2008 21 0.134453
2009 21 0.125969
2010 21 0.138195
2011 21 0.138438
2012 21 0.188022
2013 21 0.144671
2014 21 0.152395
2015 21 0.146376
2016 21 0.092453
2017 21 0.190845
2018 21 0.273687
2019 21 0.132472
2020 21 0.137160
2021 21 0.137670
2022 21 0.165087
2023 21 0.151333
2024 21 0.119695
2025 21 0.184690
2026 21 0.133641
2027 21 0.204434
2028 21 0.118430
2029 21 0.186363
2030 21 0.117141
2031 21 0.092766
2032 21 0.100981
2033 21 0.145881
2034 21 0.114279
2035 21 0.164883
2036 21 0.140088
2037 21 0.042657
2038 21 0.167457
2039 21 0.104678
2040 21 0.141759
2041 21 0.157884
2042 21 0.145629
2043 21 0.139694
2044 21 0.080504
2045 21 0.139926
2046 21 0.130760
2047 21 0.155839
2048 21 0.144482
2049 21 0.143024
2050 21 0.128133
2051 21 0.062902
2052 21 0.098600
2053 21 0.156222
2054 21 0.145069
2055 21 0.123331
2056 21 0.161882
2057 21 0.134165
2058 21 0.025650
2059 21 0.149000
2060 21 0.112077
2061 21 0.138517
2062 21 0.131663
2063 21 0.109360
2064 21 0.155213
2065 21 0.197377
2066 21 0.205837
2067 21 0.111526
2068 21 0.163217
2069 21 0.144733
2070 21 0.077187
2071 21 0.153227
2072 21 0.097195
2073 21 0.119487
2074 21 0.181435
2075 21 0.120696
2076 21 0.181111
2077 21 0.167834
2078 21 0.138694
2079 21 0.180099
2080 21 0.081508
2081 21 0.166705
2082 21 0.099012
2083 21 0.107014
2084 21 0.024548
2085 21 0.058957
2086 21 0.169254
2087 21 0.137369
2088 21 0.117253
2089 21 0.137045
2090 21 0.078322
2091 21 0.120876
2092 21 0.295293
2093 21 0.191664
2094 21 0.109023
2095 21 0.149005
2096 21 0.165483
2097 21 0.113310
2098 21 0.146129
2099 21 0.141994
2100 22 0.175733
2101 22 0.161915
2102 22 0.114621
2103 22 0.150888
2104 22 0.135262
2105 22 0.135440
2106 22 0.142469
2107 22 0.176614
2108 22 0.137933
2109 22 0.024509
2110 22 0.128598
2111 22 0.232881
2112 22 0.113900
2113 22 0.144039
2114 22 0.025493
2115 22 0.131822
2116 22 0.139825
2117 22 0.090392
2118 22 0.095360
2119 22 0.131449
2120 22 0.122460
2121 22 0.151207
2122 22 0.096134
2123 22 0.156512
2124 22 0.138636
2125 22 0.098677
2126 22 0.173519
2127 22 0.164053
2128 22 0.168696
2129 22 0.074351
2130 22 0.104375
2131 22 0.115496
2132 22 0.136975
2133 22 0.181258
2134 22 0.131198
2135 22 0.135774
2136 22 0.166351
2137 22 0.180072
2138 22 0.079004
2139 22 0.194150
2140 22 0.144698
2141 22 0.120631
2142 22 0.190382
2143 22 0.135688
2144 22 0.123039
2145 22 0.103728
2146 22 0.169974
2147 22 0.166628
2148 22 0.284001
2149 22 0.108288
2150 22 0.122342
2151 22 0.149909
2152 22 0.159239
2153 22 0.107220
2154 22 0.175960
2155 22 0.079635
2156 22 0.068233
2157 22 0.139841
2158 22 0.126789
2159 22 0.126381
2160 22 0.122670
2161 22 0.096086
2162 22 0.075360
2163 22 0.107199
2164 22 0.193949
2165 22 0.147130
2166 22 0.255652
2167 22 0.085684
2168 22 0.111956
2169 22 0.163558
2170 22 0.164245
2171 22 0.157995
2172 22 0.180621
2173 22 0.120133
2174 22 0.195336
2175 22 0.109102
2176 22 0.172759
2177 22 0.041988
2178 22 0.109489
2179 22 0.175732
2180 22 0.153746
2181 22 0.131638
2182 22 0.136786
2183 22 0.128259
2184 22 0.091527
2185 22 0.179405
2186 22 0.124638
2187 22 0.168847
2188 22 0.143500
2189 22 0.118662
2190 22 0.144921
2191 22 0.153957
2192 22 0.092207
2193 22 0.172210
2194 22 0.095937
2195 22 0.092906
2196 22 0.124136
2197 22 0.104668
2198 22 0.144638
2199 22 0.080816
2200 23 0.138957
2201 23 0.147911
2202 23 0.169623
2203 23 0.143380
2204 23 0.147205
2205 23 0.116089
2206 23 0.107672
2207 23 0.115308
2208 23 0.130183
2209 23 0.130165
2210 23 0.150945
2211 23 0.083622
2212 23 0.188263
2213 23 0.135865
2214 23 0.134931
2215 23 0.094129
2216 23 0.132805
2217 23 0.153078
2218 23 0.171909
2219 23 0.162166
2220 23 0.129689
2221 23 0.163456
2222 23 0.168999
2223 23 0.127253
2224 23 0.196022
2225 23 0.169091
2226 23 0.105638
2227 23 0.113426
2228 23 0.133600
2229 23 0.024503
2230 23 0.109402
2231 23 0.116288
2232 23 0.132559
2233 23 0.153914
2234 23 0.092871
2235 23 0.143520
2236 23 0.113741
2237 23 0.153177
2238 23 0.136250
2239 23 0.099172
2240 23 0.077026
2241 23 0.146446
2242 23 0.156521
2243 23 0.118692
2244 23 0.104919
2245 23 0.182223
2246 23 0.164620
2247 23 0.144977
2248 23 0.134874
2249 23 0.082429
2250 23 0.182390
2251 23 0.138324
2252 23 0.213916
2253 23 0.139582
2254 23 0.122305
2255 23 0.077633
2256 23 0.106583
2257 23 0.096973
2258 23 0.112456
2259 23 0.163026
2260 23 0.116037
2261 23 0.120538
2262 23 0.128029
2263 23 0.105600
2264 23 0.074464
2265 23 0.131939
2266 23 0.097034
2267 23 0.130583
2268 23 0.123034
2269 23 0.139469
2270 23 0.108607
2271 23 0.133056
2272 23 0.142603
2273 23 0.118007
2274 23 0.142625
2275 23 0.149133
2276 23 0.105698
2277 23 0.338564
2278 23 0.127937
2279 23 0.141889
2280 23 0.177586
2281 23 0.074418
2282 23 0.267282
2283 23 0.123822
2284 23 0.173561
2285 23 0.121905
2286 23 0.058869
2287 23 0.200730
2288 23 0.115100
2289 23 0.149819
2290 23 0.136446
2291 23 0.112086
2292 23 0.193713
2293 23 0.112193
2294 23 0.140220
2295 23 0.040243
2296 23 0.116962
2297 23 0.041282
2298 23 0.112587
2299 23 0.146744
2300 24 0.161413
2301 24 0.094286
2302 24 0.163770
2303 24 0.119547
2304 24 0.284390
2305 24 0.127847
2306 24 0.167558
2307 24 0.114246
2308 24 0.124228
2309 24 0.118580
2310 24 0.126291
2311 24 0.139532
2312 24 0.106412
2313 24 0.152348
2314 24 0.147945
2315 24 0.139423
2316 24 0.173219
2317 24 0.151227
2318 24 0.123588
2319 24 0.171316
2320 24 0.150114
2321 24 0.131678
2322 24 0.141930
2323 24 0.099184
2324 24 0.129220
2325 24 0.025477
2326 24 0.149231
2327 24 0.118625
2328 24 0.157801
2329 24 0.096625
2330 24 0.158462
2331 24 0.173168
2332 24 0.060671
2333 24 0.132985
2334 24 0.161384
2335 24 0.134632
2336 24 0.181162
2337 24 0.135948
2338 24 0.151405
2339 24 0.135171
2340 24 0.125103
2341 24 0.073205
2342 24 0.258010
2343 24 0.185328
2344 24 0.069435
2345 24 0.165029
2346 24 0.145319
2347 24 0.129815
2348 24 0.219650
2349 24 0.118235
2350 24 0.103082
2351 24 0.118079
2352 24 0.152466
2353 24 0.137854
2354 24 0.119670
2355 24 0.077746
2356 24 0.179032
2357 24 0.164003
2358 24 0.156654
2359 24 0.114481
2360 24 0.106898
2361 24 0.128917
2362 24 0.080410
2363 24 0.185618
2364 24 0.126247
2365 24 0.117501
2366 24 0.121260
2367 24 0.133426
2368 24 0.112072
2369 24 0.135145
2370 24 0.160370
2371 24 0.104617
2372 24 0.160191
2373 24 0.130711
2374 24 0.095385
2375 24 0.154301
2376 24 0.104848
2377 24 0.138245
2378 24 0.104154
2379 24 0.160142
2380 24 0.139565
2381 24 0.111439
2382 24 0.115720
2383 24 0.158223
2384 24 0.071430
2385 24 0.108720
2386 24 0.024603
2387 24 0.181095
2388 24 0.076796
2389 24 0.150296
2390 24 0.142300
2391 24 0.130873
2392 24 0.116697
2393 24 0.144312
2394 24 0.052264
2395 24 0.155016
2396 24 0.102473
2397 24 0.128142
2398 24 0.122301
2399 24 0.159941
2400 25 0.115730
2401 25 0.123759
2402 25 0.138615
2403 25 0.118886
2404 25 0.142344
2405 25 0.172231
2406 25 0.084326
2407 25 0.122202
2408 25 0.148396
2409 25 0.162472
2410 25 0.090285
2411 25 0.130663
2412 25 0.161243
2413 25 0.179772
2414 25 0.132371
2415 25 0.111948
2416 25 0.062716
2417 25 0.098403
2418 25 0.133831
2419 25 0.093318
2420 25 0.150600
2421 25 0.117495
2422 25 0.040586
2423 25 0.197747
2424 25 0.136221
2425 25 0.139052
2426 25 0.112835
2427 25 0.025472
2428 25 0.122339
2429 25 0.114716
2430 25 0.167720
2431 25 0.173239
2432 25 0.106992
2433 25 0.148364
2434 25 0.161212
2435 25 0.101904
2436 25 0.085403
2437 25 0.159251
2438 25 0.104919
2439 25 0.290028
2440 25 0.119240
2441 25 0.142024
2442 25 0.139589
2443 25 0.155375
2444 25 0.147068
2445 25 0.113176
2446 25 0.024299
2447 25 0.102575
2448 25 0.128200
2449 25 0.114019
2450 25 0.067618
2451 25 0.107989
2452 25 0.095599
2453 25 0.115589
2454 25 0.131512
2455 25 0.096648
2456 25 0.135009
2457 25 0.094111
2458 25 0.163760
2459 25 0.105051
2460 25 0.204242
2461 25 0.105609
2462 25 0.137662
2463 25 0.128888
2464 25 0.106297
2465 25 0.263594
2466 25 0.145230
2467 25 0.160336
2468 25 0.121568
2469 25 0.099668
2470 25 0.167267
2471 25 0.163956
2472 25 0.179073
2473 25 0.182742
2474 25 0.150042
2475 25 0.119381
2476 25 0.153993
2477 25 0.106349
2478 25 0.206637
2479 25 0.117754
2480 25 0.160229
2481 25 0.129111
2482 25 0.130041
2483 25 0.153021
2484 25 0.108146
2485 25 0.125974
2486 25 0.133320
2487 25 0.141642
2488 25 0.090374
2489 25 0.125023
2490 25 0.141858
2491 25 0.132159
2492 25 0.125399
2493 25 0.131927
2494 25 0.117327
2495 25 0.169498
2496 25 0.124517
2497 25 0.228786
2498 25 0.074350
2499 25 0.096583
2500 26 0.145064
2501 26 0.171089
2502 26 0.102103
2503 26 0.087590
2504 26 0.059299
2505 26 0.089066
2506 26 0.157189
2507 26 0.127847
2508 26 0.130571
2509 26 0.139570
2510 26 0.111256
2511 26 0.090502
2512 26 0.089133
2513 26 0.117511
2514 26 0.141523
2515 26 0.129043
2516 26 0.124488
2517 26 0.111423
2518 26 0.156641
2519 26 0.153454
2520 26 0.162871
2521 26 0.101571
2522 26 0.142143
2523 26 0.131390
2524 26 0.164898
2525 26 0.131954
2526 26 0.124234
2527 26 0.087822
2528 26 0.136490
2529 26 0.089548
2530 26 0.127963
2531 26 0.097949
2532 26 0.129143
2533 26 0.118649
2534 26 0.180135
2535 26 0.148269
2536 26 0.141233
2537 26 0.110225
2538 26 0.156410
2539 26 0.126282
2540 26 0.134129
2541 26 0.103715
2542 26 0.051359
2543 26 0.136350
2544 26 0.163481
2545 26 0.097853
2546 26 0.117239
2547 26 0.077138
2548 26 0.140075
2549 26 0.113146
2550 26 0.109823
2551 26 0.024286
2552 26 0.146113
2553 26 0.108295
2554 26 0.168797
2555 26 0.169940
2556 26 0.146015
2557 26 0.132049
2558 26 0.146505
2559 26 0.214587
2560 26 0.082326
2561 26 0.124497
2562 26 0.123154
2563 26 0.117486
2564 26 0.135373
2565 26 0.129688
2566 26 0.162220
2567 26 0.188317
2568 26 0.136158
2569 26 0.115719
2570 26 0.197364
2571 26 0.121588
2572 26 0.181927
2573 26 0.139172
2574 26 0.142732
2575 26 0.125316
2576 26 0.129461
2577 26 0.075094
2578 26 0.121127
2579 26 0.140300
2580 26 0.141311
2581 26 0.145440
2582 26 0.149052
2583 26 0.145749
2584 26 0.058890
2585 26 0.115441
2586 26 0.077018
2587 26 0.140294
2588 26 0.235194
2589 26 0.152131
2590 26 0.104107
2591 26 0.130075
2592 26 0.025501
2593 26 0.147741
2594 26 0.254693
2595 26 0.141151
2596 26 0.144379
2597 26 0.156246
2598 26 0.290102
2599 26 0.079816
2600 27 0.140131
2601 27 0.255254
2602 27 0.162169
2603 27 0.151433
2604 27 0.111116
2605 27 0.137523
2606 27 0.109860
2607 27 0.167715
2608 27 0.141144
2609 27 0.090408
2610 27 0.114661
2611 27 0.129847
2612 27 0.131335
2613 27 0.167179
2614 27 0.161423
2615 27 0.191636
2616 27 0.103377
2617 27 0.164768
2618 27 0.105701
2619 27 0.102177
2620 27 0.127955
2621 27 0.161216
2622 27 0.107158
2623 27 0.127075
2624 27 0.132496
2625 27 0.078083
2626 27 0.126547
2627 27 0.140488
2628 27 0.118188
2629 27 0.118000
2630 27 0.106827
2631 27 0.184759
2632 27 0.136860
2633 27 0.137692
2634 27 0.153019
2635 27 0.128267
2636 27 0.181058
2637 27 0.077455
2638 27 0.132450
2639 27 0.135563
2640 27 0.105860
2641 27 0.139973
2642 27 0.115361
2643 27 0.148204
2644 27 0.121452
2645 27 0.132904
2646 27 0.210138
2647 27 0.120041
2648 27 0.025619
2649 27 0.125347
2650 27 0.134024
2651 27 0.170841
2652 27 0.152275
2653 27 0.133282
2654 27 0.186104
2655 27 0.100136
2656 27 0.133697
2657 27 0.115211
2658 27 0.086811
2659 27 0.129117
2660 27 0.170093
2661 27 0.150163
2662 27 0.164337
2663 27 0.106659
2664 27 0.137527
2665 27 0.122413
2666 27 0.024428
2667 27 0.121510
2668 27 0.289035
2669 27 0.113201
2670 27 0.133409
2671 27 0.089978
2672 27 0.200871
2673 27 0.134053
2674 27 0.097110
2675 27 0.116364
2676 27 0.097602
2677 27 0.121653
2678 27 0.129997
2679 27 0.138504
2680 27 0.124141
2681 27 0.082904
2682 27 0.112402
2683 27 0.139841
2684 27 0.039469
2685 27 0.173027
2686 27 0.101268
2687 27 0.126999
2688 27 0.186401
2689 27 0.151932
2690 27 0.133299
2691 27 0.122692
2692 27 0.060436
2693 27 0.081733
2694 27 0.107703
2695 27 0.154685
2696 27 0.164519
2697 27 0.095348
2698 27 0.178055
2699 27 0.081655
2700 28 0.143319
2701 28 0.104590
2702 28 0.135482
2703 28 0.122036
2704 28 0.132257
2705 28 0.134301
2706 28 0.152218
2707 28 0.120466
2708 28 0.070174
2709 28 0.216354
2710 28 0.126130
2711 28 0.182970
2712 28 0.192891
2713 28 0.024459
2714 28 0.093905
2715 28 0.101088
2716 28 0.143388
2717 28 0.154131
2718 28 0.103850
2719 28 0.103426
2720 28 0.129799
2721 28 0.159295
2722 28 0.172947
2723 28 0.108345
2724 28 0.039148
2725 28 0.129281
2726 28 0.151236
2727 28 0.116619
2728 28 0.139248
2729 28 0.123138
2730 28 0.138388
2731 28 0.172353
2732 28 0.098116
2733 28 0.118399
2734 28 0.135672
2735 28 0.278024
2736 28 0.109643
2737 28 0.079655
2738 28 0.090375
2739 28 0.089527
2740 28 0.156980
2741 28 0.169669
2742 28 0.127121
2743 28 0.127193
2744 28 0.163667
2745 28 0.228188
2746 28 0.127796
2747 28 0.178452
2748 28 0.160686
2749 28 0.136214
2750 28 0.106742
2751 28 0.150943
2752 28 0.134158
2753 28 0.104122
2754 28 0.089694
2755 28 0.108046
2756 28 0.116480
2757 28 0.114798
2758 28 0.127526
2759 28 0.109852
2760 28 0.129548
2761 28 0.102715
2762 28 0.132421
2763 28 0.106978
2764 28 0.146017
2765 28 0.091533
2766 28 0.025686
2767 28 0.119927
2768 28 0.130336
2769 28 0.139995
2770 28 0.153727
2771 28 0.163556
2772 28 0.118343
2773 28 0.098628
2774 28 0.078676
2775 28 0.203307
2776 28 0.164798
2777 28 0.135051
2778 28 0.114575
2779 28 0.258316
2780 28 0.142298
2781 28 0.144760
2782 28 0.097547
2783 28 0.113559
2784 28 0.132679
2785 28 0.097835
2786 28 0.139909
2787 28 0.116428
2788 28 0.088933
2789 28 0.122793
2790 28 0.147378
2791 28 0.091472
2792 28 0.067127
2793 28 0.113269
2794 28 0.145705
2795 28 0.169417
2796 28 0.138133
2797 28 0.164621
2798 28 0.113948
2799 28 0.151106
2800 29 0.100413
2801 29 0.126694
2802 29 0.111233
2803 29 0.099907
2804 29 0.144877
2805 29 0.087770
2806 29 0.150202
2807 29 0.160990
2808 29 0.078216
2809 29 0.100190
2810 29 0.118109
2811 29 0.162496
2812 29 0.149258
2813 29 0.076522
2814 29 0.127469
2815 29 0.124027
2816 29 0.169593
2817 29 0.105812
2818 29 0.128563
2819 29 0.126208
2820 29 0.138514
2821 29 0.152477
2822 29 0.248195
2823 29 0.218328
2824 29 0.096003
2825 29 0.103154
2826 29 0.168640
2827 29 0.087153
2828 29 0.088397
2829 29 0.115282
2830 29 0.103314
2831 29 0.138218
2832 29 0.133047
2833 29 0.124912
2834 29 0.096398
2835 29 0.159545
2836 29 0.151752
2837 29 0.099239
2838 29 0.110826
2839 29 0.155765
2840 29 0.132427
2841 29 0.158736
2842 29 0.147709
2843 29 0.094571
2844 29 0.102571
2845 29 0.159564
2846 29 0.135001
2847 29 0.148770
2848 29 0.138510
2849 29 0.025875
2850 29 0.273612
2851 29 0.106841
2852 29 0.244540
2853 29 0.130548
2854 29 0.106861
2855 29 0.164329
2856 29 0.156638
2857 29 0.173450
2858 29 0.105991
2859 29 0.128837
2860 29 0.084741
2861 29 0.080005
2862 29 0.024550
2863 29 0.118608
2864 29 0.152462
2865 29 0.103461
2866 29 0.123552
2867 29 0.126838
2868 29 0.147329
2869 29 0.081007
2870 29 0.171578
2871 29 0.144617
2872 29 0.095079
2873 29 0.170967
2874 29 0.182497
2875 29 0.131435
2876 29 0.158252
2877 29 0.130048
2878 29 0.118416
2879 29 0.128283
2880 29 0.128445
2881 29 0.195541
2882 29 0.115217
2883 29 0.132712
2884 29 0.150457
2885 29 0.169560
2886 29 0.116402
2887 29 0.124407
2888 29 0.173196
2889 29 0.113431
2890 29 0.107912
2891 29 0.067329
2892 29 0.121482
2893 29 0.038523
2894 29 0.068107
2895 29 0.142484
2896 29 0.192845
2897 29 0.122872
2898 29 0.080504
2899 29 0.145064
2900 30 0.025720
2901 30 0.130154
2902 30 0.111070
2903 30 0.159488
2904 30 0.141690
2905 30 0.074945
2906 30 0.102602
2907 30 0.090051
2908 30 0.145724
2909 30 0.125303
2910 30 0.126601
2911 30 0.120260
2912 30 0.107073
2913 30 0.075195
2914 30 0.161006
2915 30 0.125656
2916 30 0.103437
2917 30 0.151403
2918 30 0.123374
2919 30 0.139983
2920 30 0.092847
2921 30 0.076262
2922 30 0.088384
2923 30 0.113813
2924 30 0.173265
2925 30 0.128061
2926 30 0.182533
2927 30 0.134784
2928 30 0.038216
2929 30 0.113321
2930 30 0.153283
2931 30 0.141854
2932 30 0.137937
2933 30 0.112407
2934 30 0.098007
2935 30 0.132682
2936 30 0.100539
2937 30 0.119912
2938 30 0.085439
2939 30 0.024316
2940 30 0.073189
2941 30 0.129829
2942 30 0.141334
2943 30 0.141893
2944 30 0.149706
2945 30 0.092007
2946 30 0.126985
2947 30 0.239550
2948 30 0.095299
2949 30 0.107106
2950 30 0.172287
2951 30 0.123831
2952 30 0.282565
2953 30 0.072856
2954 30 0.157386
2955 30 0.131564
2956 30 0.095282
2957 30 0.136506
2958 30 0.105174
2959 30 0.159258
2960 30 0.171628
2961 30 0.122023
2962 30 0.090655
2963 30 0.142265
2964 30 0.133299
2965 30 0.112081
2966 30 0.148468
2967 30 0.114138
2968 30 0.118966
2969 30 0.127903
2970 30 0.187951
2971 30 0.099553
2972 30 0.147689
2973 30 0.130474
2974 30 0.125791
2975 30 0.167255
2976 30 0.107735
2977 30 0.190230
2978 30 0.071896
2979 30 0.109257
2980 30 0.122170
2981 30 0.089647
2982 30 0.140223
2983 30 0.145114
2984 30 0.122643
2985 30 0.179635
2986 30 0.112717
2987 30 0.124641
2988 30 0.172321
2989 30 0.131944
2990 30 0.160173
2991 30 0.140517
2992 30 0.145934
2993 30 0.117646
2994 30 0.156705
2995 30 0.143838
2996 30 0.202228
2997 30 0.177730
2998 30 0.105614
2999 30 0.132771
