# Batch convergence for: model=snn-ae encoding=latency architecture=dense v_th=1 alpha=0.8 run=1
batch_num epoch batch_loss
0 1 0.656873
1 1 0.934532
2 1 0.931495
3 1 0.767590
4 1 1.028591
5 1 0.745560
6 1 0.826048
7 1 0.811094
8 1 0.610437
9 1 0.702407
10 1 0.725799
11 1 0.648233
12 1 0.580505
13 1 0.601417
14 1 0.678851
15 1 0.533585
16 1 0.528572
17 1 0.754244
18 1 0.582229
19 1 0.570254
20 1 0.781840
21 1 0.075585
22 1 0.593840
23 1 0.584716
24 1 0.480384
25 1 0.568992
26 1 0.457774
27 1 0.676272
28 1 0.569536
29 1 0.678454
30 1 0.504576
31 1 0.517348
32 1 0.557881
33 1 0.575623
34 1 0.648079
35 1 0.573087
36 1 0.770079
37 1 0.481631
38 1 0.724064
39 1 0.510406
40 1 0.556426
41 1 0.499338
42 1 0.533382
43 1 0.442589
44 1 0.516371
45 1 0.472572
46 1 0.477446
47 1 0.490243
48 1 0.601585
49 1 0.599120
50 1 0.138671
51 1 0.599327
52 1 0.505761
53 1 0.167136
54 1 0.886312
55 1 0.569801
56 1 0.538207
57 1 0.618970
58 1 0.440746
59 1 0.537927
60 1 0.551611
61 1 0.675466
62 1 0.544115
63 1 0.652033
64 1 0.441738
65 1 0.408559
66 1 0.029745
67 1 0.626945
68 1 0.456339
69 1 0.503137
70 1 0.448637
71 1 0.382324
72 1 0.033191
73 1 0.489662
74 1 0.510798
75 1 0.523857
76 1 0.458271
77 1 0.509350
78 1 0.355360
79 1 0.423895
80 1 0.722689
81 1 0.436824
82 1 0.427793
83 1 0.483535
84 1 0.487976
85 1 0.572791
86 1 0.405556
87 1 0.523811
88 1 0.373034
89 1 0.525071
90 1 0.397499
91 1 0.448045
92 1 0.322803
93 1 0.333939
94 1 0.367446
95 1 0.446056
96 1 0.446182
97 1 0.298903
98 1 0.370419
99 1 0.363161
100 2 0.402208
101 2 0.356962
102 2 0.360259
103 2 0.311605
104 2 0.370201
105 2 0.404201
106 2 0.384060
107 2 0.400403
108 2 0.315667
109 2 0.407952
110 2 0.286092
111 2 0.105741
112 2 0.287026
113 2 0.574291
114 2 0.280269
115 2 0.369200
116 2 0.262018
117 2 0.355734
118 2 0.325708
119 2 0.375586
120 2 0.234213
121 2 0.411982
122 2 0.289114
123 2 0.292463
124 2 0.278222
125 2 0.414984
126 2 0.255054
127 2 0.424837
128 2 0.309075
129 2 0.278493
130 2 0.300015
131 2 0.270994
132 2 0.408720
133 2 0.341527
134 2 0.298836
135 2 0.294669
136 2 0.272833
137 2 0.249511
138 2 0.378870
139 2 0.329458
140 2 0.252215
141 2 0.390372
142 2 0.270012
143 2 0.237184
144 2 0.270021
145 2 0.256144
146 2 0.228996
147 2 0.297711
148 2 0.235201
149 2 0.242214
150 2 0.307663
151 2 0.216373
152 2 0.235523
153 2 0.240540
154 2 0.291559
155 2 0.031326
156 2 0.247326
157 2 0.201070
158 2 0.211796
159 2 0.319662
160 2 0.200244
161 2 0.217240
162 2 0.232915
163 2 0.285110
164 2 0.228874
165 2 0.251307
166 2 0.034288
167 2 0.214255
168 2 0.346033
169 2 0.230414
170 2 0.265551
171 2 0.257659
172 2 0.275105
173 2 0.235332
174 2 0.256407
175 2 0.325733
176 2 0.215464
177 2 0.152283
178 2 0.266817
179 2 0.182513
180 2 0.294673
181 2 0.205215
182 2 0.249986
183 2 0.278191
184 2 0.262613
185 2 0.089582
186 2 0.242250
187 2 0.230108
188 2 0.231744
189 2 0.321047
190 2 0.216675
191 2 0.254920
192 2 0.288849
193 2 0.206591
194 2 0.387670
195 2 0.194155
196 2 0.248263
197 2 0.227804
198 2 0.308529
199 2 0.195105
200 3 0.247586
201 3 0.265566
202 3 0.162657
203 3 0.283880
204 3 0.031451
205 3 0.180156
206 3 0.235949
207 3 0.197248
208 3 0.358722
209 3 0.208853
210 3 0.234063
211 3 0.234338
212 3 0.224729
213 3 0.294573
214 3 0.251434
215 3 0.198223
216 3 0.260706
217 3 0.240406
218 3 0.411840
219 3 0.034199
220 3 0.172483
221 3 0.305462
222 3 0.168594
223 3 0.270505
224 3 0.248460
225 3 0.284808
226 3 0.243251
227 3 0.188416
228 3 0.259993
229 3 0.317318
230 3 0.180043
231 3 0.104405
232 3 0.174213
233 3 0.214676
234 3 0.195594
235 3 0.207730
236 3 0.243399
237 3 0.235441
238 3 0.204761
239 3 0.298002
240 3 0.227596
241 3 0.253562
242 3 0.191670
243 3 0.207782
244 3 0.225735
245 3 0.170726
246 3 0.210088
247 3 0.279357
248 3 0.206827
249 3 0.157025
250 3 0.183915
251 3 0.186037
252 3 0.201128
253 3 0.228885
254 3 0.220211
255 3 0.117235
256 3 0.227720
257 3 0.253010
258 3 0.275323
259 3 0.236243
260 3 0.208676
261 3 0.195539
262 3 0.215618
263 3 0.169789
264 3 0.170432
265 3 0.193213
266 3 0.157541
267 3 0.230075
268 3 0.159172
269 3 0.243502
270 3 0.238040
271 3 0.187942
272 3 0.180447
273 3 0.217087
274 3 0.200621
275 3 0.178103
276 3 0.068934
277 3 0.236262
278 3 0.177308
279 3 0.158222
280 3 0.198818
281 3 0.142517
282 3 0.177960
283 3 0.196425
284 3 0.187440
285 3 0.150442
286 3 0.183305
287 3 0.176955
288 3 0.125579
289 3 0.179123
290 3 0.166325
291 3 0.190832
292 3 0.144319
293 3 0.166562
294 3 0.162976
295 3 0.312227
296 3 0.194693
297 3 0.229954
298 3 0.181114
299 3 0.278050
300 4 0.168034
301 4 0.247726
302 4 0.219474
303 4 0.153531
304 4 0.138528
305 4 0.206089
306 4 0.181429
307 4 0.314163
308 4 0.195852
309 4 0.233643
310 4 0.230807
311 4 0.152074
312 4 0.135827
313 4 0.154734
314 4 0.128999
315 4 0.173460
316 4 0.172160
317 4 0.183396
318 4 0.163153
319 4 0.152610
320 4 0.239913
321 4 0.181963
322 4 0.183760
323 4 0.237009
324 4 0.179961
325 4 0.160647
326 4 0.238159
327 4 0.168448
328 4 0.125917
329 4 0.169915
330 4 0.198906
331 4 0.233049
332 4 0.187491
333 4 0.233083
334 4 0.168904
335 4 0.149416
336 4 0.159017
337 4 0.179410
338 4 0.095741
339 4 0.137181
340 4 0.174881
341 4 0.174783
342 4 0.211409
343 4 0.030934
344 4 0.201211
345 4 0.257678
346 4 0.143109
347 4 0.138670
348 4 0.102386
349 4 0.192274
350 4 0.235421
351 4 0.229732
352 4 0.180177
353 4 0.203595
354 4 0.103030
355 4 0.121016
356 4 0.125891
357 4 0.169104
358 4 0.201808
359 4 0.068016
360 4 0.033503
361 4 0.289189
362 4 0.167450
363 4 0.260016
364 4 0.157169
365 4 0.234847
366 4 0.143208
367 4 0.162867
368 4 0.136752
369 4 0.179600
370 4 0.187040
371 4 0.203778
372 4 0.155594
373 4 0.119753
374 4 0.147910
375 4 0.226947
376 4 0.147292
377 4 0.132427
378 4 0.221685
379 4 0.137190
380 4 0.162235
381 4 0.105221
382 4 0.196110
383 4 0.364880
384 4 0.177521
385 4 0.132469
386 4 0.190716
387 4 0.227380
388 4 0.123836
389 4 0.176769
390 4 0.176115
391 4 0.147055
392 4 0.190080
393 4 0.202482
394 4 0.158798
395 4 0.317660
396 4 0.198632
397 4 0.202200
398 4 0.195614
399 4 0.267337
400 5 0.161103
401 5 0.179841
402 5 0.141587
403 5 0.164932
404 5 0.127714
405 5 0.165267
406 5 0.182490
407 5 0.203166
408 5 0.165915
409 5 0.195036
410 5 0.190545
411 5 0.382551
412 5 0.156094
413 5 0.067553
414 5 0.122409
415 5 0.128533
416 5 0.102324
417 5 0.123147
418 5 0.193838
419 5 0.175622
420 5 0.134125
421 5 0.124830
422 5 0.147384
423 5 0.110910
424 5 0.156559
425 5 0.188091
426 5 0.167991
427 5 0.186816
428 5 0.158294
429 5 0.172456
430 5 0.154177
431 5 0.254101
432 5 0.160268
433 5 0.102973
434 5 0.199598
435 5 0.152814
436 5 0.088101
437 5 0.132480
438 5 0.030298
439 5 0.120059
440 5 0.184829
441 5 0.135903
442 5 0.222439
443 5 0.125354
444 5 0.176257
445 5 0.074453
446 5 0.145254
447 5 0.152704
448 5 0.297345
449 5 0.144541
450 5 0.248306
451 5 0.177414
452 5 0.118162
453 5 0.032854
454 5 0.148138
455 5 0.110403
456 5 0.128005
457 5 0.146097
458 5 0.158392
459 5 0.173519
460 5 0.185148
461 5 0.165729
462 5 0.177206
463 5 0.167353
464 5 0.191570
465 5 0.129931
466 5 0.198970
467 5 0.195180
468 5 0.117235
469 5 0.162195
470 5 0.206582
471 5 0.134241
472 5 0.144128
473 5 0.186527
474 5 0.125395
475 5 0.142963
476 5 0.184331
477 5 0.151514
478 5 0.183231
479 5 0.124509
480 5 0.136796
481 5 0.337504
482 5 0.142533
483 5 0.111865
484 5 0.205557
485 5 0.123418
486 5 0.146663
487 5 0.223146
488 5 0.164390
489 5 0.162189
490 5 0.136034
491 5 0.158468
492 5 0.177159
493 5 0.193711
494 5 0.164853
495 5 0.118555
496 5 0.177259
497 5 0.107691
498 5 0.191671
499 5 0.094051
500 6 0.125867
501 6 0.066425
502 6 0.110473
503 6 0.151808
504 6 0.218774
505 6 0.112157
506 6 0.029948
507 6 0.152904
508 6 0.146534
509 6 0.141398
510 6 0.121298
511 6 0.190702
512 6 0.163425
513 6 0.114419
514 6 0.160396
515 6 0.159345
516 6 0.100547
517 6 0.098859
518 6 0.090630
519 6 0.175255
520 6 0.260422
521 6 0.124963
522 6 0.118058
523 6 0.128023
524 6 0.162553
525 6 0.167926
526 6 0.132542
527 6 0.148804
528 6 0.076659
529 6 0.122193
530 6 0.189049
531 6 0.109695
532 6 0.170672
533 6 0.115558
534 6 0.112457
535 6 0.146585
536 6 0.141903
537 6 0.189323
538 6 0.123100
539 6 0.155095
540 6 0.150706
541 6 0.140217
542 6 0.105218
543 6 0.143713
544 6 0.129321
545 6 0.178519
546 6 0.187109
547 6 0.110579
548 6 0.084275
549 6 0.176055
550 6 0.222467
551 6 0.225925
552 6 0.155261
553 6 0.192305
554 6 0.109287
555 6 0.118745
556 6 0.106001
557 6 0.147365
558 6 0.162877
559 6 0.032357
560 6 0.133843
561 6 0.138074
562 6 0.126085
563 6 0.118896
564 6 0.122156
565 6 0.083730
566 6 0.137938
567 6 0.193413
568 6 0.270088
569 6 0.104396
570 6 0.099865
571 6 0.170931
572 6 0.135015
573 6 0.102514
574 6 0.182176
575 6 0.133382
576 6 0.099993
577 6 0.272514
578 6 0.128966
579 6 0.121511
580 6 0.174110
581 6 0.343812
582 6 0.160216
583 6 0.175001
584 6 0.179460
585 6 0.099189
586 6 0.208383
587 6 0.145969
588 6 0.202278
589 6 0.176882
590 6 0.423138
591 6 0.163049
592 6 0.080180
593 6 0.132186
594 6 0.169746
595 6 0.202125
596 6 0.141821
597 6 0.115373
598 6 0.144346
599 6 0.204025
600 7 0.133808
601 7 0.150326
602 7 0.163216
603 7 0.157078
604 7 0.029423
605 7 0.097693
606 7 0.162865
607 7 0.151999
608 7 0.147688
609 7 0.130759
610 7 0.114691
611 7 0.167613
612 7 0.268467
613 7 0.122711
614 7 0.106642
615 7 0.201368
616 7 0.123493
617 7 0.218644
618 7 0.164757
619 7 0.087673
620 7 0.120777
621 7 0.120740
622 7 0.071472
623 7 0.111799
624 7 0.089869
625 7 0.235397
626 7 0.139234
627 7 0.158796
628 7 0.145791
629 7 0.127922
630 7 0.222209
631 7 0.125202
632 7 0.128656
633 7 0.129458
634 7 0.140896
635 7 0.118061
636 7 0.131734
637 7 0.110710
638 7 0.136141
639 7 0.139159
640 7 0.130807
641 7 0.134137
642 7 0.195093
643 7 0.173966
644 7 0.107707
645 7 0.170976
646 7 0.145519
647 7 0.126693
648 7 0.177200
649 7 0.098140
650 7 0.140628
651 7 0.185652
652 7 0.163843
653 7 0.206334
654 7 0.155332
655 7 0.186006
656 7 0.075257
657 7 0.108630
658 7 0.123112
659 7 0.198553
660 7 0.121368
661 7 0.129000
662 7 0.123422
663 7 0.062186
664 7 0.172563
665 7 0.140129
666 7 0.136400
667 7 0.123899
668 7 0.110002
669 7 0.108569
670 7 0.134306
671 7 0.086765
672 7 0.325393
673 7 0.355386
674 7 0.154510
675 7 0.201039
676 7 0.141354
677 7 0.099246
678 7 0.103927
679 7 0.105050
680 7 0.150035
681 7 0.145376
682 7 0.101736
683 7 0.200204
684 7 0.123596
685 7 0.142142
686 7 0.191898
687 7 0.085251
688 7 0.295689
689 7 0.121829
690 7 0.114020
691 7 0.135776
692 7 0.242688
693 7 0.031625
694 7 0.096871
695 7 0.146529
696 7 0.145394
697 7 0.102745
698 7 0.081938
699 7 0.115136
700 8 0.186263
701 8 0.115711
702 8 0.100792
703 8 0.164438
704 8 0.147420
705 8 0.113340
706 8 0.216199
707 8 0.166981
708 8 0.087876
709 8 0.112630
710 8 0.203556
711 8 0.226014
712 8 0.095061
713 8 0.094956
714 8 0.154881
715 8 0.162138
716 8 0.306589
717 8 0.200072
718 8 0.153115
719 8 0.153521
720 8 0.142613
721 8 0.139209
722 8 0.103601
723 8 0.164763
724 8 0.124715
725 8 0.138242
726 8 0.142225
727 8 0.108843
728 8 0.129852
729 8 0.126573
730 8 0.068399
731 8 0.089576
732 8 0.137490
733 8 0.110545
734 8 0.136537
735 8 0.212533
736 8 0.109866
737 8 0.096483
738 8 0.092660
739 8 0.125441
740 8 0.103772
741 8 0.170045
742 8 0.133541
743 8 0.138052
744 8 0.114709
745 8 0.113625
746 8 0.031380
747 8 0.159557
748 8 0.085347
749 8 0.138238
750 8 0.181869
751 8 0.139348
752 8 0.108061
753 8 0.144347
754 8 0.200086
755 8 0.121090
756 8 0.152516
757 8 0.144661
758 8 0.093978
759 8 0.191545
760 8 0.120777
761 8 0.119287
762 8 0.118744
763 8 0.128889
764 8 0.139413
765 8 0.131012
766 8 0.101784
767 8 0.144830
768 8 0.135860
769 8 0.063596
770 8 0.100462
771 8 0.231664
772 8 0.155100
773 8 0.152882
774 8 0.168751
775 8 0.130470
776 8 0.139595
777 8 0.112753
778 8 0.082167
779 8 0.100906
780 8 0.151106
781 8 0.135081
782 8 0.205022
783 8 0.096546
784 8 0.278871
785 8 0.138741
786 8 0.167051
787 8 0.061625
788 8 0.145261
789 8 0.059171
790 8 0.165667
791 8 0.121023
792 8 0.140161
793 8 0.322781
794 8 0.156589
795 8 0.090675
796 8 0.159168
797 8 0.094229
798 8 0.114875
799 8 0.148653
800 9 0.153539
801 9 0.121966
802 9 0.124022
803 9 0.135537
804 9 0.125829
805 9 0.119527
806 9 0.132702
807 9 0.150206
808 9 0.108231
809 9 0.171401
810 9 0.114980
811 9 0.094144
812 9 0.178181
813 9 0.153200
814 9 0.113097
815 9 0.109456
816 9 0.183179
817 9 0.059137
818 9 0.266767
819 9 0.111575
820 9 0.140513
821 9 0.246416
822 9 0.102071
823 9 0.161656
824 9 0.101214
825 9 0.159017
826 9 0.126182
827 9 0.114262
828 9 0.172483
829 9 0.139193
830 9 0.028483
831 9 0.146388
832 9 0.173636
833 9 0.189210
834 9 0.137150
835 9 0.062875
836 9 0.133883
837 9 0.153981
838 9 0.119934
839 9 0.100646
840 9 0.134063
841 9 0.165423
842 9 0.142140
843 9 0.083723
844 9 0.176987
845 9 0.207327
846 9 0.136023
847 9 0.174690
848 9 0.117319
849 9 0.109214
850 9 0.180920
851 9 0.128504
852 9 0.109773
853 9 0.162065
854 9 0.113303
855 9 0.203081
856 9 0.089039
857 9 0.095456
858 9 0.187843
859 9 0.202372
860 9 0.146605
861 9 0.158589
862 9 0.087836
863 9 0.158408
864 9 0.048347
865 9 0.137744
866 9 0.121921
867 9 0.066150
868 9 0.108603
869 9 0.112407
870 9 0.177533
871 9 0.094565
872 9 0.079112
873 9 0.110719
874 9 0.155379
875 9 0.182322
876 9 0.096224
877 9 0.063321
878 9 0.169546
879 9 0.120528
880 9 0.150833
881 9 0.104863
882 9 0.126810
883 9 0.138089
884 9 0.118064
885 9 0.103731
886 9 0.094748
887 9 0.107182
888 9 0.121718
889 9 0.149482
890 9 0.111416
891 9 0.306483
892 9 0.139009
893 9 0.154074
894 9 0.114494
895 9 0.152128
896 9 0.199498
897 9 0.083953
898 9 0.133655
899 9 0.218063
900 10 0.163983
901 10 0.165389
902 10 0.115399
903 10 0.146390
904 10 0.101454
905 10 0.179126
906 10 0.105522
907 10 0.115397
908 10 0.109002
909 10 0.112227
910 10 0.082019
911 10 0.172046
912 10 0.152234
913 10 0.063979
914 10 0.065920
915 10 0.105287
916 10 0.117805
917 10 0.135092
918 10 0.117084
919 10 0.104253
920 10 0.085856
921 10 0.162030
922 10 0.129348
923 10 0.114189
924 10 0.126531
925 10 0.197558
926 10 0.139667
927 10 0.128382
928 10 0.133694
929 10 0.081157
930 10 0.139968
931 10 0.124022
932 10 0.167958
933 10 0.101901
934 10 0.106192
935 10 0.194926
936 10 0.118205
937 10 0.133557
938 10 0.119216
939 10 0.122925
940 10 0.161416
941 10 0.142291
942 10 0.162826
943 10 0.027826
944 10 0.103592
945 10 0.217502
946 10 0.149542
947 10 0.112411
948 10 0.093871
949 10 0.077593
950 10 0.098807
951 10 0.134919
952 10 0.128884
953 10 0.113897
954 10 0.133582
955 10 0.274640
956 10 0.157135
957 10 0.118042
958 10 0.146330
959 10 0.120999
960 10 0.107413
961 10 0.179412
962 10 0.129576
963 10 0.107586
964 10 0.191832
965 10 0.148733
966 10 0.176754
967 10 0.111070
968 10 0.143605
969 10 0.113954
970 10 0.030028
971 10 0.138728
972 10 0.095581
973 10 0.118484
974 10 0.129508
975 10 0.134055
976 10 0.119488
977 10 0.128893
978 10 0.074053
979 10 0.146903
980 10 0.162954
981 10 0.133144
982 10 0.148454
983 10 0.060555
984 10 0.112451
985 10 0.088442
986 10 0.196109
987 10 0.173703
988 10 0.174179
989 10 0.180057
990 10 0.092000
991 10 0.111079
992 10 0.117612
993 10 0.140291
994 10 0.142101
995 10 0.194270
996 10 0.078079
997 10 0.198051
998 10 0.313289
999 10 0.131917
1000 11 0.286385
1001 11 0.108467
1002 11 0.101380
1003 11 0.115140
1004 11 0.108593
1005 11 0.117420
1006 11 0.092165
1007 11 0.132172
1008 11 0.116143
1009 11 0.150451
1010 11 0.122764
1011 11 0.159718
1012 11 0.104069
1013 11 0.230941
1014 11 0.097683
1015 11 0.132861
1016 11 0.131912
1017 11 0.113141
1018 11 0.159524
1019 11 0.093768
1020 11 0.174519
1021 11 0.123148
1022 11 0.100632
1023 11 0.113429
1024 11 0.192233
1025 11 0.218548
1026 11 0.089356
1027 11 0.155006
1028 11 0.143398
1029 11 0.118497
1030 11 0.155892
1031 11 0.099152
1032 11 0.128434
1033 11 0.163853
1034 11 0.172944
1035 11 0.154689
1036 11 0.094776
1037 11 0.027259
1038 11 0.108823
1039 11 0.098854
1040 11 0.131125
1041 11 0.129723
1042 11 0.188146
1043 11 0.067004
1044 11 0.116543
1045 11 0.187606
1046 11 0.181039
1047 11 0.169394
1048 11 0.130969
1049 11 0.113592
1050 11 0.029444
1051 11 0.145688
1052 11 0.101352
1053 11 0.173063
1054 11 0.149497
1055 11 0.113537
1056 11 0.183198
1057 11 0.114012
1058 11 0.176603
1059 11 0.116002
1060 11 0.254977
1061 11 0.085928
1062 11 0.251521
1063 11 0.162931
1064 11 0.112127
1065 11 0.166768
1066 11 0.147571
1067 11 0.147989
1068 11 0.115419
1069 11 0.060139
1070 11 0.059120
1071 11 0.126074
1072 11 0.167288
1073 11 0.101303
1074 11 0.115635
1075 11 0.085372
1076 11 0.192074
1077 11 0.186763
1078 11 0.166051
1079 11 0.136468
1080 11 0.126693
1081 11 0.152814
1082 11 0.113423
1083 11 0.144913
1084 11 0.121877
1085 11 0.168114
1086 11 0.110774
1087 11 0.152811
1088 11 0.112080
1089 11 0.145319
1090 11 0.105404
1091 11 0.120619
1092 11 0.106210
1093 11 0.143122
1094 11 0.123955
1095 11 0.134067
1096 11 0.139247
1097 11 0.060294
1098 11 0.114590
1099 11 0.129876
1100 12 0.084342
1101 12 0.177254
1102 12 0.148055
1103 12 0.158522
1104 12 0.057922
1105 12 0.094954
1106 12 0.107818
1107 12 0.104109
1108 12 0.120063
1109 12 0.109778
1110 12 0.122492
1111 12 0.137796
1112 12 0.161682
1113 12 0.125811
1114 12 0.161497
1115 12 0.222025
1116 12 0.119650
1117 12 0.146454
1118 12 0.151301
1119 12 0.125523
1120 12 0.113194
1121 12 0.081674
1122 12 0.110025
1123 12 0.107185
1124 12 0.167213
1125 12 0.138454
1126 12 0.158423
1127 12 0.053683
1128 12 0.217082
1129 12 0.110177
1130 12 0.098183
1131 12 0.106109
1132 12 0.104912
1133 12 0.138930
1134 12 0.119361
1135 12 0.175721
1136 12 0.134743
1137 12 0.171452
1138 12 0.156249
1139 12 0.112754
1140 12 0.142251
1141 12 0.136133
1142 12 0.119948
1143 12 0.124264
1144 12 0.147166
1145 12 0.110340
1146 12 0.195776
1147 12 0.139836
1148 12 0.098586
1149 12 0.219634
1150 12 0.161454
1151 12 0.170750
1152 12 0.026825
1153 12 0.060375
1154 12 0.134645
1155 12 0.168880
1156 12 0.130470
1157 12 0.099877
1158 12 0.028925
1159 12 0.148649
1160 12 0.182492
1161 12 0.201920
1162 12 0.116943
1163 12 0.161722
1164 12 0.145166
1165 12 0.130429
1166 12 0.109060
1167 12 0.251565
1168 12 0.104721
1169 12 0.128378
1170 12 0.138287
1171 12 0.122876
1172 12 0.135439
1173 12 0.092419
1174 12 0.143043
1175 12 0.093948
1176 12 0.079479
1177 12 0.122115
1178 12 0.175128
1179 12 0.153479
1180 12 0.180558
1181 12 0.116239
1182 12 0.127115
1183 12 0.097412
1184 12 0.301423
1185 12 0.124327
1186 12 0.109808
1187 12 0.113134
1188 12 0.127497
1189 12 0.133794
1190 12 0.128530
1191 12 0.165912
1192 12 0.108014
1193 12 0.113814
1194 12 0.156201
1195 12 0.133310
1196 12 0.080380
1197 12 0.100222
1198 12 0.117386
1199 12 0.181479
1200 13 0.177871
1201 13 0.066908
1202 13 0.162250
1203 13 0.088355
1204 13 0.144819
1205 13 0.193243
1206 13 0.140566
1207 13 0.122181
1208 13 0.131392
1209 13 0.167053
1210 13 0.162938
1211 13 0.185453
1212 13 0.167631
1213 13 0.136900
1214 13 0.105673
1215 13 0.152360
1216 13 0.147717
1217 13 0.128668
1218 13 0.116317
1219 13 0.139799
1220 13 0.152095
1221 13 0.197731
1222 13 0.105987
1223 13 0.166842
1224 13 0.171431
1225 13 0.028539
1226 13 0.100415
1227 13 0.135535
1228 13 0.174414
1229 13 0.086174
1230 13 0.213488
1231 13 0.079201
1232 13 0.093086
1233 13 0.179104
1234 13 0.141885
1235 13 0.122582
1236 13 0.185800
1237 13 0.109678
1238 13 0.107905
1239 13 0.103768
1240 13 0.058933
1241 13 0.097962
1242 13 0.115252
1243 13 0.098628
1244 13 0.119539
1245 13 0.087790
1246 13 0.121336
1247 13 0.135964
1248 13 0.096069
1249 13 0.144024
1250 13 0.179378
1251 13 0.118164
1252 13 0.096811
1253 13 0.113380
1254 13 0.121304
1255 13 0.096634
1256 13 0.118762
1257 13 0.220512
1258 13 0.126300
1259 13 0.157997
1260 13 0.100927
1261 13 0.121578
1262 13 0.125538
1263 13 0.136677
1264 13 0.107946
1265 13 0.160343
1266 13 0.075359
1267 13 0.086439
1268 13 0.108507
1269 13 0.157540
1270 13 0.105156
1271 13 0.103740
1272 13 0.148910
1273 13 0.141288
1274 13 0.100779
1275 13 0.137865
1276 13 0.177792
1277 13 0.170377
1278 13 0.166944
1279 13 0.130581
1280 13 0.133009
1281 13 0.084532
1282 13 0.103859
1283 13 0.107361
1284 13 0.056963
1285 13 0.114638
1286 13 0.080828
1287 13 0.086597
1288 13 0.133098
1289 13 0.148974
1290 13 0.106187
1291 13 0.136137
1292 13 0.078784
1293 13 0.108272
1294 13 0.290428
1295 13 0.243286
1296 13 0.159657
1297 13 0.146181
1298 13 0.026152
1299 13 0.149771
1300 14 0.148069
1301 14 0.264037
1302 14 0.167680
1303 14 0.166922
1304 14 0.138854
1305 14 0.140176
1306 14 0.135247
1307 14 0.116982
1308 14 0.231793
1309 14 0.165844
1310 14 0.185884
1311 14 0.129647
1312 14 0.104719
1313 14 0.078008
1314 14 0.191721
1315 14 0.156056
1316 14 0.200038
1317 14 0.111033
1318 14 0.154963
1319 14 0.055947
1320 14 0.144188
1321 14 0.116691
1322 14 0.086442
1323 14 0.115627
1324 14 0.027967
1325 14 0.087245
1326 14 0.110495
1327 14 0.101696
1328 14 0.101127
1329 14 0.098373
1330 14 0.156189
1331 14 0.114440
1332 14 0.104811
1333 14 0.169762
1334 14 0.083620
1335 14 0.176730
1336 14 0.155281
1337 14 0.089141
1338 14 0.138989
1339 14 0.148153
1340 14 0.116136
1341 14 0.117677
1342 14 0.085273
1343 14 0.256452
1344 14 0.282380
1345 14 0.135708
1346 14 0.173580
1347 14 0.070231
1348 14 0.137706
1349 14 0.129473
1350 14 0.115226
1351 14 0.162425
1352 14 0.121293
1353 14 0.055446
1354 14 0.170274
1355 14 0.134045
1356 14 0.173447
1357 14 0.130942
1358 14 0.117725
1359 14 0.184114
1360 14 0.170552
1361 14 0.132000
1362 14 0.154917
1363 14 0.124830
1364 14 0.136746
1365 14 0.107608
1366 14 0.238681
1367 14 0.118132
1368 14 0.129661
1369 14 0.197840
1370 14 0.105457
1371 14 0.106226
1372 14 0.098642
1373 14 0.087234
1374 14 0.140993
1375 14 0.075711
1376 14 0.099214
1377 14 0.091980
1378 14 0.105385
1379 14 0.128446
1380 14 0.119888
1381 14 0.112605
1382 14 0.104380
1383 14 0.099954
1384 14 0.120204
1385 14 0.143598
1386 14 0.120479
1387 14 0.091716
1388 14 0.147644
1389 14 0.150065
1390 14 0.105465
1391 14 0.132413
1392 14 0.025755
1393 14 0.118984
1394 14 0.125431
1395 14 0.138840
1396 14 0.180338
1397 14 0.139533
1398 14 0.103875
1399 14 0.144110
1400 15 0.136300
1401 15 0.131345
1402 15 0.087982
1403 15 0.138884
1404 15 0.161024
1405 15 0.103159
1406 15 0.165698
1407 15 0.130323
1408 15 0.136730
1409 15 0.155990
1410 15 0.129498
1411 15 0.107433
1412 15 0.171039
1413 15 0.110354
1414 15 0.145282
1415 15 0.131871
1416 15 0.110625
1417 15 0.096945
1418 15 0.054744
1419 15 0.125639
1420 15 0.120485
1421 15 0.131859
1422 15 0.126166
1423 15 0.136766
1424 15 0.226008
1425 15 0.103664
1426 15 0.102777
1427 15 0.096771
1428 15 0.186721
1429 15 0.097420
1430 15 0.146346
1431 15 0.105284
1432 15 0.111397
1433 15 0.027505
1434 15 0.080531
1435 15 0.165633
1436 15 0.151651
1437 15 0.093337
1438 15 0.104376
1439 15 0.084643
1440 15 0.130646
1441 15 0.062977
1442 15 0.116305
1443 15 0.146707
1444 15 0.114208
1445 15 0.133056
1446 15 0.136931
1447 15 0.157094
1448 15 0.100024
1449 15 0.057710
1450 15 0.149384
1451 15 0.131243
1452 15 0.136565
1453 15 0.213589
1454 15 0.092704
1455 15 0.159126
1456 15 0.109582
1457 15 0.165516
1458 15 0.248476
1459 15 0.201602
1460 15 0.111905
1461 15 0.101461
1462 15 0.127395
1463 15 0.025348
1464 15 0.101905
1465 15 0.103713
1466 15 0.130779
1467 15 0.252195
1468 15 0.150437
1469 15 0.119398
1470 15 0.133350
1471 15 0.259847
1472 15 0.103381
1473 15 0.147523
1474 15 0.135630
1475 15 0.120857
1476 15 0.134940
1477 15 0.120450
1478 15 0.104988
1479 15 0.208963
1480 15 0.154241
1481 15 0.125919
1482 15 0.112246
1483 15 0.085525
1484 15 0.062350
1485 15 0.130393
1486 15 0.098055
1487 15 0.136791
1488 15 0.172554
1489 15 0.127459
1490 15 0.100553
1491 15 0.159453
1492 15 0.135673
1493 15 0.141199
1494 15 0.111529
1495 15 0.123120
1496 15 0.140289
1497 15 0.148979
1498 15 0.158769
1499 15 0.144108
