# Batch convergence for: model=snn-ae encoding=poisson architecture=dense v_th=1.5 alpha=0.9 run=1
batch_num epoch batch_loss
0 1 0.085938
1 1 0.333962
2 1 0.379586
3 1 0.159001
4 1 0.946359
5 1 0.323673
6 1 0.572672
7 1 0.162600
8 1 0.165810
9 1 0.158335
10 1 0.154722
11 1 0.594022
12 1 0.278650
13 1 0.426068
14 1 0.198190
15 1 0.240652
16 1 0.233078
17 1 0.679290
18 1 0.243882
19 1 0.229925
20 1 0.152240
21 1 0.023419
22 1 0.349722
23 1 0.221191
24 1 0.195604
25 1 0.517415
26 1 0.183601
27 1 0.473832
28 1 0.117008
29 1 0.605528
30 1 0.288679
31 1 0.320103
32 1 0.577589
33 1 0.116965
34 1 0.226057
35 1 0.420057
36 1 0.153729
37 1 0.174002
38 1 0.085778
39 1 0.272637
40 1 0.411713
41 1 0.326749
42 1 0.119553
43 1 0.330008
44 1 0.282717
45 1 0.108746
46 1 0.144408
47 1 0.180979
48 1 0.329231
49 1 0.381284
50 1 0.031198
51 1 0.367031
52 1 0.432610
53 1 0.031185
54 1 1.235657
55 1 0.136292
56 1 0.401512
57 1 0.206915
58 1 0.273218
59 1 0.378919
60 1 0.200393
61 1 0.497828
62 1 0.515045
63 1 0.187286
64 1 0.275368
65 1 0.138144
66 1 0.023379
67 1 1.164311
68 1 0.138575
69 1 0.074056
70 1 0.336907
71 1 0.027306
72 1 0.035016
73 1 0.353861
74 1 0.319696
75 1 0.317635
76 1 0.143957
77 1 0.254258
78 1 0.173308
79 1 0.168757
80 1 1.198823
81 1 0.312264
82 1 0.245709
83 1 0.244474
84 1 0.416671
85 1 0.364795
86 1 0.269554
87 1 0.323284
88 1 0.318889
89 1 0.319369
90 1 0.046600
91 1 0.407765
92 1 0.046703
93 1 0.210069
94 1 0.205772
95 1 0.384660
96 1 0.179251
97 1 0.208344
98 1 0.186719
99 1 0.211437
100 2 0.241095
101 2 0.142318
102 2 0.116406
103 2 0.278296
104 2 0.277585
105 2 0.193846
106 2 0.268220
107 2 0.342796
108 2 0.118803
109 2 0.218399
110 2 0.159948
111 2 0.031068
112 2 0.201940
113 2 1.180734
114 2 0.153082
115 2 0.209669
116 2 0.089145
117 2 0.301341
118 2 0.046518
119 2 0.143543
120 2 0.235969
121 2 0.099018
122 2 0.027240
123 2 0.215178
124 2 0.092891
125 2 0.338759
126 2 0.278523
127 2 0.302885
128 2 0.272890
129 2 0.193839
130 2 0.158781
131 2 0.319481
132 2 0.368246
133 2 0.232168
134 2 0.359040
135 2 0.253272
136 2 0.206627
137 2 0.151584
138 2 0.563312
139 2 0.306228
140 2 0.156801
141 2 0.483692
142 2 0.463862
143 2 0.166474
144 2 0.123866
145 2 0.260272
146 2 0.358505
147 2 0.244946
148 2 0.200012
149 2 0.448607
150 2 0.046570
151 2 0.136644
152 2 0.180727
153 2 0.179890
154 2 0.314585
155 2 0.023289
156 2 0.781664
157 2 0.127148
158 2 0.186005
159 2 0.147066
160 2 0.269375
161 2 0.160127
162 2 0.244371
163 2 0.491919
164 2 0.212687
165 2 0.169525
166 2 0.034814
167 2 0.111245
168 2 0.401728
169 2 0.404148
170 2 0.138333
171 2 0.712653
172 2 0.282991
173 2 0.207231
174 2 0.230738
175 2 0.253137
176 2 0.181208
177 2 0.030939
178 2 0.161099
179 2 0.310027
180 2 0.373945
181 2 0.213337
182 2 0.237712
183 2 0.385445
184 2 0.395322
185 2 0.023238
186 2 0.347549
187 2 0.222757
188 2 0.240277
189 2 0.330077
190 2 0.235110
191 2 0.143074
192 2 0.339744
193 2 0.276882
194 2 1.021198
195 2 0.262112
196 2 0.271785
197 2 0.134385
198 2 0.150863
199 2 0.115814
200 3 0.237284
201 3 0.231756
202 3 0.135903
203 3 0.247481
204 3 0.023249
205 3 0.271217
206 3 0.166977
207 3 0.027139
208 3 0.934777
209 3 0.133723
210 3 0.264077
211 3 0.161216
212 3 0.221647
213 3 0.243020
214 3 0.216424
215 3 0.184656
216 3 0.265765
217 3 0.203299
218 3 1.080685
219 3 0.034700
220 3 0.259124
221 3 0.209305
222 3 0.148374
223 3 0.119493
224 3 0.215653
225 3 0.158844
226 3 0.112974
227 3 0.196165
228 3 0.221446
229 3 0.070311
230 3 0.330893
231 3 0.030869
232 3 0.180009
233 3 0.134706
234 3 0.185131
235 3 0.219255
236 3 0.246490
237 3 0.351649
238 3 0.361894
239 3 0.407349
240 3 0.157992
241 3 0.302173
242 3 0.217646
243 3 0.221409
244 3 0.328062
245 3 0.127262
246 3 0.369530
247 3 0.179985
248 3 0.146185
249 3 0.211734
250 3 0.161641
251 3 0.266587
252 3 0.682233
253 3 0.239769
254 3 0.142323
255 3 0.127860
256 3 0.219109
257 3 0.088472
258 3 0.196568
259 3 0.134595
260 3 0.259168
261 3 0.219745
262 3 0.376691
263 3 0.258510
264 3 0.216555
265 3 0.386010
266 3 0.146281
267 3 0.225024
268 3 0.199483
269 3 0.409706
270 3 0.207800
271 3 0.107825
272 3 0.227818
273 3 0.312744
274 3 0.233583
275 3 0.182611
276 3 0.023145
277 3 0.030766
278 3 0.247335
279 3 0.219776
280 3 0.189629
281 3 0.114261
282 3 0.224642
283 3 0.139031
284 3 0.708008
285 3 0.249875
286 3 0.253200
287 3 0.192073
288 3 0.156947
289 3 0.147521
290 3 0.274897
291 3 0.248586
292 3 0.188406
293 3 0.153585
294 3 0.215536
295 3 0.046021
296 3 0.134103
297 3 0.303764
298 3 0.232100
299 3 0.358878
300 4 0.223085
301 4 0.289396
302 4 0.178077
303 4 0.494094
304 4 0.118690
305 4 0.258397
306 4 0.080689
307 4 0.218665
308 4 0.240000
309 4 0.342288
310 4 0.133958
311 4 0.398661
312 4 0.140864
313 4 0.153332
314 4 0.185820
315 4 0.122758
316 4 0.027037
317 4 0.122690
318 4 0.260739
319 4 0.192517
320 4 0.365123
321 4 0.107543
322 4 0.126328
323 4 0.356013
324 4 0.254114
325 4 0.373436
326 4 0.176423
327 4 0.239532
328 4 0.030709
329 4 0.087907
330 4 0.214072
331 4 0.145489
332 4 0.233473
333 4 0.229090
334 4 0.321028
335 4 0.107609
336 4 0.121735
337 4 0.289201
338 4 0.158444
339 4 0.153327
340 4 0.141319
341 4 0.161077
342 4 0.165132
343 4 0.023147
344 4 0.688946
345 4 0.324082
346 4 0.174434
347 4 0.789668
348 4 0.093806
349 4 0.156503
350 4 0.249211
351 4 0.115038
352 4 0.233630
353 4 0.189598
354 4 0.081010
355 4 0.114575
356 4 0.178249
357 4 0.324147
358 4 0.201028
359 4 0.058458
360 4 0.034468
361 4 0.261003
362 4 0.279474
363 4 0.260083
364 4 0.258236
365 4 0.245372
366 4 0.229743
367 4 0.099324
368 4 0.165196
369 4 0.084144
370 4 0.045859
371 4 0.097327
372 4 0.122463
373 4 0.118488
374 4 0.154683
375 4 0.087889
376 4 0.099243
377 4 0.160451
378 4 0.291944
379 4 0.252692
380 4 0.260694
381 4 0.095766
382 4 0.327650
383 4 0.953405
384 4 0.372028
385 4 0.147017
386 4 0.304463
387 4 0.278630
388 4 0.177846
389 4 0.198110
390 4 0.275916
391 4 0.280811
392 4 0.173227
393 4 0.343237
394 4 0.234878
395 4 1.021155
396 4 0.149012
397 4 0.374980
398 4 0.367291
399 4 0.200319
400 5 0.236125
401 5 0.205798
402 5 0.168053
403 5 0.148936
404 5 0.149921
405 5 0.107034
406 5 0.209009
407 5 0.778405
408 5 0.110620
409 5 0.375851
410 5 0.440653
411 5 0.940078
412 5 0.133312
413 5 0.023039
414 5 0.114726
415 5 0.293905
416 5 0.030607
417 5 0.250143
418 5 0.087592
419 5 0.250999
420 5 0.320296
421 5 0.076353
422 5 0.148675
423 5 0.072478
424 5 0.218987
425 5 0.156311
426 5 0.186391
427 5 0.156258
428 5 0.200332
429 5 0.045694
430 5 0.425770
431 5 0.275351
432 5 0.300423
433 5 0.095432
434 5 0.208955
435 5 0.106961
436 5 0.206184
437 5 0.284784
438 5 0.023076
439 5 0.203916
440 5 0.221252
441 5 0.164812
442 5 0.171369
443 5 0.131142
444 5 0.260262
445 5 0.231292
446 5 0.233353
447 5 0.240961
448 5 0.300883
449 5 0.231226
450 5 0.298874
451 5 0.345915
452 5 0.216983
453 5 0.034297
454 5 0.199340
455 5 0.171660
456 5 0.249828
457 5 0.140600
458 5 0.293488
459 5 0.234352
460 5 0.244919
461 5 0.083774
462 5 0.460954
463 5 0.121850
464 5 0.280837
465 5 0.132946
466 5 0.106860
467 5 0.114297
468 5 0.202792
469 5 0.180491
470 5 0.228425
471 5 0.155775
472 5 0.026908
473 5 0.251445
474 5 0.113766
475 5 0.805155
476 5 0.232165
477 5 0.147060
478 5 0.121723
479 5 0.087106
480 5 0.176261
481 5 0.885452
482 5 0.256213
483 5 0.230939
484 5 0.045805
485 5 0.205894
486 5 0.296758
487 5 0.289994
488 5 0.267858
489 5 0.193328
490 5 0.132819
491 5 0.132770
492 5 0.362502
493 5 0.281460
494 5 0.267472
495 5 0.129203
496 5 0.257500
497 5 0.237387
498 5 0.149184
499 5 0.119968
500 6 0.132621
501 6 0.022983
502 6 0.169833
503 6 0.177809
504 6 0.331575
505 6 0.177142
506 6 0.023049
507 6 0.238056
508 6 0.664577
509 6 0.195660
510 6 0.188099
511 6 0.226561
512 6 0.309923
513 6 0.331448
514 6 0.323001
515 6 0.281916
516 6 0.125104
517 6 0.098472
518 6 0.134802
519 6 0.214391
520 6 0.297547
521 6 0.201293
522 6 0.176943
523 6 0.198867
524 6 0.193898
525 6 0.177745
526 6 0.147439
527 6 0.321665
528 6 0.072117
529 6 0.155447
530 6 0.312706
531 6 0.186647
532 6 0.251863
533 6 0.196388
534 6 0.121785
535 6 0.149015
536 6 0.314175
537 6 0.154834
538 6 0.204114
539 6 0.186667
540 6 0.185970
541 6 0.155201
542 6 0.142142
543 6 0.146751
544 6 0.241803
545 6 0.249460
546 6 0.189020
547 6 0.192655
548 6 0.144034
549 6 0.218351
550 6 0.227409
551 6 0.045693
552 6 0.106372
553 6 0.045453
554 6 0.125277
555 6 0.148195
556 6 0.218226
557 6 0.174378
558 6 0.224862
559 6 0.034164
560 6 0.124591
561 6 0.106201
562 6 0.072422
563 6 0.121027
564 6 0.030391
565 6 0.086673
566 6 0.251747
567 6 0.409425
568 6 0.274367
569 6 0.199560
570 6 0.030433
571 6 0.341287
572 6 0.098098
573 6 0.113077
574 6 0.316721
575 6 0.154906
576 6 0.026828
577 6 0.143503
578 6 0.139644
579 6 0.109871
580 6 0.131882
581 6 1.046030
582 6 0.212198
583 6 0.113099
584 6 0.316469
585 6 0.131165
586 6 0.247024
587 6 0.283753
588 6 0.113615
589 6 0.736814
590 6 0.922956
591 6 0.132034
592 6 0.094777
593 6 0.233742
594 6 0.173940
595 6 0.251459
596 6 0.138197
597 6 0.215148
598 6 0.187808
599 6 0.270411
600 7 0.131890
601 7 0.280488
602 7 0.128203
603 7 0.339276
604 7 0.023011
605 7 0.166421
606 7 0.305744
607 7 0.245517
608 7 0.293797
609 7 0.193321
610 7 0.191945
611 7 0.272229
612 7 0.375239
613 7 0.260827
614 7 0.187525
615 7 0.191954
616 7 0.131817
617 7 0.098763
618 7 0.139234
619 7 0.214163
620 7 0.030325
621 7 0.094575
622 7 0.097096
623 7 0.196235
624 7 0.121249
625 7 0.120737
626 7 0.218666
627 7 0.211724
628 7 0.190518
629 7 0.146606
630 7 0.333750
631 7 0.120577
632 7 0.237336
633 7 0.298044
634 7 0.192770
635 7 0.090135
636 7 0.022908
637 7 0.142880
638 7 0.203323
639 7 0.247380
640 7 0.142588
641 7 0.169544
642 7 0.253256
643 7 0.160254
644 7 0.124681
645 7 0.113252
646 7 0.139498
647 7 0.230663
648 7 0.202931
649 7 0.030338
650 7 0.123937
651 7 0.684238
652 7 0.267745
653 7 0.641915
654 7 0.163230
655 7 0.320879
656 7 0.086194
657 7 0.203361
658 7 0.187680
659 7 0.131654
660 7 0.141411
661 7 0.156616
662 7 0.113364
663 7 0.181134
664 7 0.244976
665 7 0.233160
666 7 0.157765
667 7 0.249032
668 7 0.227820
669 7 0.132340
670 7 0.226847
671 7 0.142410
672 7 0.903160
673 7 0.944158
674 7 0.190536
675 7 0.315106
676 7 0.236867
677 7 0.224208
678 7 0.283959
679 7 0.163580
680 7 0.174036
681 7 0.086363
682 7 0.148335
683 7 0.416767
684 7 0.342686
685 7 0.131236
686 7 0.263012
687 7 0.163817
688 7 0.026789
689 7 0.172608
690 7 0.297704
691 7 0.242678
692 7 0.045154
693 7 0.033988
694 7 0.097544
695 7 0.293588
696 7 0.134340
697 7 0.171275
698 7 0.072015
699 7 0.215517
700 8 0.349861
701 8 0.165113
702 8 0.143441
703 8 0.684803
704 8 0.177601
705 8 0.120989
706 8 0.045369
707 8 0.213423
708 8 0.228143
709 8 0.177521
710 8 0.350758
711 8 0.232764
712 8 0.179501
713 8 0.105961
714 8 0.186232
715 8 0.339795
716 8 0.886949
717 8 0.233191
718 8 0.725723
719 8 0.279904
720 8 0.131623
721 8 0.306049
722 8 0.218930
723 8 0.086142
724 8 0.152823
725 8 0.165972
726 8 0.344049
727 8 0.199783
728 8 0.149510
729 8 0.171998
730 8 0.071395
731 8 0.111981
732 8 0.240797
733 8 0.247815
734 8 0.168522
735 8 0.135211
736 8 0.124016
737 8 0.251201
738 8 0.177675
739 8 0.242773
740 8 0.168087
741 8 0.254995
742 8 0.261605
743 8 0.305713
744 8 0.221841
745 8 0.140814
746 8 0.064575
747 8 0.232007
748 8 0.166463
749 8 0.114929
750 8 0.198744
751 8 0.249103
752 8 0.178037
753 8 0.110155
754 8 0.275681
755 8 0.200959
756 8 0.211094
757 8 0.138190
758 8 0.108502
759 8 0.137862
760 8 0.194905
761 8 0.263157
762 8 0.188035
763 8 0.136439
764 8 0.262603
765 8 0.119886
766 8 0.180657
767 8 0.201508
768 8 0.238776
769 8 0.022892
770 8 0.142341
771 8 0.203598
772 8 0.105108
773 8 0.227768
774 8 0.203815
775 8 0.126519
776 8 0.158165
777 8 0.185648
778 8 0.140986
779 8 0.026763
780 8 0.273225
781 8 0.179028
782 8 0.045006
783 8 0.030247
784 8 0.030188
785 8 0.287512
786 8 0.281825
787 8 0.114739
788 8 0.226447
789 8 0.022980
790 8 0.141780
791 8 0.112695
792 8 0.216074
793 8 0.852395
794 8 0.239139
795 8 0.082431
796 8 0.152826
797 8 0.177721
798 8 0.166280
799 8 0.168053
800 9 0.289209
801 9 0.141197
802 9 0.152171
803 9 0.128904
804 9 0.311887
805 9 0.123678
806 9 0.119883
807 9 0.161567
808 9 0.186432
809 9 0.119632
810 9 0.189535
811 9 0.145570
812 9 0.340528
813 9 0.147517
814 9 0.152134
815 9 0.141907
816 9 0.279832
817 9 0.071689
818 9 0.886267
819 9 0.220175
820 9 0.178507
821 9 0.179878
822 9 0.149540
823 9 0.225192
824 9 0.115649
825 9 0.119641
826 9 0.253136
827 9 0.176442
828 9 0.363446
829 9 0.241251
830 9 0.022975
831 9 0.227033
832 9 0.168185
833 9 0.112249
834 9 0.244367
835 9 0.022884
836 9 0.207789
837 9 0.281850
838 9 0.228021
839 9 0.217506
840 9 0.214025
841 9 0.381843
842 9 0.403134
843 9 0.082203
844 9 0.240827
845 9 0.077290
846 9 0.141327
847 9 0.280407
848 9 0.030135
849 9 0.142575
850 9 0.216623
851 9 0.316736
852 9 0.096807
853 9 0.334508
854 9 0.144893
855 9 0.204688
856 9 0.136099
857 9 0.085287
858 9 0.284195
859 9 0.196815
860 9 0.216635
861 9 0.106203
862 9 0.129572
863 9 0.153396
864 9 0.033804
865 9 0.122522
866 9 0.200529
867 9 0.161552
868 9 0.219304
869 9 0.111285
870 9 0.085551
871 9 0.141773
872 9 0.093571
873 9 0.152820
874 9 0.256278
875 9 0.272862
876 9 0.026730
877 9 0.070978
878 9 0.306197
879 9 0.273131
880 9 0.170698
881 9 0.335856
882 9 0.234475
883 9 0.104680
884 9 0.262028
885 9 0.122396
886 9 0.030167
887 9 0.642280
888 9 0.257980
889 9 0.253760
890 9 0.131019
891 9 0.847063
892 9 0.254104
893 9 0.089065
894 9 0.129959
895 9 0.706403
896 9 0.044822
897 9 0.107776
898 9 0.132766
899 9 0.227252
900 10 0.148099
901 10 0.026727
902 10 0.284693
903 10 0.227472
904 10 0.194282
905 10 0.301701
906 10 0.138012
907 10 0.107734
908 10 0.111030
909 10 0.168719
910 10 0.210184
911 10 0.245243
912 10 0.664391
913 10 0.117942
914 10 0.070863
915 10 0.184833
916 10 0.151651
917 10 0.218291
918 10 0.227445
919 10 0.152159
920 10 0.081950
921 10 0.232697
922 10 0.082038
923 10 0.198151
924 10 0.321673
925 10 0.104528
926 10 0.174696
927 10 0.206928
928 10 0.129526
929 10 0.153332
930 10 0.213780
931 10 0.319022
932 10 0.292348
933 10 0.148795
934 10 0.122085
935 10 0.111699
936 10 0.251759
937 10 0.254745
938 10 0.129663
939 10 0.181584
940 10 0.221996
941 10 0.153172
942 10 0.284582
943 10 0.023006
944 10 0.114967
945 10 0.339004
946 10 0.312271
947 10 0.314519
948 10 0.030159
949 10 0.141135
950 10 0.193414
951 10 0.183224
952 10 0.130615
953 10 0.145529
954 10 0.242073
955 10 0.833939
956 10 0.334803
957 10 0.110399
958 10 0.210480
959 10 0.180034
960 10 0.169554
961 10 0.129107
962 10 0.113385
963 10 0.197838
964 10 0.076076
965 10 0.347628
966 10 0.118642
967 10 0.203287
968 10 0.185169
969 10 0.196254
970 10 0.033760
971 10 0.245526
972 10 0.131022
973 10 0.030081
974 10 0.391745
975 10 0.126227
976 10 0.152139
977 10 0.190474
978 10 0.084853
979 10 0.273650
980 10 0.421360
981 10 0.187452
982 10 0.070477
983 10 0.022893
984 10 0.119065
985 10 0.096239
986 10 0.126023
987 10 0.215540
988 10 0.288779
989 10 0.222254
990 10 0.173686
991 10 0.617753
992 10 0.143935
993 10 0.129367
994 10 0.307209
995 10 0.318355
996 10 0.117634
997 10 0.340526
998 10 0.833612
999 10 0.208195
1000 11 0.845982
1001 11 0.122639
1002 11 0.121677
1003 11 0.200594
1004 11 0.205775
1005 11 0.227008
1006 11 0.030115
1007 11 0.215090
1008 11 0.129281
1009 11 0.169838
1010 11 0.193642
1011 11 0.217698
1012 11 0.154939
1013 11 0.850346
1014 11 0.146570
1015 11 0.136382
1016 11 0.190921
1017 11 0.030049
1018 11 0.326979
1019 11 0.322808
1020 11 0.247219
1021 11 0.218820
1022 11 0.172613
1023 11 0.084630
1024 11 0.176809
1025 11 0.180608
1026 11 0.212890
1027 11 0.204163
1028 11 0.244210
1029 11 0.249220
1030 11 0.230576
1031 11 0.189491
1032 11 0.170239
1033 11 0.319964
1034 11 0.044622
1035 11 0.095849
1036 11 0.303830
1037 11 0.023002
1038 11 0.026747
1039 11 0.104013
1040 11 0.137937
1041 11 0.257810
1042 11 0.222917
1043 11 0.159505
1044 11 0.114459
1045 11 0.223951
1046 11 0.156975
1047 11 0.142817
1048 11 0.179134
1049 11 0.128950
1050 11 0.033671
1051 11 0.188515
1052 11 0.176795
1053 11 0.084806
1054 11 0.427338
1055 11 0.159160
1056 11 0.203593
1057 11 0.169833
1058 11 0.320227
1059 11 0.595469
1060 11 0.198061
1061 11 0.144049
1062 11 0.218190
1063 11 0.405804
1064 11 0.226710
1065 11 0.340020
1066 11 0.151691
1067 11 0.103973
1068 11 0.230501
1069 11 0.070451
1070 11 0.022901
1071 11 0.254469
1072 11 0.222966
1073 11 0.123301
1074 11 0.209249
1075 11 0.143624
1076 11 0.162072
1077 11 0.213425
1078 11 0.193225
1079 11 0.139803
1080 11 0.128635
1081 11 0.044851
1082 11 0.110770
1083 11 0.234356
1084 11 0.178641
1085 11 0.650474
1086 11 0.173274
1087 11 0.128754
1088 11 0.081578
1089 11 0.269184
1090 11 0.134819
1091 11 0.191213
1092 11 0.217589
1093 11 0.111304
1094 11 0.222450
1095 11 0.149877
1096 11 0.285080
1097 11 0.101183
1098 11 0.123762
1099 11 0.121224
1100 12 0.232731
1101 12 0.333854
1102 12 0.151270
1103 12 0.253129
1104 12 0.158755
1105 12 0.109971
1106 12 0.187573
1107 12 0.133565
1108 12 0.232031
1109 12 0.103644
1110 12 0.084642
1111 12 0.161439
1112 12 0.122201
1113 12 0.135874
1114 12 0.187941
1115 12 0.273938
1116 12 0.030082
1117 12 0.265321
1118 12 0.263788
1119 12 0.081467
1120 12 0.148883
1121 12 0.221678
1122 12 0.168268
1123 12 0.158635
1124 12 0.044830
1125 12 0.180006
1126 12 0.239282
1127 12 0.071054
1128 12 0.391232
1129 12 0.139079
1130 12 0.176010
1131 12 0.154151
1132 12 0.232268
1133 12 0.231784
1134 12 0.225848
1135 12 0.153795
1136 12 0.121021
1137 12 0.044520
1138 12 0.693595
1139 12 0.204464
1140 12 0.291607
1141 12 0.168851
1142 12 0.173744
1143 12 0.197785
1144 12 0.129679
1145 12 0.579867
1146 12 0.362876
1147 12 0.283895
1148 12 0.026784
1149 12 0.208625
1150 12 0.265219
1151 12 0.267085
1152 12 0.023059
1153 12 0.070288
1154 12 0.128403
1155 12 0.178075
1156 12 0.118348
1157 12 0.257701
1158 12 0.033647
1159 12 0.314770
1160 12 0.077713
1161 12 0.251764
1162 12 0.209102
1163 12 0.297672
1164 12 0.139275
1165 12 0.142777
1166 12 0.168014
1167 12 0.782806
1168 12 0.202179
1169 12 0.108698
1170 12 0.183204
1171 12 0.206183
1172 12 0.260534
1173 12 0.022953
1174 12 0.157533
1175 12 0.123739
1176 12 0.084139
1177 12 0.164992
1178 12 0.117516
1179 12 0.235359
1180 12 0.128328
1181 12 0.162340
1182 12 0.237909
1183 12 0.136211
1184 12 0.921346
1185 12 0.307613
1186 12 0.030017
1187 12 0.137829
1188 12 0.245453
1189 12 0.277384
1190 12 0.121749
1191 12 0.267012
1192 12 0.247220
1193 12 0.103735
1194 12 0.165222
1195 12 0.172215
1196 12 0.137822
1197 12 0.124872
1198 12 0.235250
1199 12 0.157570
1200 13 0.044446
1201 13 0.113064
1202 13 0.254438
1203 13 0.113630
1204 13 0.285025
1205 13 0.171473
1206 13 0.246687
1207 13 0.231912
1208 13 0.219883
1209 13 0.305550
1210 13 0.209330
1211 13 0.150864
1212 13 0.359012
1213 13 0.192396
1214 13 0.168279
1215 13 0.167826
1216 13 0.297812
1217 13 0.243969
1218 13 0.140947
1219 13 0.083963
1220 13 0.164614
1221 13 0.081211
1222 13 0.212691
1223 13 0.185510
1224 13 0.352996
1225 13 0.033610
1226 13 0.150112
1227 13 0.095122
1228 13 0.205239
1229 13 0.113107
1230 13 0.245184
1231 13 0.022973
1232 13 0.133010
1233 13 0.103354
1234 13 0.239747
1235 13 0.203820
1236 13 0.183091
1237 13 0.140598
1238 13 0.238145
1239 13 0.117268
1240 13 0.218986
1241 13 0.223441
1242 13 0.188401
1243 13 0.146931
1244 13 0.183334
1245 13 0.030058
1246 13 0.103212
1247 13 0.117947
1248 13 0.142692
1249 13 0.044710
1250 13 0.401528
1251 13 0.213074
1252 13 0.240109
1253 13 0.026805
1254 13 0.191832
1255 13 0.084223
1256 13 0.127696
1257 13 0.210939
1258 13 0.260136
1259 13 0.677963
1260 13 0.206529
1261 13 0.226764
1262 13 0.229786
1263 13 0.252284
1264 13 0.182495
1265 13 0.230225
1266 13 0.087767
1267 13 0.117233
1268 13 0.153258
1269 13 0.233998
1270 13 0.196758
1271 13 0.222847
1272 13 0.136009
1273 13 0.191309
1274 13 0.172086
1275 13 0.252209
1276 13 0.257844
1277 13 0.222213
1278 13 0.186699
1279 13 0.219662
1280 13 0.132640
1281 13 0.149979
1282 13 0.198244
1283 13 0.153197
1284 13 0.070829
1285 13 0.121363
1286 13 0.143972
1287 13 0.129995
1288 13 0.110306
1289 13 0.339834
1290 13 0.639104
1291 13 0.163617
1292 13 0.103113
1293 13 0.192798
1294 13 0.819242
1295 13 0.829135
1296 13 0.138533
1297 13 0.223242
1298 13 0.023126
1299 13 0.029999
1300 14 0.244607
1301 14 0.843353
1302 14 0.251256
1303 14 0.233160
1304 14 0.153154
1305 14 0.127368
1306 14 0.151683
1307 14 0.026841
1308 14 0.332556
1309 14 0.184713
1310 14 0.201997
1311 14 0.237577
1312 14 0.137030
1313 14 0.080756
1314 14 0.150280
1315 14 0.198066
1316 14 0.208235
1317 14 0.155063
1318 14 0.372296
1319 14 0.023035
1320 14 0.044373
1321 14 0.171936
1322 14 0.030075
1323 14 0.658103
1324 14 0.033605
1325 14 0.154632
1326 14 0.177468
1327 14 0.094960
1328 14 0.273718
1329 14 0.157957
1330 14 0.317659
1331 14 0.136071
1332 14 0.185242
1333 14 0.288057
1334 14 0.161936
1335 14 0.178830
1336 14 0.268237
1337 14 0.196131
1338 14 0.127551
1339 14 0.206152
1340 14 0.340115
1341 14 0.029994
1342 14 0.134545
1343 14 0.768904
1344 14 0.126963
1345 14 0.267755
1346 14 0.130743
1347 14 0.138863
1348 14 0.179833
1349 14 0.187881
1350 14 0.195885
1351 14 0.220203
1352 14 0.134151
1353 14 0.070694
1354 14 0.230368
1355 14 0.235888
1356 14 0.229397
1357 14 0.160688
1358 14 0.270092
1359 14 0.328337
1360 14 0.170090
1361 14 0.149175
1362 14 0.119929
1363 14 0.181845
1364 14 0.080891
1365 14 0.143040
1366 14 0.258123
1367 14 0.105109
1368 14 0.127309
1369 14 0.189438
1370 14 0.149287
1371 14 0.211315
1372 14 0.125113
1373 14 0.083519
1374 14 0.228487
1375 14 0.114915
1376 14 0.220100
1377 14 0.213494
1378 14 0.305661
1379 14 0.212750
1380 14 0.147920
1381 14 0.190155
1382 14 0.176547
1383 14 0.162667
1384 14 0.208991
1385 14 0.279059
1386 14 0.284520
1387 14 0.180576
1388 14 0.324032
1389 14 0.588335
1390 14 0.087395
1391 14 0.215363
1392 14 0.023195
1393 14 0.149648
1394 14 0.117439
1395 14 0.261170
1396 14 0.297451
1397 14 0.044630
1398 14 0.141806
1399 14 0.102799
1400 15 0.277498
1401 15 0.120821
1402 15 0.135499
1403 15 0.231184
1404 15 0.130057
1405 15 0.181308
1406 15 0.292948
1407 15 0.290918
1408 15 0.219480
1409 15 0.229808
1410 15 0.164355
1411 15 0.190386
1412 15 0.185594
1413 15 0.209452
1414 15 0.109724
1415 15 0.167383
1416 15 0.230329
1417 15 0.128731
1418 15 0.023090
1419 15 0.236040
1420 15 0.227441
1421 15 0.083369
1422 15 0.110001
1423 15 0.137751
1424 15 0.177682
1425 15 0.570938
1426 15 0.189277
1427 15 0.026900
1428 15 0.118643
1429 15 0.216713
1430 15 0.177497
1431 15 0.141121
1432 15 0.141838
1433 15 0.133723
1434 15 0.167293
1435 15 0.184925
1436 15 0.566953
1437 15 0.149904
1438 15 0.165015
1439 15 0.198680
1440 15 0.110381
1441 15 0.100533
1442 15 0.116935
1443 15 0.211423
1444 15 0.077087
1445 15 0.239128
1446 15 0.196537
1447 15 0.263804
1448 15 0.181574
1449 15 0.101278
1450 15 0.286134
1451 15 0.143467
1452 15 0.126440
1453 15 0.251066
1454 15 0.126643
1455 15 0.265709
1456 15 0.111327
1457 15 0.030012
1458 15 0.030062
1459 15 0.253356
1460 15 0.163260
1461 15 0.080464
1462 15 0.141657
1463 15 0.023223
1464 15 0.141496
1465 15 0.184227
1466 15 0.196707
1467 15 0.764395
1468 15 0.167902
1469 15 0.116316
1470 15 0.227208
1471 15 0.760737
1472 15 0.148724
1473 15 0.272300
1474 15 0.206411
1475 15 0.194896
1476 15 0.218834
1477 15 0.197866
1478 15 0.184765
1479 15 0.349956
1480 15 0.353146
1481 15 0.044246
1482 15 0.128179
1483 15 0.159815
1484 15 0.238264
1485 15 0.181825
1486 15 0.145674
1487 15 0.312201
1488 15 0.044560
1489 15 0.212612
1490 15 0.151940
1491 15 0.114910
1492 15 0.313251
1493 15 0.266324
1494 15 0.149643
1495 15 0.179795
1496 15 0.102353
1497 15 0.147172
1498 15 0.255014
1499 15 0.132635
1500 16 0.268608
1501 16 0.111913
1502 16 0.252233
1503 16 0.091530
1504 16 0.247784
1505 16 0.140040
1506 16 0.023271
1507 16 0.094376
1508 16 0.180706
1509 16 0.165591
1510 16 0.599587
1511 16 0.237335
1512 16 0.128083
1513 16 0.200621
1514 16 0.133895
1515 16 0.364894
1516 16 0.242732
1517 16 0.206255
1518 16 0.165051
1519 16 0.166988
1520 16 0.215212
1521 16 0.353754
1522 16 0.137250
1523 16 0.197921
1524 16 0.230003
1525 16 0.116728
1526 16 0.201273
1527 16 0.220064
1528 16 0.156710
1529 16 0.153620
1530 16 0.158981
1531 16 0.102237
1532 16 0.044236
1533 16 0.030099
1534 16 0.132119
1535 16 0.226480
1536 16 0.313120
1537 16 0.799681
1538 16 0.065881
1539 16 0.125990
1540 16 0.278773
1541 16 0.217334
1542 16 0.265888
1543 16 0.170626
1544 16 0.134340
1545 16 0.087009
1546 16 0.139665
1547 16 0.253631
1548 16 0.181155
1549 16 0.159525
1550 16 0.206560
1551 16 0.239173
1552 16 0.069568
1553 16 0.104872
1554 16 0.748908
1555 16 0.175197
1556 16 0.188951
1557 16 0.030048
1558 16 0.145778
1559 16 0.167000
1560 16 0.108982
1561 16 0.151595
1562 16 0.115760
1563 16 0.210404
1564 16 0.151412
1565 16 0.161459
1566 16 0.126086
1567 16 0.142998
1568 16 0.203961
1569 16 0.231064
1570 16 0.164344
1571 16 0.258858
1572 16 0.166399
1573 16 0.128479
1574 16 0.023208
1575 16 0.314481
1576 16 0.220467
1577 16 0.083311
1578 16 0.256061
1579 16 0.102289
1580 16 0.116460
1581 16 0.145328
1582 16 0.182079
1583 16 0.027031
1584 16 0.196172
1585 16 0.160725
1586 16 0.148954
1587 16 0.196048
1588 16 0.293002
1589 16 0.135121
1590 16 0.206126
1591 16 0.033592
1592 16 0.126333
1593 16 0.245218
1594 16 0.204105
1595 16 0.612265
1596 16 0.205286
1597 16 0.168291
1598 16 0.115839
1599 16 0.331081
1600 17 0.030046
1601 17 0.213061
1602 17 0.210963
1603 17 0.118894
1604 17 0.165345
1605 17 0.205018
1606 17 0.102014
1607 17 0.209488
1608 17 0.318611
1609 17 0.166377
1610 17 0.118680
1611 17 0.576512
1612 17 0.200984
1613 17 0.321203
1614 17 0.698476
1615 17 0.023241
1616 17 0.112103
1617 17 0.340527
1618 17 0.104370
1619 17 0.080120
1620 17 0.297347
1621 17 0.177803
1622 17 0.201053
1623 17 0.161474
1624 17 0.169758
1625 17 0.187059
1626 17 0.255342
1627 17 0.108729
1628 17 0.171403
1629 17 0.098306
1630 17 0.069465
1631 17 0.202729
1632 17 0.127954
1633 17 0.238031
1634 17 0.184065
1635 17 0.192860
1636 17 0.147862
1637 17 0.210528
1638 17 0.297202
1639 17 0.140115
1640 17 0.125716
1641 17 0.267737
1642 17 0.146954
1643 17 0.107620
1644 17 0.292363
1645 17 0.179384
1646 17 0.157873
1647 17 0.224372
1648 17 0.258725
1649 17 0.137432
1650 17 0.093985
1651 17 0.204167
1652 17 0.257504
1653 17 0.578628
1654 17 0.225570
1655 17 0.174397
1656 17 0.023420
1657 17 0.126225
1658 17 0.193539
1659 17 0.261764
1660 17 0.715142
1661 17 0.101847
1662 17 0.146202
1663 17 0.111589
1664 17 0.199418
1665 17 0.033620
1666 17 0.044532
1667 17 0.208207
1668 17 0.150962
1669 17 0.210665
1670 17 0.044188
1671 17 0.027102
1672 17 0.083084
1673 17 0.132153
1674 17 0.220960
1675 17 0.240802
1676 17 0.178792
1677 17 0.309313
1678 17 0.076673
1679 17 0.135785
1680 17 0.293943
1681 17 0.217350
1682 17 0.116154
1683 17 0.157070
1684 17 0.204660
1685 17 0.186617
1686 17 0.121356
1687 17 0.246097
1688 17 0.345167
1689 17 0.156764
1690 17 0.297056
1691 17 0.193285
1692 17 0.283240
1693 17 0.030151
1694 17 0.135519
1695 17 0.173128
1696 17 0.082688
1697 17 0.140370
1698 17 0.172433
1699 17 0.101982
1700 18 0.232000
1701 18 0.208862
1702 18 0.209410
1703 18 0.175751
1704 18 0.115434
1705 18 0.686190
1706 18 0.232808
1707 18 0.390718
1708 18 0.099581
1709 18 0.180639
1710 18 0.159603
1711 18 0.165777
1712 18 0.125842
1713 18 0.164981
1714 18 0.254496
1715 18 0.260663
1716 18 0.246629
1717 18 0.179449
1718 18 0.126659
1719 18 0.146692
1720 18 0.057866
1721 18 0.561290
1722 18 0.223449
1723 18 0.591567
1724 18 0.204321
1725 18 0.150653
1726 18 0.171369
1727 18 0.082937
1728 18 0.184448
1729 18 0.108218
1730 18 0.239669
1731 18 0.228888
1732 18 0.266296
1733 18 0.118429
1734 18 0.194543
1735 18 0.030116
1736 18 0.125867
1737 18 0.232339
1738 18 0.044500
1739 18 0.188625
1740 18 0.243387
1741 18 0.070336
1742 18 0.023352
1743 18 0.227706
1744 18 0.149000
1745 18 0.287092
1746 18 0.080202
1747 18 0.133135
1748 18 0.301903
1749 18 0.293374
1750 18 0.230434
1751 18 0.093573
1752 18 0.226265
1753 18 0.256140
1754 18 0.079876
1755 18 0.130953
1756 18 0.181361
1757 18 0.187472
1758 18 0.298243
1759 18 0.136222
1760 18 0.101640
1761 18 0.044143
1762 18 0.147891
1763 18 0.206969
1764 18 0.207854
1765 18 0.184732
1766 18 0.207035
1767 18 0.156152
1768 18 0.181579
1769 18 0.167792
1770 18 0.677944
1771 18 0.136167
1772 18 0.198278
1773 18 0.023510
1774 18 0.167543
1775 18 0.115875
1776 18 0.251257
1777 18 0.093678
1778 18 0.301015
1779 18 0.217509
1780 18 0.238441
1781 18 0.116309
1782 18 0.184280
1783 18 0.183491
1784 18 0.125177
1785 18 0.170215
1786 18 0.204413
1787 18 0.189580
1788 18 0.161075
1789 18 0.130550
1790 18 0.287105
1791 18 0.224160
1792 18 0.214986
1793 18 0.030201
1794 18 0.142520
1795 18 0.119863
1796 18 0.033629
1797 18 0.132715
1798 18 0.214457
1799 18 0.148432
1800 19 0.239722
1801 19 0.229334
1802 19 0.132668
1803 19 0.245311
1804 19 0.257380
1805 19 0.218956
1806 19 0.147083
1807 19 0.220229
1808 19 0.105134
1809 19 0.261490
1810 19 0.179667
1811 19 0.069265
1812 19 0.139843
1813 19 0.198822
1814 19 0.174227
1815 19 0.197273
1816 19 0.295466
1817 19 0.200395
1818 19 0.140339
1819 19 0.111449
1820 19 0.496010
1821 19 0.370680
1822 19 0.154395
1823 19 0.023557
1824 19 0.146906
1825 19 0.132296
1826 19 0.147368
1827 19 0.359371
1828 19 0.127951
1829 19 0.304075
1830 19 0.177645
1831 19 0.140319
1832 19 0.122066
1833 19 0.236247
1834 19 0.155161
1835 19 0.023441
1836 19 0.115288
1837 19 0.218520
1838 19 0.093406
1839 19 0.161963
1840 19 0.125590
1841 19 0.513623
1842 19 0.226856
1843 19 0.226829
1844 19 0.044461
1845 19 0.144173
1846 19 0.170668
1847 19 0.070277
1848 19 0.137228
1849 19 0.252359
1850 19 0.138588
1851 19 0.033618
1852 19 0.086382
1853 19 0.138381
1854 19 0.190898
1855 19 0.130033
1856 19 0.159387
1857 19 0.170274
1858 19 0.157720
1859 19 0.201432
1860 19 0.300066
1861 19 0.027250
1862 19 0.177250
1863 19 0.238105
1864 19 0.154130
1865 19 0.257936
1866 19 0.215004
1867 19 0.221288
1868 19 0.331510
1869 19 0.181699
1870 19 0.156288
1871 19 0.643774
1872 19 0.139957
1873 19 0.273574
1874 19 0.231073
1875 19 0.218415
1876 19 0.264760
1877 19 0.079737
1878 19 0.677796
1879 19 0.139412
1880 19 0.116126
1881 19 0.131407
1882 19 0.059366
1883 19 0.093476
1884 19 0.147127
1885 19 0.135692
1886 19 0.188693
1887 19 0.108109
1888 19 0.152265
1889 19 0.096877
1890 19 0.255145
1891 19 0.225474
1892 19 0.141284
1893 19 0.198482
1894 19 0.217165
1895 19 0.181065
1896 19 0.117920
1897 19 0.269788
1898 19 0.030164
1899 19 0.073137
1900 20 0.070235
1901 20 0.139662
1902 20 0.204901
1903 20 0.141540
1904 20 0.120102
1905 20 0.333600
1906 20 0.134483
1907 20 0.114791
1908 20 0.211992
1909 20 0.209995
1910 20 0.115519
1911 20 0.169792
1912 20 0.123774
1913 20 0.224174
1914 20 0.093240
1915 20 0.244982
1916 20 0.101493
1917 20 0.249461
1918 20 0.216473
1919 20 0.030235
1920 20 0.206990
1921 20 0.169559
1922 20 0.273132
1923 20 0.192212
1924 20 0.346734
1925 20 0.230776
1926 20 0.287563
1927 20 0.197198
1928 20 0.115985
1929 20 0.101220
1930 20 0.716338
1931 20 0.286950
1932 20 0.277025
1933 20 0.249922
1934 20 0.286054
1935 20 0.287009
1936 20 0.180496
1937 20 0.023668
1938 20 0.182412
1939 20 0.129023
1940 20 0.183682
1941 20 0.167046
1942 20 0.086051
1943 20 0.161692
1944 20 0.030187
1945 20 0.044468
1946 20 0.183465
1947 20 0.263616
1948 20 0.251464
1949 20 0.240529
1950 20 0.177065
1951 20 0.147168
1952 20 0.135409
1953 20 0.115639
1954 20 0.079577
1955 20 0.131888
1956 20 0.086215
1957 20 0.114734
1958 20 0.350724
1959 20 0.198143
1960 20 0.190014
1961 20 0.023539
1962 20 0.149703
1963 20 0.033640
1964 20 0.204330
1965 20 0.181583
1966 20 0.125031
1967 20 0.188172
1968 20 0.151537
1969 20 0.266452
1970 20 0.244874
1971 20 0.222593
1972 20 0.257983
1973 20 0.152923
1974 20 0.095222
1975 20 0.569519
1976 20 0.193732
1977 20 0.244081
1978 20 0.239460
1979 20 0.174148
1980 20 0.465634
1981 20 0.242222
1982 20 0.082085
1983 20 0.751520
1984 20 0.059251
1985 20 0.114562
1986 20 0.248399
1987 20 0.044087
1988 20 0.176625
1989 20 0.275807
1990 20 0.124456
1991 20 0.156202
1992 20 0.191407
1993 20 0.133254
1994 20 0.157826
1995 20 0.117614
1996 20 0.274172
1997 20 0.101108
1998 20 0.271006
1999 20 0.190947
2000 21 0.284601
2001 21 0.130609
2002 21 0.086136
2003 21 0.212232
2004 21 0.178848
2005 21 0.127387
2006 21 0.295343
2007 21 0.185027
2008 21 0.254289
2009 21 0.286904
2010 21 0.154806
2011 21 0.155677
2012 21 0.201562
2013 21 0.101121
2014 21 0.229061
2015 21 0.140580
2016 21 0.044072
2017 21 0.234485
2018 21 0.678807
2019 21 0.206204
2020 21 0.222844
2021 21 0.093054
2022 21 0.215387
2023 21 0.227206
2024 21 0.177525
2025 21 0.193645
2026 21 0.129016
2027 21 0.212867
2028 21 0.133966
2029 21 0.147699
2030 21 0.079459
2031 21 0.102369
2032 21 0.143480
2033 21 0.192620
2034 21 0.177694
2035 21 0.213333
2036 21 0.182749
2037 21 0.023620
2038 21 0.195211
2039 21 0.069055
2040 21 0.136443
2041 21 0.165845
2042 21 0.234167
2043 21 0.201898
2044 21 0.148843
2045 21 0.349482
2046 21 0.242971
2047 21 0.158143
2048 21 0.473126
2049 21 0.198052
2050 21 0.094689
2051 21 0.030280
2052 21 0.124806
2053 21 0.159813
2054 21 0.170947
2055 21 0.163911
2056 21 0.286045
2057 21 0.153186
2058 21 0.033649
2059 21 0.137659
2060 21 0.103467
2061 21 0.044434
2062 21 0.081943
2063 21 0.181577
2064 21 0.283501
2065 21 0.320748
2066 21 0.235162
2067 21 0.144310
2068 21 0.541173
2069 21 0.252440
2070 21 0.082353
2071 21 0.279395
2072 21 0.168609
2073 21 0.178887
2074 21 0.207325
2075 21 0.152639
2076 21 0.184775
2077 21 0.135020
2078 21 0.255103
2079 21 0.227801
2080 21 0.117491
2081 21 0.361170
2082 21 0.146980
2083 21 0.235045
2084 21 0.023774
2085 21 0.027437
2086 21 0.176095
2087 21 0.116995
2088 21 0.176934
2089 21 0.248897
2090 21 0.030214
2091 21 0.156846
2092 21 0.637076
2093 21 0.324219
2094 21 0.143456
2095 21 0.243760
2096 21 0.107740
2097 21 0.208118
2098 21 0.117339
2099 21 0.181820
2100 22 0.385068
2101 22 0.212025
2102 22 0.133597
2103 22 0.212314
2104 22 0.239919
2105 22 0.178016
2106 22 0.256990
2107 22 0.286704
2108 22 0.115111
2109 22 0.023809
2110 22 0.201991
2111 22 0.154046
2112 22 0.044447
2113 22 0.253991
2114 22 0.082732
2115 22 0.537757
2116 22 0.229578
2117 22 0.081854
2118 22 0.134629
2119 22 0.173137
2120 22 0.184158
2121 22 0.192340
2122 22 0.123813
2123 22 0.229411
2124 22 0.205460
2125 22 0.193739
2126 22 0.275064
2127 22 0.107863
2128 22 0.203103
2129 22 0.138945
2130 22 0.234815
2131 22 0.133123
2132 22 0.263877
2133 22 0.226570
2134 22 0.160795
2135 22 0.250116
2136 22 0.316512
2137 22 0.260222
2138 22 0.147148
2139 22 0.278186
2140 22 0.175368
2141 22 0.197291
2142 22 0.201357
2143 22 0.251009
2144 22 0.100825
2145 22 0.143298
2146 22 0.134795
2147 22 0.176195
2148 22 0.603658
2149 22 0.183816
2150 22 0.178320
2151 22 0.189181
2152 22 0.172441
2153 22 0.079300
2154 22 0.222618
2155 22 0.030332
2156 22 0.027514
2157 22 0.196936
2158 22 0.173289
2159 22 0.161137
2160 22 0.185828
2161 22 0.121828
2162 22 0.082207
2163 22 0.092861
2164 22 0.240240
2165 22 0.294376
2166 22 0.601704
2167 22 0.044061
2168 22 0.118543
2169 22 0.225273
2170 22 0.213135
2171 22 0.291141
2172 22 0.216441
2173 22 0.199047
2174 22 0.140745
2175 22 0.146781
2176 22 0.173843
2177 22 0.058229
2178 22 0.085925
2179 22 0.239330
2180 22 0.217164
2181 22 0.116717
2182 22 0.117094
2183 22 0.212765
2184 22 0.076177
2185 22 0.240351
2186 22 0.102290
2187 22 0.298766
2188 22 0.483893
2189 22 0.244644
2190 22 0.122815
2191 22 0.159543
2192 22 0.068945
2193 22 0.144974
2194 22 0.030272
2195 22 0.124412
2196 22 0.187593
2197 22 0.114164
2198 22 0.158918
2199 22 0.179803
