# Batch convergence for: model=snn-ae encoding=poisson architecture=conv1d v_th=1.5 alpha=0.99 run=3
batch_num epoch batch_loss
0 1 0.059570
1 1 0.107352
2 1 0.446694
3 1 0.099672
4 1 1.063273
5 1 0.190108
6 1 0.279939
7 1 0.258638
8 1 0.093999
9 1 0.442885
10 1 0.099594
11 1 0.196380
12 1 0.189837
13 1 0.165097
14 1 0.155382
15 1 0.118244
16 1 0.119653
17 1 0.166016
18 1 0.114470
19 1 0.122335
20 1 0.189862
21 1 0.014459
22 1 0.068663
23 1 0.161889
24 1 0.168085
25 1 0.254871
26 1 0.090070
27 1 0.225481
28 1 0.172998
29 1 0.148120
30 1 0.228305
31 1 0.202080
32 1 0.163393
33 1 0.088706
34 1 0.188979
35 1 0.100955
36 1 0.104863
37 1 0.189144
38 1 0.071751
39 1 0.072405
40 1 0.081753
41 1 0.130883
42 1 0.098024
43 1 0.254574
44 1 0.094330
45 1 0.067165
46 1 0.113980
47 1 0.052297
48 1 0.090270
49 1 0.178192
50 1 0.036741
51 1 0.192600
52 1 0.126592
53 1 0.012984
54 1 0.914830
55 1 0.207798
56 1 0.101790
57 1 0.117117
58 1 0.081188
59 1 0.197526
60 1 0.098999
61 1 0.191041
62 1 0.222818
63 1 0.147580
64 1 0.143697
65 1 0.075311
66 1 0.018046
67 1 0.588064
68 1 0.069844
69 1 0.058565
70 1 0.092757
71 1 0.010567
72 1 0.043647
73 1 0.143258
74 1 0.124590
75 1 0.100600
76 1 0.100944
77 1 0.152375
78 1 0.060579
79 1 0.078615
80 1 0.952518
81 1 0.070180
82 1 0.034608
83 1 0.094325
84 1 0.183910
85 1 0.354694
86 1 0.037629
87 1 0.152892
88 1 0.151677
89 1 0.131723
90 1 0.092156
91 1 0.198869
92 1 0.018039
93 1 0.084229
94 1 0.064251
95 1 0.152419
96 1 0.119041
97 1 0.108619
98 1 0.139606
99 1 0.138891
100 2 0.133133
101 2 0.123471
102 2 0.067726
103 2 0.119274
104 2 0.070468
105 2 0.111119
106 2 0.137439
107 2 0.064602
108 2 0.103220
109 2 0.137511
110 2 0.191397
111 2 0.041910
112 2 0.112599
113 2 0.883142
114 2 0.058471
115 2 0.182318
116 2 0.191705
117 2 0.152713
118 2 0.029702
119 2 0.110630
120 2 0.061062
121 2 0.035514
122 2 0.010669
123 2 0.150944
124 2 0.125662
125 2 0.168712
126 2 0.162959
127 2 0.117870
128 2 0.162175
129 2 0.075576
130 2 0.155871
131 2 0.107051
132 2 0.130576
133 2 0.132911
134 2 0.156130
135 2 0.098039
136 2 0.035347
137 2 0.057528
138 2 0.177446
139 2 0.258500
140 2 0.061747
141 2 0.197295
142 2 0.216911
143 2 0.055312
144 2 0.093057
145 2 0.087864
146 2 0.160189
147 2 0.057590
148 2 0.175939
149 2 0.134877
150 2 0.018217
151 2 0.036821
152 2 0.046751
153 2 0.033538
154 2 0.087203
155 2 0.043422
156 2 0.515436
157 2 0.135494
158 2 0.111965
159 2 0.079795
160 2 0.061622
161 2 0.109703
162 2 0.032217
163 2 0.191188
164 2 0.080185
165 2 0.080983
166 2 0.009784
167 2 0.152677
168 2 0.148118
169 2 0.130663
170 2 0.070105
171 2 0.501529
172 2 0.154569
173 2 0.117493
174 2 0.095636
175 2 0.122933
176 2 0.118494
177 2 0.013429
178 2 0.173362
179 2 0.055354
180 2 0.153460
181 2 0.062403
182 2 0.076006
183 2 0.147667
184 2 0.170066
185 2 0.014900
186 2 0.139884
187 2 0.093811
188 2 0.141913
189 2 0.179497
190 2 0.130400
191 2 0.119377
192 2 0.115231
193 2 0.168568
194 2 0.741810
195 2 0.091753
196 2 0.119162
197 2 0.101583
198 2 0.063470
199 2 0.077191
200 3 0.141044
201 3 0.201898
202 3 0.056149
203 3 0.143476
204 3 0.045126
205 3 0.152215
206 3 0.143697
207 3 0.011790
208 3 0.622573
209 3 0.059439
210 3 0.079246
211 3 0.068220
212 3 0.105032
213 3 0.090133
214 3 0.260617
215 3 0.054624
216 3 0.207995
217 3 0.031112
218 3 0.643679
219 3 0.011038
220 3 0.060728
221 3 0.080548
222 3 0.064405
223 3 0.163551
224 3 0.140603
225 3 0.128497
226 3 0.050939
227 3 0.144586
228 3 0.120633
229 3 0.019448
230 3 0.132215
231 3 0.010617
232 3 0.072591
233 3 0.261208
234 3 0.134659
235 3 0.085622
236 3 0.060130
237 3 0.194867
238 3 0.077882
239 3 0.211328
240 3 0.125853
241 3 0.131400
242 3 0.104973
243 3 0.153169
244 3 0.156014
245 3 0.081479
246 3 0.091056
247 3 0.105759
248 3 0.127607
249 3 0.102847
250 3 0.100669
251 3 0.122504
252 3 0.361218
253 3 0.094680
254 3 0.067927
255 3 0.076908
256 3 0.130733
257 3 0.080494
258 3 0.104908
259 3 0.057288
260 3 0.116203
261 3 0.149165
262 3 0.163807
263 3 0.141030
264 3 0.103625
265 3 0.146700
266 3 0.078512
267 3 0.086877
268 3 0.100611
269 3 0.189691
270 3 0.026803
271 3 0.054798
272 3 0.132581
273 3 0.182178
274 3 0.055059
275 3 0.141212
276 3 0.016359
277 3 0.015022
278 3 0.121884
279 3 0.084774
280 3 0.078824
281 3 0.082059
282 3 0.104242
283 3 0.082361
284 3 0.321913
285 3 0.073998
286 3 0.140894
287 3 0.102489
288 3 0.057134
289 3 0.048735
290 3 0.179210
291 3 0.145738
292 3 0.119837
293 3 0.086148
294 3 0.066640
295 3 0.045639
296 3 0.089945
297 3 0.145500
298 3 0.076904
299 3 0.180935
300 4 0.175439
301 4 0.101710
302 4 0.094160
303 4 0.087480
304 4 0.032255
305 4 0.143266
306 4 0.078441
307 4 0.100925
308 4 0.145712
309 4 0.118800
310 4 0.070431
311 4 0.084825
312 4 0.100628
313 4 0.062580
314 4 0.130630
315 4 0.085942
316 4 0.013251
317 4 0.078076
318 4 0.083785
319 4 0.103446
320 4 0.112810
321 4 0.085131
322 4 0.088793
323 4 0.144194
324 4 0.127197
325 4 0.141671
326 4 0.116104
327 4 0.089497
328 4 0.015434
329 4 0.080434
330 4 0.104896
331 4 0.118283
332 4 0.180067
333 4 0.080514
334 4 0.080692
335 4 0.060038
336 4 0.104671
337 4 0.088160
338 4 0.077816
339 4 0.067361
340 4 0.052922
341 4 0.093882
342 4 0.148939
343 4 0.042838
344 4 0.450859
345 4 0.140163
346 4 0.087894
347 4 0.352584
348 4 0.054538
349 4 0.139803
350 4 0.086558
351 4 0.026403
352 4 0.143243
353 4 0.085114
354 4 0.035101
355 4 0.057670
356 4 0.057543
357 4 0.149098
358 4 0.115974
359 4 0.017340
360 4 0.013062
361 4 0.140049
362 4 0.087770
363 4 0.135014
364 4 0.209369
365 4 0.125198
366 4 0.120071
367 4 0.068106
368 4 0.036259
369 4 0.050356
370 4 0.029315
371 4 0.020811
372 4 0.152686
373 4 0.093089
374 4 0.069444
375 4 0.079055
376 4 0.095059
377 4 0.069159
378 4 0.046404
379 4 0.066981
380 4 0.182474
381 4 0.063366
382 4 0.186843
383 4 0.560192
384 4 0.144154
385 4 0.087826
386 4 0.177426
387 4 0.186213
388 4 0.077540
389 4 0.103319
390 4 0.131801
391 4 0.123904
392 4 0.065382
393 4 0.173152
394 4 0.140878
395 4 0.429093
396 4 0.089297
397 4 0.228311
398 4 0.173338
399 4 0.039511
400 5 0.145545
401 5 0.149091
402 5 0.101276
403 5 0.071797
404 5 0.119951
405 5 0.219991
406 5 0.141883
407 5 0.252138
408 5 0.062124
409 5 0.161524
410 5 0.218916
411 5 0.380024
412 5 0.039372
413 5 0.017772
414 5 0.070164
415 5 0.189629
416 5 0.037463
417 5 0.082046
418 5 0.099007
419 5 0.101992
420 5 0.149350
421 5 0.016274
422 5 0.169924
423 5 0.082229
424 5 0.126111
425 5 0.176243
426 5 0.050668
427 5 0.085548
428 5 0.074181
429 5 0.058058
430 5 0.156034
431 5 0.103282
432 5 0.108103
433 5 0.122532
434 5 0.054553
435 5 0.065179
436 5 0.207374
437 5 0.067845
438 5 0.020137
439 5 0.073055
440 5 0.115522
441 5 0.071953
442 5 0.114791
443 5 0.069666
444 5 0.084482
445 5 0.144898
446 5 0.082902
447 5 0.233307
448 5 0.107102
449 5 0.072395
450 5 0.126663
451 5 0.158894
452 5 0.140568
453 5 0.013352
454 5 0.088894
455 5 0.091683
456 5 0.043954
457 5 0.101843
458 5 0.149055
459 5 0.088797
460 5 0.134708
461 5 0.065371
462 5 0.167967
463 5 0.053145
464 5 0.152176
465 5 0.166939
466 5 0.053748
467 5 0.060060
468 5 0.085558
469 5 0.074507
470 5 0.112278
471 5 0.123988
472 5 0.013957
473 5 0.119659
474 5 0.102214
475 5 0.239297
476 5 0.093558
477 5 0.071804
478 5 0.076550
479 5 0.077856
480 5 0.105010
481 5 0.342769
482 5 0.078183
483 5 0.092209
484 5 0.020995
485 5 0.093806
486 5 0.114906
487 5 0.183676
488 5 0.113572
489 5 0.097325
490 5 0.171633
491 5 0.108741
492 5 0.172617
493 5 0.169889
494 5 0.081034
495 5 0.059686
496 5 0.179720
497 5 0.047469
498 5 0.033006
499 5 0.036293
500 6 0.039342
501 6 0.017823
502 6 0.048177
503 6 0.054859
504 6 0.190595
505 6 0.108323
506 6 0.020166
507 6 0.124733
508 6 0.201173
509 6 0.096391
510 6 0.056499
511 6 0.105113
512 6 0.087043
513 6 0.116923
514 6 0.144583
515 6 0.207499
516 6 0.035931
517 6 0.051751
518 6 0.031687
519 6 0.129162
520 6 0.110894
521 6 0.120769
522 6 0.091392
523 6 0.094884
524 6 0.164367
525 6 0.081882
526 6 0.081731
527 6 0.166953
528 6 0.056349
529 6 0.107684
530 6 0.143340
531 6 0.051268
532 6 0.085306
533 6 0.070716
534 6 0.049906
535 6 0.052969
536 6 0.157152
537 6 0.090875
538 6 0.147749
539 6 0.092417
540 6 0.071219
541 6 0.077701
542 6 0.069582
543 6 0.050882
544 6 0.058071
545 6 0.139726
546 6 0.053172
547 6 0.072432
548 6 0.099536
549 6 0.076447
550 6 0.120099
551 6 0.021125
552 6 0.073308
553 6 0.028814
554 6 0.060179
555 6 0.043970
556 6 0.096597
557 6 0.143310
558 6 0.133488
559 6 0.013963
560 6 0.116094
561 6 0.067343
562 6 0.055257
563 6 0.103787
564 6 0.016455
565 6 0.061971
566 6 0.094598
567 6 0.185216
568 6 0.128424
569 6 0.098534
570 6 0.012806
571 6 0.139531
572 6 0.093556
573 6 0.079683
574 6 0.111284
575 6 0.108174
576 6 0.014112
577 6 0.086676
578 6 0.098830
579 6 0.066819
580 6 0.093260
581 6 0.421912
582 6 0.067002
583 6 0.044933
584 6 0.196868
585 6 0.101000
586 6 0.138977
587 6 0.111254
588 6 0.026468
589 6 0.187818
590 6 0.300070
591 6 0.086245
592 6 0.084920
593 6 0.107094
594 6 0.193619
595 6 0.169066
596 6 0.110414
597 6 0.114538
598 6 0.150766
599 6 0.173392
600 7 0.109529
601 7 0.175749
602 7 0.107431
603 7 0.193734
604 7 0.020237
605 7 0.106497
606 7 0.127536
607 7 0.115847
608 7 0.099823
609 7 0.103472
610 7 0.076206
611 7 0.134537
612 7 0.147317
613 7 0.082880
614 7 0.051027
615 7 0.095872
616 7 0.168596
617 7 0.020957
618 7 0.116336
619 7 0.031168
620 7 0.016457
621 7 0.080632
622 7 0.055252
623 7 0.045057
624 7 0.035812
625 7 0.092399
626 7 0.128534
627 7 0.123058
628 7 0.054241
629 7 0.087428
630 7 0.121478
631 7 0.084414
632 7 0.035052
633 7 0.096376
634 7 0.117130
635 7 0.053932
636 7 0.017622
637 7 0.056803
638 7 0.101587
639 7 0.126564
640 7 0.082847
641 7 0.096084
642 7 0.109572
643 7 0.031370
644 7 0.059528
645 7 0.026183
646 7 0.065594
647 7 0.131643
648 7 0.120558
649 7 0.012737
650 7 0.078276
651 7 0.234637
652 7 0.149599
653 7 0.254952
654 7 0.069546
655 7 0.117967
656 7 0.082036
657 7 0.105654
658 7 0.138944
659 7 0.067504
660 7 0.093222
661 7 0.086435
662 7 0.175518
663 7 0.067239
664 7 0.104031
665 7 0.146925
666 7 0.110176
667 7 0.145900
668 7 0.091460
669 7 0.058386
670 7 0.124150
671 7 0.050384
672 7 0.247859
673 7 0.304775
674 7 0.122873
675 7 0.205239
676 7 0.131015
677 7 0.098324
678 7 0.107275
679 7 0.146738
680 7 0.117786
681 7 0.077088
682 7 0.099251
683 7 0.189096
684 7 0.184347
685 7 0.122292
686 7 0.216919
687 7 0.061765
688 7 0.014457
689 7 0.058526
690 7 0.064447
691 7 0.119236
692 7 0.028666
693 7 0.038677
694 7 0.050576
695 7 0.118264
696 7 0.050538
697 7 0.033135
698 7 0.055494
699 7 0.073396
700 8 0.180936
701 8 0.061190
702 8 0.058937
703 8 0.218973
704 8 0.073461
705 8 0.058559
706 8 0.021005
707 8 0.130985
708 8 0.085493
709 8 0.057501
710 8 0.169059
711 8 0.138059
712 8 0.064968
713 8 0.060983
714 8 0.133563
715 8 0.134831
716 8 0.249639
717 8 0.083485
718 8 0.158832
719 8 0.116953
720 8 0.069239
721 8 0.171212
722 8 0.080250
723 8 0.082228
724 8 0.173904
725 8 0.083411
726 8 0.140429
727 8 0.076068
728 8 0.080219
729 8 0.155704
730 8 0.054807
731 8 0.068553
732 8 0.163886
733 8 0.075120
734 8 0.115097
735 8 0.042330
736 8 0.059021
737 8 0.098228
738 8 0.050303
739 8 0.082602
740 8 0.050327
741 8 0.143534
742 8 0.148248
743 8 0.066934
744 8 0.135191
745 8 0.108032
746 8 0.014347
747 8 0.077627
748 8 0.037780
749 8 0.107256
750 8 0.054286
751 8 0.150663
752 8 0.057675
753 8 0.079844
754 8 0.102753
755 8 0.079472
756 8 0.116154
757 8 0.066658
758 8 0.070206
759 8 0.063043
760 8 0.077819
761 8 0.122743
762 8 0.104978
763 8 0.033123
764 8 0.116827
765 8 0.099272
766 8 0.114564
767 8 0.119264
768 8 0.133876
769 8 0.017696
770 8 0.090837
771 8 0.088154
772 8 0.076210
773 8 0.136224
774 8 0.092617
775 8 0.050214
776 8 0.077383
777 8 0.072209
778 8 0.031160
779 8 0.014308
780 8 0.148502
781 8 0.031250
782 8 0.028402
783 8 0.012948
784 8 0.016722
785 8 0.134787
786 8 0.123740
787 8 0.055326
788 8 0.057763
789 8 0.019782
790 8 0.072733
791 8 0.070454
792 8 0.097491
793 8 0.386480
794 8 0.118047
795 8 0.035936
796 8 0.053571
797 8 0.053942
798 8 0.089246
799 8 0.090139
800 9 0.147431
801 9 0.108033
802 9 0.095106
803 9 0.067981
804 9 0.141712
805 9 0.068943
806 9 0.124330
807 9 0.057621
808 9 0.097335
809 9 0.079836
810 9 0.138278
811 9 0.094107
812 9 0.166385
813 9 0.082925
814 9 0.090620
815 9 0.082953
816 9 0.130896
817 9 0.105113
818 9 0.207221
819 9 0.053947
820 9 0.085563
821 9 0.030982
822 9 0.057269
823 9 0.126281
824 9 0.099668
825 9 0.053295
826 9 0.144016
827 9 0.104385
828 9 0.142587
829 9 0.122558
830 9 0.019915
831 9 0.150565
832 9 0.089965
833 9 0.026036
834 9 0.113426
835 9 0.017795
836 9 0.058747
837 9 0.087256
838 9 0.086085
839 9 0.124534
840 9 0.113740
841 9 0.129762
842 9 0.110283
843 9 0.035654
844 9 0.082472
845 9 0.020708
846 9 0.072644
847 9 0.118242
848 9 0.016483
849 9 0.058962
850 9 0.053641
851 9 0.133547
852 9 0.049541
853 9 0.146998
854 9 0.098318
855 9 0.083562
856 9 0.030876
857 9 0.059918
858 9 0.080560
859 9 0.092207
860 9 0.109505
861 9 0.059729
862 9 0.037949
863 9 0.159377
864 9 0.014081
865 9 0.077399
866 9 0.116642
867 9 0.057531
868 9 0.073906
869 9 0.043968
870 9 0.076351
871 9 0.034430
872 9 0.080250
873 9 0.112998
874 9 0.141007
875 9 0.118835
876 9 0.014163
877 9 0.054055
878 9 0.163746
879 9 0.102083
880 9 0.091103
881 9 0.160892
882 9 0.127461
883 9 0.067844
884 9 0.106604
885 9 0.100159
886 9 0.012803
887 9 0.180984
888 9 0.060135
889 9 0.068344
890 9 0.054167
891 9 0.251736
892 9 0.071993
893 9 0.053716
894 9 0.038978
895 9 0.146746
896 9 0.028040
897 9 0.061542
898 9 0.058861
899 9 0.099837
900 10 0.078513
901 10 0.014424
902 10 0.084542
903 10 0.082716
904 10 0.122059
905 10 0.154279
906 10 0.073131
907 10 0.073120
908 10 0.117385
909 10 0.095172
910 10 0.042731
911 10 0.152341
912 10 0.127731
913 10 0.055068
914 10 0.054079
915 10 0.122250
916 10 0.056869
917 10 0.114854
918 10 0.125405
919 10 0.074451
920 10 0.035708
921 10 0.109608
922 10 0.049908
923 10 0.115231
924 10 0.171596
925 10 0.053006
926 10 0.073881
927 10 0.113067
928 10 0.102573
929 10 0.037746
930 10 0.127049
931 10 0.094854
932 10 0.202095
933 10 0.079372
934 10 0.089722
935 10 0.025957
936 10 0.137289
937 10 0.067409
938 10 0.139935
939 10 0.052905
940 10 0.123424
941 10 0.077381
942 10 0.127015
943 10 0.019574
944 10 0.088006
945 10 0.099621
946 10 0.116011
947 10 0.093693
948 10 0.012880
949 10 0.056931
950 10 0.094535
951 10 0.109883
952 10 0.043226
953 10 0.072269
954 10 0.087335
955 10 0.465165
956 10 0.099305
957 10 0.061742
958 10 0.082117
959 10 0.095601
960 10 0.054249
961 10 0.068308
962 10 0.088328
963 10 0.085285
964 10 0.021052
965 10 0.087852
966 10 0.082301
967 10 0.082739
968 10 0.078827
969 10 0.076859
970 10 0.014503
971 10 0.072650
972 10 0.061052
973 10 0.016985
974 10 0.117894
975 10 0.124192
976 10 0.103229
977 10 0.061298
978 10 0.059807
979 10 0.132338
980 10 0.157440
981 10 0.074520
982 10 0.028087
983 10 0.017806
984 10 0.096400
985 10 0.048833
986 10 0.059783
987 10 0.058218
988 10 0.127830
989 10 0.066042
990 10 0.033959
991 10 0.172597
992 10 0.079250
993 10 0.038635
994 10 0.111510
995 10 0.096433
996 10 0.063784
997 10 0.181317
998 10 0.195161
999 10 0.107191
1000 11 0.262639
1001 11 0.058985
1002 11 0.089012
1003 11 0.121549
1004 11 0.168031
1005 11 0.075702
1006 11 0.013378
1007 11 0.122944
1008 11 0.222240
1009 11 0.081491
1010 11 0.087974
1011 11 0.067873
1012 11 0.118290
1013 11 0.148292
1014 11 0.043333
1015 11 0.065688
1016 11 0.093608
1017 11 0.017056
1018 11 0.182829
1019 11 0.091131
1020 11 0.080688
1021 11 0.117862
1022 11 0.208587
1023 11 0.067767
1024 11 0.076445
1025 11 0.057649
1026 11 0.060603
1027 11 0.043517
1028 11 0.124011
1029 11 0.071026
1030 11 0.141379
1031 11 0.088410
1032 11 0.081561
1033 11 0.119857
1034 11 0.028012
1035 11 0.069089
1036 11 0.059250
1037 11 0.020032
1038 11 0.014823
1039 11 0.038116
1040 11 0.058722
1041 11 0.130952
1042 11 0.092081
1043 11 0.096944
1044 11 0.087175
1045 11 0.030768
1046 11 0.025884
1047 11 0.053684
1048 11 0.074346
1049 11 0.063307
1050 11 0.014550
1051 11 0.106675
1052 11 0.049833
1053 11 0.074845
1054 11 0.112546
1055 11 0.033741
1056 11 0.109293
1057 11 0.082784
1058 11 0.152042
1059 11 0.201928
1060 11 0.080269
1061 11 0.035700
1062 11 0.098796
1063 11 0.117629
1064 11 0.061671
1065 11 0.149154
1066 11 0.091205
1067 11 0.068447
1068 11 0.095350
1069 11 0.058780
1070 11 0.018069
1071 11 0.133209
1072 11 0.081359
1073 11 0.048563
1074 11 0.092696
1075 11 0.030706
1076 11 0.067232
1077 11 0.127609
1078 11 0.070810
1079 11 0.109354
1080 11 0.107480
1081 11 0.021183
1082 11 0.057036
1083 11 0.099735
1084 11 0.078637
1085 11 0.155605
1086 11 0.102146
1087 11 0.038484
1088 11 0.050030
1089 11 0.108597
1090 11 0.032949
1091 11 0.171323
1092 11 0.065571
1093 11 0.082898
1094 11 0.223261
1095 11 0.129983
1096 11 0.104978
1097 11 0.055579
1098 11 0.176873
1099 11 0.077232
1100 12 0.060690
1101 12 0.079740
1102 12 0.076942
1103 12 0.150516
1104 12 0.056776
1105 12 0.042990
1106 12 0.088489
1107 12 0.033608
1108 12 0.110419
1109 12 0.067499
1110 12 0.075513
1111 12 0.057542
1112 12 0.068456
1113 12 0.059230
1114 12 0.117993
1115 12 0.098094
1116 12 0.013516
1117 12 0.143801
1118 12 0.121119
1119 12 0.049427
1120 12 0.086603
1121 12 0.030504
1122 12 0.070796
1123 12 0.101585
1124 12 0.021231
1125 12 0.072405
1126 12 0.124190
1127 12 0.055155
1128 12 0.185606
1129 12 0.067158
1130 12 0.087738
1131 12 0.094198
1132 12 0.119482
1133 12 0.107598
1134 12 0.113316
1135 12 0.073521
1136 12 0.076324
1137 12 0.028349
1138 12 0.293538
1139 12 0.061880
1140 12 0.092477
1141 12 0.079480
1142 12 0.105401
1143 12 0.102972
1144 12 0.043474
1145 12 0.229330
1146 12 0.112567
1147 12 0.086095
1148 12 0.015577
1149 12 0.116139
1150 12 0.156971
1151 12 0.122542
1152 12 0.020751
1153 12 0.058345
1154 12 0.053486
1155 12 0.026198
1156 12 0.092694
1157 12 0.066247
1158 12 0.015709
1159 12 0.097318
1160 12 0.066362
1161 12 0.126139
1162 12 0.051025
1163 12 0.196578
1164 12 0.092977
1165 12 0.094078
1166 12 0.057754
1167 12 0.282297
1168 12 0.056926
1169 12 0.036708
1170 12 0.056319
1171 12 0.071009
1172 12 0.084802
1173 12 0.019005
1174 12 0.053192
1175 12 0.048531
1176 12 0.059572
1177 12 0.092106
1178 12 0.052834
1179 12 0.117226
1180 12 0.153947
1181 12 0.083401
1182 12 0.122597
1183 12 0.072426
1184 12 0.220290
1185 12 0.139472
1186 12 0.018111
1187 12 0.097757
1188 12 0.109065
1189 12 0.136838
1190 12 0.058607
1191 12 0.126417
1192 12 0.073122
1193 12 0.032995
1194 12 0.037317
1195 12 0.107579
1196 12 0.060679
1197 12 0.059460
1198 12 0.159322
1199 12 0.065218
1200 13 0.028620
1201 13 0.053160
1202 13 0.106970
1203 13 0.032818
1204 13 0.123413
1205 13 0.079022
1206 13 0.144570
1207 13 0.066061
1208 13 0.141787
1209 13 0.170376
1210 13 0.075910
1211 13 0.082319
1212 13 0.118324
1213 13 0.048319
1214 13 0.089234
1215 13 0.064938
1216 13 0.105373
1217 13 0.130752
1218 13 0.052592
1219 13 0.059103
1220 13 0.091959
1221 13 0.049415
1222 13 0.070300
1223 13 0.069928
1224 13 0.144221
1225 13 0.015625
1226 13 0.072699
1227 13 0.068161
1228 13 0.126315
1229 13 0.039367
1230 13 0.100167
1231 13 0.018829
1232 13 0.033408
1233 13 0.053014
1234 13 0.066685
1235 13 0.109894
1236 13 0.061476
1237 13 0.058300
1238 13 0.077385
1239 13 0.080904
1240 13 0.072219
1241 13 0.116591
1242 13 0.058309
1243 13 0.054045
1244 13 0.142987
1245 13 0.014278
1246 13 0.071777
1247 13 0.093718
1248 13 0.087440
1249 13 0.021798
1250 13 0.136130
1251 13 0.127125
1252 13 0.102575
1253 13 0.015683
1254 13 0.053615
1255 13 0.074670
1256 13 0.076505
1257 13 0.088123
1258 13 0.128846
1259 13 0.242410
1260 13 0.059013
1261 13 0.083500
1262 13 0.121477
1263 13 0.143237
1264 13 0.075603
1265 13 0.074195
1266 13 0.052221
1267 13 0.036414
1268 13 0.079941
1269 13 0.129278
1270 13 0.112244
1271 13 0.109819
1272 13 0.065933
1273 13 0.144013
1274 13 0.095561
1275 13 0.185852
1276 13 0.080322
1277 13 0.121864
1278 13 0.092533
1279 13 0.153282
1280 13 0.068420
1281 13 0.107771
1282 13 0.100555
1283 13 0.043584
1284 13 0.068592
1285 13 0.058888
1286 13 0.060841
1287 13 0.042710
1288 13 0.026265
1289 13 0.118240
1290 13 0.171659
1291 13 0.038365
1292 13 0.038825
1293 13 0.051632
1294 13 0.280142
1295 13 0.192990
1296 13 0.072292
1297 13 0.030873
1298 13 0.020707
1299 13 0.018029
1300 14 0.053313
1301 14 0.234598
1302 14 0.115243
1303 14 0.207037
1304 14 0.026145
1305 14 0.082106
1306 14 0.072164
1307 14 0.015882
1308 14 0.206857
1309 14 0.110094
1310 14 0.249336
1311 14 0.088035
1312 14 0.042266
1313 14 0.036219
1314 14 0.078610
1315 14 0.108368
1316 14 0.075509
1317 14 0.050861
1318 14 0.159763
1319 14 0.018825
1320 14 0.028612
1321 14 0.052605
1322 14 0.014210
1323 14 0.153589
1324 14 0.015528
1325 14 0.085572
1326 14 0.080359
1327 14 0.047896
1328 14 0.078451
1329 14 0.059251
1330 14 0.080144
1331 14 0.056960
1332 14 0.070889
1333 14 0.085716
1334 14 0.038916
1335 14 0.092077
1336 14 0.107303
1337 14 0.069871
1338 14 0.144165
1339 14 0.058147
1340 14 0.061363
1341 14 0.017746
1342 14 0.032652
1343 14 0.357717
1344 14 0.067117
1345 14 0.152616
1346 14 0.067879
1347 14 0.057022
1348 14 0.134198
1349 14 0.115452
1350 14 0.121547
1351 14 0.057121
1352 14 0.080275
1353 14 0.116361
1354 14 0.126118
1355 14 0.119920
1356 14 0.152124
1357 14 0.087627
1358 14 0.095848
1359 14 0.123960
1360 14 0.207444
1361 14 0.082571
1362 14 0.076116
1363 14 0.142276
1364 14 0.049432
1365 14 0.043336
1366 14 0.142586
1367 14 0.058435
1368 14 0.038268
1369 14 0.030897
1370 14 0.072532
1371 14 0.110026
1372 14 0.063311
1373 14 0.059170
1374 14 0.116280
1375 14 0.052696
1376 14 0.056440
1377 14 0.060600
1378 14 0.051421
1379 14 0.105089
1380 14 0.093584
1381 14 0.066277
1382 14 0.077374
1383 14 0.033217
1384 14 0.065096
1385 14 0.138088
1386 14 0.131033
1387 14 0.087760
1388 14 0.098256
1389 14 0.257842
1390 14 0.052211
1391 14 0.065351
1392 14 0.020714
1393 14 0.100501
1394 14 0.093441
1395 14 0.141761
1396 14 0.150197
1397 14 0.022009
1398 14 0.087076
1399 14 0.053408
1400 15 0.084906
1401 15 0.058503
1402 15 0.042069
1403 15 0.132996
1404 15 0.049506
1405 15 0.055812
1406 15 0.195542
1407 15 0.109217
1408 15 0.098232
1409 15 0.093818
1410 15 0.052536
1411 15 0.069537
1412 15 0.090614
1413 15 0.087797
1414 15 0.062766
1415 15 0.060679
1416 15 0.052026
1417 15 0.107883
1418 15 0.019348
1419 15 0.056816
1420 15 0.104236
1421 15 0.058864
1422 15 0.068494
1423 15 0.071563
1424 15 0.065098
1425 15 0.243422
1426 15 0.033189
1427 15 0.016301
1428 15 0.074002
1429 15 0.059186
1430 15 0.071260
1431 15 0.093845
1432 15 0.039134
1433 15 0.016428
1434 15 0.030674
1435 15 0.095623
1436 15 0.199645
1437 15 0.047907
1438 15 0.086772
1439 15 0.077442
1440 15 0.067271
1441 15 0.052851
1442 15 0.053349
1443 15 0.105051
1444 15 0.066496
1445 15 0.128692
1446 15 0.079303
1447 15 0.172369
1448 15 0.099444
1449 15 0.055682
1450 15 0.141711
1451 15 0.075813
1452 15 0.101006
1453 15 0.105751
1454 15 0.038996
1455 15 0.147935
1456 15 0.054183
1457 15 0.018558
1458 15 0.015016
1459 15 0.097031
1460 15 0.056563
1461 15 0.036907
1462 15 0.055729
1463 15 0.021168
1464 15 0.086494
1465 15 0.072588
1466 15 0.112262
1467 15 0.368117
1468 15 0.049754
1469 15 0.079835
1470 15 0.104508
1471 15 0.310119
1472 15 0.071785
1473 15 0.104970
1474 15 0.076178
1475 15 0.197390
1476 15 0.107704
1477 15 0.184142
1478 15 0.058291
1479 15 0.209857
1480 15 0.101038
1481 15 0.041662
1482 15 0.043196
1483 15 0.063851
1484 15 0.072417
1485 15 0.096126
1486 15 0.047045
1487 15 0.081593
1488 15 0.022502
1489 15 0.091813
1490 15 0.097086
1491 15 0.053488
1492 15 0.116023
1493 15 0.134261
1494 15 0.076541
1495 15 0.150918
1496 15 0.067630
1497 15 0.092849
1498 15 0.083097
1499 15 0.032930
1500 16 0.097184
1501 16 0.053656
1502 16 0.127067
1503 16 0.063101
1504 16 0.050973
1505 16 0.052449
1506 16 0.021265
1507 16 0.047809
1508 16 0.111680
1509 16 0.032949
1510 16 0.237248
1511 16 0.077758
1512 16 0.058243
1513 16 0.078456
1514 16 0.085440
1515 16 0.147872
1516 16 0.090151
1517 16 0.119062
1518 16 0.092366
1519 16 0.065837
1520 16 0.047209
1521 16 0.199712
1522 16 0.071567
1523 16 0.082171
1524 16 0.061196
1525 16 0.049646
1526 16 0.115370
1527 16 0.103516
1528 16 0.030756
1529 16 0.066920
1530 16 0.036035
1531 16 0.039013
1532 16 0.029061
1533 16 0.015398
1534 16 0.101052
1535 16 0.068983
1536 16 0.128175
1537 16 0.402389
1538 16 0.022863
1539 16 0.066075
1540 16 0.120329
1541 16 0.115317
1542 16 0.131227
1543 16 0.086645
1544 16 0.058421
1545 16 0.051774
1546 16 0.091392
1547 16 0.129184
1548 16 0.076290
1549 16 0.117746
1550 16 0.112993
1551 16 0.130607
1552 16 0.052736
1553 16 0.060242
1554 16 0.268761
1555 16 0.068433
1556 16 0.071271
1557 16 0.019154
1558 16 0.033067
1559 16 0.084571
1560 16 0.056605
1561 16 0.090560
1562 16 0.058804
1563 16 0.111196
1564 16 0.037203
1565 16 0.075324
1566 16 0.086557
1567 16 0.059406
1568 16 0.063487
1569 16 0.156452
1570 16 0.076169
1571 16 0.069864
1572 16 0.082688
1573 16 0.071359
1574 16 0.020276
1575 16 0.100935
1576 16 0.204238
1577 16 0.074086
1578 16 0.133601
1579 16 0.053412
1580 16 0.056387
1581 16 0.095307
1582 16 0.090798
1583 16 0.016953
1584 16 0.053585
1585 16 0.079615
1586 16 0.083001
1587 16 0.098260
1588 16 0.153622
1589 16 0.097760
1590 16 0.102794
1591 16 0.017035
1592 16 0.038229
1593 16 0.079215
1594 16 0.064827
1595 16 0.161662
1596 16 0.092458
1597 16 0.151221
1598 16 0.052614
1599 16 0.097466
1600 17 0.019025
1601 17 0.106372
1602 17 0.071523
1603 17 0.074997
1604 17 0.032786
1605 17 0.091987
1606 17 0.067366
1607 17 0.078390
1608 17 0.144304
1609 17 0.076838
1610 17 0.086391
1611 17 0.191924
1612 17 0.116561
1613 17 0.148764
1614 17 0.172994
1615 17 0.020292
1616 17 0.085615
1617 17 0.153031
1618 17 0.049639
1619 17 0.037307
1620 17 0.089197
1621 17 0.060123
1622 17 0.069724
1623 17 0.068753
1624 17 0.062494
1625 17 0.049820
1626 17 0.099558
1627 17 0.111315
1628 17 0.089255
1629 17 0.064189
1630 17 0.052861
1631 17 0.118434
1632 17 0.026914
1633 17 0.113838
1634 17 0.053145
1635 17 0.173683
1636 17 0.070993
1637 17 0.077117
1638 17 0.135924
1639 17 0.078977
1640 17 0.116401
1641 17 0.107890
1642 17 0.058597
1643 17 0.041560
1644 17 0.119792
1645 17 0.038178
1646 17 0.056553
1647 17 0.108382
1648 17 0.095148
1649 17 0.056719
1650 17 0.047769
1651 17 0.043343
1652 17 0.060015
1653 17 0.125185
1654 17 0.084370
1655 17 0.075292
1656 17 0.021931
1657 17 0.150627
1658 17 0.111074
1659 17 0.096700
1660 17 0.233257
1661 17 0.039248
1662 17 0.092210
1663 17 0.062941
1664 17 0.107563
1665 17 0.017519
1666 17 0.023391
1667 17 0.055149
1668 17 0.089314
1669 17 0.065567
1670 17 0.029550
1671 17 0.017385
1672 17 0.073630
1673 17 0.068086
1674 17 0.134886
1675 17 0.104676
1676 17 0.098691
1677 17 0.136954
1678 17 0.058430
1679 17 0.032939
1680 17 0.121998
1681 17 0.070525
1682 17 0.071674
1683 17 0.161781
1684 17 0.124802
1685 17 0.077950
1686 17 0.074746
1687 17 0.057046
1688 17 0.049017
1689 17 0.079366
1690 17 0.175250
1691 17 0.100300
1692 17 0.065049
1693 17 0.015798
1694 17 0.078596
1695 17 0.030999
1696 17 0.058506
1697 17 0.086450
1698 17 0.052488
1699 17 0.053625
1700 18 0.047286
1701 18 0.085012
1702 18 0.110878
1703 18 0.075042
1704 18 0.079064
1705 18 0.538215
1706 18 0.085945
1707 18 0.117566
1708 18 0.058343
1709 18 0.086141
1710 18 0.039344
1711 18 0.081839
1712 18 0.038295
1713 18 0.056667
1714 18 0.091919
1715 18 0.072628
1716 18 0.147495
1717 18 0.105778
1718 18 0.057636
1719 18 0.059357
1720 18 0.017449
1721 18 0.149098
1722 18 0.112895
1723 18 0.120007
1724 18 0.075377
1725 18 0.089116
1726 18 0.030763
1727 18 0.156967
1728 18 0.059329
1729 18 0.087033
1730 18 0.150886
1731 18 0.157152
1732 18 0.116355
1733 18 0.200627
1734 18 0.067396
1735 18 0.019376
1736 18 0.142726
1737 18 0.062005
1738 18 0.023228
1739 18 0.068559
1740 18 0.095690
1741 18 0.055463
1742 18 0.020168
1743 18 0.030863
1744 18 0.063189
1745 18 0.110485
1746 18 0.049794
1747 18 0.052526
1748 18 0.137398
1749 18 0.173955
1750 18 0.099790
1751 18 0.067029
1752 18 0.116651
1753 18 0.088608
1754 18 0.036700
1755 18 0.032781
1756 18 0.077211
1757 18 0.065616
1758 18 0.125233
1759 18 0.068760
1760 18 0.067597
1761 18 0.029280
1762 18 0.098626
1763 18 0.071323
1764 18 0.055036
1765 18 0.084484
1766 18 0.139128
1767 18 0.078285
1768 18 0.053575
1769 18 0.078028
1770 18 0.590060
1771 18 0.071885
1772 18 0.124078
1773 18 0.022216
1774 18 0.056564
1775 18 0.053679
1776 18 0.121451
1777 18 0.069931
1778 18 0.055964
1779 18 0.119923
1780 18 0.106389
1781 18 0.101193
1782 18 0.033306
1783 18 0.107246
1784 18 0.084382
1785 18 0.027191
1786 18 0.041320
1787 18 0.060314
1788 18 0.089694
1789 18 0.082404
1790 18 0.113799
1791 18 0.109667
1792 18 0.078179
1793 18 0.016521
1794 18 0.050727
1795 18 0.052527
1796 18 0.018077
1797 18 0.058971
1798 18 0.074324
1799 18 0.043101
1800 19 0.114232
1801 19 0.090182
1802 19 0.073264
1803 19 0.089581
1804 19 0.048329
1805 19 0.127860
1806 19 0.070300
1807 19 0.095703
1808 19 0.073746
1809 19 0.099590
1810 19 0.038921
1811 19 0.052322
1812 19 0.092568
1813 19 0.104715
1814 19 0.130476
1815 19 0.059265
1816 19 0.123031
1817 19 0.110441
1818 19 0.058520
1819 19 0.085237
1820 19 0.197029
1821 19 0.118173
1822 19 0.071285
1823 19 0.022649
1824 19 0.074996
1825 19 0.065159
1826 19 0.078731
1827 19 0.142998
1828 19 0.079117
1829 19 0.105703
1830 19 0.108022
1831 19 0.059225
1832 19 0.062163
1833 19 0.104895
1834 19 0.101998
1835 19 0.021053
1836 19 0.068622
1837 19 0.026989
1838 19 0.066313
1839 19 0.091444
1840 19 0.134779
1841 19 0.162381
1842 19 0.110945
1843 19 0.092441
1844 19 0.024015
1845 19 0.047066
1846 19 0.052157
1847 19 0.056067
1848 19 0.041339
1849 19 0.094104
1850 19 0.049949
1851 19 0.018184
1852 19 0.051380
1853 19 0.043002
1854 19 0.076791
1855 19 0.053839
1856 19 0.072061
1857 19 0.078127
1858 19 0.068564
1859 19 0.053730
1860 19 0.095913
1861 19 0.018015
1862 19 0.105155
1863 19 0.055871
1864 19 0.067800
1865 19 0.077092
1866 19 0.104799
1867 19 0.088237
1868 19 0.138576
1869 19 0.081710
1870 19 0.077630
1871 19 0.242958
1872 19 0.030928
1873 19 0.103707
1874 19 0.121061
1875 19 0.109033
1876 19 0.136375
1877 19 0.037948
1878 19 0.236436
1879 19 0.063102
1880 19 0.122401
1881 19 0.033264
1882 19 0.016654
1883 19 0.048023
1884 19 0.075852
1885 19 0.071133
1886 19 0.073301
1887 19 0.056576
1888 19 0.032955
1889 19 0.058438
1890 19 0.114157
1891 19 0.072365
1892 19 0.082735
1893 19 0.077652
1894 19 0.114993
1895 19 0.038512
1896 19 0.075428
1897 19 0.055158
1898 19 0.020169
1899 19 0.029804
1900 20 0.055926
1901 20 0.085490
1902 20 0.046974
1903 20 0.047738
1904 20 0.067586
1905 20 0.113146
1906 20 0.032921
1907 20 0.071377
1908 20 0.122871
1909 20 0.069407
1910 20 0.053830
1911 20 0.030979
1912 20 0.056294
1913 20 0.030860
1914 20 0.066213
1915 20 0.129817
1916 20 0.053474
1917 20 0.073555
1918 20 0.089540
1919 20 0.016631
1920 20 0.076928
1921 20 0.067469
1922 20 0.092455
1923 20 0.065496
1924 20 0.092906
1925 20 0.112394
1926 20 0.141576
1927 20 0.104527
1928 20 0.090957
1929 20 0.048902
1930 20 0.234607
1931 20 0.111624
1932 20 0.162452
1933 20 0.083381
1934 20 0.106673
1935 20 0.134135
1936 20 0.149012
1937 20 0.022949
1938 20 0.090448
1939 20 0.067496
1940 20 0.066081
1941 20 0.090774
1942 20 0.052335
1943 20 0.068238
1944 20 0.020259
1945 20 0.024016
1946 20 0.055722
1947 20 0.050555
1948 20 0.121010
1949 20 0.075765
1950 20 0.033300
1951 20 0.097266
1952 20 0.070841
1953 20 0.063031
1954 20 0.037473
1955 20 0.065253
1956 20 0.051326
1957 20 0.052564
1958 20 0.077668
1959 20 0.110468
1960 20 0.059723
1961 20 0.021329
1962 20 0.088596
1963 20 0.018366
1964 20 0.054869
1965 20 0.043320
1966 20 0.038515
1967 20 0.102739
1968 20 0.059319
1969 20 0.110421
1970 20 0.085462
1971 20 0.076576
1972 20 0.074440
1973 20 0.085542
1974 20 0.050457
1975 20 0.474394
1976 20 0.070462
1977 20 0.114339
1978 20 0.096356
1979 20 0.060274
1980 20 0.357885
1981 20 0.058097
1982 20 0.058228
1983 20 0.372443
1984 20 0.018796
1985 20 0.078875
1986 20 0.056914
1987 20 0.030515
1988 20 0.114788
1989 20 0.131656
1990 20 0.082289
1991 20 0.041100
1992 20 0.104813
1993 20 0.027612
1994 20 0.105516
1995 20 0.075403
1996 20 0.130831
1997 20 0.058218
1998 20 0.063904
1999 20 0.124747
2000 21 0.126676
2001 21 0.059197
2002 21 0.068629
2003 21 0.071721
2004 21 0.053824
2005 21 0.085372
2006 21 0.058728
2007 21 0.077668
2008 21 0.031040
2009 21 0.077243
2010 21 0.057648
2011 21 0.094365
2012 21 0.111948
2013 21 0.084862
2014 21 0.107856
2015 21 0.048219
2016 21 0.030631
2017 21 0.053702
2018 21 0.297768
2019 21 0.122107
2020 21 0.133043
2021 21 0.065987
2022 21 0.089200
2023 21 0.068564
2024 21 0.117329
2025 21 0.127313
2026 21 0.070970
2027 21 0.065700
2028 21 0.075123
2029 21 0.027697
2030 21 0.038474
2031 21 0.057979
2032 21 0.078288
2033 21 0.052425
2034 21 0.056881
2035 21 0.074708
2036 21 0.096716
2037 21 0.022414
2038 21 0.095649
2039 21 0.052113
2040 21 0.040206
2041 21 0.041011
2042 21 0.049890
2043 21 0.109936
2044 21 0.033509
2045 21 0.124510
2046 21 0.096171
2047 21 0.136724
2048 21 0.211151
2049 21 0.089811
2050 21 0.070978
2051 21 0.017997
2052 21 0.038530
2053 21 0.083997
2054 21 0.105040
2055 21 0.067689
2056 21 0.220439
2057 21 0.074519
2058 21 0.019628
2059 21 0.089905
2060 21 0.060102
2061 21 0.025247
2062 21 0.058558
2063 21 0.069609
2064 21 0.102969
2065 21 0.135556
2066 21 0.111994
2067 21 0.121805
2068 21 0.138707
2069 21 0.076697
2070 21 0.072817
2071 21 0.069697
2072 21 0.096401
2073 21 0.050662
2074 21 0.127879
2075 21 0.086775
2076 21 0.103732
2077 21 0.074767
2078 21 0.131755
2079 21 0.092364
2080 21 0.071654
2081 21 0.215353
2082 21 0.065399
2083 21 0.065550
2084 21 0.023591
2085 21 0.018911
2086 21 0.114400
2087 21 0.085780
2088 21 0.085402
2089 21 0.095825
2090 21 0.020818
2091 21 0.031302
2092 21 0.756968
2093 21 0.131356
2094 21 0.050322
2095 21 0.097434
2096 21 0.073578
2097 21 0.043043
2098 21 0.075213
2099 21 0.033124
2100 22 0.140447
2101 22 0.104211
2102 22 0.050041
2103 22 0.101473
2104 22 0.077414
2105 22 0.056083
2106 22 0.089634
2107 22 0.139319
2108 22 0.053689
2109 22 0.023736
2110 22 0.123776
2111 22 0.096685
2112 22 0.024948
2113 22 0.119053
2114 22 0.019198
2115 22 0.221972
2116 22 0.069722
2117 22 0.058963
2118 22 0.078707
2119 22 0.068425
2120 22 0.056489
2121 22 0.074361
2122 22 0.068834
2123 22 0.097077
2124 22 0.117933
2125 22 0.065130
2126 22 0.120037
2127 22 0.027391
2128 22 0.106128
2129 22 0.062841
2130 22 0.038711
2131 22 0.136091
2132 22 0.049645
2133 22 0.150760
2134 22 0.067682
2135 22 0.130484
2136 22 0.153675
2137 22 0.075110
2138 22 0.033631
2139 22 0.124742
2140 22 0.096854
2141 22 0.077126
2142 22 0.059437
2143 22 0.069333
2144 22 0.039860
2145 22 0.043980
2146 22 0.071142
2147 22 0.083603
2148 22 0.352566
2149 22 0.073994
2150 22 0.087509
2151 22 0.031012
2152 22 0.085351
2153 22 0.038315
2154 22 0.076935
2155 22 0.017458
2156 22 0.018854
2157 22 0.103359
2158 22 0.082286
2159 22 0.085556
2160 22 0.091242
2161 22 0.056469
2162 22 0.073465
2163 22 0.048170
2164 22 0.089728
2165 22 0.058103
2166 22 0.638483
2167 22 0.030402
2168 22 0.058401
2169 22 0.112979
2170 22 0.111943
2171 22 0.091233
2172 22 0.065951
2173 22 0.121576
2174 22 0.056844
2175 22 0.060031
2176 22 0.096452
2177 22 0.022333
2178 22 0.051572
2179 22 0.108840
2180 22 0.067705
2181 22 0.085844
2182 22 0.075250
2183 22 0.069331
2184 22 0.062000
2185 22 0.122050
2186 22 0.069416
2187 22 0.129862
2188 22 0.187231
2189 22 0.043037
2190 22 0.067673
2191 22 0.080836
2192 22 0.052312
2193 22 0.146819
2194 22 0.021558
2195 22 0.038498
2196 22 0.076565
2197 22 0.052321
2198 22 0.054371
2199 22 0.031419
2200 23 0.120932
2201 23 0.059387
2202 23 0.110197
2203 23 0.108818
2204 23 0.110885
2205 23 0.151806
2206 23 0.031326
2207 23 0.025431
2208 23 0.056607
2209 23 0.039897
2210 23 0.040356
2211 23 0.030811
2212 23 0.133108
2213 23 0.094410
2214 23 0.069568
2215 23 0.078612
2216 23 0.132434
2217 23 0.056288
2218 23 0.143092
2219 23 0.098471
2220 23 0.077046
2221 23 0.082470
2222 23 0.119585
2223 23 0.072591
2224 23 0.031083
2225 23 0.085910
2226 23 0.042680
2227 23 0.086181
2228 23 0.096869
2229 23 0.024248
2230 23 0.058671
2231 23 0.090985
2232 23 0.058173
2233 23 0.087991
2234 23 0.078416
2235 23 0.137491
2236 23 0.059853
2237 23 0.075427
2238 23 0.049588
2239 23 0.063762
2240 23 0.073072
2241 23 0.067679
2242 23 0.071275
2243 23 0.058806
2244 23 0.068794
2245 23 0.027580
2246 23 0.104890
2247 23 0.107817
2248 23 0.117345
2249 23 0.021856
2250 23 0.128312
2251 23 0.085680
2252 23 0.110340
2253 23 0.137240
2254 23 0.056697
2255 23 0.033771
2256 23 0.050295
2257 23 0.052292
2258 23 0.058955
2259 23 0.095675
2260 23 0.081743
2261 23 0.056338
2262 23 0.069285
2263 23 0.057552
2264 23 0.067140
2265 23 0.112573
2266 23 0.058028
2267 23 0.112683
2268 23 0.100527
2269 23 0.054430
2270 23 0.048559
2271 23 0.038495
2272 23 0.139406
2273 23 0.085980
2274 23 0.085723
2275 23 0.077221
2276 23 0.081064
2277 23 0.404234
2278 23 0.067507
2279 23 0.065786
2280 23 0.138122
2281 23 0.018332
2282 23 0.247074
2283 23 0.076864
2284 23 0.066233
2285 23 0.093812
2286 23 0.019959
2287 23 0.141671
2288 23 0.068901
2289 23 0.102353
2290 23 0.061821
2291 23 0.074530
2292 23 0.096079
2293 23 0.039229
2294 23 0.058669
2295 23 0.020269
2296 23 0.090271
2297 23 0.023146
2298 23 0.033094
2299 23 0.110723
2300 24 0.118416
2301 24 0.078294
2302 24 0.149791
2303 24 0.090053
2304 24 0.201231
2305 24 0.065580
2306 24 0.093890
2307 24 0.073646
2308 24 0.122565
2309 24 0.034017
2310 24 0.105732
2311 24 0.107117
2312 24 0.091561
2313 24 0.140497
2314 24 0.070975
2315 24 0.194985
2316 24 0.074865
2317 24 0.104212
2318 24 0.025869
2319 24 0.027710
2320 24 0.040332
2321 24 0.058545
2322 24 0.049149
2323 24 0.058615
2324 24 0.085395
2325 24 0.019971
2326 24 0.389739
2327 24 0.040482
2328 24 0.087511
2329 24 0.064358
2330 24 0.090511
2331 24 0.031286
2332 24 0.018527
2333 24 0.082175
2334 24 0.056212
2335 24 0.111009
2336 24 0.128140
2337 24 0.151755
2338 24 0.130636
2339 24 0.095981
2340 24 0.082211
2341 24 0.115663
2342 24 0.185953
2343 24 0.112414
2344 24 0.031158
2345 24 0.094888
2346 24 0.121018
2347 24 0.059834
2348 24 0.133807
2349 24 0.048230
2350 24 0.059650
2351 24 0.054052
2352 24 0.113321
2353 24 0.096616
2354 24 0.054407
2355 24 0.072916
2356 24 0.077531
2357 24 0.105458
2358 24 0.151479
2359 24 0.061766
2360 24 0.052269
2361 24 0.078594
2362 24 0.031534
2363 24 0.084761
2364 24 0.075710
2365 24 0.066811
2366 24 0.077002
2367 24 0.129594
2368 24 0.076414
2369 24 0.070855
2370 24 0.056985
2371 24 0.074180
2372 24 0.105298
2373 24 0.108559
2374 24 0.051193
2375 24 0.125615
2376 24 0.052035
2377 24 0.089896
2378 24 0.068121
2379 24 0.101030
2380 24 0.054679
2381 24 0.033217
2382 24 0.039081
2383 24 0.069756
2384 24 0.020162
2385 24 0.050747
2386 24 0.024792
2387 24 0.136101
2388 24 0.021937
2389 24 0.075057
2390 24 0.058854
2391 24 0.056480
2392 24 0.085559
2393 24 0.076191
2394 24 0.022893
2395 24 0.107934
2396 24 0.065629
2397 24 0.067995
2398 24 0.038599
2399 24 0.067547
2400 25 0.076747
2401 25 0.076977
2402 25 0.075007
2403 25 0.075823
2404 25 0.112952
2405 25 0.105448
2406 25 0.066700
2407 25 0.089103
2408 25 0.056501
2409 25 0.169113
2410 25 0.078189
2411 25 0.131509
2412 25 0.145461
2413 25 0.102758
2414 25 0.054288
2415 25 0.042697
2416 25 0.018605
2417 25 0.020053
2418 25 0.090005
2419 25 0.085260
2420 25 0.095571
2421 25 0.089251
2422 25 0.023124
2423 25 0.096263
2424 25 0.463006
2425 25 0.122891
2426 25 0.034332
2427 25 0.020386
2428 25 0.054336
2429 25 0.059838
2430 25 0.129114
2431 25 0.031330
2432 25 0.022237
2433 25 0.118933
2434 25 0.138196
2435 25 0.059688
2436 25 0.059001
2437 25 0.082422
2438 25 0.048612
2439 25 0.505569
2440 25 0.100608
2441 25 0.102809
2442 25 0.108015
2443 25 0.089008
2444 25 0.130421
2445 25 0.085535
2446 25 0.025360
2447 25 0.045699
2448 25 0.088847
2449 25 0.084595
2450 25 0.031489
2451 25 0.040350
2452 25 0.053938
2453 25 0.057913
2454 25 0.026552
2455 25 0.065133
2456 25 0.052666
2457 25 0.052825
2458 25 0.103619
2459 25 0.065929
2460 25 0.149011
2461 25 0.085160
2462 25 0.284076
2463 25 0.108565
2464 25 0.096225
2465 25 0.348952
2466 25 0.102391
2467 25 0.055939
2468 25 0.092165
2469 25 0.072503
2470 25 0.087006
2471 25 0.126997
2472 25 0.069694
2473 25 0.065622
2474 25 0.065788
2475 25 0.038746
2476 25 0.070645
2477 25 0.033046
2478 25 0.088421
2479 25 0.058255
2480 25 0.101433
2481 25 0.039881
2482 25 0.028634
2483 25 0.040461
2484 25 0.058888
2485 25 0.108513
2486 25 0.086436
2487 25 0.080171
2488 25 0.057071
2489 25 0.081562
2490 25 0.096835
2491 25 0.049437
2492 25 0.069049
2493 25 0.084820
2494 25 0.120773
2495 25 0.067615
2496 25 0.073402
2497 25 0.149864
2498 25 0.106186
2499 25 0.031964
2500 26 0.143563
2501 26 0.134019
2502 26 0.059774
2503 26 0.059219
2504 26 0.020141
2505 26 0.032082
2506 26 0.086531
2507 26 0.031471
2508 26 0.129960
2509 26 0.070523
2510 26 0.039634
2511 26 0.038742
2512 26 0.078035
2513 26 0.057301
2514 26 0.050751
2515 26 0.111233
2516 26 0.075367
2517 26 0.033130
2518 26 0.088049
2519 26 0.117654
2520 26 0.074282
2521 26 0.052704
2522 26 0.055439
2523 26 0.069355
2524 26 0.109852
2525 26 0.059757
2526 26 0.271386
2527 26 0.034822
2528 26 0.049413
2529 26 0.052726
2530 26 0.067181
2531 26 0.064909
2532 26 0.096385
2533 26 0.057875
2534 26 0.129074
2535 26 0.183514
2536 26 0.084523
2537 26 0.042796
2538 26 0.040304
2539 26 0.081100
2540 26 0.065557
2541 26 0.085862
2542 26 0.025050
2543 26 0.058425
2544 26 0.088024
2545 26 0.081410
2546 26 0.099512
2547 26 0.032018
2548 26 0.072820
2549 26 0.086091
2550 26 0.058800
2551 26 0.026554
2552 26 0.101006
2553 26 0.054339
2554 26 0.055129
2555 26 0.167310
2556 26 0.107595
2557 26 0.076974
2558 26 0.087236
2559 26 0.131312
2560 26 0.057468
2561 26 0.072756
2562 26 0.137071
2563 26 0.049366
2564 26 0.111474
2565 26 0.056865
2566 26 0.088312
2567 26 0.065332
2568 26 0.058051
2569 26 0.074322
2570 26 0.108180
2571 26 0.126353
2572 26 0.099295
2573 26 0.068971
2574 26 0.027707
2575 26 0.088373
2576 26 0.106591
2577 26 0.023677
2578 26 0.040805
2579 26 0.104615
2580 26 0.094014
2581 26 0.108022
2582 26 0.096024
2583 26 0.070073
2584 26 0.021753
2585 26 0.051176
2586 26 0.072397
2587 26 0.068228
2588 26 0.122221
2589 26 0.133028
2590 26 0.045329
2591 26 0.028509
2592 26 0.021634
2593 26 0.082643
2594 26 0.283722
2595 26 0.120845
2596 26 0.075545
2597 26 0.075849
2598 26 0.289443
2599 26 0.063631
