# Batch convergence for: model=snn-ae encoding=latency architecture=recurrent v_th=0.5 alpha=0.8 run=1
batch_num epoch batch_loss
0 1 0.654589
1 1 1.063330
2 1 0.913277
3 1 0.713794
4 1 1.314789
5 1 0.924159
6 1 0.896408
7 1 0.867363
8 1 0.746748
9 1 0.918301
10 1 0.945586
11 1 0.853438
12 1 0.898381
13 1 0.931334
14 1 0.986108
15 1 0.706319
16 1 0.695705
17 1 0.826825
18 1 0.826291
19 1 0.769653
20 1 0.945863
21 1 0.081751
22 1 0.747964
23 1 0.831631
24 1 0.953207
25 1 0.744981
26 1 0.784781
27 1 0.931007
28 1 0.865940
29 1 0.833102
30 1 0.770761
31 1 0.618827
32 1 0.846809
33 1 0.816839
34 1 0.657730
35 1 0.918814
36 1 0.761575
37 1 0.877054
38 1 0.906156
39 1 0.731135
40 1 0.992413
41 1 0.700369
42 1 0.703569
43 1 0.627830
44 1 0.641621
45 1 0.739121
46 1 0.759486
47 1 0.787129
48 1 0.815128
49 1 0.837074
50 1 0.175583
51 1 0.865370
52 1 0.749347
53 1 0.250689
54 1 1.158059
55 1 0.751888
56 1 0.753730
57 1 0.821098
58 1 0.612878
59 1 0.802284
60 1 0.767033
61 1 0.873828
62 1 0.711922
63 1 0.897667
64 1 0.614860
65 1 0.672101
66 1 0.034837
67 1 0.890088
68 1 0.617103
69 1 0.719191
70 1 0.694648
71 1 0.545297
72 1 0.065298
73 1 0.635840
74 1 0.876446
75 1 0.708581
76 1 0.509375
77 1 0.795584
78 1 0.664891
79 1 0.635752
80 1 1.008990
81 1 0.709829
82 1 0.641147
83 1 0.781333
84 1 0.778815
85 1 0.747940
86 1 0.651932
87 1 0.880057
88 1 0.720671
89 1 0.656619
90 1 0.491799
91 1 0.828619
92 1 0.422804
93 1 0.630844
94 1 0.660036
95 1 0.682436
96 1 0.677281
97 1 0.622401
98 1 0.695752
99 1 0.665706
100 2 0.686972
101 2 0.744617
102 2 0.664753
103 2 0.725977
104 2 0.674511
105 2 0.702263
106 2 0.573695
107 2 0.685612
108 2 0.613003
109 2 0.663072
110 2 0.613174
111 2 0.126560
112 2 0.603543
113 2 0.971069
114 2 0.550725
115 2 0.728715
116 2 0.666161
117 2 0.633833
118 2 0.443694
119 2 0.572534
120 2 0.598384
121 2 0.745867
122 2 0.448718
123 2 0.658551
124 2 0.565449
125 2 0.685609
126 2 0.678974
127 2 0.826905
128 2 0.655317
129 2 0.702088
130 2 0.591514
131 2 0.467636
132 2 0.572284
133 2 0.735827
134 2 0.624036
135 2 0.728857
136 2 0.660693
137 2 0.557182
138 2 0.699328
139 2 0.750691
140 2 0.604090
141 2 0.639283
142 2 0.764838
143 2 0.518017
144 2 0.608835
145 2 0.609032
146 2 0.705628
147 2 0.695841
148 2 0.761779
149 2 0.686347
150 2 0.389568
151 2 0.645846
152 2 0.726639
153 2 0.595059
154 2 0.621975
155 2 0.095525
156 2 0.710560
157 2 0.630176
158 2 0.756395
159 2 0.584869
160 2 0.634466
161 2 0.599439
162 2 0.549965
163 2 0.745135
164 2 0.534857
165 2 0.543969
166 2 0.119756
167 2 0.448826
168 2 0.688980
169 2 0.645521
170 2 0.505142
171 2 0.686724
172 2 0.650173
173 2 0.559434
174 2 0.705306
175 2 0.624439
176 2 0.639093
177 2 0.202709
178 2 0.669058
179 2 0.549868
180 2 0.651736
181 2 0.701167
182 2 0.582713
183 2 0.636676
184 2 0.669049
185 2 0.136434
186 2 0.692635
187 2 0.611460
188 2 0.610173
189 2 0.591335
190 2 0.689117
191 2 0.520724
192 2 0.545366
193 2 0.594653
194 2 0.941964
195 2 0.615450
196 2 0.657842
197 2 0.607478
198 2 0.401510
199 2 0.736870
200 3 0.550003
201 3 0.659238
202 3 0.507232
203 3 0.638913
204 3 0.065109
205 3 0.633080
206 3 0.593303
207 3 0.475830
208 3 0.929101
209 3 0.551674
210 3 0.564006
211 3 0.490352
212 3 0.544741
213 3 0.651549
214 3 0.574072
215 3 0.523904
216 3 0.707680
217 3 0.578577
218 3 0.913193
219 3 0.037916
220 3 0.633261
221 3 0.577735
222 3 0.691514
223 3 0.674433
224 3 0.709067
225 3 0.500676
226 3 0.505517
227 3 0.488014
228 3 0.548483
229 3 0.319058
230 3 0.615548
231 3 0.164258
232 3 0.560487
233 3 0.644631
234 3 0.531407
235 3 0.483316
236 3 0.617254
237 3 0.646097
238 3 0.653148
239 3 0.556051
240 3 0.666703
241 3 0.455257
242 3 0.516330
243 3 0.595824
244 3 0.602311
245 3 0.567711
246 3 0.596218
247 3 0.599283
248 3 0.501299
249 3 0.523281
250 3 0.627197
251 3 0.641661
252 3 0.665057
253 3 0.535692
254 3 0.556392
255 3 0.539495
256 3 0.616012
257 3 0.508198
258 3 0.548137
259 3 0.593569
260 3 0.537462
261 3 0.596453
262 3 0.601733
263 3 0.609551
264 3 0.545782
265 3 0.643555
266 3 0.507179
267 3 0.485679
268 3 0.622035
269 3 0.671864
270 3 0.486346
271 3 0.462921
272 3 0.429345
273 3 0.654365
274 3 0.500318
275 3 0.539468
276 3 0.178604
277 3 0.234016
278 3 0.611331
279 3 0.651952
280 3 0.677356
281 3 0.495810
282 3 0.553345
283 3 0.519675
284 3 0.751196
285 3 0.626919
286 3 0.541200
287 3 0.661722
288 3 0.520923
289 3 0.538129
290 3 0.614679
291 3 0.677569
292 3 0.572712
293 3 0.612535
294 3 0.581463
295 3 0.345034
296 3 0.449675
297 3 0.581124
298 3 0.642058
299 3 0.644982
300 4 0.621376
301 4 0.604911
302 4 0.538551
303 4 0.522557
304 4 0.540791
305 4 0.660239
306 4 0.524899
307 4 0.523114
308 4 0.680118
309 4 0.547329
310 4 0.494524
311 4 0.547925
312 4 0.520220
313 4 0.645831
314 4 0.597674
315 4 0.495805
316 4 0.389778
317 4 0.499824
318 4 0.622624
319 4 0.686246
320 4 0.579747
321 4 0.435433
322 4 0.532961
323 4 0.650022
324 4 0.555787
325 4 0.590144
326 4 0.573010
327 4 0.549437
328 4 0.148151
329 4 0.460871
330 4 0.490920
331 4 0.531465
332 4 0.629694
333 4 0.474808
334 4 0.546129
335 4 0.566271
336 4 0.436292
337 4 0.580172
338 4 0.530087
339 4 0.589964
340 4 0.432539
341 4 0.561530
342 4 0.559140
343 4 0.091360
344 4 0.673085
345 4 0.591484
346 4 0.556697
347 4 0.612027
348 4 0.562092
349 4 0.567913
350 4 0.573378
351 4 0.387872
352 4 0.608982
353 4 0.541108
354 4 0.121849
355 4 0.538538
356 4 0.479304
357 4 0.606592
358 4 0.472319
359 4 0.156408
360 4 0.092596
361 4 0.568038
362 4 0.617383
363 4 0.455051
364 4 0.599865
365 4 0.542461
366 4 0.549401
367 4 0.479115
368 4 0.595161
369 4 0.503937
370 4 0.335174
371 4 0.391989
372 4 0.593891
373 4 0.588268
374 4 0.508049
375 4 0.448151
376 4 0.505302
377 4 0.492636
378 4 0.522491
379 4 0.600932
380 4 0.550348
381 4 0.446126
382 4 0.618052
383 4 0.849072
384 4 0.574444
385 4 0.518285
386 4 0.594256
387 4 0.613496
388 4 0.540881
389 4 0.496523
390 4 0.541360
391 4 0.494591
392 4 0.534126
393 4 0.603019
394 4 0.620167
395 4 0.815731
396 4 0.505696
397 4 0.598797
398 4 0.689007
399 4 0.441496
400 5 0.504471
401 5 0.605088
402 5 0.442284
403 5 0.474406
404 5 0.561542
405 5 0.425175
406 5 0.516393
407 5 0.732079
408 5 0.529036
409 5 0.585338
410 5 0.610905
411 5 0.823362
412 5 0.450666
413 5 0.077229
414 5 0.481089
415 5 0.545103
416 5 0.145158
417 5 0.504768
418 5 0.425732
419 5 0.462471
420 5 0.542247
421 5 0.282827
422 5 0.584146
423 5 0.448909
424 5 0.547549
425 5 0.585302
426 5 0.446848
427 5 0.531055
428 5 0.480199
429 5 0.360785
430 5 0.532667
431 5 0.518473
432 5 0.536383
433 5 0.446992
434 5 0.454616
435 5 0.542457
436 5 0.458154
437 5 0.544679
438 5 0.033576
439 5 0.506947
440 5 0.614975
441 5 0.528444
442 5 0.452910
443 5 0.426418
444 5 0.499281
445 5 0.502007
446 5 0.605041
447 5 0.500372
448 5 0.407613
449 5 0.539636
450 5 0.486121
451 5 0.462362
452 5 0.532867
453 5 0.037169
454 5 0.576249
455 5 0.544157
456 5 0.495710
457 5 0.456865
458 5 0.613178
459 5 0.493228
460 5 0.611509
461 5 0.476300
462 5 0.538831
463 5 0.450381
464 5 0.621323
465 5 0.577625
466 5 0.394838
467 5 0.404349
468 5 0.556463
469 5 0.509935
470 5 0.494960
471 5 0.489177
472 5 0.395314
473 5 0.510779
474 5 0.502235
475 5 0.599640
476 5 0.535398
477 5 0.429023
478 5 0.452473
479 5 0.422358
480 5 0.491637
481 5 0.778801
482 5 0.446233
483 5 0.547467
484 5 0.316105
485 5 0.463669
486 5 0.509136
487 5 0.563992
488 5 0.510324
489 5 0.499959
490 5 0.456567
491 5 0.450636
492 5 0.551565
493 5 0.507295
494 5 0.529007
495 5 0.523940
496 5 0.528661
497 5 0.482899
498 5 0.431834
499 5 0.485221
500 6 0.434613
501 6 0.143351
502 6 0.469818
503 6 0.457136
504 6 0.487784
505 6 0.489746
506 6 0.069059
507 6 0.519357
508 6 0.521981
509 6 0.464703
510 6 0.460175
511 6 0.516991
512 6 0.429506
513 6 0.467080
514 6 0.536428
515 6 0.504542
516 6 0.536655
517 6 0.415672
518 6 0.435400
519 6 0.477091
520 6 0.416865
521 6 0.506397
522 6 0.436147
523 6 0.446877
524 6 0.493912
525 6 0.448205
526 6 0.571076
527 6 0.567584
528 6 0.390769
529 6 0.580785
530 6 0.460650
531 6 0.494513
532 6 0.460570
533 6 0.464446
534 6 0.441760
535 6 0.388986
536 6 0.527269
537 6 0.415616
538 6 0.457687
539 6 0.526594
540 6 0.425885
541 6 0.443125
542 6 0.492577
543 6 0.421251
544 6 0.441034
545 6 0.482571
546 6 0.408354
547 6 0.442798
548 6 0.382100
549 6 0.531342
550 6 0.460837
551 6 0.312533
552 6 0.437246
553 6 0.307373
554 6 0.433223
555 6 0.406912
556 6 0.492768
557 6 0.491844
558 6 0.461319
559 6 0.065334
560 6 0.432279
561 6 0.365267
562 6 0.396648
563 6 0.490153
564 6 0.164535
565 6 0.416714
566 6 0.448345
567 6 0.524203
568 6 0.378323
569 6 0.456004
570 6 0.118641
571 6 0.488484
572 6 0.433391
573 6 0.370752
574 6 0.477144
575 6 0.467033
576 6 0.354229
577 6 0.453512
578 6 0.389355
579 6 0.381609
580 6 0.430110
581 6 0.640493
582 6 0.434731
583 6 0.401371
584 6 0.525381
585 6 0.365599
586 6 0.433346
587 6 0.514729
588 6 0.322131
589 6 0.544483
590 6 0.701690
591 6 0.436967
592 6 0.420957
593 6 0.421475
594 6 0.471090
595 6 0.465963
596 6 0.430733
597 6 0.462677
598 6 0.507970
599 6 0.570024
600 7 0.376143
601 7 0.501137
602 7 0.375511
603 7 0.492892
604 7 0.033444
605 7 0.407551
606 7 0.415155
607 7 0.454091
608 7 0.409672
609 7 0.435190
610 7 0.434755
611 7 0.492768
612 7 0.367714
613 7 0.413689
614 7 0.398422
615 7 0.395005
616 7 0.419657
617 7 0.318353
618 7 0.377934
619 7 0.423611
620 7 0.184644
621 7 0.370927
622 7 0.414048
623 7 0.413749
624 7 0.456247
625 7 0.435402
626 7 0.466411
627 7 0.410123
628 7 0.347413
629 7 0.514562
630 7 0.439974
631 7 0.355121
632 7 0.378636
633 7 0.460422
634 7 0.391691
635 7 0.339472
636 7 0.102606
637 7 0.370499
638 7 0.448055
639 7 0.439496
640 7 0.433892
641 7 0.360182
642 7 0.463179
643 7 0.383130
644 7 0.448055
645 7 0.305672
646 7 0.373779
647 7 0.495498
648 7 0.419800
649 7 0.117737
650 7 0.356500
651 7 0.577463
652 7 0.460174
653 7 0.534760
654 7 0.364867
655 7 0.432302
656 7 0.404080
657 7 0.416768
658 7 0.422364
659 7 0.354196
660 7 0.377599
661 7 0.360655
662 7 0.330492
663 7 0.357703
664 7 0.447299
665 7 0.475173
666 7 0.424694
667 7 0.344328
668 7 0.443838
669 7 0.374339
670 7 0.394560
671 7 0.411727
672 7 0.639101
673 7 0.667890
674 7 0.466611
675 7 0.454566
676 7 0.417902
677 7 0.362640
678 7 0.368850
679 7 0.395668
680 7 0.368403
681 7 0.393084
682 7 0.403644
683 7 0.391222
684 7 0.420389
685 7 0.385169
686 7 0.442778
687 7 0.360564
688 7 0.294589
689 7 0.290639
690 7 0.423925
691 7 0.380520
692 7 0.318306
693 7 0.036960
694 7 0.311509
695 7 0.375282
696 7 0.372331
697 7 0.328955
698 7 0.323908
699 7 0.382247
700 8 0.475384
701 8 0.297031
702 8 0.348660
703 8 0.449795
704 8 0.353732
705 8 0.367930
706 8 0.269829
707 8 0.465821
708 8 0.307560
709 8 0.320258
710 8 0.401435
711 8 0.371460
712 8 0.274212
713 8 0.320105
714 8 0.423881
715 8 0.484739
716 8 0.638662
717 8 0.419393
718 8 0.526363
719 8 0.389501
720 8 0.388202
721 8 0.485832
722 8 0.338809
723 8 0.290275
724 8 0.360420
725 8 0.317596
726 8 0.358631
727 8 0.321552
728 8 0.340808
729 8 0.356342
730 8 0.293828
731 8 0.307902
732 8 0.379741
733 8 0.312179
734 8 0.414686
735 8 0.306491
736 8 0.359097
737 8 0.326090
738 8 0.326213
739 8 0.360758
740 8 0.361739
741 8 0.435814
742 8 0.349438
743 8 0.374652
744 8 0.370534
745 8 0.370502
746 8 0.036978
747 8 0.380559
748 8 0.358230
749 8 0.361928
750 8 0.332993
751 8 0.344976
752 8 0.334589
753 8 0.281466
754 8 0.401014
755 8 0.303711
756 8 0.328433
757 8 0.305540
758 8 0.334895
759 8 0.391067
760 8 0.304722
761 8 0.377812
762 8 0.357923
763 8 0.338014
764 8 0.343081
765 8 0.314629
766 8 0.332190
767 8 0.337079
768 8 0.354687
769 8 0.141260
770 8 0.370477
771 8 0.291931
772 8 0.321177
773 8 0.377537
774 8 0.358077
775 8 0.289555
776 8 0.364528
777 8 0.317358
778 8 0.286469
779 8 0.308993
780 8 0.395350
781 8 0.291168
782 8 0.254246
783 8 0.155602
784 8 0.257040
785 8 0.329333
786 8 0.385091
787 8 0.285784
788 8 0.274433
789 8 0.033512
790 8 0.322921
791 8 0.300010
792 8 0.395740
793 8 0.578411
794 8 0.396889
795 8 0.382884
796 8 0.259551
797 8 0.326552
798 8 0.373924
799 8 0.273242
800 9 0.323178
801 9 0.335737
802 9 0.335193
803 9 0.312647
804 9 0.342178
805 9 0.349441
806 9 0.357328
807 9 0.309755
808 9 0.294570
809 9 0.360461
810 9 0.307839
811 9 0.354005
812 9 0.400818
813 9 0.276591
814 9 0.318440
815 9 0.307454
816 9 0.313115
817 9 0.271171
818 9 0.630847
819 9 0.315064
820 9 0.335118
821 9 0.324273
822 9 0.289772
823 9 0.343489
824 9 0.368578
825 9 0.219428
826 9 0.305404
827 9 0.254290
828 9 0.343802
829 9 0.284468
830 9 0.033547
831 9 0.368094
832 9 0.320703
833 9 0.303943
834 9 0.314524
835 9 0.074940
836 9 0.314279
837 9 0.272535
838 9 0.300697
839 9 0.287317
840 9 0.255228
841 9 0.310008
842 9 0.296019
843 9 0.290643
844 9 0.332114
845 9 0.232318
846 9 0.297650
847 9 0.340032
848 9 0.267292
849 9 0.273345
850 9 0.273961
851 9 0.271836
852 9 0.362410
853 9 0.313005
854 9 0.333014
855 9 0.292168
856 9 0.229741
857 9 0.270721
858 9 0.234682
859 9 0.329088
860 9 0.309365
861 9 0.296344
862 9 0.282063
863 9 0.265813
864 9 0.037012
865 9 0.379805
866 9 0.254983
867 9 0.294557
868 9 0.268811
869 9 0.241077
870 9 0.263862
871 9 0.253206
872 9 0.264718
873 9 0.276820
874 9 0.337924
875 9 0.337016
876 9 0.281186
877 9 0.261887
878 9 0.320790
879 9 0.223447
880 9 0.338370
881 9 0.244799
882 9 0.255563
883 9 0.290185
884 9 0.267636
885 9 0.281110
886 9 0.116019
887 9 0.314642
888 9 0.247002
889 9 0.280033
890 9 0.237893
891 9 0.575854
892 9 0.255926
893 9 0.322138
894 9 0.309747
895 9 0.383208
896 9 0.265824
897 9 0.255714
898 9 0.264753
899 9 0.321055
900 10 0.283290
901 10 0.255441
902 10 0.248288
903 10 0.260840
904 10 0.290421
905 10 0.285352
906 10 0.228148
907 10 0.242391
908 10 0.250307
909 10 0.271325
910 10 0.203618
911 10 0.358272
912 10 0.386612
913 10 0.241552
914 10 0.216151
915 10 0.323244
916 10 0.203479
917 10 0.258409
918 10 0.276825
919 10 0.291824
920 10 0.284836
921 10 0.290093
922 10 0.243218
923 10 0.214021
924 10 0.333474
925 10 0.226687
926 10 0.291456
927 10 0.263626
928 10 0.267033
929 10 0.213919
930 10 0.264852
931 10 0.278546
932 10 0.348261
933 10 0.262322
934 10 0.257349
935 10 0.257821
936 10 0.275910
937 10 0.246754
938 10 0.221080
939 10 0.264470
940 10 0.259068
941 10 0.267989
942 10 0.290471
943 10 0.033653
944 10 0.308292
945 10 0.297197
946 10 0.306283
947 10 0.280371
948 10 0.152653
949 10 0.190369
950 10 0.256219
951 10 0.329774
952 10 0.213243
953 10 0.182731
954 10 0.272960
955 10 0.446531
956 10 0.285512
957 10 0.159160
958 10 0.203854
959 10 0.338591
960 10 0.240558
961 10 0.232150
962 10 0.299531
963 10 0.187287
964 10 0.284850
965 10 0.231776
966 10 0.240837
967 10 0.216973
968 10 0.243382
969 10 0.256492
970 10 0.037087
971 10 0.227603
972 10 0.202717
973 10 0.171052
974 10 0.250272
975 10 0.248068
976 10 0.210668
977 10 0.253707
978 10 0.210722
979 10 0.308466
980 10 0.270767
981 10 0.198056
982 10 0.277516
983 10 0.210904
984 10 0.322429
985 10 0.218980
986 10 0.258506
987 10 0.244899
988 10 0.313025
989 10 0.274059
990 10 0.311351
991 10 0.265127
992 10 0.231198
993 10 0.210895
994 10 0.367915
995 10 0.266457
996 10 0.169240
997 10 0.281439
998 10 0.419776
999 10 0.218601
1000 11 0.390478
1001 11 0.287393
1002 11 0.261856
1003 11 0.275129
1004 11 0.204498
1005 11 0.214442
1006 11 0.146516
1007 11 0.273515
1008 11 0.202178
1009 11 0.297306
1010 11 0.227522
1011 11 0.219751
1012 11 0.186701
1013 11 0.472547
1014 11 0.210216
1015 11 0.262412
1016 11 0.214704
1017 11 0.171916
1018 11 0.332008
1019 11 0.165804
1020 11 0.199969
1021 11 0.250154
1022 11 0.240925
1023 11 0.173344
1024 11 0.247985
1025 11 0.232712
1026 11 0.185724
1027 11 0.224466
1028 11 0.245290
1029 11 0.229054
1030 11 0.260775
1031 11 0.228536
1032 11 0.213798
1033 11 0.294269
1034 11 0.290446
1035 11 0.194836
1036 11 0.179563
1037 11 0.033703
1038 11 0.204561
1039 11 0.183556
1040 11 0.228293
1041 11 0.213685
1042 11 0.280711
1043 11 0.166831
1044 11 0.244698
1045 11 0.161889
1046 11 0.266783
1047 11 0.165407
1048 11 0.251268
1049 11 0.201865
1050 11 0.037111
1051 11 0.224075
1052 11 0.232326
1053 11 0.179934
1054 11 0.327676
1055 11 0.199053
1056 11 0.319057
1057 11 0.199811
1058 11 0.266153
1059 11 0.255511
1060 11 0.220641
1061 11 0.227505
1062 11 0.300374
1063 11 0.247326
1064 11 0.200246
1065 11 0.265464
1066 11 0.302396
1067 11 0.223050
1068 11 0.276185
1069 11 0.136444
1070 11 0.132981
1071 11 0.257684
1072 11 0.274575
1073 11 0.167423
1074 11 0.232114
1075 11 0.161020
1076 11 0.258052
1077 11 0.277505
1078 11 0.286551
1079 11 0.233463
1080 11 0.285751
1081 11 0.213293
1082 11 0.193563
1083 11 0.273583
1084 11 0.253172
1085 11 0.286143
1086 11 0.269948
1087 11 0.175937
1088 11 0.153524
1089 11 0.231925
1090 11 0.218448
1091 11 0.189726
1092 11 0.218892
1093 11 0.222153
1094 11 0.197134
1095 11 0.226763
1096 11 0.203266
1097 11 0.250220
1098 11 0.149744
1099 11 0.265767
1100 12 0.181467
1101 12 0.243334
1102 12 0.259377
1103 12 0.192840
1104 12 0.144959
1105 12 0.209094
1106 12 0.227267
1107 12 0.205223
1108 12 0.221402
1109 12 0.269539
1110 12 0.272204
1111 12 0.207824
1112 12 0.202804
1113 12 0.153843
1114 12 0.237171
1115 12 0.333975
1116 12 0.131055
1117 12 0.257511
1118 12 0.208369
1119 12 0.200349
1120 12 0.218308
1121 12 0.156856
1122 12 0.211726
1123 12 0.202094
1124 12 0.283154
1125 12 0.209536
1126 12 0.221201
1127 12 0.148089
1128 12 0.256723
1129 12 0.113530
1130 12 0.184296
1131 12 0.184732
1132 12 0.187699
1133 12 0.271644
1134 12 0.204953
1135 12 0.191471
1136 12 0.220646
1137 12 0.276213
1138 12 0.247553
1139 12 0.191056
1140 12 0.232556
1141 12 0.165141
1142 12 0.241462
1143 12 0.178832
1144 12 0.171802
1145 12 0.224480
1146 12 0.217247
1147 12 0.201467
1148 12 0.174882
1149 12 0.220535
1150 12 0.254533
1151 12 0.323272
1152 12 0.033780
1153 12 0.125799
1154 12 0.190165
1155 12 0.230768
1156 12 0.196167
1157 12 0.152985
1158 12 0.037165
1159 12 0.214838
1160 12 0.180222
1161 12 0.225974
1162 12 0.239105
1163 12 0.213998
1164 12 0.295146
1165 12 0.186108
1166 12 0.166089
1167 12 0.387796
1168 12 0.153240
1169 12 0.180491
1170 12 0.162944
1171 12 0.180790
1172 12 0.216844
1173 12 0.130370
1174 12 0.184302
1175 12 0.156943
1176 12 0.155427
1177 12 0.171746
1178 12 0.210989
1179 12 0.274817
1180 12 0.162398
1181 12 0.238345
1182 12 0.262103
1183 12 0.160156
1184 12 0.375292
1185 12 0.237418
1186 12 0.171075
1187 12 0.198183
1188 12 0.268037
1189 12 0.186200
1190 12 0.285665
1191 12 0.204414
1192 12 0.199592
1193 12 0.197052
1194 12 0.184539
1195 12 0.233654
1196 12 0.119858
1197 12 0.190546
1198 12 0.177528
1199 12 0.220004
1200 13 0.264153
1201 13 0.142073
1202 13 0.225376
1203 13 0.138978
1204 13 0.216111
1205 13 0.227407
1206 13 0.258274
1207 13 0.166275
1208 13 0.221937
1209 13 0.226228
1210 13 0.180782
1211 13 0.168715
1212 13 0.270468
1213 13 0.173775
1214 13 0.167428
1215 13 0.192594
1216 13 0.177764
1217 13 0.187339
1218 13 0.218424
1219 13 0.126566
1220 13 0.166361
1221 13 0.210873
1222 13 0.154641
1223 13 0.285413
1224 13 0.218282
1225 13 0.037189
1226 13 0.185179
1227 13 0.175693
1228 13 0.221367
1229 13 0.137903
1230 13 0.198655
1231 13 0.099975
1232 13 0.185916
1233 13 0.214802
1234 13 0.182057
1235 13 0.240747
1236 13 0.165908
1237 13 0.165289
1238 13 0.227843
1239 13 0.205737
1240 13 0.120993
1241 13 0.140580
1242 13 0.175052
1243 13 0.216955
1244 13 0.160194
1245 13 0.114934
1246 13 0.163327
1247 13 0.228042
1248 13 0.172191
1249 13 0.257190
1250 13 0.212395
1251 13 0.229338
1252 13 0.194778
1253 13 0.181152
1254 13 0.155464
1255 13 0.199815
1256 13 0.159129
1257 13 0.184790
1258 13 0.167974
1259 13 0.263978
1260 13 0.214197
1261 13 0.180246
1262 13 0.179976
1263 13 0.212380
1264 13 0.224201
1265 13 0.258920
1266 13 0.129680
1267 13 0.202445
1268 13 0.212013
1269 13 0.176057
1270 13 0.163015
1271 13 0.181573
1272 13 0.166740
1273 13 0.192598
1274 13 0.193145
1275 13 0.215798
1276 13 0.185993
1277 13 0.235579
1278 13 0.193544
1279 13 0.157075
1280 13 0.173617
1281 13 0.173936
1282 13 0.160868
1283 13 0.195736
1284 13 0.160435
1285 13 0.238325
1286 13 0.121868
1287 13 0.136511
1288 13 0.225566
1289 13 0.216183
1290 13 0.214341
1291 13 0.145167
1292 13 0.125887
1293 13 0.160985
1294 13 0.339525
1295 13 0.434803
1296 13 0.223646
1297 13 0.128013
1298 13 0.033850
1299 13 0.337069
1300 14 0.151225
1301 14 0.357293
1302 14 0.191165
1303 14 0.262112
1304 14 0.231757
1305 14 0.176871
1306 14 0.137503
1307 14 0.177326
1308 14 0.189482
1309 14 0.237159
1310 14 0.200851
1311 14 0.149048
1312 14 0.129862
1313 14 0.153532
1314 14 0.161310
1315 14 0.172179
1316 14 0.181427
1317 14 0.176593
1318 14 0.247809
1319 14 0.074298
1320 14 0.220801
1321 14 0.204307
1322 14 0.126302
1323 14 0.161931
1324 14 0.037209
1325 14 0.155041
1326 14 0.194713
1327 14 0.128767
1328 14 0.218299
1329 14 0.212239
1330 14 0.246289
1331 14 0.143563
1332 14 0.160151
1333 14 0.163453
1334 14 0.127452
1335 14 0.174685
1336 14 0.216082
1337 14 0.148090
1338 14 0.203924
1339 14 0.155972
1340 14 0.149979
1341 14 0.227198
1342 14 0.142063
1343 14 0.390262
1344 14 0.170775
1345 14 0.153738
1346 14 0.258042
1347 14 0.091436
1348 14 0.150587
1349 14 0.127452
1350 14 0.213257
1351 14 0.251452
1352 14 0.182304
1353 14 0.097463
1354 14 0.206335
1355 14 0.224193
1356 14 0.299437
1357 14 0.139790
1358 14 0.180591
1359 14 0.175321
1360 14 0.178389
1361 14 0.197508
1362 14 0.170608
1363 14 0.184454
1364 14 0.140567
1365 14 0.153583
1366 14 0.174642
1367 14 0.161698
1368 14 0.189479
1369 14 0.112849
1370 14 0.155168
1371 14 0.135002
1372 14 0.202193
1373 14 0.140026
1374 14 0.144217
1375 14 0.102824
1376 14 0.175689
1377 14 0.151594
1378 14 0.121018
1379 14 0.221143
1380 14 0.197821
1381 14 0.172226
1382 14 0.161720
1383 14 0.154712
1384 14 0.187630
1385 14 0.185182
1386 14 0.254132
1387 14 0.138432
1388 14 0.171958
1389 14 0.230627
1390 14 0.109891
1391 14 0.200741
1392 14 0.033876
1393 14 0.143911
1394 14 0.200538
1395 14 0.196685
1396 14 0.219396
1397 14 0.226060
1398 14 0.139269
1399 14 0.219686
1400 15 0.160039
1401 15 0.208351
1402 15 0.142270
1403 15 0.182935
1404 15 0.211796
1405 15 0.164265
1406 15 0.219443
1407 15 0.199555
1408 15 0.264841
1409 15 0.142191
1410 15 0.166850
1411 15 0.155369
1412 15 0.157961
1413 15 0.156008
1414 15 0.144407
1415 15 0.129587
1416 15 0.146819
1417 15 0.194732
1418 15 0.074215
1419 15 0.215782
1420 15 0.153843
1421 15 0.138050
1422 15 0.160197
1423 15 0.199744
1424 15 0.205053
1425 15 0.214850
1426 15 0.151741
1427 15 0.194343
1428 15 0.228905
1429 15 0.134195
1430 15 0.209644
1431 15 0.202246
1432 15 0.103496
1433 15 0.057113
1434 15 0.124154
1435 15 0.240726
1436 15 0.246716
1437 15 0.138460
1438 15 0.189337
1439 15 0.113695
1440 15 0.211892
1441 15 0.116629
1442 15 0.170190
1443 15 0.185527
1444 15 0.156657
1445 15 0.177904
1446 15 0.217866
1447 15 0.196450
1448 15 0.154065
1449 15 0.164375
1450 15 0.200239
1451 15 0.135848
1452 15 0.199391
1453 15 0.178219
1454 15 0.110217
1455 15 0.190376
1456 15 0.100844
1457 15 0.212988
1458 15 0.216857
1459 15 0.216914
1460 15 0.152570
1461 15 0.173927
1462 15 0.152901
1463 15 0.093811
1464 15 0.125855
1465 15 0.128528
1466 15 0.170827
1467 15 0.335366
1468 15 0.186678
1469 15 0.176480
1470 15 0.179601
1471 15 0.303948
1472 15 0.167211
1473 15 0.170522
1474 15 0.140893
1475 15 0.156494
1476 15 0.215258
1477 15 0.138737
1478 15 0.126564
1479 15 0.217446
1480 15 0.204633
1481 15 0.219314
1482 15 0.158582
1483 15 0.124872
1484 15 0.084489
1485 15 0.162886
1486 15 0.171001
1487 15 0.228343
1488 15 0.257877
1489 15 0.131115
1490 15 0.146168
1491 15 0.174494
1492 15 0.150273
1493 15 0.174362
1494 15 0.156480
1495 15 0.140562
1496 15 0.187892
1497 15 0.159345
1498 15 0.232926
1499 15 0.125667
1500 16 0.215635
1501 16 0.096835
1502 16 0.218035
1503 16 0.163773
1504 16 0.128977
1505 16 0.092166
1506 16 0.033886
1507 16 0.125899
1508 16 0.210212
1509 16 0.141521
1510 16 0.228058
1511 16 0.114577
1512 16 0.151365
1513 16 0.205607
1514 16 0.170473
1515 16 0.171605
1516 16 0.157787
1517 16 0.231966
1518 16 0.214261
1519 16 0.135846
1520 16 0.158869
1521 16 0.215948
1522 16 0.221473
1523 16 0.214413
1524 16 0.121719
1525 16 0.185181
1526 16 0.179984
1527 16 0.121266
1528 16 0.128429
1529 16 0.160490
1530 16 0.205204
1531 16 0.127770
1532 16 0.230672
1533 16 0.168809
1534 16 0.131394
1535 16 0.139756
1536 16 0.198386
1537 16 0.323017
1538 16 0.222963
1539 16 0.175864
1540 16 0.185321
1541 16 0.191699
1542 16 0.196384
1543 16 0.161208
1544 16 0.164645
1545 16 0.097840
1546 16 0.129011
1547 16 0.168757
1548 16 0.180958
1549 16 0.186620
1550 16 0.185628
1551 16 0.192514
1552 16 0.100612
1553 16 0.144766
1554 16 0.338930
1555 16 0.182469
1556 16 0.171992
1557 16 0.175254
1558 16 0.096971
1559 16 0.184858
1560 16 0.132838
1561 16 0.167449
1562 16 0.145133
1563 16 0.173401
1564 16 0.141447
1565 16 0.133893
1566 16 0.182384
1567 16 0.148075
1568 16 0.121171
1569 16 0.183604
1570 16 0.152497
1571 16 0.170503
1572 16 0.084044
1573 16 0.157008
1574 16 0.110049
1575 16 0.191623
1576 16 0.176077
1577 16 0.180256
1578 16 0.173946
1579 16 0.171198
1580 16 0.142301
1581 16 0.146615
1582 16 0.154761
1583 16 0.193712
1584 16 0.124071
1585 16 0.172347
1586 16 0.129287
1587 16 0.138871
1588 16 0.203578
1589 16 0.124204
1590 16 0.157028
1591 16 0.037247
1592 16 0.122341
1593 16 0.173525
1594 16 0.163039
1595 16 0.191432
1596 16 0.173141
1597 16 0.149401
1598 16 0.197269
1599 16 0.234757
1600 17 0.186858
1601 17 0.168377
1602 17 0.207766
1603 17 0.192600
1604 17 0.094589
1605 17 0.184159
1606 17 0.240716
1607 17 0.209048
1608 17 0.256155
1609 17 0.133712
1610 17 0.130955
1611 17 0.167038
1612 17 0.147535
1613 17 0.182820
1614 17 0.295658
1615 17 0.074042
1616 17 0.156190
1617 17 0.180028
1618 17 0.166671
1619 17 0.121068
1620 17 0.155126
1621 17 0.112553
1622 17 0.139843
1623 17 0.152023
1624 17 0.143735
1625 17 0.137998
1626 17 0.173589
1627 17 0.156598
1628 17 0.185479
1629 17 0.095106
1630 17 0.089921
1631 17 0.189129
1632 17 0.253123
1633 17 0.166232
1634 17 0.090320
1635 17 0.214689
1636 17 0.143400
1637 17 0.105878
1638 17 0.142856
1639 17 0.135358
1640 17 0.142476
1641 17 0.213449
1642 17 0.148178
1643 17 0.109576
1644 17 0.193615
1645 17 0.142109
1646 17 0.181597
1647 17 0.161010
1648 17 0.179133
1649 17 0.078325
1650 17 0.131099
1651 17 0.143223
1652 17 0.127118
1653 17 0.221564
1654 17 0.168576
1655 17 0.163017
1656 17 0.033910
1657 17 0.130446
1658 17 0.152268
1659 17 0.222704
1660 17 0.291520
1661 17 0.133818
1662 17 0.168888
1663 17 0.133428
1664 17 0.153245
1665 17 0.037245
1666 17 0.207129
1667 17 0.133457
1668 17 0.133610
1669 17 0.156732
1670 17 0.232040
1671 17 0.142872
1672 17 0.128876
1673 17 0.122368
1674 17 0.183789
1675 17 0.182357
1676 17 0.134705
1677 17 0.186109
1678 17 0.178720
1679 17 0.140175
1680 17 0.190960
1681 17 0.188884
1682 17 0.125142
1683 17 0.127554
1684 17 0.137662
1685 17 0.163605
1686 17 0.121371
1687 17 0.105867
1688 17 0.123450
1689 17 0.163526
1690 17 0.167898
1691 17 0.139519
1692 17 0.161768
1693 17 0.141026
1694 17 0.192241
1695 17 0.084362
1696 17 0.128690
1697 17 0.142798
1698 17 0.140624
1699 17 0.184637
1700 18 0.143189
1701 18 0.172402
1702 18 0.201118
1703 18 0.160785
1704 18 0.168142
1705 18 0.329982
1706 18 0.122698
1707 18 0.174670
1708 18 0.103139
1709 18 0.147127
1710 18 0.129433
1711 18 0.184701
1712 18 0.132725
1713 18 0.073129
1714 18 0.162607
1715 18 0.149158
1716 18 0.160122
1717 18 0.226498
1718 18 0.153680
1719 18 0.141798
1720 18 0.132876
1721 18 0.165204
1722 18 0.152548
1723 18 0.233018
1724 18 0.113335
1725 18 0.137489
1726 18 0.089639
1727 18 0.140578
1728 18 0.116044
1729 18 0.104401
1730 18 0.134221
1731 18 0.216837
1732 18 0.132176
1733 18 0.153108
1734 18 0.162902
1735 18 0.201309
1736 18 0.128150
1737 18 0.146117
1738 18 0.261638
1739 18 0.114313
1740 18 0.139743
1741 18 0.074403
1742 18 0.073972
1743 18 0.101820
1744 18 0.123907
1745 18 0.212771
1746 18 0.147084
1747 18 0.137084
1748 18 0.205054
1749 18 0.204397
1750 18 0.150058
1751 18 0.143775
1752 18 0.123114
1753 18 0.173234
1754 18 0.104615
1755 18 0.165054
1756 18 0.105240
1757 18 0.148244
1758 18 0.163222
1759 18 0.164721
1760 18 0.155610
1761 18 0.238825
1762 18 0.118265
1763 18 0.111218
1764 18 0.133439
1765 18 0.172502
1766 18 0.187246
1767 18 0.167422
1768 18 0.147952
1769 18 0.219317
1770 18 0.276559
1771 18 0.164039
1772 18 0.164548
1773 18 0.033894
1774 18 0.157165
1775 18 0.156888
1776 18 0.160332
1777 18 0.110003
1778 18 0.144617
1779 18 0.171411
1780 18 0.157456
1781 18 0.135813
1782 18 0.104378
1783 18 0.150149
1784 18 0.179729
1785 18 0.242061
1786 18 0.132282
1787 18 0.096080
1788 18 0.121771
1789 18 0.199435
1790 18 0.187286
1791 18 0.210043
1792 18 0.183058
1793 18 0.128191
1794 18 0.121343
1795 18 0.123325
1796 18 0.065798
1797 18 0.150310
1798 18 0.125270
1799 18 0.118634
1800 19 0.150981
1801 19 0.198144
1802 19 0.083390
1803 19 0.113436
1804 19 0.128750
1805 19 0.192474
1806 19 0.148706
1807 19 0.103017
1808 19 0.157497
1809 19 0.206912
1810 19 0.080991
1811 19 0.119351
1812 19 0.130250
1813 19 0.177520
1814 19 0.115489
1815 19 0.160364
1816 19 0.182446
1817 19 0.168275
1818 19 0.190762
1819 19 0.130702
1820 19 0.279195
1821 19 0.210572
1822 19 0.177116
1823 19 0.110166
1824 19 0.159729
1825 19 0.208946
1826 19 0.173593
1827 19 0.199077
1828 19 0.138256
1829 19 0.191162
1830 19 0.142856
1831 19 0.110770
1832 19 0.106736
1833 19 0.163255
1834 19 0.191121
1835 19 0.105201
1836 19 0.164619
1837 19 0.169786
1838 19 0.153027
1839 19 0.244613
1840 19 0.134104
1841 19 0.168906
1842 19 0.187630
1843 19 0.217584
1844 19 0.197194
1845 19 0.154419
1846 19 0.140666
1847 19 0.081386
1848 19 0.097462
1849 19 0.138532
1850 19 0.116838
1851 19 0.055831
1852 19 0.103036
1853 19 0.138271
1854 19 0.096804
1855 19 0.151702
1856 19 0.126109
1857 19 0.138762
1858 19 0.093876
1859 19 0.213843
1860 19 0.151057
1861 19 0.175638
1862 19 0.154649
1863 19 0.178635
1864 19 0.201303
1865 19 0.168059
1866 19 0.152711
1867 19 0.140033
1868 19 0.204827
1869 19 0.139549
1870 19 0.110552
1871 19 0.329422
1872 19 0.100543
1873 19 0.131076
1874 19 0.187539
1875 19 0.151042
1876 19 0.156509
1877 19 0.101854
1878 19 0.307913
1879 19 0.142746
1880 19 0.126787
1881 19 0.097711
1882 19 0.135438
1883 19 0.140183
1884 19 0.139756
1885 19 0.169733
1886 19 0.134853
1887 19 0.092484
1888 19 0.117425
1889 19 0.118633
1890 19 0.164380
1891 19 0.125563
1892 19 0.154879
1893 19 0.162064
1894 19 0.161329
1895 19 0.114369
1896 19 0.167425
1897 19 0.122730
1898 19 0.178605
1899 19 0.188335
1900 20 0.079626
1901 20 0.131369
1902 20 0.147613
1903 20 0.118441
1904 20 0.168377
1905 20 0.171069
1906 20 0.132186
1907 20 0.145647
1908 20 0.178096
1909 20 0.114628
1910 20 0.139237
1911 20 0.107781
1912 20 0.091628
1913 20 0.098290
1914 20 0.140941
1915 20 0.170818
1916 20 0.165573
1917 20 0.127743
1918 20 0.113792
1919 20 0.114009
1920 20 0.166561
1921 20 0.174225
1922 20 0.182582
1923 20 0.158387
1924 20 0.179670
1925 20 0.130006
1926 20 0.190555
1927 20 0.159051
1928 20 0.167630
1929 20 0.105409
1930 20 0.287882
1931 20 0.213588
1932 20 0.185761
1933 20 0.137323
1934 20 0.161935
1935 20 0.147206
1936 20 0.124858
1937 20 0.033840
1938 20 0.197016
1939 20 0.142151
1940 20 0.161729
1941 20 0.139367
1942 20 0.083000
1943 20 0.108897
1944 20 0.192189
1945 20 0.210026
1946 20 0.142263
1947 20 0.132709
1948 20 0.186430
1949 20 0.117959
1950 20 0.110997
1951 20 0.142476
1952 20 0.167515
1953 20 0.081614
1954 20 0.101615
1955 20 0.157401
1956 20 0.089847
1957 20 0.151157
1958 20 0.247883
1959 20 0.145520
1960 20 0.188378
1961 20 0.093339
1962 20 0.146421
1963 20 0.037140
1964 20 0.126072
1965 20 0.141686
1966 20 0.128987
1967 20 0.158436
1968 20 0.159820
1969 20 0.203053
1970 20 0.225484
1971 20 0.094757
1972 20 0.147790
1973 20 0.124295
1974 20 0.152250
1975 20 0.154441
1976 20 0.134293
1977 20 0.159994
1978 20 0.233066
1979 20 0.116519
1980 20 0.202094
1981 20 0.125443
1982 20 0.114407
1983 20 0.264605
1984 20 0.152531
1985 20 0.177263
1986 20 0.086385
1987 20 0.199642
1988 20 0.137242
1989 20 0.156072
1990 20 0.171532
1991 20 0.122525
1992 20 0.134885
1993 20 0.228745
1994 20 0.146456
1995 20 0.145597
1996 20 0.173621
1997 20 0.138604
1998 20 0.142030
1999 20 0.120826
2000 21 0.168553
2001 21 0.162801
2002 21 0.090473
2003 21 0.162798
2004 21 0.145326
2005 21 0.123472
2006 21 0.156727
2007 21 0.140905
2008 21 0.080951
2009 21 0.162034
2010 21 0.122983
2011 21 0.113127
2012 21 0.179754
2013 21 0.205874
2014 21 0.168215
2015 21 0.165036
2016 21 0.184108
2017 21 0.183994
2018 21 0.284415
2019 21 0.158774
2020 21 0.129621
2021 21 0.167436
2022 21 0.147052
2023 21 0.124912
2024 21 0.105113
2025 21 0.116780
2026 21 0.128639
2027 21 0.133228
2028 21 0.108068
2029 21 0.257401
2030 21 0.116278
2031 21 0.119926
2032 21 0.151060
2033 21 0.129119
2034 21 0.100026
2035 21 0.135828
2036 21 0.128248
2037 21 0.073696
2038 21 0.165441
2039 21 0.067560
2040 21 0.100170
2041 21 0.113601
2042 21 0.131186
2043 21 0.123423
2044 21 0.110409
2045 21 0.135616
2046 21 0.174915
2047 21 0.128781
2048 21 0.210679
2049 21 0.135848
2050 21 0.077528
2051 21 0.135188
2052 21 0.136012
2053 21 0.143890
2054 21 0.161797
2055 21 0.119273
2056 21 0.175969
2057 21 0.155616
2058 21 0.037127
2059 21 0.168626
2060 21 0.103620
2061 21 0.243032
2062 21 0.090306
2063 21 0.156357
2064 21 0.177115
2065 21 0.160866
2066 21 0.176705
2067 21 0.153939
2068 21 0.128524
2069 21 0.158842
2070 21 0.133321
2071 21 0.164894
2072 21 0.115572
2073 21 0.121356
2074 21 0.185910
2075 21 0.143111
2076 21 0.144228
2077 21 0.156020
2078 21 0.133960
2079 21 0.166994
2080 21 0.073217
2081 21 0.197020
2082 21 0.180730
2083 21 0.145295
2084 21 0.055854
2085 21 0.126362
2086 21 0.156116
2087 21 0.123646
2088 21 0.108581
2089 21 0.308661
2090 21 0.177803
2091 21 0.097523
2092 21 0.332539
2093 21 0.167912
2094 21 0.095868
2095 21 0.144578
2096 21 0.117355
2097 21 0.139640
2098 21 0.149306
2099 21 0.131561
2100 22 0.168248
2101 22 0.129486
2102 22 0.113200
2103 22 0.189014
2104 22 0.181395
2105 22 0.130571
2106 22 0.143911
2107 22 0.179967
2108 22 0.150457
2109 22 0.033774
2110 22 0.136307
2111 22 0.200410
2112 22 0.193901
2113 22 0.149395
2114 22 0.037076
2115 22 0.127546
2116 22 0.120761
2117 22 0.099916
2118 22 0.155718
2119 22 0.143422
2120 22 0.074763
2121 22 0.134816
2122 22 0.180332
2123 22 0.127021
2124 22 0.148523
2125 22 0.158323
2126 22 0.167225
2127 22 0.175919
2128 22 0.141215
2129 22 0.080457
2130 22 0.101912
2131 22 0.119592
2132 22 0.097657
2133 22 0.184246
2134 22 0.140504
2135 22 0.126951
2136 22 0.171398
2137 22 0.121180
2138 22 0.098928
2139 22 0.174335
2140 22 0.147458
2141 22 0.131746
2142 22 0.110886
2143 22 0.115313
2144 22 0.083200
2145 22 0.105787
2146 22 0.182014
2147 22 0.141183
2148 22 0.283996
2149 22 0.134873
2150 22 0.148021
2151 22 0.098205
2152 22 0.122303
2153 22 0.123848
2154 22 0.164874
2155 22 0.113708
2156 22 0.163630
2157 22 0.200053
2158 22 0.124152
2159 22 0.108268
2160 22 0.130670
2161 22 0.088208
2162 22 0.123984
2163 22 0.109367
2164 22 0.154940
2165 22 0.134855
2166 22 0.302586
2167 22 0.203532
2168 22 0.112051
2169 22 0.201507
2170 22 0.120570
2171 22 0.130960
2172 22 0.122703
2173 22 0.168096
2174 22 0.136032
2175 22 0.089443
2176 22 0.118418
2177 22 0.073525
2178 22 0.090510
2179 22 0.164060
2180 22 0.143072
2181 22 0.129617
2182 22 0.145010
2183 22 0.122412
2184 22 0.133253
2185 22 0.145928
2186 22 0.148919
2187 22 0.182776
2188 22 0.228571
2189 22 0.112939
2190 22 0.233461
2191 22 0.105248
2192 22 0.084309
2193 22 0.141618
2194 22 0.221164
2195 22 0.101999
2196 22 0.113740
2197 22 0.158977
2198 22 0.142922
2199 22 0.078974
2200 23 0.160285
2201 23 0.139970
2202 23 0.171575
2203 23 0.138649
2204 23 0.152928
2205 23 0.146381
2206 23 0.092486
2207 23 0.220287
2208 23 0.063109
2209 23 0.090531
2210 23 0.088918
2211 23 0.209629
2212 23 0.158789
2213 23 0.224087
2214 23 0.099725
2215 23 0.132958
2216 23 0.130175
2217 23 0.135528
2218 23 0.171108
2219 23 0.163773
2220 23 0.172492
2221 23 0.133709
2222 23 0.168951
2223 23 0.141525
2224 23 0.112952
2225 23 0.128497
2226 23 0.110436
2227 23 0.137417
2228 23 0.139162
2229 23 0.033730
2230 23 0.134569
2231 23 0.125751
2232 23 0.133245
2233 23 0.125132
2234 23 0.188842
2235 23 0.199620
2236 23 0.087331
2237 23 0.138418
2238 23 0.108959
2239 23 0.121664
2240 23 0.123416
2241 23 0.109360
2242 23 0.186630
2243 23 0.086661
2244 23 0.146313
2245 23 0.211893
2246 23 0.195340
2247 23 0.131548
2248 23 0.105934
2249 23 0.175137
2250 23 0.156186
2251 23 0.125115
2252 23 0.149127
2253 23 0.155183
2254 23 0.086792
2255 23 0.145291
2256 23 0.112493
2257 23 0.079330
2258 23 0.100862
2259 23 0.134798
2260 23 0.141564
2261 23 0.059036
2262 23 0.141996
2263 23 0.148882
2264 23 0.084345
2265 23 0.126869
2266 23 0.136857
2267 23 0.109254
2268 23 0.202393
2269 23 0.239552
2270 23 0.110334
2271 23 0.109914
2272 23 0.184278
2273 23 0.119546
2274 23 0.126683
2275 23 0.155853
2276 23 0.136422
2277 23 0.305643
2278 23 0.181614
2279 23 0.114191
2280 23 0.118062
2281 23 0.158492
2282 23 0.263009
2283 23 0.122957
2284 23 0.152057
2285 23 0.146735
2286 23 0.187118
2287 23 0.179631
2288 23 0.120522
2289 23 0.115913
2290 23 0.102159
2291 23 0.157020
2292 23 0.157239
2293 23 0.114876
2294 23 0.100680
2295 23 0.036999
2296 23 0.139878
2297 23 0.073380
2298 23 0.103042
2299 23 0.132043
2300 24 0.152084
2301 24 0.167637
2302 24 0.167527
2303 24 0.165680
2304 24 0.325037
2305 24 0.124063
2306 24 0.142688
2307 24 0.120070
2308 24 0.142739
2309 24 0.108817
2310 24 0.164752
2311 24 0.178219
2312 24 0.160165
2313 24 0.157171
2314 24 0.158602
2315 24 0.105816
2316 24 0.155472
2317 24 0.163408
2318 24 0.238299
2319 24 0.153682
2320 24 0.101808
2321 24 0.119452
2322 24 0.094132
2323 24 0.098979
2324 24 0.124810
2325 24 0.036965
2326 24 0.173579
2327 24 0.102796
2328 24 0.096818
2329 24 0.059009
2330 24 0.117035
2331 24 0.094557
2332 24 0.113432
2333 24 0.155062
2334 24 0.172017
2335 24 0.118390
2336 24 0.178880
2337 24 0.202128
2338 24 0.119193
2339 24 0.153980
2340 24 0.170936
2341 24 0.111657
2342 24 0.336575
2343 24 0.162797
2344 24 0.249699
2345 24 0.189758
2346 24 0.162764
2347 24 0.134961
2348 24 0.156863
2349 24 0.155002
2350 24 0.086458
2351 24 0.149324
2352 24 0.136598
2353 24 0.114704
2354 24 0.101075
2355 24 0.125127
2356 24 0.139987
2357 24 0.164629
2358 24 0.189297
2359 24 0.114616
2360 24 0.138102
2361 24 0.131380
2362 24 0.093940
2363 24 0.105542
2364 24 0.090415
2365 24 0.157128
2366 24 0.125886
2367 24 0.165783
2368 24 0.131268
2369 24 0.163171
2370 24 0.065112
2371 24 0.179537
2372 24 0.143448
2373 24 0.119944
2374 24 0.090000
2375 24 0.136999
2376 24 0.092167
2377 24 0.113989
2378 24 0.098954
2379 24 0.180350
2380 24 0.235062
2381 24 0.110381
2382 24 0.098287
2383 24 0.097537
2384 24 0.150555
2385 24 0.141251
2386 24 0.033655
2387 24 0.144517
2388 24 0.170652
2389 24 0.150347
2390 24 0.133803
2391 24 0.101781
2392 24 0.112005
2393 24 0.175612
2394 24 0.073241
2395 24 0.156628
2396 24 0.149426
2397 24 0.147193
2398 24 0.118805
2399 24 0.105243
2400 25 0.146063
2401 25 0.160618
2402 25 0.129119
2403 25 0.096645
2404 25 0.114939
2405 25 0.176741
2406 25 0.089287
2407 25 0.112953
2408 25 0.116135
2409 25 0.189628
2410 25 0.131674
2411 25 0.152559
2412 25 0.129200
2413 25 0.139647
2414 25 0.142050
2415 25 0.101613
2416 25 0.113283
2417 25 0.123800
2418 25 0.158930
2419 25 0.135320
2420 25 0.139901
2421 25 0.119243
2422 25 0.073176
2423 25 0.158544
2424 25 0.154322
2425 25 0.129344
2426 25 0.095179
2427 25 0.036883
2428 25 0.161398
2429 25 0.110086
2430 25 0.176107
2431 25 0.096854
2432 25 0.167400
2433 25 0.181558
2434 25 0.190607
2435 25 0.098344
2436 25 0.098795
2437 25 0.137637
2438 25 0.108622
2439 25 0.282051
2440 25 0.167297
2441 25 0.175685
2442 25 0.133336
2443 25 0.167150
2444 25 0.220392
2445 25 0.126434
2446 25 0.033576
2447 25 0.091580
2448 25 0.126152
2449 25 0.139740
2450 25 0.197351
2451 25 0.079795
2452 25 0.131572
2453 25 0.118385
2454 25 0.219196
2455 25 0.134798
2456 25 0.129109
2457 25 0.063348
2458 25 0.137623
2459 25 0.191666
2460 25 0.153997
2461 25 0.085641
2462 25 0.188741
2463 25 0.125957
2464 25 0.152666
2465 25 0.275983
2466 25 0.144012
2467 25 0.159119
2468 25 0.116857
2469 25 0.122349
2470 25 0.099592
2471 25 0.169742
2472 25 0.106939
2473 25 0.146997
2474 25 0.145949
2475 25 0.140561
2476 25 0.141829
2477 25 0.128273
2478 25 0.133459
2479 25 0.116923
2480 25 0.164084
2481 25 0.119769
2482 25 0.187940
2483 25 0.086085
2484 25 0.115033
2485 25 0.131703
2486 25 0.154526
2487 25 0.110155
2488 25 0.080941
2489 25 0.120474
2490 25 0.127776
2491 25 0.106731
2492 25 0.126198
2493 25 0.118973
2494 25 0.149903
2495 25 0.160663
2496 25 0.120852
2497 25 0.169720
2498 25 0.113150
2499 25 0.073268
2500 26 0.174201
2501 26 0.154932
2502 26 0.084760
2503 26 0.086747
2504 26 0.113105
2505 26 0.211044
2506 26 0.089631
2507 26 0.077091
2508 26 0.127474
2509 26 0.138648
2510 26 0.098354
2511 26 0.115074
2512 26 0.133157
2513 26 0.074321
2514 26 0.124727
2515 26 0.124393
2516 26 0.089517
2517 26 0.104877
2518 26 0.125364
2519 26 0.166692
2520 26 0.118821
2521 26 0.126456
2522 26 0.166982
2523 26 0.113232
2524 26 0.179742
2525 26 0.102076
2526 26 0.124198
2527 26 0.108365
2528 26 0.132471
2529 26 0.062172
2530 26 0.128034
2531 26 0.161675
2532 26 0.127410
2533 26 0.135873
2534 26 0.164533
2535 26 0.188474
2536 26 0.104297
2537 26 0.112288
2538 26 0.105777
2539 26 0.127316
2540 26 0.135510
2541 26 0.123891
2542 26 0.092530
2543 26 0.151779
2544 26 0.104214
2545 26 0.163622
2546 26 0.139186
2547 26 0.088502
2548 26 0.113042
2549 26 0.110100
2550 26 0.130903
2551 26 0.077846
2552 26 0.148871
2553 26 0.148778
2554 26 0.139891
2555 26 0.165860
2556 26 0.143792
2557 26 0.152930
2558 26 0.137494
2559 26 0.144028
2560 26 0.059943
2561 26 0.145711
2562 26 0.173761
2563 26 0.111912
2564 26 0.091201
2565 26 0.085151
2566 26 0.122464
2567 26 0.146608
2568 26 0.106274
2569 26 0.100184
2570 26 0.150902
2571 26 0.102819
2572 26 0.169175
2573 26 0.120243
2574 26 0.212819
2575 26 0.112367
2576 26 0.124151
2577 26 0.156934
2578 26 0.089658
2579 26 0.118887
2580 26 0.193466
2581 26 0.187104
2582 26 0.129580
2583 26 0.106133
2584 26 0.128652
2585 26 0.082916
2586 26 0.123941
2587 26 0.165725
2588 26 0.167338
2589 26 0.116764
2590 26 0.094225
2591 26 0.176528
2592 26 0.120601
2593 26 0.161698
2594 26 0.280989
2595 26 0.161780
2596 26 0.137440
2597 26 0.185513
2598 26 0.282496
2599 26 0.096251
2600 27 0.134846
2601 27 0.285524
2602 27 0.115816
2603 27 0.127068
2604 27 0.136955
2605 27 0.140113
2606 27 0.199133
2607 27 0.204838
2608 27 0.137797
2609 27 0.091158
2610 27 0.105983
2611 27 0.105522
2612 27 0.146775
2613 27 0.152155
2614 27 0.209343
2615 27 0.090004
2616 27 0.117126
2617 27 0.141462
2618 27 0.155233
2619 27 0.086329
2620 27 0.218880
2621 27 0.127138
2622 27 0.116952
2623 27 0.142311
2624 27 0.143422
2625 27 0.123911
2626 27 0.059242
2627 27 0.165176
2628 27 0.162124
2629 27 0.119086
2630 27 0.170778
2631 27 0.131301
2632 27 0.127371
2633 27 0.105756
2634 27 0.140120
2635 27 0.161890
2636 27 0.182217
2637 27 0.213029
2638 27 0.186500
2639 27 0.133923
2640 27 0.128467
2641 27 0.108464
2642 27 0.147359
2643 27 0.114957
2644 27 0.114623
2645 27 0.117003
2646 27 0.157209
2647 27 0.123757
2648 27 0.078380
2649 27 0.124222
2650 27 0.154006
2651 27 0.145650
2652 27 0.105899
2653 27 0.117942
2654 27 0.150317
2655 27 0.094197
2656 27 0.140367
2657 27 0.069115
2658 27 0.137592
2659 27 0.112361
2660 27 0.139261
2661 27 0.154780
2662 27 0.173325
2663 27 0.076647
2664 27 0.226663
2665 27 0.088759
2666 27 0.033483
2667 27 0.139947
2668 27 0.298720
2669 27 0.100941
2670 27 0.142837
2671 27 0.123941
2672 27 0.137763
2673 27 0.136811
2674 27 0.187779
2675 27 0.108190
2676 27 0.110817
2677 27 0.095864
2678 27 0.109384
2679 27 0.206427
2680 27 0.124289
2681 27 0.079954
2682 27 0.126504
2683 27 0.127290
2684 27 0.072841
2685 27 0.103135
2686 27 0.129413
2687 27 0.084664
2688 27 0.179577
2689 27 0.166879
2690 27 0.129105
2691 27 0.156582
2692 27 0.134272
2693 27 0.134307
2694 27 0.110332
2695 27 0.085573
2696 27 0.101378
2697 27 0.091087
2698 27 0.104987
2699 27 0.094596
2700 28 0.142093
2701 28 0.100332
2702 28 0.104897
2703 28 0.146995
2704 28 0.138469
2705 28 0.138316
2706 28 0.098145
2707 28 0.177972
2708 28 0.162587
2709 28 0.135201
2710 28 0.120200
2711 28 0.169076
2712 28 0.141538
2713 28 0.033431
2714 28 0.226444
2715 28 0.091817
2716 28 0.132092
2717 28 0.112043
2718 28 0.116913
2719 28 0.112008
2720 28 0.112597
2721 28 0.143877
2722 28 0.136495
2723 28 0.125896
2724 28 0.097058
2725 28 0.101413
2726 28 0.141097
2727 28 0.218943
2728 28 0.175345
2729 28 0.106911
2730 28 0.137971
2731 28 0.145554
2732 28 0.135622
2733 28 0.123301
2734 28 0.120589
2735 28 0.314780
2736 28 0.145906
2737 28 0.083056
2738 28 0.119231
2739 28 0.151010
2740 28 0.132209
2741 28 0.180259
2742 28 0.116761
2743 28 0.100462
2744 28 0.190619
2745 28 0.090704
2746 28 0.111648
2747 28 0.178018
2748 28 0.124441
2749 28 0.126747
2750 28 0.097394
2751 28 0.084534
2752 28 0.083746
2753 28 0.153039
2754 28 0.106634
2755 28 0.121123
2756 28 0.145495
2757 28 0.127278
2758 28 0.113608
2759 28 0.176812
2760 28 0.127571
2761 28 0.128851
2762 28 0.139707
2763 28 0.100540
2764 28 0.101068
2765 28 0.085210
2766 28 0.036642
2767 28 0.121006
2768 28 0.108635
2769 28 0.178336
2770 28 0.160961
2771 28 0.181384
2772 28 0.169200
2773 28 0.153420
2774 28 0.068635
2775 28 0.125605
2776 28 0.164168
2777 28 0.134267
2778 28 0.130452
2779 28 0.277451
2780 28 0.231549
2781 28 0.082652
2782 28 0.191815
2783 28 0.167666
2784 28 0.151235
2785 28 0.089153
2786 28 0.111465
2787 28 0.179587
2788 28 0.121332
2789 28 0.098372
2790 28 0.167596
2791 28 0.061007
2792 28 0.214944
2793 28 0.116216
2794 28 0.169055
2795 28 0.160219
2796 28 0.128129
2797 28 0.157196
2798 28 0.067593
2799 28 0.149190
2800 29 0.082337
2801 29 0.151232
2802 29 0.148604
2803 29 0.098942
2804 29 0.058147
2805 29 0.089177
2806 29 0.107109
2807 29 0.166633
2808 29 0.110147
2809 29 0.121774
2810 29 0.098367
2811 29 0.165833
2812 29 0.135954
2813 29 0.123664
2814 29 0.116975
2815 29 0.173451
2816 29 0.163000
2817 29 0.188315
2818 29 0.136165
2819 29 0.101966
2820 29 0.092115
2821 29 0.118597
2822 29 0.257423
2823 29 0.149283
2824 29 0.142426
2825 29 0.138954
2826 29 0.171400
2827 29 0.114206
2828 29 0.063755
2829 29 0.142027
2830 29 0.078622
2831 29 0.100968
2832 29 0.134589
2833 29 0.166708
2834 29 0.112781
2835 29 0.094509
2836 29 0.093759
2837 29 0.134035
2838 29 0.099841
2839 29 0.119304
2840 29 0.210491
2841 29 0.204180
2842 29 0.091028
2843 29 0.138977
2844 29 0.161790
2845 29 0.111407
2846 29 0.121451
2847 29 0.098656
2848 29 0.091635
2849 29 0.036618
2850 29 0.289058
2851 29 0.131491
2852 29 0.147689
2853 29 0.100134
2854 29 0.067408
2855 29 0.136606
2856 29 0.151377
2857 29 0.132312
2858 29 0.109614
2859 29 0.147867
2860 29 0.112594
2861 29 0.069830
2862 29 0.033358
2863 29 0.098671
2864 29 0.141472
2865 29 0.085244
2866 29 0.122525
2867 29 0.122738
2868 29 0.141727
2869 29 0.082052
2870 29 0.154474
2871 29 0.100854
2872 29 0.155105
2873 29 0.142031
2874 29 0.127640
2875 29 0.145246
2876 29 0.149151
2877 29 0.104398
2878 29 0.116216
2879 29 0.103030
2880 29 0.144681
2881 29 0.145573
2882 29 0.095663
2883 29 0.103605
2884 29 0.155560
2885 29 0.132608
2886 29 0.115563
2887 29 0.187856
2888 29 0.132156
2889 29 0.167686
2890 29 0.135590
2891 29 0.144665
2892 29 0.104273
2893 29 0.072591
2894 29 0.166831
2895 29 0.183968
2896 29 0.135235
2897 29 0.123198
2898 29 0.189486
2899 29 0.206434
2900 30 0.036555
2901 30 0.137309
2902 30 0.129497
2903 30 0.104611
2904 30 0.133295
2905 30 0.132541
2906 30 0.131275
2907 30 0.106783
2908 30 0.156480
2909 30 0.131067
2910 30 0.082773
2911 30 0.117532
2912 30 0.099172
2913 30 0.086788
2914 30 0.127151
2915 30 0.121347
2916 30 0.121709
2917 30 0.147735
2918 30 0.199189
2919 30 0.141292
2920 30 0.113592
2921 30 0.202125
2922 30 0.120076
2923 30 0.164585
2924 30 0.218377
2925 30 0.129467
2926 30 0.129782
2927 30 0.092399
2928 30 0.072441
2929 30 0.119078
2930 30 0.108157
2931 30 0.179648
2932 30 0.134778
2933 30 0.141135
2934 30 0.110554
2935 30 0.176073
2936 30 0.167883
2937 30 0.161488
2938 30 0.082973
2939 30 0.033239
2940 30 0.114475
2941 30 0.102994
2942 30 0.118571
2943 30 0.126092
2944 30 0.142482
2945 30 0.057671
2946 30 0.115897
2947 30 0.292006
2948 30 0.142912
2949 30 0.071087
2950 30 0.163141
2951 30 0.158469
2952 30 0.282807
2953 30 0.157827
2954 30 0.168254
2955 30 0.107276
2956 30 0.096956
2957 30 0.087974
2958 30 0.216862
2959 30 0.094736
2960 30 0.134380
2961 30 0.153113
2962 30 0.066302
2963 30 0.101485
2964 30 0.104727
2965 30 0.108044
2966 30 0.129635
2967 30 0.117336
2968 30 0.087103
2969 30 0.074395
2970 30 0.183725
2971 30 0.150225
2972 30 0.154379
2973 30 0.151633
2974 30 0.224998
2975 30 0.186402
2976 30 0.208516
2977 30 0.153355
2978 30 0.126422
2979 30 0.106978
2980 30 0.130145
2981 30 0.088436
2982 30 0.126470
2983 30 0.097959
2984 30 0.122150
2985 30 0.101543
2986 30 0.123693
2987 30 0.123635
2988 30 0.176098
2989 30 0.134183
2990 30 0.163317
2991 30 0.099811
2992 30 0.114863
2993 30 0.128257
2994 30 0.159620
2995 30 0.127036
2996 30 0.142239
2997 30 0.167428
2998 30 0.086535
2999 30 0.118990
