# Batch convergence for: model=snn-ae encoding=latency architecture=conv1d v_th=1.5 alpha=0.8 run=2
batch_num epoch batch_loss
0 1 0.628709
1 1 0.753497
2 1 0.636164
3 1 0.558679
4 1 0.701946
5 1 0.795543
6 1 0.724434
7 1 0.786978
8 1 0.456137
9 1 0.727184
10 1 0.713917
11 1 0.584671
12 1 0.626725
13 1 0.636729
14 1 0.487088
15 1 0.516247
16 1 0.650371
17 1 0.623631
18 1 0.605048
19 1 0.611724
20 1 0.578917
21 1 0.132145
22 1 0.573172
23 1 0.522336
24 1 0.446033
25 1 0.517949
26 1 0.526494
27 1 0.733500
28 1 0.503007
29 1 0.655327
30 1 0.562199
31 1 0.674644
32 1 0.533133
33 1 0.471053
34 1 0.621536
35 1 0.485390
36 1 0.698834
37 1 0.574801
38 1 0.579898
39 1 0.477349
40 1 0.501304
41 1 0.448911
42 1 0.546443
43 1 0.464190
44 1 0.473634
45 1 0.423622
46 1 0.443524
47 1 0.467637
48 1 0.494607
49 1 0.586666
50 1 0.102310
51 1 0.489885
52 1 0.511082
53 1 0.222999
54 1 0.859480
55 1 0.468882
56 1 0.498913
57 1 0.480271
58 1 0.408174
59 1 0.475150
60 1 0.425857
61 1 0.539715
62 1 0.494938
63 1 0.426522
64 1 0.413935
65 1 0.365391
66 1 0.023638
67 1 0.408799
68 1 0.459893
69 1 0.399815
70 1 0.404176
71 1 0.330634
72 1 0.095798
73 1 0.381687
74 1 0.324704
75 1 0.407702
76 1 0.408440
77 1 0.389127
78 1 0.324746
79 1 0.460528
80 1 0.729695
81 1 0.347535
82 1 0.332321
83 1 0.438288
84 1 0.374152
85 1 0.465566
86 1 0.288788
87 1 0.372128
88 1 0.416995
89 1 0.341263
90 1 0.333774
91 1 0.354833
92 1 0.272009
93 1 0.277468
94 1 0.263347
95 1 0.326229
96 1 0.250134
97 1 0.312729
98 1 0.312419
99 1 0.254606
100 2 0.266477
101 2 0.193702
102 2 0.220601
103 2 0.342058
104 2 0.335917
105 2 0.222434
106 2 0.311989
107 2 0.320708
108 2 0.261731
109 2 0.227086
110 2 0.263363
111 2 0.097109
112 2 0.354114
113 2 0.401882
114 2 0.245489
115 2 0.275138
116 2 0.270309
117 2 0.276259
118 2 0.241769
119 2 0.257238
120 2 0.151962
121 2 0.179002
122 2 0.298971
123 2 0.157670
124 2 0.215899
125 2 0.246752
126 2 0.233849
127 2 0.219005
128 2 0.230219
129 2 0.261135
130 2 0.279669
131 2 0.253370
132 2 0.257408
133 2 0.149709
134 2 0.237339
135 2 0.273023
136 2 0.211086
137 2 0.181005
138 2 0.300870
139 2 0.303204
140 2 0.156254
141 2 0.266767
142 2 0.305962
143 2 0.198279
144 2 0.208878
145 2 0.240738
146 2 0.269890
147 2 0.115248
148 2 0.234120
149 2 0.174476
150 2 0.230860
151 2 0.206596
152 2 0.246898
153 2 0.125782
154 2 0.189193
155 2 0.024316
156 2 0.175989
157 2 0.128512
158 2 0.302632
159 2 0.219451
160 2 0.175659
161 2 0.267111
162 2 0.144764
163 2 0.226536
164 2 0.175594
165 2 0.220816
166 2 0.027393
167 2 0.169077
168 2 0.232120
169 2 0.196862
170 2 0.227083
171 2 0.122615
172 2 0.202727
173 2 0.143536
174 2 0.175975
175 2 0.234862
176 2 0.163763
177 2 0.151861
178 2 0.201061
179 2 0.218389
180 2 0.220120
181 2 0.181720
182 2 0.168923
183 2 0.221354
184 2 0.199325
185 2 0.062471
186 2 0.175987
187 2 0.224913
188 2 0.202790
189 2 0.198486
190 2 0.173837
191 2 0.180777
192 2 0.198312
193 2 0.207829
194 2 0.338996
195 2 0.230525
196 2 0.167694
197 2 0.090333
198 2 0.145654
199 2 0.112320
200 3 0.246872
201 3 0.198562
202 3 0.142772
203 3 0.202859
204 3 0.024132
205 3 0.155649
206 3 0.201363
207 3 0.145816
208 3 0.319388
209 3 0.224435
210 3 0.206906
211 3 0.242686
212 3 0.179708
213 3 0.245557
214 3 0.140030
215 3 0.152490
216 3 0.191717
217 3 0.148527
218 3 0.430918
219 3 0.027119
220 3 0.114507
221 3 0.113444
222 3 0.197414
223 3 0.152836
224 3 0.258931
225 3 0.305420
226 3 0.138573
227 3 0.179058
228 3 0.185435
229 3 0.269423
230 3 0.190334
231 3 0.141375
232 3 0.143740
233 3 0.147971
234 3 0.215314
235 3 0.183401
236 3 0.128218
237 3 0.228982
238 3 0.155748
239 3 0.197913
240 3 0.117755
241 3 0.324433
242 3 0.158721
243 3 0.106291
244 3 0.179062
245 3 0.166394
246 3 0.177925
247 3 0.188593
248 3 0.185674
249 3 0.097448
250 3 0.095375
251 3 0.242257
252 3 0.113627
253 3 0.164636
254 3 0.253184
255 3 0.113330
256 3 0.183661
257 3 0.171435
258 3 0.223008
259 3 0.105451
260 3 0.227385
261 3 0.165467
262 3 0.171539
263 3 0.110614
264 3 0.147800
265 3 0.187126
266 3 0.112706
267 3 0.188226
268 3 0.202465
269 3 0.141327
270 3 0.209675
271 3 0.178630
272 3 0.216414
273 3 0.184012
274 3 0.141072
275 3 0.180950
276 3 0.061734
277 3 0.132015
278 3 0.208401
279 3 0.130072
280 3 0.081320
281 3 0.088554
282 3 0.106877
283 3 0.096631
284 3 0.122406
285 3 0.182459
286 3 0.259927
287 3 0.129880
288 3 0.056070
289 3 0.082358
290 3 0.129605
291 3 0.167397
292 3 0.138642
293 3 0.065244
294 3 0.120921
295 3 0.214783
296 3 0.132119
297 3 0.200327
298 3 0.154913
299 3 0.169136
300 4 0.199629
301 4 0.131487
302 4 0.141821
303 4 0.095531
304 4 0.100284
305 4 0.136156
306 4 0.227200
307 4 0.168935
308 4 0.139304
309 4 0.141049
310 4 0.171240
311 4 0.103646
312 4 0.136057
313 4 0.127997
314 4 0.178108
315 4 0.216775
316 4 0.181237
317 4 0.147710
318 4 0.115867
319 4 0.081737
320 4 0.203048
321 4 0.192123
322 4 0.191058
323 4 0.191544
324 4 0.134653
325 4 0.153259
326 4 0.066804
327 4 0.178588
328 4 0.149936
329 4 0.095487
330 4 0.180624
331 4 0.211936
332 4 0.139473
333 4 0.163071
334 4 0.064205
335 4 0.071487
336 4 0.118760
337 4 0.094145
338 4 0.080791
339 4 0.071350
340 4 0.190027
341 4 0.105712
342 4 0.149534
343 4 0.023535
344 4 0.118445
345 4 0.208186
346 4 0.144925
347 4 0.108283
348 4 0.083157
349 4 0.192219
350 4 0.143375
351 4 0.185343
352 4 0.115628
353 4 0.120349
354 4 0.093592
355 4 0.063441
356 4 0.070505
357 4 0.237376
358 4 0.179836
359 4 0.060743
360 4 0.088423
361 4 0.176528
362 4 0.074721
363 4 0.271619
364 4 0.104124
365 4 0.126073
366 4 0.123722
367 4 0.133450
368 4 0.074585
369 4 0.149897
370 4 0.174950
371 4 0.217123
372 4 0.116631
373 4 0.118631
374 4 0.193475
375 4 0.149886
376 4 0.205276
377 4 0.086300
378 4 0.110662
379 4 0.117916
380 4 0.120106
381 4 0.084220
382 4 0.164124
383 4 0.375271
384 4 0.142444
385 4 0.123089
386 4 0.119572
387 4 0.266332
388 4 0.085742
389 4 0.110228
390 4 0.147026
391 4 0.155395
392 4 0.040497
393 4 0.125463
394 4 0.101700
395 4 0.319439
396 4 0.117504
397 4 0.160040
398 4 0.197725
399 4 0.067719
400 5 0.136822
401 5 0.135031
402 5 0.098785
403 5 0.125156
404 5 0.104573
405 5 0.257333
406 5 0.212154
407 5 0.076873
408 5 0.140668
409 5 0.171760
410 5 0.139631
411 5 0.322754
412 5 0.102820
413 5 0.060190
414 5 0.130406
415 5 0.098031
416 5 0.147850
417 5 0.105714
418 5 0.115350
419 5 0.149192
420 5 0.139799
421 5 0.143742
422 5 0.114342
423 5 0.051262
424 5 0.115684
425 5 0.111601
426 5 0.054337
427 5 0.185773
428 5 0.112809
429 5 0.214910
430 5 0.125301
431 5 0.163860
432 5 0.104674
433 5 0.078477
434 5 0.156747
435 5 0.070178
436 5 0.059534
437 5 0.057574
438 5 0.022988
439 5 0.055618
440 5 0.137668
441 5 0.089599
442 5 0.239457
443 5 0.096823
444 5 0.152806
445 5 0.053597
446 5 0.098479
447 5 0.251227
448 5 0.215331
449 5 0.156966
450 5 0.136436
451 5 0.219942
452 5 0.087921
453 5 0.025769
454 5 0.116016
455 5 0.049073
456 5 0.080823
457 5 0.170640
458 5 0.129902
459 5 0.155986
460 5 0.130510
461 5 0.120930
462 5 0.196304
463 5 0.173839
464 5 0.125789
465 5 0.138148
466 5 0.170330
467 5 0.146831
468 5 0.078355
469 5 0.131306
470 5 0.102011
471 5 0.116801
472 5 0.101096
473 5 0.189325
474 5 0.034558
475 5 0.100118
476 5 0.120588
477 5 0.163375
478 5 0.110796
479 5 0.091964
480 5 0.096170
481 5 0.366173
482 5 0.107116
483 5 0.094254
484 5 0.173424
485 5 0.087999
486 5 0.115828
487 5 0.178140
488 5 0.085893
489 5 0.151391
490 5 0.105135
491 5 0.108977
492 5 0.179180
493 5 0.160546
494 5 0.064560
495 5 0.104677
496 5 0.123394
497 5 0.032986
498 5 0.105800
499 5 0.077018
500 6 0.093283
501 6 0.059066
502 6 0.045640
503 6 0.199945
504 6 0.147759
505 6 0.119201
506 6 0.022636
507 6 0.098468
508 6 0.064514
509 6 0.123726
510 6 0.085873
511 6 0.094652
512 6 0.077585
513 6 0.075648
514 6 0.121630
515 6 0.152809
516 6 0.064719
517 6 0.112696
518 6 0.030806
519 6 0.093386
520 6 0.122587
521 6 0.109157
522 6 0.102957
523 6 0.113826
524 6 0.113703
525 6 0.174584
526 6 0.088507
527 6 0.119346
528 6 0.048273
529 6 0.084496
530 6 0.125617
531 6 0.030994
532 6 0.175186
533 6 0.067642
534 6 0.142343
535 6 0.143218
536 6 0.097072
537 6 0.206761
538 6 0.101192
539 6 0.109011
540 6 0.125042
541 6 0.145542
542 6 0.086483
543 6 0.168940
544 6 0.048856
545 6 0.141125
546 6 0.123786
547 6 0.103834
548 6 0.133396
549 6 0.055514
550 6 0.123704
551 6 0.188858
552 6 0.094431
553 6 0.212462
554 6 0.087737
555 6 0.065708
556 6 0.148375
557 6 0.134280
558 6 0.129446
559 6 0.025318
560 6 0.120693
561 6 0.125030
562 6 0.043967
563 6 0.108690
564 6 0.119612
565 6 0.099251
566 6 0.129724
567 6 0.178118
568 6 0.297077
569 6 0.095667
570 6 0.103576
571 6 0.138200
572 6 0.140940
573 6 0.140831
574 6 0.108222
575 6 0.097265
576 6 0.162496
577 6 0.153656
578 6 0.101708
579 6 0.119590
580 6 0.139800
581 6 0.333385
582 6 0.154130
583 6 0.049026
584 6 0.157393
585 6 0.182419
586 6 0.101762
587 6 0.123404
588 6 0.141033
589 6 0.087164
590 6 0.332629
591 6 0.177290
592 6 0.069512
593 6 0.149266
594 6 0.111752
595 6 0.130146
596 6 0.192314
597 6 0.098174
598 6 0.081077
599 6 0.195006
600 7 0.043446
601 7 0.172911
602 7 0.185194
603 7 0.130289
604 7 0.022167
605 7 0.086431
606 7 0.167237
607 7 0.101986
608 7 0.117367
609 7 0.083399
610 7 0.136869
611 7 0.129937
612 7 0.220708
613 7 0.104714
614 7 0.044024
615 7 0.117550
616 7 0.113636
617 7 0.186989
618 7 0.121186
619 7 0.031431
620 7 0.130775
621 7 0.068916
622 7 0.050487
623 7 0.039892
624 7 0.071485
625 7 0.109606
626 7 0.110636
627 7 0.118912
628 7 0.114044
629 7 0.094901
630 7 0.131069
631 7 0.210230
632 7 0.033890
633 7 0.138794
634 7 0.146920
635 7 0.106119
636 7 0.057300
637 7 0.089043
638 7 0.134192
639 7 0.101118
640 7 0.115744
641 7 0.124457
642 7 0.121050
643 7 0.099442
644 7 0.068084
645 7 0.171471
646 7 0.113812
647 7 0.120725
648 7 0.106422
649 7 0.088442
650 7 0.185762
651 7 0.089972
652 7 0.160311
653 7 0.066897
654 7 0.145752
655 7 0.138387
656 7 0.083589
657 7 0.099257
658 7 0.079999
659 7 0.124336
660 7 0.108157
661 7 0.148498
662 7 0.109231
663 7 0.073178
664 7 0.105621
665 7 0.119858
666 7 0.116493
667 7 0.089913
668 7 0.124434
669 7 0.085480
670 7 0.097816
671 7 0.068721
672 7 0.297026
673 7 0.295755
674 7 0.101157
675 7 0.148824
676 7 0.114912
677 7 0.074659
678 7 0.082752
679 7 0.076051
680 7 0.052167
681 7 0.102664
682 7 0.088134
683 7 0.183351
684 7 0.110272
685 7 0.109832
686 7 0.134341
687 7 0.063358
688 7 0.169920
689 7 0.107710
690 7 0.062142
691 7 0.128811
692 7 0.160483
693 7 0.069302
694 7 0.142465
695 7 0.151286
696 7 0.097375
697 7 0.052542
698 7 0.047673
699 7 0.052553
700 8 0.159119
701 8 0.059001
702 8 0.068841
703 8 0.099154
704 8 0.078213
705 8 0.180808
706 8 0.184454
707 8 0.131492
708 8 0.060548
709 8 0.087074
710 8 0.166560
711 8 0.134016
712 8 0.116002
713 8 0.062248
714 8 0.212084
715 8 0.137760
716 8 0.287475
717 8 0.160638
718 8 0.119073
719 8 0.199183
720 8 0.092182
721 8 0.146766
722 8 0.077348
723 8 0.106220
724 8 0.098130
725 8 0.119281
726 8 0.116355
727 8 0.085279
728 8 0.042713
729 8 0.122597
730 8 0.042955
731 8 0.053217
732 8 0.125312
733 8 0.091084
734 8 0.096061
735 8 0.126997
736 8 0.071203
737 8 0.136115
738 8 0.082679
739 8 0.142036
740 8 0.030995
741 8 0.142499
742 8 0.144303
743 8 0.119105
744 8 0.118456
745 8 0.096859
746 8 0.024354
747 8 0.145185
748 8 0.067076
749 8 0.138022
750 8 0.102479
751 8 0.121054
752 8 0.075366
753 8 0.073780
754 8 0.228312
755 8 0.098752
756 8 0.167224
757 8 0.113574
758 8 0.060366
759 8 0.183135
760 8 0.110640
761 8 0.127958
762 8 0.085239
763 8 0.065458
764 8 0.083326
765 8 0.235929
766 8 0.088245
767 8 0.116478
768 8 0.111800
769 8 0.056125
770 8 0.082944
771 8 0.127376
772 8 0.152727
773 8 0.131952
774 8 0.188708
775 8 0.100966
776 8 0.111205
777 8 0.052056
778 8 0.026348
779 8 0.139591
780 8 0.133388
781 8 0.060893
782 8 0.183504
783 8 0.105847
784 8 0.206119
785 8 0.119079
786 8 0.163676
787 8 0.042742
788 8 0.057081
789 8 0.021381
790 8 0.113773
791 8 0.096039
792 8 0.132866
793 8 0.249444
794 8 0.136920
795 8 0.069987
796 8 0.148605
797 8 0.031186
798 8 0.114959
799 8 0.114743
800 9 0.102611
801 9 0.093787
802 9 0.143098
803 9 0.176531
804 9 0.150339
805 9 0.069181
806 9 0.115813
807 9 0.054608
808 9 0.051878
809 9 0.141125
810 9 0.109558
811 9 0.081219
812 9 0.170390
813 9 0.123187
814 9 0.104967
815 9 0.085539
816 9 0.118940
817 9 0.044303
818 9 0.280869
819 9 0.050343
820 9 0.170947
821 9 0.092685
822 9 0.030008
823 9 0.114248
824 9 0.088261
825 9 0.159871
826 9 0.094413
827 9 0.093964
828 9 0.133360
829 9 0.098307
830 9 0.021291
831 9 0.190022
832 9 0.085054
833 9 0.115834
834 9 0.120520
835 9 0.064609
836 9 0.188056
837 9 0.101584
838 9 0.108538
839 9 0.096018
840 9 0.183267
841 9 0.133840
842 9 0.142838
843 9 0.074211
844 9 0.135727
845 9 0.167858
846 9 0.152533
847 9 0.137957
848 9 0.111851
849 9 0.140350
850 9 0.147405
851 9 0.101134
852 9 0.177159
853 9 0.137031
854 9 0.090512
855 9 0.179111
856 9 0.030507
857 9 0.069725
858 9 0.069467
859 9 0.139759
860 9 0.130561
861 9 0.188874
862 9 0.065783
863 9 0.114115
864 9 0.023634
865 9 0.133338
866 9 0.121118
867 9 0.089279
868 9 0.088489
869 9 0.031390
870 9 0.152608
871 9 0.032029
872 9 0.068030
873 9 0.112637
874 9 0.137371
875 9 0.170394
876 9 0.129977
877 9 0.042730
878 9 0.180032
879 9 0.106473
880 9 0.130255
881 9 0.079181
882 9 0.109275
883 9 0.196107
884 9 0.137459
885 9 0.086049
886 9 0.123427
887 9 0.058354
888 9 0.080012
889 9 0.058040
890 9 0.100817
891 9 0.258570
892 9 0.138582
893 9 0.055057
894 9 0.046743
895 9 0.081371
896 9 0.140523
897 9 0.060821
898 9 0.126299
899 9 0.212102
900 10 0.124039
901 10 0.123852
902 10 0.047997
903 10 0.069319
904 10 0.080283
905 10 0.139364
906 10 0.045083
907 10 0.134732
908 10 0.032616
909 10 0.087431
910 10 0.043174
911 10 0.127290
912 10 0.075674
913 10 0.079034
914 10 0.041366
915 10 0.080885
916 10 0.152278
917 10 0.119595
918 10 0.104237
919 10 0.104145
920 10 0.068763
921 10 0.150415
922 10 0.146986
923 10 0.119388
924 10 0.108133
925 10 0.172938
926 10 0.130107
927 10 0.114621
928 10 0.150128
929 10 0.062365
930 10 0.122774
931 10 0.113282
932 10 0.213900
933 10 0.035788
934 10 0.090404
935 10 0.162931
936 10 0.096214
937 10 0.144658
938 10 0.097634
939 10 0.130837
940 10 0.161995
941 10 0.113723
942 10 0.145276
943 10 0.020844
944 10 0.118348
945 10 0.169868
946 10 0.133033
947 10 0.086793
948 10 0.121509
949 10 0.058587
950 10 0.076352
951 10 0.123224
952 10 0.072215
953 10 0.109929
954 10 0.126458
955 10 0.194928
956 10 0.139090
957 10 0.093778
958 10 0.066644
959 10 0.097022
960 10 0.043241
961 10 0.145141
962 10 0.100440
963 10 0.111207
964 10 0.144059
965 10 0.083222
966 10 0.170028
967 10 0.073086
968 10 0.226772
969 10 0.108513
970 10 0.023143
971 10 0.132856
972 10 0.061475
973 10 0.105876
974 10 0.133162
975 10 0.105317
976 10 0.112676
977 10 0.136742
978 10 0.059471
979 10 0.123736
980 10 0.193677
981 10 0.048803
982 10 0.137722
983 10 0.072295
984 10 0.097812
985 10 0.082987
986 10 0.092973
987 10 0.105930
988 10 0.121186
989 10 0.135688
990 10 0.029688
991 10 0.061055
992 10 0.105646
993 10 0.153351
994 10 0.184828
995 10 0.148075
996 10 0.062253
997 10 0.172812
998 10 0.254285
999 10 0.190697
1000 11 0.205094
1001 11 0.073367
1002 11 0.084297
1003 11 0.102764
1004 11 0.132772
1005 11 0.220660
1006 11 0.091357
1007 11 0.127368
1008 11 0.141168
1009 11 0.119657
1010 11 0.073851
1011 11 0.136037
1012 11 0.074142
1013 11 0.151867
1014 11 0.032718
1015 11 0.107765
1016 11 0.134723
1017 11 0.125933
1018 11 0.143188
1019 11 0.089498
1020 11 0.118982
1021 11 0.105504
1022 11 0.081329
1023 11 0.088809
1024 11 0.075465
1025 11 0.121132
1026 11 0.095460
1027 11 0.067382
1028 11 0.126950
1029 11 0.090146
1030 11 0.131798
1031 11 0.101477
1032 11 0.110035
1033 11 0.124943
1034 11 0.133221
1035 11 0.124956
1036 11 0.058619
1037 11 0.020314
1038 11 0.169074
1039 11 0.111522
1040 11 0.115777
1041 11 0.121889
1042 11 0.198107
1043 11 0.053938
1044 11 0.109025
1045 11 0.081259
1046 11 0.131519
1047 11 0.119028
1048 11 0.125478
1049 11 0.067016
1050 11 0.022655
1051 11 0.130064
1052 11 0.031188
1053 11 0.102863
1054 11 0.137908
1055 11 0.030436
1056 11 0.124987
1057 11 0.054619
1058 11 0.173161
1059 11 0.103597
1060 11 0.133410
1061 11 0.094347
1062 11 0.205676
1063 11 0.186445
1064 11 0.070793
1065 11 0.161466
1066 11 0.128580
1067 11 0.112618
1068 11 0.110273
1069 11 0.040494
1070 11 0.052171
1071 11 0.112045
1072 11 0.142249
1073 11 0.120570
1074 11 0.107173
1075 11 0.026641
1076 11 0.136251
1077 11 0.118669
1078 11 0.177385
1079 11 0.118337
1080 11 0.125224
1081 11 0.178712
1082 11 0.089373
1083 11 0.121289
1084 11 0.123912
1085 11 0.098178
1086 11 0.106962
1087 11 0.049267
1088 11 0.155940
1089 11 0.125330
1090 11 0.049040
1091 11 0.093310
1092 11 0.112926
1093 11 0.097386
1094 11 0.128231
1095 11 0.106877
1096 11 0.116592
1097 11 0.042537
1098 11 0.080737
1099 11 0.130451
1100 12 0.061428
1101 12 0.120856
1102 12 0.117164
1103 12 0.119769
1104 12 0.052938
1105 12 0.038764
1106 12 0.082469
1107 12 0.033595
1108 12 0.111867
1109 12 0.146274
1110 12 0.132291
1111 12 0.111618
1112 12 0.165932
1113 12 0.124146
1114 12 0.159162
1115 12 0.198790
1116 12 0.163736
1117 12 0.123312
1118 12 0.129960
1119 12 0.131772
1120 12 0.139868
1121 12 0.025122
1122 12 0.087119
1123 12 0.135845
1124 12 0.140891
1125 12 0.103333
1126 12 0.120383
1127 12 0.039922
1128 12 0.189278
1129 12 0.068109
1130 12 0.084535
1131 12 0.081915
1132 12 0.078557
1133 12 0.163535
1134 12 0.090885
1135 12 0.222775
1136 12 0.111802
1137 12 0.118952
1138 12 0.095518
1139 12 0.069802
1140 12 0.095193
1141 12 0.092420
1142 12 0.110878
1143 12 0.122076
1144 12 0.088879
1145 12 0.101099
1146 12 0.180336
1147 12 0.179158
1148 12 0.100971
1149 12 0.143006
1150 12 0.165731
1151 12 0.132824
1152 12 0.019890
1153 12 0.033608
1154 12 0.056266
1155 12 0.128197
1156 12 0.116102
1157 12 0.073917
1158 12 0.022233
1159 12 0.128475
1160 12 0.142962
1161 12 0.135651
1162 12 0.052721
1163 12 0.187777
1164 12 0.102540
1165 12 0.097716
1166 12 0.044947
1167 12 0.224421
1168 12 0.092806
1169 12 0.069003
1170 12 0.053415
1171 12 0.092017
1172 12 0.120684
1173 12 0.051370
1174 12 0.147761
1175 12 0.092704
1176 12 0.100194
1177 12 0.101845
1178 12 0.096792
1179 12 0.118650
1180 12 0.103912
1181 12 0.111942
1182 12 0.102429
1183 12 0.076969
1184 12 0.138742
1185 12 0.135048
1186 12 0.104739
1187 12 0.112525
1188 12 0.110004
1189 12 0.107307
1190 12 0.103902
1191 12 0.132209
1192 12 0.189050
1193 12 0.061507
1194 12 0.096752
1195 12 0.122282
1196 12 0.060875
1197 12 0.104161
1198 12 0.120736
1199 12 0.122535
1200 13 0.161766
1201 13 0.057836
1202 13 0.133822
1203 13 0.046844
1204 13 0.132001
1205 13 0.127966
1206 13 0.124059
1207 13 0.105057
1208 13 0.091774
1209 13 0.159667
1210 13 0.121055
1211 13 0.129914
1212 13 0.154147
1213 13 0.107974
1214 13 0.116628
1215 13 0.106541
1216 13 0.128294
1217 13 0.093971
1218 13 0.183990
1219 13 0.057365
1220 13 0.177236
1221 13 0.091958
1222 13 0.090164
1223 13 0.121929
1224 13 0.149494
1225 13 0.021963
1226 13 0.077585
1227 13 0.160235
1228 13 0.191411
1229 13 0.033809
1230 13 0.231144
1231 13 0.079863
1232 13 0.063766
1233 13 0.162783
1234 13 0.129407
1235 13 0.152598
1236 13 0.085824
1237 13 0.080603
1238 13 0.104636
1239 13 0.150385
1240 13 0.047331
1241 13 0.082686
1242 13 0.105968
1243 13 0.034093
1244 13 0.119731
1245 13 0.137358
1246 13 0.134239
1247 13 0.114171
1248 13 0.081394
1249 13 0.123355
1250 13 0.140223
1251 13 0.108122
1252 13 0.104468
1253 13 0.082933
1254 13 0.101680
1255 13 0.120996
1256 13 0.120170
1257 13 0.102579
1258 13 0.105348
1259 13 0.110916
1260 13 0.120594
1261 13 0.137602
1262 13 0.118508
1263 13 0.165803
1264 13 0.052690
1265 13 0.105123
1266 13 0.046891
1267 13 0.072635
1268 13 0.105956
1269 13 0.122217
1270 13 0.092364
1271 13 0.079690
1272 13 0.077975
1273 13 0.123458
1274 13 0.075599
1275 13 0.124773
1276 13 0.131033
1277 13 0.122566
1278 13 0.112758
1279 13 0.096790
1280 13 0.114775
1281 13 0.069441
1282 13 0.085374
1283 13 0.131084
1284 13 0.040636
1285 13 0.091957
1286 13 0.056575
1287 13 0.063104
1288 13 0.107599
1289 13 0.140255
1290 13 0.060806
1291 13 0.074810
1292 13 0.066622
1293 13 0.047896
1294 13 0.164944
1295 13 0.163754
1296 13 0.107412
1297 13 0.056254
1298 13 0.019398
1299 13 0.184319
1300 14 0.107392
1301 14 0.163056
1302 14 0.143644
1303 14 0.108715
1304 14 0.088823
1305 14 0.108301
1306 14 0.097213
1307 14 0.090600
1308 14 0.159969
1309 14 0.132331
1310 14 0.156936
1311 14 0.094892
1312 14 0.042091
1313 14 0.069366
1314 14 0.215445
1315 14 0.108736
1316 14 0.135867
1317 14 0.031911
1318 14 0.192955
1319 14 0.049935
1320 14 0.090792
1321 14 0.162819
1322 14 0.086429
1323 14 0.053866
1324 14 0.021480
1325 14 0.106263
1326 14 0.115624
1327 14 0.084255
1328 14 0.067572
1329 14 0.085836
1330 14 0.149056
1331 14 0.136419
1332 14 0.096689
1333 14 0.155817
1334 14 0.078096
1335 14 0.139757
1336 14 0.120981
1337 14 0.069797
1338 14 0.111302
1339 14 0.073826
1340 14 0.053374
1341 14 0.097244
1342 14 0.100112
1343 14 0.111912
1344 14 0.134660
1345 14 0.107853
1346 14 0.134935
1347 14 0.066048
1348 14 0.086269
1349 14 0.092025
1350 14 0.102916
1351 14 0.116590
1352 14 0.115458
1353 14 0.052828
1354 14 0.132142
1355 14 0.119564
1356 14 0.170513
1357 14 0.085019
1358 14 0.091573
1359 14 0.137771
1360 14 0.133505
1361 14 0.116394
1362 14 0.125998
1363 14 0.137955
1364 14 0.157559
1365 14 0.066406
1366 14 0.111218
1367 14 0.091191
1368 14 0.072890
1369 14 0.048168
1370 14 0.129247
1371 14 0.093443
1372 14 0.072597
1373 14 0.075819
1374 14 0.101888
1375 14 0.049287
1376 14 0.057121
1377 14 0.061240
1378 14 0.044902
1379 14 0.113328
1380 14 0.184138
1381 14 0.104126
1382 14 0.107581
1383 14 0.091403
1384 14 0.085418
1385 14 0.144603
1386 14 0.113293
1387 14 0.033984
1388 14 0.128182
1389 14 0.098438
1390 14 0.066612
1391 14 0.162404
1392 14 0.019006
1393 14 0.086216
1394 14 0.097718
1395 14 0.138687
1396 14 0.176425
1397 14 0.111746
1398 14 0.084579
1399 14 0.105288
1400 15 0.123967
1401 15 0.079259
1402 15 0.032806
1403 15 0.126959
1404 15 0.082425
1405 15 0.062533
1406 15 0.153626
1407 15 0.095265
1408 15 0.213504
1409 15 0.135496
1410 15 0.097568
1411 15 0.087581
1412 15 0.127158
1413 15 0.099049
1414 15 0.072389
1415 15 0.054805
1416 15 0.049866
1417 15 0.121123
1418 15 0.048764
1419 15 0.178012
1420 15 0.099472
1421 15 0.061801
1422 15 0.135775
1423 15 0.109838
1424 15 0.116143
1425 15 0.056537
1426 15 0.087014
1427 15 0.131745
1428 15 0.093601
1429 15 0.103349
1430 15 0.124682
1431 15 0.088558
1432 15 0.081313
1433 15 0.021053
1434 15 0.025230
1435 15 0.134146
1436 15 0.087779
1437 15 0.095435
1438 15 0.101026
1439 15 0.072690
1440 15 0.102982
1441 15 0.034487
1442 15 0.211726
1443 15 0.116115
1444 15 0.112635
1445 15 0.114196
1446 15 0.088941
1447 15 0.130256
1448 15 0.107515
1449 15 0.048005
1450 15 0.150141
1451 15 0.138183
1452 15 0.143084
1453 15 0.145269
1454 15 0.094082
1455 15 0.170597
1456 15 0.053713
1457 15 0.113955
1458 15 0.163084
1459 15 0.225267
1460 15 0.095681
1461 15 0.075153
1462 15 0.054946
1463 15 0.018730
1464 15 0.098648
1465 15 0.087990
1466 15 0.110549
1467 15 0.152206
1468 15 0.164232
1469 15 0.107860
1470 15 0.092797
1471 15 0.134293
1472 15 0.118779
1473 15 0.128414
1474 15 0.142928
1475 15 0.096773
1476 15 0.111682
1477 15 0.116102
1478 15 0.145584
1479 15 0.246888
1480 15 0.148573
1481 15 0.128915
1482 15 0.099925
1483 15 0.082910
1484 15 0.077326
1485 15 0.110235
1486 15 0.030801
1487 15 0.093187
1488 15 0.140936
1489 15 0.094125
1490 15 0.108154
1491 15 0.117612
1492 15 0.119353
1493 15 0.122517
1494 15 0.093978
1495 15 0.079349
1496 15 0.120529
1497 15 0.144330
1498 15 0.122655
1499 15 0.082711
1500 16 0.132414
1501 16 0.027769
1502 16 0.084168
1503 16 0.076129
1504 16 0.056232
1505 16 0.058439
1506 16 0.031862
1507 16 0.108174
1508 16 0.127724
1509 16 0.031568
1510 16 0.061669
1511 16 0.071354
1512 16 0.114047
1513 16 0.108794
1514 16 0.093758
1515 16 0.130783
1516 16 0.086089
1517 16 0.100746
1518 16 0.105835
1519 16 0.120790
1520 16 0.030433
1521 16 0.168015
1522 16 0.098200
1523 16 0.151435
1524 16 0.051574
1525 16 0.104930
1526 16 0.109454
1527 16 0.072632
1528 16 0.055520
1529 16 0.132228
1530 16 0.103352
1531 16 0.065458
1532 16 0.094810
1533 16 0.091186
1534 16 0.066501
1535 16 0.068900
1536 16 0.136561
1537 16 0.123314
1538 16 0.114222
1539 16 0.124432
1540 16 0.174230
1541 16 0.100863
1542 16 0.146165
1543 16 0.109524
1544 16 0.102375
1545 16 0.078634
1546 16 0.082982
1547 16 0.102055
1548 16 0.101081
1549 16 0.113156
1550 16 0.128165
1551 16 0.131070
1552 16 0.087986
1553 16 0.067826
1554 16 0.138379
1555 16 0.205759
1556 16 0.081866
1557 16 0.097655
1558 16 0.075340
1559 16 0.108046
1560 16 0.116909
1561 16 0.078104
1562 16 0.073211
1563 16 0.105928
1564 16 0.087554
1565 16 0.135813
1566 16 0.101989
1567 16 0.077986
1568 16 0.099930
1569 16 0.120345
1570 16 0.095115
1571 16 0.104769
1572 16 0.053592
1573 16 0.115176
1574 16 0.047214
1575 16 0.154229
1576 16 0.079090
1577 16 0.088744
1578 16 0.130608
1579 16 0.101267
1580 16 0.125311
1581 16 0.138976
1582 16 0.087845
1583 16 0.134232
1584 16 0.052880
1585 16 0.142821
1586 16 0.149398
1587 16 0.087073
1588 16 0.160637
1589 16 0.098706
1590 16 0.119958
1591 16 0.020425
1592 16 0.114132
1593 16 0.145296
1594 16 0.134424
1595 16 0.089753
1596 16 0.131122
1597 16 0.096536
1598 16 0.124976
1599 16 0.153074
1600 17 0.093276
1601 17 0.111525
1602 17 0.132686
1603 17 0.119042
1604 17 0.045215
1605 17 0.117210
1606 17 0.113500
1607 17 0.137224
1608 17 0.131123
1609 17 0.122877
1610 17 0.074412
1611 17 0.070936
1612 17 0.085976
1613 17 0.150506
1614 17 0.104935
1615 17 0.046473
1616 17 0.111869
1617 17 0.190235
1618 17 0.089903
1619 17 0.064262
1620 17 0.105571
1621 17 0.061953
1622 17 0.087342
1623 17 0.072589
1624 17 0.100954
1625 17 0.033668
1626 17 0.118644
1627 17 0.092529
1628 17 0.092761
1629 17 0.049359
1630 17 0.049441
1631 17 0.120586
1632 17 0.087182
1633 17 0.148092
1634 17 0.051538
1635 17 0.111507
1636 17 0.124257
1637 17 0.098894
1638 17 0.103930
1639 17 0.082964
1640 17 0.137856
1641 17 0.139923
1642 17 0.065872
1643 17 0.027950
1644 17 0.137424
1645 17 0.050862
1646 17 0.108229
1647 17 0.104725
1648 17 0.145550
1649 17 0.054467
1650 17 0.100503
1651 17 0.091599
1652 17 0.066876
1653 17 0.081311
1654 17 0.127240
1655 17 0.120995
1656 17 0.018189
1657 17 0.092328
1658 17 0.105932
1659 17 0.154680
1660 17 0.114847
1661 17 0.078109
1662 17 0.131344
1663 17 0.064783
1664 17 0.105449
1665 17 0.020136
1666 17 0.112997
1667 17 0.059593
1668 17 0.152840
1669 17 0.094992
1670 17 0.124739
1671 17 0.107966
1672 17 0.118408
1673 17 0.142286
1674 17 0.122678
1675 17 0.094270
1676 17 0.152119
1677 17 0.163785
1678 17 0.131815
1679 17 0.066474
1680 17 0.143570
1681 17 0.160423
1682 17 0.115921
1683 17 0.131587
1684 17 0.128458
1685 17 0.147214
1686 17 0.119088
1687 17 0.113081
1688 17 0.046161
1689 17 0.122641
1690 17 0.147765
1691 17 0.133110
1692 17 0.106068
1693 17 0.077244
1694 17 0.084055
1695 17 0.033794
1696 17 0.059903
1697 17 0.088826
1698 17 0.103879
1699 17 0.112169
1700 18 0.038069
1701 18 0.086546
1702 18 0.100120
1703 18 0.215449
1704 18 0.116898
1705 18 0.113202
1706 18 0.082219
1707 18 0.180196
1708 18 0.064265
1709 18 0.085462
1710 18 0.065757
1711 18 0.140412
1712 18 0.069243
1713 18 0.045937
1714 18 0.189166
1715 18 0.086461
1716 18 0.116304
1717 18 0.177735
1718 18 0.090106
1719 18 0.092894
1720 18 0.078391
1721 18 0.062935
1722 18 0.089494
1723 18 0.102252
1724 18 0.088175
1725 18 0.091574
1726 18 0.030784
1727 18 0.077580
1728 18 0.118188
1729 18 0.078213
1730 18 0.133447
1731 18 0.131506
1732 18 0.085256
1733 18 0.122554
1734 18 0.114965
1735 18 0.089385
1736 18 0.090255
1737 18 0.061588
1738 18 0.087189
1739 18 0.074345
1740 18 0.128200
1741 18 0.039253
1742 18 0.045511
1743 18 0.083581
1744 18 0.072081
1745 18 0.145959
1746 18 0.101098
1747 18 0.185710
1748 18 0.139305
1749 18 0.168513
1750 18 0.095449
1751 18 0.100818
1752 18 0.126618
1753 18 0.109931
1754 18 0.087376
1755 18 0.090961
1756 18 0.064697
1757 18 0.090695
1758 18 0.124241
1759 18 0.098511
1760 18 0.124776
1761 18 0.093227
1762 18 0.081938
1763 18 0.089666
1764 18 0.078577
1765 18 0.108413
1766 18 0.120069
1767 18 0.092728
1768 18 0.109249
1769 18 0.123862
1770 18 0.101410
1771 18 0.151997
1772 18 0.176600
1773 18 0.018018
1774 18 0.100210
1775 18 0.088405
1776 18 0.145993
1777 18 0.088247
1778 18 0.101266
1779 18 0.133512
1780 18 0.114303
1781 18 0.088410
1782 18 0.104023
1783 18 0.104244
1784 18 0.137440
1785 18 0.091837
1786 18 0.032868
1787 18 0.071199
1788 18 0.134177
1789 18 0.119794
1790 18 0.140726
1791 18 0.110083
1792 18 0.111458
1793 18 0.099288
1794 18 0.054345
1795 18 0.044625
1796 18 0.019755
1797 18 0.087860
1798 18 0.105467
1799 18 0.136346
1800 19 0.136271
1801 19 0.083404
1802 19 0.185674
1803 19 0.086200
1804 19 0.068721
1805 19 0.159772
1806 19 0.085969
1807 19 0.090216
1808 19 0.103730
1809 19 0.151021
1810 19 0.046149
1811 19 0.037053
1812 19 0.090252
1813 19 0.099200
1814 19 0.078452
1815 19 0.069595
1816 19 0.132571
1817 19 0.100468
1818 19 0.132711
1819 19 0.094364
1820 19 0.092097
1821 19 0.167082
1822 19 0.119990
1823 19 0.017756
1824 19 0.112981
1825 19 0.115052
1826 19 0.126981
1827 19 0.175968
1828 19 0.112422
1829 19 0.141743
1830 19 0.103217
1831 19 0.121840
1832 19 0.059262
1833 19 0.115079
1834 19 0.098623
1835 19 0.044536
1836 19 0.107644
1837 19 0.084789
1838 19 0.121467
1839 19 0.125584
1840 19 0.097316
1841 19 0.073958
1842 19 0.096128
1843 19 0.136948
1844 19 0.128631
1845 19 0.062682
1846 19 0.078375
1847 19 0.038906
1848 19 0.036386
1849 19 0.113843
1850 19 0.114059
1851 19 0.019403
1852 19 0.074078
1853 19 0.109735
1854 19 0.064998
1855 19 0.172909
1856 19 0.110405
1857 19 0.075149
1858 19 0.040832
1859 19 0.107111
1860 19 0.128018
1861 19 0.069435
1862 19 0.080235
1863 19 0.112213
1864 19 0.129930
1865 19 0.127143
1866 19 0.092139
1867 19 0.106809
1868 19 0.152585
1869 19 0.088348
1870 19 0.091226
1871 19 0.116428
1872 19 0.078347
1873 19 0.105037
1874 19 0.133697
1875 19 0.096515
1876 19 0.125240
1877 19 0.066130
1878 19 0.127402
1879 19 0.114327
1880 19 0.096080
1881 19 0.072308
1882 19 0.113678
1883 19 0.102486
1884 19 0.078866
1885 19 0.106515
1886 19 0.109815
1887 19 0.132236
1888 19 0.038772
1889 19 0.061967
1890 19 0.100056
1891 19 0.107295
1892 19 0.124141
1893 19 0.114555
1894 19 0.154590
1895 19 0.084379
1896 19 0.128942
1897 19 0.049012
1898 19 0.131605
1899 19 0.144925
1900 20 0.041737
1901 20 0.081395
1902 20 0.034215
1903 20 0.080844
1904 20 0.119846
1905 20 0.158941
1906 20 0.072597
1907 20 0.104793
1908 20 0.134117
1909 20 0.081321
1910 20 0.107025
1911 20 0.032056
1912 20 0.117116
1913 20 0.070037
1914 20 0.131644
1915 20 0.125031
1916 20 0.118625
1917 20 0.143712
1918 20 0.090939
1919 20 0.070629
1920 20 0.132373
1921 20 0.102958
1922 20 0.080244
1923 20 0.100360
1924 20 0.117960
1925 20 0.096314
1926 20 0.190130
1927 20 0.165734
1928 20 0.085427
1929 20 0.090246
1930 20 0.121828
1931 20 0.098470
1932 20 0.093433
1933 20 0.099204
1934 20 0.133448
1935 20 0.103478
1936 20 0.101075
1937 20 0.030216
1938 20 0.146925
1939 20 0.091702
1940 20 0.119864
1941 20 0.119626
1942 20 0.063466
1943 20 0.073865
1944 20 0.092852
1945 20 0.102255
1946 20 0.127388
1947 20 0.099822
1948 20 0.150403
1949 20 0.089151
1950 20 0.125667
1951 20 0.079537
1952 20 0.124160
1953 20 0.062750
1954 20 0.069568
1955 20 0.113498
1956 20 0.074552
1957 20 0.106115
1958 20 0.102531
1959 20 0.100535
1960 20 0.094951
1961 20 0.046477
1962 20 0.081542
1963 20 0.019139
1964 20 0.051507
1965 20 0.097505
1966 20 0.040418
1967 20 0.116998
1968 20 0.076166
1969 20 0.143899
1970 20 0.084954
1971 20 0.070180
1972 20 0.127207
1973 20 0.100593
1974 20 0.105693
1975 20 0.065224
1976 20 0.090684
1977 20 0.106874
1978 20 0.146057
1979 20 0.145385
1980 20 0.077619
1981 20 0.099392
1982 20 0.086118
1983 20 0.103315
1984 20 0.153577
1985 20 0.101817
1986 20 0.060604
1987 20 0.079059
1988 20 0.074752
1989 20 0.186393
1990 20 0.096480
1991 20 0.027512
1992 20 0.088832
1993 20 0.082307
1994 20 0.093226
1995 20 0.132049
1996 20 0.168897
1997 20 0.106871
1998 20 0.052547
1999 20 0.083284
2000 21 0.134538
2001 21 0.077530
2002 21 0.046917
2003 21 0.111835
2004 21 0.099547
2005 21 0.082691
2006 21 0.056671
2007 21 0.083079
2008 21 0.067998
2009 21 0.126209
2010 21 0.080808
2011 21 0.086393
2012 21 0.135218
2013 21 0.110442
2014 21 0.123869
2015 21 0.075221
2016 21 0.079333
2017 21 0.107560
2018 21 0.103613
2019 21 0.127354
2020 21 0.104144
2021 21 0.129740
2022 21 0.120020
2023 21 0.078502
2024 21 0.062037
2025 21 0.099630
2026 21 0.108541
2027 21 0.124512
2028 21 0.108130
2029 21 0.088035
2030 21 0.076020
2031 21 0.086105
2032 21 0.097546
2033 21 0.121331
2034 21 0.049336
2035 21 0.092922
2036 21 0.084407
2037 21 0.042579
2038 21 0.127565
2039 21 0.096449
2040 21 0.070721
2041 21 0.064089
2042 21 0.047937
2043 21 0.088363
2044 21 0.084042
2045 21 0.114648
2046 21 0.088355
2047 21 0.108404
2048 21 0.148680
2049 21 0.094865
2050 21 0.036947
2051 21 0.084337
2052 21 0.052374
2053 21 0.096267
2054 21 0.089871
2055 21 0.072697
2056 21 0.166459
2057 21 0.109644
2058 21 0.018950
2059 21 0.096542
2060 21 0.118303
2061 21 0.075829
2062 21 0.077013
2063 21 0.094767
2064 21 0.150392
2065 21 0.116153
2066 21 0.145310
2067 21 0.153534
2068 21 0.061338
2069 21 0.101432
2070 21 0.128681
2071 21 0.090556
2072 21 0.134863
2073 21 0.125850
2074 21 0.098022
2075 21 0.097322
2076 21 0.131066
2077 21 0.142230
2078 21 0.082519
2079 21 0.157474
2080 21 0.066206
2081 21 0.122343
2082 21 0.134017
2083 21 0.116845
2084 21 0.017177
2085 21 0.060683
2086 21 0.078944
2087 21 0.083028
2088 21 0.096537
2089 21 0.204234
2090 21 0.153502
2091 21 0.033391
2092 21 0.150752
2093 21 0.162088
2094 21 0.031971
2095 21 0.130476
2096 21 0.098536
2097 21 0.084061
2098 21 0.113259
2099 21 0.030980
2100 22 0.131066
2101 22 0.073066
2102 22 0.093819
2103 22 0.088604
2104 22 0.142783
2105 22 0.154405
2106 22 0.098148
2107 22 0.125217
2108 22 0.103419
2109 22 0.017005
2110 22 0.114828
2111 22 0.107961
2112 22 0.094505
2113 22 0.140483
2114 22 0.018600
2115 22 0.062260
2116 22 0.093139
2117 22 0.055762
2118 22 0.117772
2119 22 0.100372
2120 22 0.063976
2121 22 0.116513
2122 22 0.099064
2123 22 0.129392
2124 22 0.104505
2125 22 0.109100
2126 22 0.120916
2127 22 0.066840
2128 22 0.155593
2129 22 0.068080
2130 22 0.031399
2131 22 0.099747
2132 22 0.052223
2133 22 0.115816
2134 22 0.106756
2135 22 0.101701
2136 22 0.155656
2137 22 0.110132
2138 22 0.107742
2139 22 0.128712
2140 22 0.085072
2141 22 0.155536
2142 22 0.059499
2143 22 0.062881
2144 22 0.054812
2145 22 0.028562
2146 22 0.109392
2147 22 0.110650
2148 22 0.118140
2149 22 0.102046
2150 22 0.118802
2151 22 0.051110
2152 22 0.082481
2153 22 0.059942
2154 22 0.121934
2155 22 0.067681
2156 22 0.052861
2157 22 0.118755
2158 22 0.093260
2159 22 0.090461
2160 22 0.171859
2161 22 0.037449
2162 22 0.080466
2163 22 0.080573
2164 22 0.109812
2165 22 0.101085
2166 22 0.101637
2167 22 0.126192
2168 22 0.077250
2169 22 0.141062
2170 22 0.114126
2171 22 0.108280
2172 22 0.089648
2173 22 0.142686
2174 22 0.085746
2175 22 0.059258
2176 22 0.101604
2177 22 0.041272
2178 22 0.084236
2179 22 0.111574
2180 22 0.093034
2181 22 0.076871
2182 22 0.123242
2183 22 0.102290
2184 22 0.079896
2185 22 0.151102
2186 22 0.131495
2187 22 0.139789
2188 22 0.079295
2189 22 0.141379
2190 22 0.123358
2191 22 0.042779
2192 22 0.045733
2193 22 0.103038
2194 22 0.101208
2195 22 0.062196
2196 22 0.089443
2197 22 0.077240
2198 22 0.109380
2199 22 0.036628
2200 23 0.115948
2201 23 0.093714
2202 23 0.146087
2203 23 0.094939
2204 23 0.128014
2205 23 0.070148
2206 23 0.025346
2207 23 0.113120
2208 23 0.042871
2209 23 0.055435
2210 23 0.035877
2211 23 0.109851
2212 23 0.123750
2213 23 0.124473
2214 23 0.089263
2215 23 0.104827
2216 23 0.105388
2217 23 0.108155
2218 23 0.132985
2219 23 0.090667
2220 23 0.108050
2221 23 0.134372
2222 23 0.130202
2223 23 0.105319
2224 23 0.053769
2225 23 0.104543
2226 23 0.103110
2227 23 0.102441
2228 23 0.081776
2229 23 0.016886
2230 23 0.097886
2231 23 0.095001
2232 23 0.073856
2233 23 0.091670
2234 23 0.100094
2235 23 0.089299
2236 23 0.063344
2237 23 0.123524
2238 23 0.083328
2239 23 0.117731
2240 23 0.078711
2241 23 0.089368
2242 23 0.101331
2243 23 0.058064
2244 23 0.086558
2245 23 0.085215
2246 23 0.095546
2247 23 0.106775
2248 23 0.081020
2249 23 0.085661
2250 23 0.121046
2251 23 0.095411
2252 23 0.150806
2253 23 0.126432
2254 23 0.082688
2255 23 0.056352
2256 23 0.102658
2257 23 0.039491
2258 23 0.069847
2259 23 0.139372
2260 23 0.095291
2261 23 0.047017
2262 23 0.138962
2263 23 0.091645
2264 23 0.057525
2265 23 0.120848
2266 23 0.076276
2267 23 0.092484
2268 23 0.119621
2269 23 0.114118
2270 23 0.115411
2271 23 0.093436
2272 23 0.157061
2273 23 0.084566
2274 23 0.106432
2275 23 0.112145
2276 23 0.030445
2277 23 0.127526
2278 23 0.124757
2279 23 0.101113
2280 23 0.098579
2281 23 0.081694
2282 23 0.104781
2283 23 0.068251
2284 23 0.095465
2285 23 0.086135
2286 23 0.075774
2287 23 0.157642
2288 23 0.089879
2289 23 0.085262
2290 23 0.060079
2291 23 0.101819
2292 23 0.121318
2293 23 0.064404
2294 23 0.091954
2295 23 0.018387
2296 23 0.116775
2297 23 0.040164
2298 23 0.091493
2299 23 0.089983
2300 24 0.165802
2301 24 0.126033
2302 24 0.143621
2303 24 0.098935
2304 24 0.084319
2305 24 0.130002
2306 24 0.121131
2307 24 0.134146
2308 24 0.141989
2309 24 0.070014
2310 24 0.141706
2311 24 0.132000
2312 24 0.115817
2313 24 0.108589
2314 24 0.120621
2315 24 0.092699
2316 24 0.118025
2317 24 0.100238
2318 24 0.115387
2319 24 0.089521
2320 24 0.127949
2321 24 0.072803
2322 24 0.050712
2323 24 0.058112
2324 24 0.130934
2325 24 0.026769
2326 24 0.056871
2327 24 0.055391
2328 24 0.068467
2329 24 0.052055
2330 24 0.088549
2331 24 0.056627
2332 24 0.082506
2333 24 0.098538
2334 24 0.118013
2335 24 0.089227
2336 24 0.159138
2337 24 0.132790
2338 24 0.086835
2339 24 0.117572
2340 24 0.115264
2341 24 0.053516
2342 24 0.081378
2343 24 0.107859
2344 24 0.115519
2345 24 0.166289
2346 24 0.096603
2347 24 0.119690
2348 24 0.098741
2349 24 0.069296
2350 24 0.060373
2351 24 0.114672
2352 24 0.092917
2353 24 0.104481
2354 24 0.058411
2355 24 0.097847
2356 24 0.092038
2357 24 0.134445
2358 24 0.139322
2359 24 0.067495
2360 24 0.079113
2361 24 0.104671
2362 24 0.047447
2363 24 0.092551
2364 24 0.068322
2365 24 0.092340
2366 24 0.086532
2367 24 0.102826
2368 24 0.078170
2369 24 0.110156
2370 24 0.089972
2371 24 0.110066
2372 24 0.094237
2373 24 0.089136
2374 24 0.093425
2375 24 0.098219
2376 24 0.036611
2377 24 0.093457
2378 24 0.045004
2379 24 0.096844
2380 24 0.118893
2381 24 0.043056
2382 24 0.066067
2383 24 0.082025
2384 24 0.085476
2385 24 0.088226
2386 24 0.016645
2387 24 0.118676
2388 24 0.082346
2389 24 0.095335
2390 24 0.086156
2391 24 0.073115
2392 24 0.080899
2393 24 0.106708
2394 24 0.039314
2395 24 0.137752
2396 24 0.087621
2397 24 0.103013
2398 24 0.037446
2399 24 0.067069
2400 25 0.070364
2401 25 0.134721
2402 25 0.124409
2403 25 0.076152
2404 25 0.071584
2405 25 0.071600
2406 25 0.045815
2407 25 0.095877
2408 25 0.082492
2409 25 0.130301
2410 25 0.087240
2411 25 0.096113
2412 25 0.089125
2413 25 0.161806
2414 25 0.086617
2415 25 0.108915
2416 25 0.078394
2417 25 0.068250
2418 25 0.130028
2419 25 0.092331
2420 25 0.144688
2421 25 0.086416
2422 25 0.040694
2423 25 0.068391
2424 25 0.052706
2425 25 0.092874
2426 25 0.077153
2427 25 0.045734
2428 25 0.055491
2429 25 0.080723
2430 25 0.109396
2431 25 0.063027
2432 25 0.157032
2433 25 0.166163
2434 25 0.116612
2435 25 0.075282
2436 25 0.058356
2437 25 0.104731
2438 25 0.074708
2439 25 0.136293
2440 25 0.125289
2441 25 0.150046
2442 25 0.083226
2443 25 0.088315
2444 25 0.131833
2445 25 0.077186
2446 25 0.016256
2447 25 0.036427
2448 25 0.084156
2449 25 0.072235
2450 25 0.066892
2451 25 0.052391
2452 25 0.133218
2453 25 0.078401
2454 25 0.084243
2455 25 0.100982
2456 25 0.086634
2457 25 0.042532
2458 25 0.093650
2459 25 0.121682
2460 25 0.147468
2461 25 0.069686
2462 25 0.089130
2463 25 0.085601
2464 25 0.099188
2465 25 0.065836
2466 25 0.101776
2467 25 0.124755
2468 25 0.098963
2469 25 0.073623
2470 25 0.082912
2471 25 0.142442
2472 25 0.084567
2473 25 0.089861
2474 25 0.103971
2475 25 0.043054
2476 25 0.143127
2477 25 0.064948
2478 25 0.103167
2479 25 0.079626
2480 25 0.104675
2481 25 0.060762
2482 25 0.148864
2483 25 0.031541
2484 25 0.116702
2485 25 0.080420
2486 25 0.096337
2487 25 0.074626
2488 25 0.043762
2489 25 0.106024
2490 25 0.085821
2491 25 0.056761
2492 25 0.135023
2493 25 0.076832
2494 25 0.110644
2495 25 0.124388
2496 25 0.103146
2497 25 0.162718
2498 25 0.060261
2499 25 0.031953
2500 26 0.123131
2501 26 0.124819
2502 26 0.058313
2503 26 0.045083
2504 26 0.066100
2505 26 0.095461
2506 26 0.061195
2507 26 0.073817
2508 26 0.102938
2509 26 0.091869
2510 26 0.068042
2511 26 0.031238
2512 26 0.089240
2513 26 0.043671
2514 26 0.108591
2515 26 0.102609
2516 26 0.082699
2517 26 0.036083
2518 26 0.121597
2519 26 0.124891
2520 26 0.093047
2521 26 0.075735
2522 26 0.098005
2523 26 0.085282
2524 26 0.124605
2525 26 0.086333
2526 26 0.059538
2527 26 0.058775
2528 26 0.067581
2529 26 0.054682
2530 26 0.110778
2531 26 0.098444
2532 26 0.075004
2533 26 0.073584
2534 26 0.142956
2535 26 0.086465
2536 26 0.079880
2537 26 0.068383
2538 26 0.030339
2539 26 0.118806
2540 26 0.118046
2541 26 0.113157
2542 26 0.038044
2543 26 0.076241
2544 26 0.094900
2545 26 0.090961
2546 26 0.092643
2547 26 0.075130
2548 26 0.103836
2549 26 0.122410
2550 26 0.088541
2551 26 0.016297
2552 26 0.172591
2553 26 0.086843
2554 26 0.089371
2555 26 0.182570
2556 26 0.100310
2557 26 0.110529
2558 26 0.132993
2559 26 0.118987
2560 26 0.039851
2561 26 0.135589
2562 26 0.117172
2563 26 0.109484
2564 26 0.079553
2565 26 0.084003
2566 26 0.087594
2567 26 0.114371
2568 26 0.089000
2569 26 0.077751
2570 26 0.121368
2571 26 0.109278
2572 26 0.090742
2573 26 0.091982
2574 26 0.091394
2575 26 0.087660
2576 26 0.119303
2577 26 0.082962
2578 26 0.062243
2579 26 0.087632
2580 26 0.142513
2581 26 0.099395
2582 26 0.138904
2583 26 0.067585
2584 26 0.079422
2585 26 0.056214
2586 26 0.089579
2587 26 0.099158
2588 26 0.151589
2589 26 0.085247
2590 26 0.031388
2591 26 0.072767
2592 26 0.017492
2593 26 0.092535
2594 26 0.093991
2595 26 0.104925
2596 26 0.154084
2597 26 0.102475
2598 26 0.071900
2599 26 0.058875
2600 27 0.091906
2601 27 0.070931
2602 27 0.128840
2603 27 0.087648
2604 27 0.039706
2605 27 0.098980
2606 27 0.114951
2607 27 0.140402
2608 27 0.107065
2609 27 0.103838
2610 27 0.053143
2611 27 0.083133
2612 27 0.074871
2613 27 0.081618
2614 27 0.166408
2615 27 0.080218
2616 27 0.072923
2617 27 0.106491
2618 27 0.098690
2619 27 0.055163
2620 27 0.104308
2621 27 0.089024
2622 27 0.094704
2623 27 0.142353
2624 27 0.103408
2625 27 0.040766
2626 27 0.056872
2627 27 0.113512
2628 27 0.105481
2629 27 0.082826
2630 27 0.133610
2631 27 0.147375
2632 27 0.139067
2633 27 0.068943
2634 27 0.083326
2635 27 0.059485
2636 27 0.114104
2637 27 0.075860
2638 27 0.072403
2639 27 0.107460
2640 27 0.084677
2641 27 0.090042
2642 27 0.099936
2643 27 0.085484
2644 27 0.087052
2645 27 0.083206
2646 27 0.096546
2647 27 0.065690
2648 27 0.017424
2649 27 0.072304
2650 27 0.108825
2651 27 0.120809
2652 27 0.075971
2653 27 0.091453
2654 27 0.113272
2655 27 0.082048
2656 27 0.094034
2657 27 0.034916
2658 27 0.110574
2659 27 0.086728
2660 27 0.126513
2661 27 0.103985
2662 27 0.168049
2663 27 0.061136
2664 27 0.060436
2665 27 0.071942
2666 27 0.016080
2667 27 0.118071
2668 27 0.084258
2669 27 0.111050
2670 27 0.100698
2671 27 0.091808
2672 27 0.080565
2673 27 0.096353
2674 27 0.077380
2675 27 0.105884
2676 27 0.054587
2677 27 0.059853
2678 27 0.055391
2679 27 0.091765
2680 27 0.108619
2681 27 0.061578
2682 27 0.063505
2683 27 0.094849
2684 27 0.037017
2685 27 0.103443
2686 27 0.065863
2687 27 0.072939
2688 27 0.109294
2689 27 0.155450
2690 27 0.168042
2691 27 0.102884
2692 27 0.081037
2693 27 0.103012
2694 27 0.102790
2695 27 0.122559
2696 27 0.085009
2697 27 0.105804
2698 27 0.058125
2699 27 0.094077
