# Batch convergence for: model=snn-ae encoding=poisson architecture=conv1d v_th=1.5 alpha=0.8 run=2
batch_num epoch batch_loss
0 1 0.082520
1 1 0.089830
2 1 0.271784
3 1 0.135030
4 1 0.982494
5 1 0.112870
6 1 0.329248
7 1 0.123941
8 1 0.037052
9 1 0.289599
10 1 0.051704
11 1 0.332120
12 1 0.269181
13 1 0.264828
14 1 0.106703
15 1 0.085781
16 1 0.143188
17 1 0.461472
18 1 0.225729
19 1 0.118155
20 1 0.073603
21 1 0.021429
22 1 0.079395
23 1 0.239693
24 1 0.130313
25 1 0.428788
26 1 0.108075
27 1 0.140034
28 1 0.176096
29 1 0.206245
30 1 0.282406
31 1 0.155791
32 1 0.519801
33 1 0.126848
34 1 0.110918
35 1 0.146590
36 1 0.263886
37 1 0.159888
38 1 0.028678
39 1 0.060178
40 1 0.157262
41 1 0.114301
42 1 0.109929
43 1 0.071464
44 1 0.074389
45 1 0.048598
46 1 0.180992
47 1 0.409977
48 1 0.126761
49 1 0.299803
50 1 0.018431
51 1 0.304845
52 1 0.100127
53 1 0.016463
54 1 1.202732
55 1 0.116114
56 1 0.420692
57 1 0.259215
58 1 0.066792
59 1 0.171752
60 1 0.101077
61 1 0.172644
62 1 0.271002
63 1 0.135937
64 1 0.115017
65 1 0.038797
66 1 0.010620
67 1 0.893427
68 1 0.077089
69 1 0.046080
70 1 0.217058
71 1 0.015477
72 1 0.018871
73 1 0.157645
74 1 0.162296
75 1 0.174339
76 1 0.087374
77 1 0.374514
78 1 0.153827
79 1 0.096455
80 1 1.192548
81 1 0.116156
82 1 0.069508
83 1 0.142994
84 1 0.190924
85 1 0.388020
86 1 0.085560
87 1 0.279247
88 1 0.159120
89 1 0.099710
90 1 0.036097
91 1 0.244257
92 1 0.019738
93 1 0.088843
94 1 0.112893
95 1 0.191467
96 1 0.118027
97 1 0.059317
98 1 0.112608
99 1 0.210165
100 2 0.148515
101 2 0.067735
102 2 0.076757
103 2 0.083972
104 2 0.125413
105 2 0.119400
106 2 0.157905
107 2 0.076402
108 2 0.081520
109 2 0.112487
110 2 0.154654
111 2 0.018282
112 2 0.158403
113 2 1.162151
114 2 0.080050
115 2 0.169291
116 2 0.078480
117 2 0.050904
118 2 0.035949
119 2 0.111812
120 2 0.075194
121 2 0.028346
122 2 0.015371
123 2 0.078468
124 2 0.036304
125 2 0.129677
126 2 0.317867
127 2 0.114523
128 2 0.180648
129 2 0.187560
130 2 0.171060
131 2 0.095892
132 2 0.173620
133 2 0.071870
134 2 0.186552
135 2 0.217906
136 2 0.051520
137 2 0.210234
138 2 0.217784
139 2 0.499452
140 2 0.097584
141 2 0.293526
142 2 0.289182
143 2 0.067758
144 2 0.110676
145 2 0.087831
146 2 0.258202
147 2 0.088837
148 2 0.104372
149 2 0.103398
150 2 0.019591
151 2 0.050746
152 2 0.116395
153 2 0.055431
154 2 0.085625
155 2 0.010493
156 2 0.794598
157 2 0.054030
158 2 0.125067
159 2 0.118022
160 2 0.211492
161 2 0.104123
162 2 0.088559
163 2 0.202239
164 2 0.073430
165 2 0.118160
166 2 0.018675
167 2 0.070396
168 2 0.234555
169 2 0.188691
170 2 0.038227
171 2 0.802102
172 2 0.136914
173 2 0.208374
174 2 0.072264
175 2 0.213660
176 2 0.111961
177 2 0.016152
178 2 0.114511
179 2 0.108680
180 2 0.527462
181 2 0.073264
182 2 0.058728
183 2 0.272781
184 2 0.383091
185 2 0.021002
186 2 0.142935
187 2 0.138434
188 2 0.140957
189 2 0.275771
190 2 0.147240
191 2 0.058592
192 2 0.087875
193 2 0.327922
194 2 1.087643
195 2 0.180232
196 2 0.200495
197 2 0.045507
198 2 0.048273
199 2 0.071796
200 3 0.175389
201 3 0.156339
202 3 0.035816
203 3 0.121830
204 3 0.010419
205 3 0.136399
206 3 0.103551
207 3 0.015215
208 3 1.015419
209 3 0.047573
210 3 0.073939
211 3 0.037993
212 3 0.244474
213 3 0.253705
214 3 0.135140
215 3 0.034737
216 3 0.231575
217 3 0.067985
218 3 1.018746
219 3 0.018562
220 3 0.093094
221 3 0.066332
222 3 0.060238
223 3 0.136443
224 3 0.134256
225 3 0.058239
226 3 0.080377
227 3 0.209570
228 3 0.158113
229 3 0.019375
230 3 0.102413
231 3 0.018036
232 3 0.058150
233 3 0.177289
234 3 0.171246
235 3 0.175849
236 3 0.077429
237 3 0.182705
238 3 0.075359
239 3 0.259877
240 3 0.116432
241 3 0.112731
242 3 0.123625
243 3 0.187403
244 3 0.187699
245 3 0.072686
246 3 0.071458
247 3 0.106585
248 3 0.140695
249 3 0.054610
250 3 0.110723
251 3 0.182919
252 3 0.736450
253 3 0.084464
254 3 0.085857
255 3 0.045236
256 3 0.102758
257 3 0.069600
258 3 0.115958
259 3 0.049999
260 3 0.135924
261 3 0.156890
262 3 0.271470
263 3 0.049846
264 3 0.086448
265 3 0.210881
266 3 0.098136
267 3 0.113188
268 3 0.181360
269 3 0.218358
270 3 0.047702
271 3 0.078603
272 3 0.066642
273 3 0.348392
274 3 0.052136
275 3 0.086977
276 3 0.020821
277 3 0.015949
278 3 0.150233
279 3 0.122668
280 3 0.067936
281 3 0.075277
282 3 0.092749
283 3 0.049108
284 3 0.667181
285 3 0.148314
286 3 0.204979
287 3 0.149709
288 3 0.053062
289 3 0.050135
290 3 0.071197
291 3 0.184117
292 3 0.110690
293 3 0.106241
294 3 0.199774
295 3 0.035042
296 3 0.094090
297 3 0.234408
298 3 0.133590
299 3 0.236893
300 4 0.211737
301 4 0.083927
302 4 0.142854
303 4 0.127612
304 4 0.049997
305 4 0.172377
306 4 0.046999
307 4 0.167759
308 4 0.321405
309 4 0.097245
310 4 0.093910
311 4 0.076793
312 4 0.090690
313 4 0.049508
314 4 0.109920
315 4 0.057568
316 4 0.015063
317 4 0.051882
318 4 0.144606
319 4 0.203041
320 4 0.220558
321 4 0.037463
322 4 0.115215
323 4 0.232062
324 4 0.102217
325 4 0.158137
326 4 0.101460
327 4 0.070771
328 4 0.015850
329 4 0.048833
330 4 0.112796
331 4 0.172219
332 4 0.153512
333 4 0.222958
334 4 0.076162
335 4 0.049552
336 4 0.035007
337 4 0.128809
338 4 0.052705
339 4 0.067272
340 4 0.066142
341 4 0.086674
342 4 0.133393
343 4 0.010298
344 4 0.692421
345 4 0.251686
346 4 0.085649
347 4 0.732941
348 4 0.044848
349 4 0.074618
350 4 0.163222
351 4 0.047125
352 4 0.152655
353 4 0.136571
354 4 0.017872
355 4 0.064916
356 4 0.094244
357 4 0.206365
358 4 0.137944
359 4 0.020670
360 4 0.018353
361 4 0.154317
362 4 0.115916
363 4 0.211313
364 4 0.202454
365 4 0.130284
366 4 0.074494
367 4 0.195757
368 4 0.027568
369 4 0.079113
370 4 0.034704
371 4 0.019071
372 4 0.116244
373 4 0.105127
374 4 0.077786
375 4 0.068681
376 4 0.080341
377 4 0.070496
378 4 0.066326
379 4 0.120635
380 4 0.111900
381 4 0.101043
382 4 0.357984
383 4 1.068483
384 4 0.100822
385 4 0.081224
386 4 0.214485
387 4 0.363520
388 4 0.071585
389 4 0.080049
390 4 0.126245
391 4 0.137995
392 4 0.143638
393 4 0.137344
394 4 0.101516
395 4 0.984142
396 4 0.070360
397 4 0.177941
398 4 0.343445
399 4 0.057548
400 5 0.082902
401 5 0.263163
402 5 0.034595
403 5 0.046453
404 5 0.135975
405 5 0.037077
406 5 0.084227
407 5 0.731650
408 5 0.048893
409 5 0.221690
410 5 0.259429
411 5 0.995155
412 5 0.033550
413 5 0.020563
414 5 0.080857
415 5 0.129526
416 5 0.017765
417 5 0.091088
418 5 0.095327
419 5 0.122033
420 5 0.309694
421 5 0.015686
422 5 0.070065
423 5 0.052075
424 5 0.132318
425 5 0.101085
426 5 0.048934
427 5 0.079601
428 5 0.071188
429 5 0.034392
430 5 0.257304
431 5 0.187541
432 5 0.298796
433 5 0.074076
434 5 0.083636
435 5 0.048927
436 5 0.093038
437 5 0.074935
438 5 0.010214
439 5 0.068637
440 5 0.180689
441 5 0.119301
442 5 0.153515
443 5 0.194284
444 5 0.155551
445 5 0.044478
446 5 0.098088
447 5 0.137125
448 5 0.110219
449 5 0.122122
450 5 0.236848
451 5 0.177990
452 5 0.124275
453 5 0.018200
454 5 0.188787
455 5 0.065878
456 5 0.119211
457 5 0.084219
458 5 0.353336
459 5 0.130182
460 5 0.168849
461 5 0.150021
462 5 0.207183
463 5 0.086757
464 5 0.371558
465 5 0.110797
466 5 0.077016
467 5 0.046303
468 5 0.156084
469 5 0.081419
470 5 0.131616
471 5 0.084313
472 5 0.014911
473 5 0.183717
474 5 0.063646
475 5 0.646605
476 5 0.099799
477 5 0.079384
478 5 0.056414
479 5 0.048022
480 5 0.162577
481 5 0.987530
482 5 0.071777
483 5 0.136732
484 5 0.018838
485 5 0.073689
486 5 0.130377
487 5 0.254469
488 5 0.090195
489 5 0.103303
490 5 0.100429
491 5 0.149974
492 5 0.223323
493 5 0.095341
494 5 0.081682
495 5 0.075266
496 5 0.135694
497 5 0.055639
498 5 0.052714
499 5 0.027184
500 6 0.033070
501 6 0.020430
502 6 0.055584
503 6 0.065005
504 6 0.195338
505 6 0.143592
506 6 0.010199
507 6 0.166481
508 6 0.690514
509 6 0.122187
510 6 0.069504
511 6 0.103804
512 6 0.215432
513 6 0.075076
514 6 0.186663
515 6 0.221851
516 6 0.027128
517 6 0.084259
518 6 0.048206
519 6 0.163708
520 6 0.132242
521 6 0.099323
522 6 0.071399
523 6 0.084558
524 6 0.220620
525 6 0.082955
526 6 0.097146
527 6 0.221109
528 6 0.080393
529 6 0.100018
530 6 0.166582
531 6 0.064992
532 6 0.223100
533 6 0.139391
534 6 0.052432
535 6 0.064614
536 6 0.191551
537 6 0.214286
538 6 0.256319
539 6 0.108168
540 6 0.081473
541 6 0.083620
542 6 0.048073
543 6 0.128477
544 6 0.160151
545 6 0.176477
546 6 0.076344
547 6 0.109815
548 6 0.071944
549 6 0.067627
550 6 0.145096
551 6 0.018765
552 6 0.048303
553 6 0.033914
554 6 0.070322
555 6 0.120548
556 6 0.126243
557 6 0.123980
558 6 0.121968
559 6 0.018132
560 6 0.112350
561 6 0.036425
562 6 0.044060
563 6 0.078458
564 6 0.015521
565 6 0.047581
566 6 0.072635
567 6 0.175236
568 6 0.108928
569 6 0.073114
570 6 0.017621
571 6 0.181987
572 6 0.078574
573 6 0.089054
574 6 0.094623
575 6 0.050579
576 6 0.014832
577 6 0.080503
578 6 0.055783
579 6 0.045593
580 6 0.091319
581 6 0.897650
582 6 0.083367
583 6 0.062579
584 6 0.278908
585 6 0.033650
586 6 0.199425
587 6 0.129001
588 6 0.045570
589 6 0.621144
590 6 0.988115
591 6 0.099426
592 6 0.073036
593 6 0.213230
594 6 0.099551
595 6 0.282407
596 6 0.126533
597 6 0.113672
598 6 0.160117
599 6 0.312145
600 7 0.032559
601 7 0.239458
602 7 0.108457
603 7 0.242054
604 7 0.010196
605 7 0.068681
606 7 0.134952
607 7 0.177961
608 7 0.175386
609 7 0.126725
610 7 0.154984
611 7 0.234216
612 7 0.108331
613 7 0.070742
614 7 0.064065
615 7 0.122603
616 7 0.108988
617 7 0.018670
618 7 0.130073
619 7 0.047405
620 7 0.015466
621 7 0.072793
622 7 0.050850
623 7 0.062105
624 7 0.026877
625 7 0.055408
626 7 0.280099
627 7 0.182992
628 7 0.080189
629 7 0.153274
630 7 0.204111
631 7 0.077881
632 7 0.054465
633 7 0.101639
634 7 0.105504
635 7 0.033369
636 7 0.020297
637 7 0.068705
638 7 0.079958
639 7 0.249612
640 7 0.083539
641 7 0.120395
642 7 0.105605
643 7 0.107342
644 7 0.069661
645 7 0.045186
646 7 0.075602
647 7 0.166537
648 7 0.130670
649 7 0.017578
650 7 0.111433
651 7 0.707929
652 7 0.244081
653 7 0.670759
654 7 0.117864
655 7 0.271481
656 7 0.047153
657 7 0.113011
658 7 0.156546
659 7 0.036054
660 7 0.045184
661 7 0.098729
662 7 0.078724
663 7 0.071201
664 7 0.093702
665 7 0.133319
666 7 0.105828
667 7 0.132362
668 7 0.152774
669 7 0.188790
670 7 0.113116
671 7 0.047694
672 7 0.973137
673 7 0.940982
674 7 0.128991
675 7 0.212622
676 7 0.127719
677 7 0.115413
678 7 0.073877
679 7 0.072403
680 7 0.072408
681 7 0.066381
682 7 0.102399
683 7 0.210908
684 7 0.111847
685 7 0.099343
686 7 0.285406
687 7 0.047213
688 7 0.014819
689 7 0.063603
690 7 0.066320
691 7 0.209306
692 7 0.033412
693 7 0.018050
694 7 0.082592
695 7 0.144359
696 7 0.076330
697 7 0.051315
698 7 0.071156
699 7 0.088061
700 8 0.247176
701 8 0.032066
702 8 0.072217
703 8 0.625690
704 8 0.107052
705 8 0.044962
706 8 0.018580
707 8 0.207461
708 8 0.087924
709 8 0.115502
710 8 0.331288
711 8 0.242264
712 8 0.032944
713 8 0.046889
714 8 0.128405
715 8 0.172780
716 8 0.860331
717 8 0.183959
718 8 0.634191
719 8 0.148362
720 8 0.092584
721 8 0.132442
722 8 0.073472
723 8 0.066045
724 8 0.071230
725 8 0.077045
726 8 0.126901
727 8 0.081853
728 8 0.071864
729 8 0.141717
730 8 0.050207
731 8 0.060998
732 8 0.067396
733 8 0.187972
734 8 0.172529
735 8 0.044589
736 8 0.068979
737 8 0.122771
738 8 0.082120
739 8 0.079559
740 8 0.062699
741 8 0.230463
742 8 0.097857
743 8 0.094864
744 8 0.125431
745 8 0.111998
746 8 0.018050
747 8 0.080756
748 8 0.047283
749 8 0.106680
750 8 0.105299
751 8 0.129196
752 8 0.148845
753 8 0.121877
754 8 0.143420
755 8 0.069703
756 8 0.132972
757 8 0.154183
758 8 0.082298
759 8 0.074739
760 8 0.154251
761 8 0.110659
762 8 0.129261
763 8 0.050883
764 8 0.143129
765 8 0.054514
766 8 0.067570
767 8 0.129147
768 8 0.292724
769 8 0.020229
770 8 0.179668
771 8 0.082372
772 8 0.035633
773 8 0.196035
774 8 0.089453
775 8 0.075739
776 8 0.109976
777 8 0.065618
778 8 0.046280
779 8 0.014809
780 8 0.258935
781 8 0.062446
782 8 0.033149
783 8 0.017558
784 8 0.015380
785 8 0.180113
786 8 0.306135
787 8 0.043359
788 8 0.087251
789 8 0.010243
790 8 0.078711
791 8 0.077665
792 8 0.092538
793 8 0.883835
794 8 0.167064
795 8 0.026563
796 8 0.062962
797 8 0.083432
798 8 0.101524
799 8 0.180923
800 9 0.066965
801 9 0.130548
802 9 0.130671
803 9 0.074498
804 9 0.131393
805 9 0.068619
806 9 0.111481
807 9 0.050640
808 9 0.087060
809 9 0.054305
810 9 0.081158
811 9 0.067288
812 9 0.278154
813 9 0.076380
814 9 0.098088
815 9 0.105849
816 9 0.127230
817 9 0.043281
818 9 0.859265
819 9 0.071098
820 9 0.097223
821 9 0.062094
822 9 0.061949
823 9 0.175608
824 9 0.132084
825 9 0.062756
826 9 0.169958
827 9 0.077341
828 9 0.223832
829 9 0.165892
830 9 0.010266
831 9 0.181624
832 9 0.121366
833 9 0.068865
834 9 0.092134
835 9 0.020189
836 9 0.078751
837 9 0.069248
838 9 0.094167
839 9 0.121547
840 9 0.156051
841 9 0.227017
842 9 0.142487
843 9 0.026461
844 9 0.282774
845 9 0.018476
846 9 0.078261
847 9 0.200385
848 9 0.015349
849 9 0.093927
850 9 0.049276
851 9 0.175587
852 9 0.116835
853 9 0.249738
854 9 0.120838
855 9 0.088791
856 9 0.045761
857 9 0.046265
858 9 0.086464
859 9 0.126446
860 9 0.159128
861 9 0.075127
862 9 0.046837
863 9 0.164968
864 9 0.018010
865 9 0.124746
866 9 0.276845
867 9 0.070029
868 9 0.106623
869 9 0.059897
870 9 0.065197
871 9 0.052584
872 9 0.071293
873 9 0.110011
874 9 0.127888
875 9 0.284221
876 9 0.014813
877 9 0.049491
878 9 0.198555
879 9 0.145723
880 9 0.123488
881 9 0.118761
882 9 0.125028
883 9 0.035337
884 9 0.153904
885 9 0.125100
886 9 0.017531
887 9 0.586448
888 9 0.072517
889 9 0.064793
890 9 0.081388
891 9 0.912018
892 9 0.111776
893 9 0.032182
894 9 0.031251
895 9 0.606683
896 9 0.032812
897 9 0.046175
898 9 0.044207
899 9 0.204588
900 10 0.108721
901 10 0.014815
902 10 0.064633
903 10 0.086217
904 10 0.066690
905 10 0.208661
906 10 0.050062
907 10 0.044156
908 10 0.059547
909 10 0.100504
910 10 0.099581
911 10 0.229564
912 10 0.629349
913 10 0.043042
914 10 0.049317
915 10 0.118327
916 10 0.067067
917 10 0.199826
918 10 0.203750
919 10 0.132068
920 10 0.026357
921 10 0.141577
922 10 0.098937
923 10 0.158583
924 10 0.191427
925 10 0.073719
926 10 0.099569
927 10 0.185338
928 10 0.096322
929 10 0.078227
930 10 0.091396
931 10 0.069715
932 10 0.268366
933 10 0.084755
934 10 0.104720
935 10 0.043566
936 10 0.123427
937 10 0.062969
938 10 0.126397
939 10 0.048973
940 10 0.177177
941 10 0.096901
942 10 0.267416
943 10 0.010340
944 10 0.100441
945 10 0.105018
946 10 0.145173
947 10 0.120616
948 10 0.017549
949 10 0.069580
950 10 0.128499
951 10 0.173624
952 10 0.164178
953 10 0.076475
954 10 0.110624
955 10 0.832794
956 10 0.162289
957 10 0.031900
958 10 0.112031
959 10 0.091563
960 10 0.095424
961 10 0.151823
962 10 0.064664
963 10 0.105800
964 10 0.018425
965 10 0.080822
966 10 0.075278
967 10 0.130610
968 10 0.068548
969 10 0.122893
970 10 0.018030
971 10 0.053467
972 10 0.045829
973 10 0.015336
974 10 0.173727
975 10 0.075413
976 10 0.095789
977 10 0.079774
978 10 0.045864
979 10 0.205977
980 10 0.272663
981 10 0.060893
982 10 0.032570
983 10 0.020140
984 10 0.109906
985 10 0.099664
986 10 0.071898
987 10 0.077567
988 10 0.199977
989 10 0.080813
990 10 0.051764
991 10 0.642133
992 10 0.163224
993 10 0.030887
994 10 0.173382
995 10 0.229383
996 10 0.139736
997 10 0.272855
998 10 0.921496
999 10 0.187269
1000 11 0.911032
1001 11 0.067580
1002 11 0.104181
1003 11 0.296421
1004 11 0.141666
1005 11 0.096870
1006 11 0.017555
1007 11 0.201008
1008 11 0.191567
1009 11 0.074979
1010 11 0.103861
1011 11 0.134412
1012 11 0.102252
1013 11 0.828238
1014 11 0.058691
1015 11 0.160272
1016 11 0.095474
1017 11 0.015331
1018 11 0.168714
1019 11 0.114897
1020 11 0.142835
1021 11 0.174998
1022 11 0.071636
1023 11 0.045690
1024 11 0.079410
1025 11 0.112946
1026 11 0.045549
1027 11 0.080195
1028 11 0.326796
1029 11 0.119807
1030 11 0.230303
1031 11 0.065946
1032 11 0.120401
1033 11 0.326407
1034 11 0.032413
1035 11 0.103896
1036 11 0.120823
1037 11 0.010406
1038 11 0.014891
1039 11 0.046117
1040 11 0.043750
1041 11 0.216771
1042 11 0.090524
1043 11 0.069082
1044 11 0.099770
1045 11 0.113190
1046 11 0.065825
1047 11 0.061662
1048 11 0.068082
1049 11 0.132168
1050 11 0.018030
1051 11 0.129749
1052 11 0.059935
1053 11 0.064105
1054 11 0.244307
1055 11 0.051290
1056 11 0.151482
1057 11 0.063448
1058 11 0.297002
1059 11 0.630495
1060 11 0.103583
1061 11 0.026195
1062 11 0.104039
1063 11 0.259959
1064 11 0.069061
1065 11 0.230827
1066 11 0.095934
1067 11 0.072974
1068 11 0.157530
1069 11 0.074151
1070 11 0.020146
1071 11 0.128214
1072 11 0.180415
1073 11 0.150108
1074 11 0.119087
1075 11 0.044470
1076 11 0.034826
1077 11 0.123969
1078 11 0.052967
1079 11 0.107354
1080 11 0.150782
1081 11 0.018374
1082 11 0.066298
1083 11 0.146135
1084 11 0.130060
1085 11 0.529158
1086 11 0.094964
1087 11 0.030553
1088 11 0.073722
1089 11 0.156862
1090 11 0.049142
1091 11 0.114882
1092 11 0.086710
1093 11 0.075573
1094 11 0.225128
1095 11 0.068682
1096 11 0.122590
1097 11 0.042671
1098 11 0.031419
1099 11 0.170487
1100 12 0.067724
1101 12 0.105471
1102 12 0.145674
1103 12 0.163227
1104 12 0.153583
1105 12 0.058078
1106 12 0.174399
1107 12 0.050974
1108 12 0.122428
1109 12 0.034765
1110 12 0.063892
1111 12 0.076619
1112 12 0.074505
1113 12 0.061353
1114 12 0.107320
1115 12 0.103634
1116 12 0.017600
1117 12 0.196206
1118 12 0.139482
1119 12 0.073497
1120 12 0.128711
1121 12 0.044264
1122 12 0.153869
1123 12 0.094666
1124 12 0.018374
1125 12 0.052764
1126 12 0.149770
1127 12 0.042591
1128 12 0.235653
1129 12 0.069954
1130 12 0.065493
1131 12 0.117128
1132 12 0.137661
1133 12 0.136378
1134 12 0.193817
1135 12 0.163269
1136 12 0.106665
1137 12 0.032219
1138 12 0.534940
1139 12 0.062964
1140 12 0.094047
1141 12 0.166289
1142 12 0.135605
1143 12 0.203311
1144 12 0.146611
1145 12 0.663345
1146 12 0.185306
1147 12 0.096296
1148 12 0.014962
1149 12 0.267564
1150 12 0.265658
1151 12 0.254045
1152 12 0.010513
1153 12 0.048278
1154 12 0.030377
1155 12 0.042569
1156 12 0.108628
1157 12 0.070064
1158 12 0.018081
1159 12 0.124977
1160 12 0.043454
1161 12 0.174334
1162 12 0.079722
1163 12 0.234827
1164 12 0.076254
1165 12 0.137943
1166 12 0.082365
1167 12 0.796571
1168 12 0.065982
1169 12 0.026107
1170 12 0.084168
1171 12 0.131430
1172 12 0.067522
1173 12 0.020171
1174 12 0.072488
1175 12 0.140143
1176 12 0.045251
1177 12 0.114034
1178 12 0.048250
1179 12 0.236835
1180 12 0.256349
1181 12 0.073937
1182 12 0.115201
1183 12 0.031148
1184 12 0.800222
1185 12 0.168518
1186 12 0.015370
1187 12 0.075050
1188 12 0.213306
1189 12 0.107239
1190 12 0.066754
1191 12 0.285389
1192 12 0.112606
1193 12 0.048702
1194 12 0.106199
1195 12 0.094352
1196 12 0.045674
1197 12 0.070842
1198 12 0.219081
1199 12 0.079814
1200 13 0.032093
1201 13 0.048079
1202 13 0.138643
1203 13 0.048645
1204 13 0.220089
1205 13 0.152295
1206 13 0.227735
1207 13 0.139351
1208 13 0.123192
1209 13 0.293726
1210 13 0.173326
1211 13 0.067321
1212 13 0.245242
1213 13 0.128769
1214 13 0.143532
1215 13 0.118422
1216 13 0.232948
1217 13 0.113285
1218 13 0.079285
1219 13 0.045097
1220 13 0.235637
1221 13 0.072943
1222 13 0.135983
1223 13 0.052390
1224 13 0.196258
1225 13 0.018123
1226 13 0.078109
1227 13 0.119062
1228 13 0.141078
1229 13 0.077917
1230 13 0.196808
1231 13 0.020185
1232 13 0.050288
1233 13 0.072197
1234 13 0.086127
1235 13 0.121837
1236 13 0.089205
1237 13 0.069812
1238 13 0.109234
1239 13 0.073636
1240 13 0.068307
1241 13 0.138596
1242 13 0.088695
1243 13 0.058561
1244 13 0.102873
1245 13 0.017648
1246 13 0.034541
1247 13 0.107924
1248 13 0.064984
1249 13 0.018356
1250 13 0.173653
1251 13 0.120676
1252 13 0.121261
1253 13 0.015020
1254 13 0.060864
1255 13 0.063276
1256 13 0.119724
1257 13 0.064286
1258 13 0.229593
1259 13 0.663999
1260 13 0.070584
1261 13 0.093904
1262 13 0.154458
1263 13 0.148239
1264 13 0.083545
1265 13 0.135535
1266 13 0.030942
1267 13 0.026013
1268 13 0.078915
1269 13 0.151594
1270 13 0.157751
1271 13 0.201433
1272 13 0.065632
1273 13 0.096438
1274 13 0.212376
1275 13 0.215975
1276 13 0.162492
1277 13 0.326571
1278 13 0.089060
1279 13 0.179101
1280 13 0.074582
1281 13 0.163160
1282 13 0.093631
1283 13 0.078737
1284 13 0.042376
1285 13 0.066439
1286 13 0.137965
1287 13 0.056970
1288 13 0.042132
1289 13 0.202697
1290 13 0.600828
1291 13 0.029989
1292 13 0.045444
1293 13 0.067521
1294 13 0.782714
1295 13 0.806672
1296 13 0.171015
1297 13 0.058895
1298 13 0.010660
1299 13 0.015407
