# Batch convergence for: model=snn-ae encoding=latency architecture=conv1d v_th=1 alpha=0.9 run=1
batch_num epoch batch_loss
0 1 0.667458
1 1 0.681755
2 1 0.793288
3 1 0.360315
4 1 1.057175
5 1 0.699565
6 1 0.607108
7 1 0.840400
8 1 0.624090
9 1 0.832357
10 1 0.736615
11 1 0.649882
12 1 0.690705
13 1 0.767779
14 1 0.703886
15 1 0.733457
16 1 0.692705
17 1 0.829350
18 1 0.646222
19 1 0.646476
20 1 0.809859
21 1 0.215614
22 1 0.702920
23 1 0.687514
24 1 0.638938
25 1 0.719795
26 1 0.650563
27 1 0.826907
28 1 0.607347
29 1 0.809581
30 1 0.618736
31 1 0.670805
32 1 0.633338
33 1 0.705655
34 1 0.725643
35 1 0.589712
36 1 0.790312
37 1 0.600796
38 1 0.787978
39 1 0.593930
40 1 0.646316
41 1 0.516546
42 1 0.694718
43 1 0.479856
44 1 0.731703
45 1 0.530522
46 1 0.551942
47 1 0.535235
48 1 0.688489
49 1 0.657898
50 1 0.185836
51 1 0.694496
52 1 0.643649
53 1 0.221333
54 1 1.113162
55 1 0.588734
56 1 0.582671
57 1 0.755261
58 1 0.415627
59 1 0.716061
60 1 0.746654
61 1 0.765293
62 1 0.696742
63 1 0.728114
64 1 0.418426
65 1 0.572536
66 1 0.024608
67 1 0.742726
68 1 0.598118
69 1 0.653018
70 1 0.533809
71 1 0.560327
72 1 0.175360
73 1 0.634853
74 1 0.611550
75 1 0.689837
76 1 0.550174
77 1 0.764064
78 1 0.507255
79 1 0.483758
80 1 0.974776
81 1 0.492680
82 1 0.485004
83 1 0.757436
84 1 0.604552
85 1 0.665869
86 1 0.619003
87 1 0.707459
88 1 0.642073
89 1 0.665282
90 1 0.383747
91 1 0.686249
92 1 0.290722
93 1 0.608429
94 1 0.506742
95 1 0.716079
96 1 0.627114
97 1 0.469913
98 1 0.546693
99 1 0.460552
100 2 0.487057
101 2 0.628451
102 2 0.692712
103 2 0.689736
104 2 0.576089
105 2 0.561732
106 2 0.488654
107 2 0.653744
108 2 0.577692
109 2 0.629057
110 2 0.542683
111 2 0.168486
112 2 0.577275
113 2 0.991324
114 2 0.372639
115 2 0.640470
116 2 0.455482
117 2 0.632594
118 2 0.345780
119 2 0.592907
120 2 0.546597
121 2 0.661534
122 2 0.443127
123 2 0.594946
124 2 0.476802
125 2 0.632052
126 2 0.567734
127 2 0.651938
128 2 0.622833
129 2 0.576279
130 2 0.589484
131 2 0.557292
132 2 0.400054
133 2 0.535598
134 2 0.555565
135 2 0.683897
136 2 0.531838
137 2 0.426483
138 2 0.611283
139 2 0.663252
140 2 0.472326
141 2 0.647319
142 2 0.656504
143 2 0.416912
144 2 0.484482
145 2 0.575459
146 2 0.558246
147 2 0.515690
148 2 0.759805
149 2 0.716813
150 2 0.420651
151 2 0.712797
152 2 0.456756
153 2 0.450720
154 2 0.510692
155 2 0.052866
156 2 0.623174
157 2 0.653101
158 2 0.598904
159 2 0.565261
160 2 0.492333
161 2 0.428913
162 2 0.515400
163 2 0.642787
164 2 0.432496
165 2 0.525272
166 2 0.056158
167 2 0.548313
168 2 0.494821
169 2 0.614455
170 2 0.499498
171 2 0.727502
172 2 0.636837
173 2 0.509129
174 2 0.602973
175 2 0.667109
176 2 0.569395
177 2 0.183004
178 2 0.504194
179 2 0.449686
180 2 0.694962
181 2 0.537066
182 2 0.476168
183 2 0.657214
184 2 0.592680
185 2 0.069029
186 2 0.689305
187 2 0.507510
188 2 0.500739
189 2 0.607790
190 2 0.614852
191 2 0.460355
192 2 0.533267
193 2 0.515425
194 2 1.058561
195 2 0.669738
196 2 0.475379
197 2 0.578569
198 2 0.306893
199 2 0.559147
200 3 0.560567
201 3 0.633507
202 3 0.509079
203 3 0.517731
204 3 0.024084
205 3 0.609145
206 3 0.482773
207 3 0.490369
208 3 0.998537
209 3 0.413059
210 3 0.514935
211 3 0.597936
212 3 0.518632
213 3 0.493733
214 3 0.558325
215 3 0.467373
216 3 0.610246
217 3 0.612150
218 3 0.942060
219 3 0.027794
220 3 0.530219
221 3 0.474197
222 3 0.656412
223 3 0.625644
224 3 0.708929
225 3 0.388697
226 3 0.488531
227 3 0.470410
228 3 0.566638
229 3 0.317525
230 3 0.556589
231 3 0.134533
232 3 0.469381
233 3 0.608536
234 3 0.476760
235 3 0.459543
236 3 0.623718
237 3 0.612077
238 3 0.552087
239 3 0.548376
240 3 0.661174
241 3 0.408724
242 3 0.521598
243 3 0.675258
244 3 0.530889
245 3 0.486135
246 3 0.543467
247 3 0.551507
248 3 0.460240
249 3 0.450313
250 3 0.541781
251 3 0.563270
252 3 0.612703
253 3 0.514123
254 3 0.535894
255 3 0.644040
256 3 0.575366
257 3 0.464087
258 3 0.451343
259 3 0.599237
260 3 0.513913
261 3 0.493093
262 3 0.607036
263 3 0.647334
264 3 0.543397
265 3 0.646384
266 3 0.519763
267 3 0.424727
268 3 0.488716
269 3 0.694521
270 3 0.361395
271 3 0.411773
272 3 0.451691
273 3 0.594466
274 3 0.361521
275 3 0.502466
276 3 0.096870
277 3 0.162658
278 3 0.550349
279 3 0.652040
280 3 0.502020
281 3 0.526624
282 3 0.453192
283 3 0.465082
284 3 0.734574
285 3 0.607171
286 3 0.490904
287 3 0.514382
288 3 0.572211
289 3 0.457124
290 3 0.558947
291 3 0.640191
292 3 0.558440
293 3 0.524195
294 3 0.477634
295 3 0.299456
296 3 0.419768
297 3 0.497581
298 3 0.581156
299 3 0.589249
300 4 0.576203
301 4 0.438964
302 4 0.633866
303 4 0.418431
304 4 0.580065
305 4 0.553194
306 4 0.476661
307 4 0.477876
308 4 0.568266
309 4 0.474828
310 4 0.428150
311 4 0.488695
312 4 0.494065
313 4 0.501547
314 4 0.540062
315 4 0.374932
316 4 0.438207
317 4 0.434297
318 4 0.568121
319 4 0.712919
320 4 0.520211
321 4 0.463549
322 4 0.551936
323 4 0.506634
324 4 0.474839
325 4 0.561079
326 4 0.572377
327 4 0.489211
328 4 0.160598
329 4 0.488035
330 4 0.501305
331 4 0.485283
332 4 0.556516
333 4 0.515297
334 4 0.445541
335 4 0.543876
336 4 0.443433
337 4 0.599934
338 4 0.480585
339 4 0.434462
340 4 0.433247
341 4 0.491612
342 4 0.470107
343 4 0.129274
344 4 0.548749
345 4 0.546557
346 4 0.469658
347 4 0.620167
348 4 0.524389
349 4 0.433956
350 4 0.492439
351 4 0.363571
352 4 0.462849
353 4 0.502813
354 4 0.148291
355 4 0.488994
356 4 0.489099
357 4 0.655649
358 4 0.448136
359 4 0.121670
360 4 0.027376
361 4 0.465639
362 4 0.533341
363 4 0.396533
364 4 0.498072
365 4 0.531421
366 4 0.469273
367 4 0.463131
368 4 0.568050
369 4 0.455846
370 4 0.310628
371 4 0.309806
372 4 0.540713
373 4 0.582963
374 4 0.338265
375 4 0.441820
376 4 0.514165
377 4 0.464337
378 4 0.439228
379 4 0.496385
380 4 0.528310
381 4 0.457100
382 4 0.529325
383 4 0.825855
384 4 0.575481
385 4 0.567185
386 4 0.569102
387 4 0.553511
388 4 0.499329
389 4 0.564296
390 4 0.555567
391 4 0.457602
392 4 0.389527
393 4 0.546281
394 4 0.591565
395 4 0.801428
396 4 0.602344
397 4 0.540377
398 4 0.645193
399 4 0.372306
400 5 0.423510
401 5 0.537658
402 5 0.473866
403 5 0.422885
404 5 0.489663
405 5 0.478912
406 5 0.453560
407 5 0.541585
408 5 0.499076
409 5 0.477544
410 5 0.574722
411 5 0.892553
412 5 0.378274
413 5 0.066808
414 5 0.427655
415 5 0.539487
416 5 0.206125
417 5 0.444546
418 5 0.434049
419 5 0.383817
420 5 0.512239
421 5 0.214839
422 5 0.562215
423 5 0.468913
424 5 0.557820
425 5 0.556164
426 5 0.470125
427 5 0.452818
428 5 0.446081
429 5 0.344574
430 5 0.478318
431 5 0.486625
432 5 0.545928
433 5 0.408795
434 5 0.389910
435 5 0.490742
436 5 0.446489
437 5 0.444624
438 5 0.023582
439 5 0.445481
440 5 0.653780
441 5 0.496113
442 5 0.445694
443 5 0.410713
444 5 0.464574
445 5 0.544909
446 5 0.489323
447 5 0.484974
448 5 0.357897
449 5 0.464208
450 5 0.406752
451 5 0.497917
452 5 0.579527
453 5 0.027193
454 5 0.468697
455 5 0.463439
456 5 0.435455
457 5 0.456283
458 5 0.502942
459 5 0.475750
460 5 0.517607
461 5 0.393388
462 5 0.470930
463 5 0.418117
464 5 0.549477
465 5 0.552551
466 5 0.325139
467 5 0.307408
468 5 0.581795
469 5 0.406699
470 5 0.415109
471 5 0.499788
472 5 0.469174
473 5 0.555743
474 5 0.380921
475 5 0.446731
476 5 0.590711
477 5 0.411349
478 5 0.338825
479 5 0.362506
480 5 0.477430
481 5 0.781652
482 5 0.433458
483 5 0.665496
484 5 0.309959
485 5 0.458044
486 5 0.598639
487 5 0.554936
488 5 0.469523
489 5 0.421355
490 5 0.371260
491 5 0.482734
492 5 0.499956
493 5 0.402791
494 5 0.382737
495 5 0.509298
496 5 0.513186
497 5 0.388849
498 5 0.471510
499 5 0.459504
500 6 0.295035
501 6 0.066155
502 6 0.362646
503 6 0.382137
504 6 0.442786
505 6 0.409246
506 6 0.023515
507 6 0.466500
508 6 0.492579
509 6 0.441219
510 6 0.395063
511 6 0.580087
512 6 0.366449
513 6 0.476165
514 6 0.571437
515 6 0.415738
516 6 0.572640
517 6 0.346655
518 6 0.450661
519 6 0.449190
520 6 0.463777
521 6 0.461595
522 6 0.426055
523 6 0.438243
524 6 0.411630
525 6 0.550477
526 6 0.513243
527 6 0.509642
528 6 0.365259
529 6 0.544223
530 6 0.515367
531 6 0.377480
532 6 0.451634
533 6 0.416662
534 6 0.382167
535 6 0.382880
536 6 0.407963
537 6 0.461208
538 6 0.491906
539 6 0.477103
540 6 0.376727
541 6 0.437785
542 6 0.459130
543 6 0.376131
544 6 0.440838
545 6 0.413206
546 6 0.357246
547 6 0.497980
548 6 0.376312
549 6 0.372056
550 6 0.469688
551 6 0.243296
552 6 0.444191
553 6 0.317473
554 6 0.360959
555 6 0.403663
556 6 0.438161
557 6 0.439187
558 6 0.432229
559 6 0.027084
560 6 0.449143
561 6 0.415100
562 6 0.388653
563 6 0.375197
564 6 0.145848
565 6 0.418394
566 6 0.416155
567 6 0.545958
568 6 0.355807
569 6 0.342101
570 6 0.127426
571 6 0.455178
572 6 0.400218
573 6 0.390176
574 6 0.421856
575 6 0.327253
576 6 0.300684
577 6 0.461757
578 6 0.305732
579 6 0.398305
580 6 0.313540
581 6 0.728551
582 6 0.483227
583 6 0.394292
584 6 0.438716
585 6 0.328238
586 6 0.446823
587 6 0.505128
588 6 0.278646
589 6 0.467465
590 6 0.802827
591 6 0.353886
592 6 0.389605
593 6 0.385827
594 6 0.357685
595 6 0.499579
596 6 0.420711
597 6 0.442943
598 6 0.439203
599 6 0.472981
600 7 0.246931
601 7 0.516246
602 7 0.398774
603 7 0.476319
604 7 0.023472
605 7 0.345092
606 7 0.425511
607 7 0.392907
608 7 0.380499
609 7 0.457841
610 7 0.458881
611 7 0.532367
612 7 0.323701
613 7 0.321338
614 7 0.345500
615 7 0.412868
616 7 0.380224
617 7 0.346537
618 7 0.369121
619 7 0.311184
620 7 0.129267
621 7 0.333817
622 7 0.359368
623 7 0.335493
624 7 0.407674
625 7 0.307416
626 7 0.457890
627 7 0.429848
628 7 0.245877
629 7 0.480171
630 7 0.416729
631 7 0.338302
632 7 0.339347
633 7 0.396368
634 7 0.417208
635 7 0.272260
636 7 0.065416
637 7 0.354965
638 7 0.334619
639 7 0.352243
640 7 0.378716
641 7 0.383506
642 7 0.400551
643 7 0.301429
644 7 0.357448
645 7 0.293475
646 7 0.335880
647 7 0.396983
648 7 0.484375
649 7 0.141929
650 7 0.440118
651 7 0.388599
652 7 0.454023
653 7 0.405664
654 7 0.355174
655 7 0.319898
656 7 0.326050
657 7 0.399353
658 7 0.354584
659 7 0.304631
660 7 0.331679
661 7 0.346260
662 7 0.363477
663 7 0.302861
664 7 0.345064
665 7 0.436427
666 7 0.395761
667 7 0.409740
668 7 0.362810
669 7 0.264863
670 7 0.418011
671 7 0.308953
672 7 0.719157
673 7 0.663914
674 7 0.363099
675 7 0.339970
676 7 0.481009
677 7 0.324169
678 7 0.360083
679 7 0.424036
680 7 0.316296
681 7 0.308871
682 7 0.389976
683 7 0.411774
684 7 0.334755
685 7 0.404030
686 7 0.402413
687 7 0.457325
688 7 0.273439
689 7 0.353204
690 7 0.320807
691 7 0.362419
692 7 0.279819
693 7 0.027043
694 7 0.330705
695 7 0.404756
696 7 0.315363
697 7 0.306286
698 7 0.310690
699 7 0.318467
700 8 0.448354
701 8 0.200687
702 8 0.377381
703 8 0.344938
704 8 0.417157
705 8 0.314391
706 8 0.288097
707 8 0.332705
708 8 0.296334
709 8 0.303434
710 8 0.448916
711 8 0.409335
712 8 0.368128
713 8 0.234945
714 8 0.355808
715 8 0.351745
716 8 0.628643
717 8 0.400730
718 8 0.313315
719 8 0.286761
720 8 0.361660
721 8 0.484683
722 8 0.367727
723 8 0.300738
724 8 0.313738
725 8 0.316852
726 8 0.410182
727 8 0.363416
728 8 0.342025
729 8 0.320926
730 8 0.306179
731 8 0.267878
732 8 0.355307
733 8 0.378633
734 8 0.327434
735 8 0.288026
736 8 0.278098
737 8 0.324355
738 8 0.308672
739 8 0.315272
740 8 0.250341
741 8 0.413557
742 8 0.310082
743 8 0.335719
744 8 0.294817
745 8 0.407995
746 8 0.027056
747 8 0.309230
748 8 0.281754
749 8 0.337052
750 8 0.209291
751 8 0.359440
752 8 0.257970
753 8 0.307833
754 8 0.308063
755 8 0.247154
756 8 0.385870
757 8 0.354662
758 8 0.315150
759 8 0.301080
760 8 0.328730
761 8 0.332283
762 8 0.361110
763 8 0.279726
764 8 0.298398
765 8 0.338407
766 8 0.257770
767 8 0.339091
768 8 0.360586
769 8 0.064955
770 8 0.342406
771 8 0.272412
772 8 0.318139
773 8 0.359155
774 8 0.303700
775 8 0.328382
776 8 0.405138
777 8 0.271280
778 8 0.260077
779 8 0.214007
780 8 0.355606
781 8 0.313204
782 8 0.264890
783 8 0.113541
784 8 0.210742
785 8 0.358308
786 8 0.293693
787 8 0.225819
788 8 0.294315
789 8 0.023509
790 8 0.300825
791 8 0.294061
792 8 0.309901
793 8 0.585175
794 8 0.448441
795 8 0.270353
796 8 0.300818
797 8 0.243008
798 8 0.360574
799 8 0.291201
800 9 0.277722
801 9 0.276957
802 9 0.369758
803 9 0.252238
804 9 0.366775
805 9 0.291279
806 9 0.378736
807 9 0.238776
808 9 0.266814
809 9 0.248978
810 9 0.327452
811 9 0.262091
812 9 0.394526
813 9 0.273904
814 9 0.276199
815 9 0.332823
816 9 0.343406
817 9 0.237356
818 9 0.508388
819 9 0.274331
820 9 0.272097
821 9 0.261960
822 9 0.203712
823 9 0.290240
824 9 0.326415
825 9 0.334292
826 9 0.277907
827 9 0.270620
828 9 0.370887
829 9 0.349135
830 9 0.023539
831 9 0.273956
832 9 0.250201
833 9 0.267353
834 9 0.254733
835 9 0.117051
836 9 0.268896
837 9 0.271314
838 9 0.277771
839 9 0.230776
840 9 0.242546
841 9 0.324117
842 9 0.346568
843 9 0.284552
844 9 0.265680
845 9 0.258618
846 9 0.337816
847 9 0.287490
848 9 0.141378
849 9 0.353814
850 9 0.211814
851 9 0.330345
852 9 0.194346
853 9 0.312957
854 9 0.346882
855 9 0.251097
856 9 0.192487
857 9 0.246918
858 9 0.252238
859 9 0.375555
860 9 0.340837
861 9 0.274697
862 9 0.205264
863 9 0.351878
864 9 0.051632
865 9 0.278759
866 9 0.267664
867 9 0.210122
868 9 0.320999
869 9 0.232454
870 9 0.235821
871 9 0.176001
872 9 0.290988
873 9 0.230825
874 9 0.325080
875 9 0.270398
876 9 0.268101
877 9 0.172739
878 9 0.294069
879 9 0.283000
880 9 0.272219
881 9 0.266642
882 9 0.291527
883 9 0.205800
884 9 0.337670
885 9 0.307006
886 9 0.191552
887 9 0.213099
888 9 0.314314
889 9 0.226463
890 9 0.309033
891 9 0.497896
892 9 0.314098
893 9 0.187626
894 9 0.144838
895 9 0.287429
896 9 0.321190
897 9 0.214344
898 9 0.245037
899 9 0.307370
900 10 0.269662
901 10 0.264163
902 10 0.197769
903 10 0.245741
904 10 0.227471
905 10 0.327012
906 10 0.194677
907 10 0.317753
908 10 0.235435
909 10 0.213550
910 10 0.203179
911 10 0.308085
912 10 0.267937
913 10 0.204121
914 10 0.215495
915 10 0.295272
916 10 0.250995
917 10 0.216520
918 10 0.263725
919 10 0.246256
920 10 0.295338
921 10 0.278423
922 10 0.248190
923 10 0.240738
924 10 0.284662
925 10 0.244969
926 10 0.312013
927 10 0.316512
928 10 0.197724
929 10 0.237466
930 10 0.312543
931 10 0.261222
932 10 0.304778
933 10 0.209563
934 10 0.230871
935 10 0.167779
936 10 0.222166
937 10 0.192089
938 10 0.299600
939 10 0.252244
940 10 0.303289
941 10 0.221615
942 10 0.284596
943 10 0.054021
944 10 0.232569
945 10 0.309629
946 10 0.257015
947 10 0.294007
948 10 0.116549
949 10 0.187530
950 10 0.176154
951 10 0.237502
952 10 0.229773
953 10 0.227772
954 10 0.254612
955 10 0.448340
956 10 0.243623
957 10 0.178692
958 10 0.207440
959 10 0.217914
960 10 0.211686
961 10 0.232670
962 10 0.244470
963 10 0.288047
964 10 0.217862
965 10 0.213518
966 10 0.289115
967 10 0.274954
968 10 0.228691
969 10 0.200183
970 10 0.027157
971 10 0.239828
972 10 0.191322
973 10 0.126760
974 10 0.278257
975 10 0.205555
976 10 0.312416
977 10 0.274030
978 10 0.215948
979 10 0.283078
980 10 0.281557
981 10 0.201144
982 10 0.196677
983 10 0.087415
984 10 0.215958
985 10 0.193713
986 10 0.270084
987 10 0.216494
988 10 0.280179
989 10 0.298738
990 10 0.159135
991 10 0.233713
992 10 0.248965
993 10 0.149513
994 10 0.310432
995 10 0.266752
996 10 0.161846
997 10 0.411933
998 10 0.445079
999 10 0.306625
1000 11 0.458901
1001 11 0.232734
1002 11 0.226959
1003 11 0.206837
1004 11 0.291418
1005 11 0.205798
1006 11 0.159445
1007 11 0.272795
1008 11 0.285234
1009 11 0.274766
1010 11 0.224441
1011 11 0.243999
1012 11 0.218602
1013 11 0.438455
1014 11 0.177281
1015 11 0.281008
1016 11 0.205576
1017 11 0.126562
1018 11 0.298330
1019 11 0.187765
1020 11 0.216278
1021 11 0.235068
1022 11 0.209629
1023 11 0.263418
1024 11 0.220876
1025 11 0.242285
1026 11 0.194232
1027 11 0.232908
1028 11 0.287129
1029 11 0.243672
1030 11 0.281851
1031 11 0.193039
1032 11 0.256573
1033 11 0.242807
1034 11 0.202212
1035 11 0.254104
1036 11 0.164382
1037 11 0.023644
1038 11 0.175239
1039 11 0.234562
1040 11 0.206495
1041 11 0.224993
1042 11 0.215251
1043 11 0.175496
1044 11 0.223773
1045 11 0.212476
1046 11 0.166664
1047 11 0.221828
1048 11 0.261279
1049 11 0.148250
1050 11 0.027185
1051 11 0.240772
1052 11 0.152973
1053 11 0.204789
1054 11 0.228328
1055 11 0.215110
1056 11 0.194259
1057 11 0.187534
1058 11 0.294050
1059 11 0.200228
1060 11 0.293100
1061 11 0.193188
1062 11 0.243369
1063 11 0.285097
1064 11 0.167237
1065 11 0.295083
1066 11 0.228124
1067 11 0.206952
1068 11 0.213168
1069 11 0.155936
1070 11 0.064439
1071 11 0.222361
1072 11 0.273176
1073 11 0.213254
1074 11 0.245520
1075 11 0.182395
1076 11 0.244916
1077 11 0.226356
1078 11 0.228118
1079 11 0.263025
1080 11 0.188116
1081 11 0.239349
1082 11 0.184160
1083 11 0.251956
1084 11 0.260156
1085 11 0.206720
1086 11 0.268825
1087 11 0.118814
1088 11 0.223498
1089 11 0.233351
1090 11 0.118145
1091 11 0.218999
1092 11 0.270586
1093 11 0.190159
1094 11 0.239899
1095 11 0.247316
1096 11 0.227882
1097 11 0.183997
1098 11 0.231825
1099 11 0.259620
1100 12 0.221056
1101 12 0.286633
1102 12 0.197353
1103 12 0.223312
1104 12 0.151010
1105 12 0.152354
1106 12 0.209737
1107 12 0.111010
1108 12 0.269367
1109 12 0.190455
1110 12 0.177079
1111 12 0.227007
1112 12 0.234585
1113 12 0.213932
1114 12 0.199187
1115 12 0.213974
1116 12 0.099658
1117 12 0.291378
1118 12 0.201502
1119 12 0.226621
1120 12 0.309697
1121 12 0.168533
1122 12 0.229064
1123 12 0.275903
1124 12 0.191063
1125 12 0.194989
1126 12 0.286002
1127 12 0.124652
1128 12 0.252863
1129 12 0.184889
1130 12 0.203641
1131 12 0.224754
1132 12 0.209199
1133 12 0.226463
1134 12 0.223312
1135 12 0.210492
1136 12 0.287165
1137 12 0.230550
1138 12 0.221864
1139 12 0.203003
1140 12 0.172509
1141 12 0.159851
1142 12 0.223983
1143 12 0.197236
1144 12 0.199397
1145 12 0.210114
1146 12 0.224621
1147 12 0.232921
1148 12 0.141846
1149 12 0.238672
1150 12 0.235906
1151 12 0.247829
1152 12 0.023691
1153 12 0.106957
1154 12 0.169535
1155 12 0.148793
1156 12 0.206949
1157 12 0.196228
1158 12 0.027226
1159 12 0.239570
1160 12 0.170774
1161 12 0.210170
1162 12 0.190882
1163 12 0.239635
1164 12 0.250708
1165 12 0.212467
1166 12 0.174621
1167 12 0.418811
1168 12 0.230342
1169 12 0.204216
1170 12 0.207516
1171 12 0.215490
1172 12 0.192319
1173 12 0.064358
1174 12 0.243817
1175 12 0.167959
1176 12 0.141653
1177 12 0.178211
1178 12 0.226857
1179 12 0.249107
1180 12 0.273203
1181 12 0.203741
1182 12 0.239932
1183 12 0.146620
1184 12 0.361462
1185 12 0.227214
1186 12 0.145214
1187 12 0.186244
1188 12 0.242391
1189 12 0.179020
1190 12 0.192848
1191 12 0.272152
1192 12 0.189049
1193 12 0.136228
1194 12 0.135544
1195 12 0.232557
1196 12 0.208104
1197 12 0.210062
1198 12 0.200046
1199 12 0.213962
1200 13 0.226131
1201 13 0.175052
1202 13 0.257462
1203 13 0.162393
1204 13 0.209577
1205 13 0.231965
1206 13 0.257859
1207 13 0.190589
1208 13 0.209920
1209 13 0.245965
1210 13 0.234676
1211 13 0.159668
1212 13 0.263719
1213 13 0.176046
1214 13 0.253822
1215 13 0.212615
1216 13 0.179276
1217 13 0.256732
1218 13 0.186194
1219 13 0.135372
1220 13 0.178583
1221 13 0.202286
1222 13 0.203517
1223 13 0.174691
1224 13 0.237027
1225 13 0.027241
1226 13 0.164749
1227 13 0.257924
1228 13 0.220810
1229 13 0.137018
1230 13 0.234043
1231 13 0.082780
1232 13 0.125399
1233 13 0.225424
1234 13 0.177318
1235 13 0.281713
1236 13 0.133246
1237 13 0.177065
1238 13 0.218408
1239 13 0.183434
1240 13 0.168622
1241 13 0.221804
1242 13 0.169382
1243 13 0.148535
1244 13 0.186847
1245 13 0.126471
1246 13 0.192638
1247 13 0.196654
1248 13 0.162041
1249 13 0.286620
1250 13 0.247039
1251 13 0.177241
1252 13 0.267666
1253 13 0.161900
1254 13 0.208810
1255 13 0.191327
1256 13 0.209568
1257 13 0.215354
1258 13 0.240909
1259 13 0.167677
1260 13 0.183525
1261 13 0.169207
1262 13 0.185861
1263 13 0.263638
1264 13 0.219078
1265 13 0.220680
1266 13 0.150871
1267 13 0.159348
1268 13 0.188334
1269 13 0.222591
1270 13 0.177848
1271 13 0.181212
1272 13 0.184032
1273 13 0.175201
1274 13 0.141467
1275 13 0.209347
1276 13 0.230909
1277 13 0.253342
1278 13 0.239074
1279 13 0.192864
1280 13 0.180733
1281 13 0.192038
1282 13 0.193096
1283 13 0.176327
1284 13 0.130842
1285 13 0.150122
1286 13 0.193987
1287 13 0.100430
1288 13 0.145512
1289 13 0.193581
1290 13 0.193926
1291 13 0.137641
1292 13 0.204438
1293 13 0.142642
1294 13 0.376590
1295 13 0.363130
1296 13 0.242605
1297 13 0.209896
1298 13 0.023732
1299 13 0.224496
1300 14 0.163163
1301 14 0.364099
1302 14 0.214126
1303 14 0.170691
1304 14 0.129316
1305 14 0.298057
1306 14 0.169393
1307 14 0.190660
1308 14 0.223178
1309 14 0.240333
1310 14 0.259457
1311 14 0.159307
1312 14 0.166635
1313 14 0.166737
1314 14 0.242623
1315 14 0.184298
1316 14 0.208095
1317 14 0.136809
1318 14 0.268925
1319 14 0.064244
1320 14 0.158323
1321 14 0.173479
1322 14 0.110904
1323 14 0.168229
1324 14 0.027249
1325 14 0.173791
1326 14 0.213374
1327 14 0.166653
1328 14 0.214680
1329 14 0.195544
1330 14 0.201970
1331 14 0.223582
1332 14 0.151371
1333 14 0.251517
1334 14 0.215015
1335 14 0.166794
1336 14 0.212812
1337 14 0.213066
1338 14 0.212791
1339 14 0.145453
1340 14 0.124352
1341 14 0.147717
1342 14 0.128179
1343 14 0.343167
1344 14 0.197162
1345 14 0.212943
1346 14 0.184023
1347 14 0.122410
1348 14 0.266273
1349 14 0.171676
1350 14 0.175376
1351 14 0.204285
1352 14 0.155521
1353 14 0.193090
1354 14 0.232785
1355 14 0.229203
1356 14 0.274960
1357 14 0.144681
1358 14 0.248590
1359 14 0.233252
1360 14 0.178011
1361 14 0.164212
1362 14 0.240248
1363 14 0.206230
1364 14 0.203924
1365 14 0.173037
1366 14 0.189751
1367 14 0.179274
1368 14 0.102355
1369 14 0.157567
1370 14 0.193652
1371 14 0.151233
1372 14 0.132200
1373 14 0.188685
1374 14 0.214039
1375 14 0.116999
1376 14 0.157535
1377 14 0.133999
1378 14 0.106442
1379 14 0.291452
1380 14 0.158156
1381 14 0.147315
1382 14 0.202294
1383 14 0.147081
1384 14 0.137872
1385 14 0.252892
1386 14 0.212178
1387 14 0.107435
1388 14 0.192589
1389 14 0.141719
1390 14 0.161122
1391 14 0.217078
1392 14 0.052457
1393 14 0.191303
1394 14 0.187714
1395 14 0.211128
1396 14 0.261597
1397 14 0.191066
1398 14 0.148803
1399 14 0.170865
1400 15 0.174760
1401 15 0.178330
1402 15 0.112946
1403 15 0.186362
1404 15 0.175105
1405 15 0.134229
1406 15 0.261362
1407 15 0.205893
1408 15 0.179249
1409 15 0.142560
1410 15 0.207207
1411 15 0.191376
1412 15 0.213257
1413 15 0.155089
1414 15 0.191429
1415 15 0.209126
1416 15 0.122199
1417 15 0.207881
1418 15 0.112448
1419 15 0.175633
1420 15 0.148626
1421 15 0.168843
1422 15 0.175942
1423 15 0.233604
1424 15 0.238235
1425 15 0.150680
1426 15 0.100467
1427 15 0.158272
1428 15 0.146253
1429 15 0.187454
1430 15 0.291896
1431 15 0.148742
1432 15 0.102230
1433 15 0.027264
1434 15 0.126304
1435 15 0.225091
1436 15 0.205473
1437 15 0.189564
1438 15 0.244522
1439 15 0.145947
1440 15 0.189874
1441 15 0.139841
1442 15 0.167329
1443 15 0.236381
1444 15 0.178849
1445 15 0.239101
1446 15 0.173138
1447 15 0.258032
1448 15 0.150771
1449 15 0.185429
1450 15 0.221309
1451 15 0.211747
1452 15 0.207098
1453 15 0.224883
1454 15 0.126630
1455 15 0.209111
1456 15 0.132236
1457 15 0.125486
1458 15 0.269760
1459 15 0.212497
1460 15 0.201910
1461 15 0.169857
1462 15 0.148743
1463 15 0.023739
1464 15 0.129278
1465 15 0.215800
1466 15 0.205702
1467 15 0.358415
1468 15 0.212588
1469 15 0.144477
1470 15 0.193257
1471 15 0.474380
1472 15 0.176733
1473 15 0.237248
1474 15 0.246316
1475 15 0.191573
1476 15 0.223396
1477 15 0.165899
1478 15 0.187232
1479 15 0.272181
1480 15 0.214494
1481 15 0.233570
1482 15 0.159163
1483 15 0.126516
1484 15 0.126288
1485 15 0.153754
1486 15 0.118212
1487 15 0.196900
1488 15 0.191193
1489 15 0.188866
1490 15 0.194029
1491 15 0.194629
1492 15 0.183777
1493 15 0.185786
1494 15 0.146966
1495 15 0.154973
1496 15 0.158326
1497 15 0.222712
1498 15 0.239985
1499 15 0.153862
1500 16 0.178449
1501 16 0.117725
1502 16 0.161389
1503 16 0.207043
1504 16 0.106551
1505 16 0.121997
1506 16 0.023738
1507 16 0.151281
1508 16 0.160747
1509 16 0.099448
1510 16 0.129603
1511 16 0.134067
1512 16 0.177155
1513 16 0.199408
1514 16 0.207490
1515 16 0.207502
1516 16 0.269718
1517 16 0.156996
1518 16 0.166909
1519 16 0.182074
1520 16 0.109448
1521 16 0.284013
1522 16 0.181833
1523 16 0.222127
1524 16 0.141664
1525 16 0.246250
1526 16 0.221056
1527 16 0.132875
1528 16 0.113447
1529 16 0.282912
1530 16 0.127425
1531 16 0.165817
1532 16 0.190006
1533 16 0.169519
1534 16 0.137964
1535 16 0.175323
1536 16 0.218774
1537 16 0.352860
1538 16 0.296767
1539 16 0.139394
1540 16 0.211497
1541 16 0.173864
1542 16 0.278222
1543 16 0.274045
1544 16 0.160228
1545 16 0.153290
1546 16 0.148727
1547 16 0.168624
1548 16 0.208314
1549 16 0.181405
1550 16 0.200841
1551 16 0.191297
1552 16 0.102109
1553 16 0.152220
1554 16 0.345385
1555 16 0.159944
1556 16 0.132522
1557 16 0.125315
1558 16 0.167336
1559 16 0.156718
1560 16 0.175503
1561 16 0.149696
1562 16 0.144062
1563 16 0.287195
1564 16 0.144343
1565 16 0.190209
1566 16 0.150070
1567 16 0.181123
1568 16 0.130805
1569 16 0.175619
1570 16 0.194718
1571 16 0.158237
1572 16 0.141222
1573 16 0.221042
1574 16 0.064068
1575 16 0.211510
1576 16 0.158082
1577 16 0.130455
1578 16 0.273655
1579 16 0.171884
1580 16 0.198612
1581 16 0.177993
1582 16 0.173363
1583 16 0.148914
1584 16 0.138226
1585 16 0.151086
1586 16 0.206482
1587 16 0.167038
1588 16 0.281260
1589 16 0.155711
1590 16 0.188486
1591 16 0.027254
1592 16 0.121284
1593 16 0.149792
1594 16 0.210297
1595 16 0.197282
1596 16 0.171194
1597 16 0.183111
1598 16 0.190070
1599 16 0.231449
1600 17 0.156072
1601 17 0.219399
1602 17 0.225193
1603 17 0.220442
1604 17 0.110050
1605 17 0.170077
1606 17 0.194370
1607 17 0.229546
1608 17 0.243509
1609 17 0.173070
1610 17 0.185951
1611 17 0.156684
1612 17 0.143394
1613 17 0.218429
1614 17 0.389890
1615 17 0.116895
1616 17 0.170105
1617 17 0.241781
1618 17 0.169167
1619 17 0.184152
1620 17 0.227096
1621 17 0.123351
1622 17 0.228069
1623 17 0.168358
1624 17 0.141091
1625 17 0.112590
1626 17 0.217399
1627 17 0.198405
1628 17 0.195406
1629 17 0.120817
1630 17 0.122511
1631 17 0.220716
1632 17 0.166623
1633 17 0.202904
1634 17 0.120024
1635 17 0.171152
1636 17 0.125657
1637 17 0.147788
1638 17 0.201381
1639 17 0.203528
1640 17 0.146905
1641 17 0.231904
1642 17 0.106749
1643 17 0.081624
1644 17 0.260368
1645 17 0.134009
1646 17 0.159502
1647 17 0.173550
1648 17 0.205874
1649 17 0.149203
1650 17 0.184234
1651 17 0.138744
1652 17 0.191973
1653 17 0.150168
1654 17 0.224176
1655 17 0.219445
1656 17 0.023733
1657 17 0.133293
1658 17 0.183547
1659 17 0.209101
1660 17 0.343050
1661 17 0.170148
1662 17 0.165494
1663 17 0.136328
1664 17 0.191353
1665 17 0.053615
1666 17 0.209577
1667 17 0.142698
1668 17 0.126166
1669 17 0.152743
1670 17 0.267616
1671 17 0.145327
1672 17 0.141289
1673 17 0.208236
1674 17 0.271533
1675 17 0.204345
1676 17 0.168116
1677 17 0.190001
1678 17 0.162563
1679 17 0.118473
1680 17 0.178615
1681 17 0.169009
1682 17 0.148557
1683 17 0.197917
1684 17 0.178840
1685 17 0.208871
1686 17 0.235690
1687 17 0.105791
1688 17 0.108766
1689 17 0.223986
1690 17 0.181943
1691 17 0.186247
1692 17 0.194024
1693 17 0.137100
1694 17 0.168256
1695 17 0.129987
1696 17 0.118319
1697 17 0.207826
1698 17 0.157908
1699 17 0.180021
1700 18 0.150545
1701 18 0.169739
1702 18 0.207067
1703 18 0.240386
1704 18 0.145472
1705 18 0.320893
1706 18 0.169395
1707 18 0.258611
1708 18 0.145053
1709 18 0.116508
1710 18 0.188059
1711 18 0.199571
1712 18 0.140010
1713 18 0.118946
1714 18 0.150868
1715 18 0.212053
1716 18 0.209533
1717 18 0.213796
1718 18 0.147974
1719 18 0.138717
1720 18 0.182625
1721 18 0.120056
1722 18 0.145844
1723 18 0.160740
1724 18 0.188348
1725 18 0.113240
1726 18 0.112413
1727 18 0.205532
1728 18 0.143283
1729 18 0.166833
1730 18 0.169705
1731 18 0.189298
1732 18 0.213791
1733 18 0.191940
1734 18 0.186681
1735 18 0.125043
1736 18 0.167563
1737 18 0.104471
1738 18 0.238798
1739 18 0.144556
1740 18 0.192826
1741 18 0.121603
1742 18 0.092649
1743 18 0.079997
1744 18 0.216995
1745 18 0.157869
1746 18 0.151580
1747 18 0.202032
1748 18 0.239682
1749 18 0.225428
1750 18 0.151277
1751 18 0.159766
1752 18 0.117058
1753 18 0.202340
1754 18 0.201105
1755 18 0.092054
1756 18 0.110600
1757 18 0.156803
1758 18 0.194211
1759 18 0.181878
1760 18 0.136964
1761 18 0.185874
1762 18 0.132708
1763 18 0.160885
1764 18 0.144779
1765 18 0.216726
1766 18 0.179256
1767 18 0.149207
1768 18 0.198247
1769 18 0.196611
1770 18 0.326016
1771 18 0.263684
1772 18 0.236639
1773 18 0.023713
1774 18 0.151668
1775 18 0.162744
1776 18 0.247115
1777 18 0.143818
1778 18 0.199931
1779 18 0.195200
1780 18 0.157000
1781 18 0.179998
1782 18 0.140996
1783 18 0.156968
1784 18 0.162539
1785 18 0.197622
1786 18 0.087319
1787 18 0.126988
1788 18 0.147445
1789 18 0.181787
1790 18 0.201603
1791 18 0.176885
1792 18 0.188716
1793 18 0.098763
1794 18 0.127396
1795 18 0.146377
1796 18 0.113141
1797 18 0.119778
1798 18 0.165499
1799 18 0.134978
1800 19 0.200461
1801 19 0.168253
1802 19 0.107244
1803 19 0.173178
1804 19 0.082633
1805 19 0.191820
1806 19 0.150820
1807 19 0.139361
1808 19 0.168923
1809 19 0.154596
1810 19 0.072997
1811 19 0.125960
1812 19 0.158340
1813 19 0.226350
1814 19 0.172128
1815 19 0.092301
1816 19 0.194278
1817 19 0.165963
1818 19 0.175549
1819 19 0.186106
1820 19 0.169611
1821 19 0.248482
1822 19 0.145674
1823 19 0.048555
1824 19 0.129119
1825 19 0.211398
1826 19 0.138489
1827 19 0.207919
1828 19 0.146817
1829 19 0.213422
1830 19 0.134614
1831 19 0.182061
1832 19 0.114634
1833 19 0.226525
1834 19 0.177929
1835 19 0.085070
1836 19 0.146603
1837 19 0.150148
1838 19 0.180273
1839 19 0.129881
1840 19 0.144187
1841 19 0.166982
1842 19 0.157089
1843 19 0.212516
1844 19 0.220114
1845 19 0.105881
1846 19 0.194246
1847 19 0.121984
1848 19 0.069839
1849 19 0.193068
1850 19 0.175705
1851 19 0.051333
1852 19 0.083821
1853 19 0.173677
1854 19 0.128834
1855 19 0.137329
1856 19 0.174175
1857 19 0.151322
1858 19 0.108040
1859 19 0.236083
1860 19 0.163878
1861 19 0.155045
1862 19 0.127858
1863 19 0.190872
1864 19 0.171420
1865 19 0.171512
1866 19 0.141887
1867 19 0.239894
1868 19 0.211283
1869 19 0.230861
1870 19 0.144413
1871 19 0.302421
1872 19 0.109480
1873 19 0.214330
1874 19 0.197999
1875 19 0.152769
1876 19 0.189447
1877 19 0.148121
1878 19 0.377900
1879 19 0.120357
1880 19 0.146557
1881 19 0.094516
1882 19 0.145563
1883 19 0.116089
1884 19 0.154548
1885 19 0.193306
1886 19 0.157129
1887 19 0.192975
1888 19 0.107167
1889 19 0.095662
1890 19 0.261805
1891 19 0.176166
1892 19 0.184745
1893 19 0.164192
1894 19 0.187713
1895 19 0.082104
1896 19 0.152836
1897 19 0.154197
1898 19 0.145536
1899 19 0.190295
1900 20 0.173297
1901 20 0.156759
1902 20 0.114002
1903 20 0.130648
1904 20 0.190989
1905 20 0.180342
1906 20 0.085321
1907 20 0.186083
1908 20 0.154394
1909 20 0.141744
1910 20 0.155968
1911 20 0.073024
1912 20 0.193659
1913 20 0.116810
1914 20 0.217200
1915 20 0.176126
1916 20 0.183585
1917 20 0.149420
1918 20 0.156490
1919 20 0.098549
1920 20 0.215612
1921 20 0.157785
1922 20 0.176537
1923 20 0.154525
1924 20 0.172960
1925 20 0.143941
1926 20 0.235433
1927 20 0.184235
1928 20 0.163663
1929 20 0.160869
1930 20 0.351737
1931 20 0.171383
1932 20 0.168384
1933 20 0.246920
1934 20 0.150366
1935 20 0.174571
1936 20 0.157226
1937 20 0.023656
1938 20 0.182699
1939 20 0.185244
1940 20 0.179797
1941 20 0.136328
1942 20 0.120325
1943 20 0.144199
1944 20 0.124681
1945 20 0.178212
1946 20 0.146366
1947 20 0.137064
1948 20 0.225896
1949 20 0.184316
1950 20 0.097920
1951 20 0.152349
1952 20 0.200958
1953 20 0.171087
1954 20 0.141259
1955 20 0.201636
1956 20 0.100391
1957 20 0.194192
1958 20 0.226666
1959 20 0.156272
1960 20 0.142146
1961 20 0.063729
1962 20 0.121988
1963 20 0.027128
1964 20 0.117802
1965 20 0.133516
1966 20 0.117742
1967 20 0.161652
1968 20 0.125318
1969 20 0.233447
1970 20 0.132634
1971 20 0.127748
1972 20 0.173899
1973 20 0.171202
1974 20 0.159616
1975 20 0.128172
1976 20 0.161158
1977 20 0.188383
1978 20 0.181978
1979 20 0.139640
1980 20 0.192720
1981 20 0.123599
1982 20 0.100225
1983 20 0.345777
1984 20 0.195619
1985 20 0.138022
1986 20 0.098897
1987 20 0.191074
1988 20 0.159781
1989 20 0.224610
1990 20 0.145040
1991 20 0.066719
1992 20 0.162679
1993 20 0.137369
1994 20 0.151201
1995 20 0.222553
1996 20 0.214366
1997 20 0.146663
1998 20 0.156394
1999 20 0.134427
2000 21 0.180099
2001 21 0.149676
2002 21 0.113793
2003 21 0.186111
2004 21 0.115004
2005 21 0.221246
2006 21 0.175998
2007 21 0.118336
2008 21 0.105959
2009 21 0.181253
2010 21 0.131795
2011 21 0.130499
2012 21 0.244662
2013 21 0.167688
2014 21 0.190423
2015 21 0.117190
2016 21 0.229376
2017 21 0.132913
2018 21 0.296638
2019 21 0.189000
2020 21 0.182154
2021 21 0.140671
2022 21 0.156568
2023 21 0.146219
2024 21 0.101329
2025 21 0.192941
2026 21 0.169487
2027 21 0.211175
2028 21 0.113995
2029 21 0.143092
2030 21 0.127189
2031 21 0.137193
2032 21 0.135100
2033 21 0.158835
2034 21 0.133250
2035 21 0.195102
2036 21 0.148106
2037 21 0.172138
2038 21 0.142315
2039 21 0.083726
2040 21 0.120353
2041 21 0.083481
2042 21 0.125151
2043 21 0.135855
2044 21 0.153997
2045 21 0.188297
2046 21 0.165632
2047 21 0.148749
2048 21 0.140054
2049 21 0.149181
2050 21 0.084249
2051 21 0.123359
2052 21 0.087918
2053 21 0.137026
2054 21 0.146095
2055 21 0.140736
2056 21 0.219192
2057 21 0.151224
2058 21 0.049351
2059 21 0.145941
2060 21 0.138397
2061 21 0.275623
2062 21 0.128001
2063 21 0.203966
2064 21 0.173169
2065 21 0.161594
2066 21 0.183042
2067 21 0.161879
2068 21 0.096951
2069 21 0.227870
2070 21 0.161059
2071 21 0.151276
2072 21 0.167211
2073 21 0.138980
2074 21 0.200179
2075 21 0.110289
2076 21 0.157725
2077 21 0.203588
2078 21 0.162893
2079 21 0.183300
2080 21 0.151482
2081 21 0.218666
2082 21 0.164969
2083 21 0.210437
2084 21 0.023612
2085 21 0.096881
2086 21 0.176494
2087 21 0.118525
2088 21 0.155173
2089 21 0.193566
2090 21 0.157237
2091 21 0.058979
2092 21 0.351336
2093 21 0.250468
2094 21 0.119946
2095 21 0.177707
2096 21 0.158718
2097 21 0.100749
2098 21 0.186866
2099 21 0.095719
2100 22 0.195143
2101 22 0.138110
2102 22 0.161230
2103 22 0.172956
2104 22 0.214551
2105 22 0.127005
2106 22 0.188237
2107 22 0.195780
2108 22 0.116412
2109 22 0.023595
2110 22 0.188062
2111 22 0.209231
2112 22 0.191379
2113 22 0.208146
2114 22 0.027065
2115 22 0.112678
2116 22 0.140426
2117 22 0.109644
2118 22 0.192759
2119 22 0.179536
2120 22 0.100674
2121 22 0.231267
2122 22 0.185246
2123 22 0.160186
2124 22 0.161667
2125 22 0.193252
2126 22 0.169957
2127 22 0.135676
2128 22 0.166647
2129 22 0.161953
2130 22 0.096186
2131 22 0.130368
2132 22 0.076272
2133 22 0.164484
2134 22 0.143257
2135 22 0.160341
2136 22 0.238101
2137 22 0.159850
2138 22 0.110591
2139 22 0.176237
2140 22 0.130203
2141 22 0.132258
2142 22 0.091073
2143 22 0.108567
2144 22 0.137965
2145 22 0.094600
2146 22 0.147667
2147 22 0.169473
2148 22 0.343058
2149 22 0.186196
2150 22 0.152568
2151 22 0.102491
2152 22 0.172856
2153 22 0.136403
2154 22 0.194723
2155 22 0.119259
2156 22 0.117761
2157 22 0.189888
2158 22 0.140693
2159 22 0.140161
2160 22 0.165715
2161 22 0.135694
2162 22 0.117952
2163 22 0.151077
2164 22 0.138271
2165 22 0.125429
2166 22 0.373434
2167 22 0.221567
2168 22 0.121130
2169 22 0.219588
2170 22 0.204343
2171 22 0.133308
2172 22 0.178333
2173 22 0.177408
2174 22 0.185470
2175 22 0.090946
2176 22 0.156422
2177 22 0.063564
2178 22 0.078360
2179 22 0.191332
2180 22 0.115109
2181 22 0.161704
2182 22 0.179848
2183 22 0.188421
2184 22 0.109696
2185 22 0.190832
2186 22 0.124015
2187 22 0.227703
2188 22 0.141750
2189 22 0.185572
2190 22 0.168417
2191 22 0.104343
2192 22 0.082294
2193 22 0.160137
2194 22 0.156328
2195 22 0.128264
2196 22 0.102064
2197 22 0.170226
2198 22 0.177178
2199 22 0.083605
2200 23 0.147976
2201 23 0.148976
2202 23 0.227965
2203 23 0.127948
2204 23 0.222928
2205 23 0.105628
2206 23 0.072749
2207 23 0.235853
2208 23 0.097577
2209 23 0.132939
2210 23 0.083567
2211 23 0.202469
2212 23 0.222185
2213 23 0.220712
2214 23 0.137028
2215 23 0.142706
2216 23 0.148370
2217 23 0.199764
2218 23 0.179831
2219 23 0.188930
2220 23 0.225294
2221 23 0.139433
2222 23 0.208445
2223 23 0.161417
2224 23 0.104142
2225 23 0.170542
2226 23 0.087486
2227 23 0.208897
2228 23 0.159856
2229 23 0.023548
2230 23 0.145038
2231 23 0.193313
2232 23 0.128189
2233 23 0.127875
2234 23 0.184021
2235 23 0.159517
2236 23 0.120490
2237 23 0.158973
2238 23 0.114003
2239 23 0.153506
2240 23 0.124715
2241 23 0.104476
2242 23 0.228403
2243 23 0.094764
2244 23 0.178967
2245 23 0.123173
2246 23 0.160376
2247 23 0.151528
2248 23 0.155186
2249 23 0.157162
2250 23 0.177701
2251 23 0.203497
2252 23 0.163597
2253 23 0.170639
2254 23 0.124088
2255 23 0.136044
2256 23 0.144070
2257 23 0.097569
2258 23 0.106976
2259 23 0.189819
2260 23 0.141540
2261 23 0.105290
2262 23 0.154400
2263 23 0.132542
2264 23 0.181137
2265 23 0.169177
2266 23 0.128585
2267 23 0.158242
2268 23 0.131954
2269 23 0.187486
2270 23 0.105070
2271 23 0.078621
2272 23 0.192613
2273 23 0.155684
2274 23 0.161731
2275 23 0.111520
2276 23 0.113708
2277 23 0.422117
2278 23 0.128543
2279 23 0.170359
2280 23 0.166514
2281 23 0.130420
2282 23 0.323565
2283 23 0.100399
2284 23 0.139119
2285 23 0.141540
2286 23 0.147171
2287 23 0.244644
2288 23 0.155867
2289 23 0.161620
2290 23 0.118088
2291 23 0.233439
2292 23 0.147442
2293 23 0.104635
2294 23 0.106208
2295 23 0.026986
2296 23 0.130574
2297 23 0.089254
2298 23 0.069220
2299 23 0.142644
2300 24 0.195154
2301 24 0.192092
2302 24 0.184183
2303 24 0.152774
2304 24 0.344620
2305 24 0.109881
2306 24 0.206337
2307 24 0.168831
2308 24 0.120260
2309 24 0.080572
2310 24 0.137682
2311 24 0.166036
2312 24 0.154452
2313 24 0.146119
2314 24 0.205874
2315 24 0.186343
2316 24 0.186967
2317 24 0.161461
2318 24 0.218721
2319 24 0.113989
2320 24 0.082253
2321 24 0.112875
2322 24 0.079950
2323 24 0.088975
2324 24 0.218510
2325 24 0.057753
2326 24 0.103583
2327 24 0.133566
2328 24 0.135850
2329 24 0.100570
2330 24 0.157431
2331 24 0.109723
2332 24 0.122377
2333 24 0.167135
2334 24 0.149169
2335 24 0.140557
2336 24 0.206589
2337 24 0.180136
2338 24 0.146783
2339 24 0.159185
2340 24 0.221793
2341 24 0.151088
2342 24 0.357195
2343 24 0.174060
2344 24 0.267859
2345 24 0.217399
2346 24 0.178563
2347 24 0.138516
2348 24 0.211743
2349 24 0.100348
2350 24 0.135205
2351 24 0.130710
2352 24 0.154703
2353 24 0.159497
2354 24 0.095858
2355 24 0.134020
2356 24 0.167797
2357 24 0.215179
2358 24 0.241933
2359 24 0.153682
2360 24 0.151613
2361 24 0.168394
2362 24 0.113734
2363 24 0.115128
2364 24 0.122612
2365 24 0.170939
2366 24 0.112371
2367 24 0.191274
2368 24 0.143624
2369 24 0.140624
2370 24 0.127322
2371 24 0.200627
2372 24 0.162653
2373 24 0.155261
2374 24 0.120640
2375 24 0.172609
2376 24 0.110052
2377 24 0.167663
2378 24 0.100477
2379 24 0.151833
2380 24 0.170510
2381 24 0.071834
2382 24 0.117869
2383 24 0.122235
2384 24 0.156299
2385 24 0.157941
2386 24 0.023486
2387 24 0.165496
2388 24 0.123899
2389 24 0.141379
2390 24 0.165921
2391 24 0.202157
2392 24 0.128824
2393 24 0.168028
2394 24 0.083326
2395 24 0.150797
2396 24 0.166386
2397 24 0.181559
2398 24 0.072619
2399 24 0.133340
2400 25 0.130724
2401 25 0.210297
2402 25 0.155190
2403 25 0.128889
2404 25 0.150168
2405 25 0.162511
2406 25 0.116339
2407 25 0.170599
2408 25 0.120917
2409 25 0.212953
2410 25 0.169661
2411 25 0.130778
2412 25 0.153135
2413 25 0.172268
2414 25 0.200757
2415 25 0.158551
2416 25 0.097772
2417 25 0.093491
2418 25 0.172449
2419 25 0.131775
2420 25 0.152642
2421 25 0.161310
2422 25 0.077787
2423 25 0.112938
2424 25 0.105571
2425 25 0.183845
2426 25 0.095188
2427 25 0.026904
2428 25 0.089024
2429 25 0.142684
2430 25 0.174869
2431 25 0.122552
2432 25 0.121073
2433 25 0.198581
2434 25 0.183333
2435 25 0.102504
2436 25 0.086929
2437 25 0.167264
2438 25 0.134578
2439 25 0.314485
2440 25 0.145698
2441 25 0.165792
2442 25 0.180906
2443 25 0.139369
2444 25 0.224093
2445 25 0.128970
2446 25 0.023429
2447 25 0.066545
2448 25 0.155327
2449 25 0.150642
2450 25 0.260435
2451 25 0.103709
2452 25 0.159979
2453 25 0.111406
2454 25 0.235715
2455 25 0.136969
2456 25 0.167655
2457 25 0.079465
2458 25 0.170768
2459 25 0.243093
2460 25 0.159436
2461 25 0.110763
2462 25 0.116322
2463 25 0.211198
2464 25 0.188977
2465 25 0.331009
2466 25 0.193491
2467 25 0.167926
2468 25 0.152006
2469 25 0.141367
2470 25 0.106904
2471 25 0.196275
2472 25 0.143078
2473 25 0.148738
2474 25 0.120923
2475 25 0.145744
2476 25 0.143530
2477 25 0.096443
2478 25 0.171010
2479 25 0.094901
2480 25 0.192451
2481 25 0.136818
2482 25 0.183060
2483 25 0.097162
2484 25 0.181350
2485 25 0.139398
2486 25 0.192677
2487 25 0.125983
2488 25 0.096833
2489 25 0.199415
2490 25 0.128758
2491 25 0.095127
2492 25 0.154118
2493 25 0.161544
2494 25 0.169318
2495 25 0.173891
2496 25 0.135510
2497 25 0.211005
2498 25 0.086795
2499 25 0.068691
2500 26 0.137905
2501 26 0.165102
2502 26 0.088024
2503 26 0.135179
2504 26 0.121657
2505 26 0.151829
2506 26 0.103667
2507 26 0.089839
2508 26 0.145224
2509 26 0.166067
2510 26 0.117399
2511 26 0.119628
2512 26 0.144262
2513 26 0.082496
2514 26 0.160739
2515 26 0.135519
2516 26 0.113346
2517 26 0.130015
2518 26 0.183814
2519 26 0.176805
2520 26 0.180051
2521 26 0.198824
2522 26 0.139019
2523 26 0.126945
2524 26 0.180044
2525 26 0.121702
2526 26 0.098056
2527 26 0.111311
2528 26 0.073457
2529 26 0.068035
2530 26 0.136466
2531 26 0.216351
2532 26 0.133226
2533 26 0.096937
2534 26 0.226628
2535 26 0.148688
2536 26 0.138031
2537 26 0.127229
2538 26 0.055217
2539 26 0.147618
2540 26 0.127375
2541 26 0.187337
2542 26 0.063141
2543 26 0.114502
2544 26 0.115713
2545 26 0.186991
2546 26 0.170359
2547 26 0.120594
2548 26 0.158680
2549 26 0.154863
2550 26 0.145780
2551 26 0.064470
2552 26 0.167178
2553 26 0.143803
2554 26 0.140046
2555 26 0.205080
2556 26 0.162017
2557 26 0.161504
2558 26 0.141936
2559 26 0.172882
2560 26 0.081913
2561 26 0.181677
2562 26 0.116999
2563 26 0.107071
2564 26 0.138041
2565 26 0.129530
2566 26 0.152248
2567 26 0.152709
2568 26 0.110855
2569 26 0.109764
2570 26 0.147922
2571 26 0.129016
2572 26 0.200097
2573 26 0.102497
2574 26 0.220378
2575 26 0.162732
2576 26 0.133505
2577 26 0.123483
2578 26 0.123755
2579 26 0.135852
2580 26 0.254921
2581 26 0.180034
2582 26 0.173171
2583 26 0.121783
2584 26 0.131243
2585 26 0.086029
2586 26 0.165594
2587 26 0.173352
2588 26 0.210803
2589 26 0.153979
2590 26 0.083158
2591 26 0.138771
2592 26 0.026806
2593 26 0.119731
2594 26 0.303332
2595 26 0.171197
2596 26 0.210882
2597 26 0.143904
2598 26 0.311956
2599 26 0.079111
2600 27 0.184101
2601 27 0.312861
2602 27 0.133961
2603 27 0.138958
2604 27 0.070832
2605 27 0.199809
2606 27 0.188027
2607 27 0.208805
2608 27 0.157371
2609 27 0.110896
2610 27 0.133940
2611 27 0.120300
2612 27 0.136278
2613 27 0.164682
2614 27 0.248896
2615 27 0.153531
2616 27 0.112024
2617 27 0.173156
2618 27 0.157498
2619 27 0.118770
2620 27 0.164684
2621 27 0.173121
2622 27 0.146912
2623 27 0.145342
2624 27 0.184481
2625 27 0.061940
2626 27 0.129167
2627 27 0.153862
2628 27 0.179028
2629 27 0.106162
2630 27 0.126721
2631 27 0.136110
2632 27 0.154191
2633 27 0.081710
2634 27 0.204061
2635 27 0.095090
2636 27 0.189495
2637 27 0.181502
2638 27 0.161693
2639 27 0.147143
2640 27 0.170125
2641 27 0.150047
2642 27 0.129011
2643 27 0.115542
2644 27 0.133256
2645 27 0.162614
2646 27 0.205307
2647 27 0.110546
2648 27 0.026787
2649 27 0.122599
2650 27 0.151445
2651 27 0.173935
2652 27 0.133943
2653 27 0.127117
2654 27 0.194698
2655 27 0.138776
2656 27 0.186837
2657 27 0.071125
2658 27 0.128322
2659 27 0.129418
2660 27 0.229842
2661 27 0.187550
2662 27 0.212917
2663 27 0.123015
2664 27 0.161469
2665 27 0.130384
2666 27 0.023345
2667 27 0.135764
2668 27 0.331847
2669 27 0.067328
2670 27 0.157147
2671 27 0.146685
2672 27 0.113549
2673 27 0.164326
2674 27 0.155428
2675 27 0.144573
2676 27 0.157088
2677 27 0.103503
2678 27 0.065516
2679 27 0.206336
2680 27 0.154421
2681 27 0.087439
2682 27 0.109780
2683 27 0.148941
2684 27 0.063006
2685 27 0.112447
2686 27 0.161690
2687 27 0.104899
2688 27 0.200746
2689 27 0.171469
2690 27 0.142601
2691 27 0.173861
2692 27 0.097283
2693 27 0.154098
2694 27 0.174105
2695 27 0.054073
2696 27 0.208419
2697 27 0.106497
2698 27 0.127800
2699 27 0.087145
2700 28 0.176351
2701 28 0.066854
2702 28 0.126838
2703 28 0.149709
2704 28 0.153647
2705 28 0.153374
2706 28 0.124765
2707 28 0.139267
2708 28 0.141547
2709 28 0.119456
2710 28 0.131479
2711 28 0.144931
2712 28 0.156795
2713 28 0.023300
2714 28 0.101487
2715 28 0.116186
2716 28 0.160941
2717 28 0.108076
2718 28 0.072523
2719 28 0.149721
2720 28 0.132608
2721 28 0.143144
2722 28 0.139736
2723 28 0.131782
2724 28 0.076689
2725 28 0.141848
2726 28 0.089456
2727 28 0.171335
2728 28 0.124785
2729 28 0.101139
2730 28 0.143054
2731 28 0.083965
2732 28 0.116409
2733 28 0.110027
2734 28 0.180480
2735 28 0.333673
2736 28 0.136789
2737 28 0.083671
2738 28 0.063609
2739 28 0.123132
2740 28 0.110005
2741 28 0.182302
2742 28 0.153769
2743 28 0.107907
2744 28 0.213510
2745 28 0.103193
2746 28 0.163297
2747 28 0.198352
2748 28 0.153693
2749 28 0.167910
2750 28 0.117910
2751 28 0.081645
2752 28 0.110730
2753 28 0.177334
2754 28 0.060401
2755 28 0.113704
2756 28 0.121607
2757 28 0.125570
2758 28 0.148085
2759 28 0.201529
2760 28 0.146542
2761 28 0.172756
2762 28 0.172624
2763 28 0.151233
2764 28 0.140753
2765 28 0.095699
2766 28 0.047671
2767 28 0.082464
2768 28 0.129300
2769 28 0.242846
2770 28 0.138243
2771 28 0.145788
2772 28 0.203629
2773 28 0.169810
2774 28 0.096930
2775 28 0.141057
2776 28 0.156994
2777 28 0.197467
2778 28 0.130535
2779 28 0.318439
2780 28 0.272743
2781 28 0.079769
2782 28 0.218822
2783 28 0.112088
2784 28 0.177178
2785 28 0.086465
2786 28 0.147495
2787 28 0.190292
2788 28 0.139285
2789 28 0.082581
2790 28 0.153320
2791 28 0.085873
2792 28 0.194058
2793 28 0.143782
2794 28 0.158090
2795 28 0.190186
2796 28 0.142498
2797 28 0.255024
2798 28 0.075464
2799 28 0.204385
2800 29 0.098116
2801 29 0.092354
2802 29 0.192928
2803 29 0.106608
2804 29 0.094727
2805 29 0.119015
2806 29 0.130229
2807 29 0.206468
2808 29 0.067213
2809 29 0.169010
2810 29 0.068137
2811 29 0.191892
2812 29 0.141041
2813 29 0.132927
2814 29 0.096383
2815 29 0.178630
2816 29 0.170460
2817 29 0.244881
2818 29 0.103175
2819 29 0.129964
2820 29 0.129399
2821 29 0.187148
2822 29 0.306447
2823 29 0.125877
2824 29 0.204233
2825 29 0.109284
2826 29 0.205720
2827 29 0.148670
2828 29 0.092498
2829 29 0.123623
2830 29 0.182659
2831 29 0.107735
2832 29 0.164939
2833 29 0.125867
2834 29 0.066725
2835 29 0.128212
2836 29 0.134095
2837 29 0.106198
2838 29 0.107711
2839 29 0.127570
2840 29 0.125406
2841 29 0.185765
2842 29 0.125574
2843 29 0.138534
2844 29 0.195211
2845 29 0.135826
2846 29 0.125018
2847 29 0.051946
2848 29 0.174885
2849 29 0.053545
2850 29 0.307867
2851 29 0.126897
2852 29 0.217345
2853 29 0.114441
2854 29 0.066607
2855 29 0.159199
2856 29 0.156293
2857 29 0.157087
2858 29 0.117607
2859 29 0.142179
2860 29 0.099343
2861 29 0.130877
2862 29 0.023247
2863 29 0.056462
2864 29 0.165671
2865 29 0.117577
2866 29 0.124227
2867 29 0.151679
2868 29 0.214687
2869 29 0.129462
2870 29 0.177016
2871 29 0.124040
2872 29 0.162295
2873 29 0.166461
2874 29 0.132607
2875 29 0.109950
2876 29 0.147568
2877 29 0.091787
2878 29 0.144548
2879 29 0.149631
2880 29 0.156999
2881 29 0.145136
2882 29 0.101240
2883 29 0.159852
2884 29 0.170711
2885 29 0.118139
2886 29 0.149324
2887 29 0.200869
2888 29 0.173423
2889 29 0.123798
2890 29 0.158250
2891 29 0.117912
2892 29 0.098317
2893 29 0.076022
2894 29 0.180924
2895 29 0.158321
2896 29 0.124529
2897 29 0.156683
2898 29 0.122897
2899 29 0.170138
2900 30 0.026631
2901 30 0.111848
2902 30 0.140490
2903 30 0.151481
2904 30 0.154406
2905 30 0.138888
2906 30 0.134177
2907 30 0.111984
2908 30 0.111361
2909 30 0.115810
2910 30 0.108217
2911 30 0.142706
2912 30 0.112912
2913 30 0.068775
2914 30 0.201322
2915 30 0.091395
2916 30 0.169261
2917 30 0.229288
2918 30 0.197876
2919 30 0.176276
2920 30 0.072969
2921 30 0.219873
2922 30 0.095547
2923 30 0.185083
2924 30 0.177349
2925 30 0.094686
2926 30 0.130874
2927 30 0.118015
2928 30 0.110749
2929 30 0.143930
2930 30 0.119939
2931 30 0.184951
2932 30 0.162653
2933 30 0.178105
2934 30 0.120452
2935 30 0.142590
2936 30 0.158923
2937 30 0.134606
2938 30 0.074002
2939 30 0.023164
2940 30 0.075413
2941 30 0.122195
2942 30 0.148549
2943 30 0.136853
2944 30 0.134031
2945 30 0.066600
2946 30 0.167373
2947 30 0.284916
2948 30 0.205560
2949 30 0.095625
2950 30 0.214542
2951 30 0.146681
2952 30 0.311769
2953 30 0.122721
2954 30 0.145448
2955 30 0.110469
2956 30 0.108587
2957 30 0.085009
2958 30 0.209264
2959 30 0.074820
2960 30 0.144493
2961 30 0.137040
2962 30 0.076947
2963 30 0.098572
2964 30 0.176041
2965 30 0.157467
2966 30 0.129007
2967 30 0.122149
2968 30 0.090453
2969 30 0.180451
2970 30 0.181080
2971 30 0.104437
2972 30 0.237093
2973 30 0.137735
2974 30 0.247234
2975 30 0.180709
2976 30 0.221645
2977 30 0.157360
2978 30 0.096724
2979 30 0.132095
2980 30 0.104005
2981 30 0.078459
2982 30 0.137965
2983 30 0.112669
2984 30 0.082226
2985 30 0.119410
2986 30 0.136076
2987 30 0.133194
2988 30 0.227546
2989 30 0.140119
2990 30 0.205660
2991 30 0.139234
2992 30 0.087998
2993 30 0.128048
2994 30 0.180423
2995 30 0.155748
2996 30 0.144273
2997 30 0.140371
2998 30 0.048439
2999 30 0.120642
