# Batch convergence for: model=snn-ae encoding=direct architecture=dense v_th=1.5 alpha=0.9 run=2
batch_num epoch batch_loss
0 1 1.230651
1 1 1.305044
2 1 1.356910
3 1 1.256518
4 1 1.337922
5 1 1.384979
6 1 1.163256
7 1 1.404924
8 1 1.443831
9 1 1.304299
10 1 1.235976
11 1 1.142586
12 1 1.125919
13 1 1.298431
14 1 1.230914
15 1 1.115456
16 1 1.303910
17 1 1.260904
18 1 1.287457
19 1 1.070766
20 1 1.077708
21 1 1.105293
22 1 1.162500
23 1 1.088173
24 1 1.228037
25 1 1.398267
26 1 1.193656
27 1 1.259625
28 1 1.048384
29 1 1.152518
30 1 1.335143
31 1 1.337437
32 1 1.063869
33 1 1.063951
34 1 1.249133
35 1 1.115062
36 1 1.102988
37 1 1.275787
38 1 1.371489
39 1 1.225144
40 1 1.141810
41 1 1.088186
42 1 1.057019
43 1 1.296152
44 1 1.107627
45 1 1.017820
46 1 1.075189
47 1 1.001750
48 1 1.451903
49 1 1.029556
50 1 1.101938
51 1 1.011988
52 1 1.178120
53 1 1.192667
54 1 1.197361
55 1 1.314681
56 1 1.137339
57 1 1.186516
58 1 1.246364
59 1 1.121603
60 1 1.133620
61 1 1.155094
62 1 1.286606
63 1 1.229627
64 1 1.175208
65 1 1.122150
66 1 1.078492
67 1 1.153906
68 1 1.041786
69 1 1.053469
70 1 1.041998
71 1 1.077681
72 1 1.121632
73 1 1.059580
74 1 1.212432
75 1 1.120687
76 1 0.998545
77 1 1.059281
78 1 1.183524
79 1 1.085973
80 1 1.048394
81 1 1.088588
82 1 1.076986
83 1 1.062397
84 1 1.080987
85 1 1.163893
86 1 1.138782
87 1 1.059278
88 1 1.072343
89 1 1.195481
90 1 1.061925
91 1 1.120114
92 1 0.992674
93 1 1.013475
94 1 1.277711
95 1 1.225230
96 1 1.107430
97 1 1.122725
98 1 1.027120
99 1 1.065607
100 2 1.170826
101 2 1.162638
102 2 1.074668
103 2 1.376153
104 2 1.060578
105 2 1.006231
106 2 1.039488
107 2 1.043043
108 2 0.998165
109 2 1.038967
110 2 1.045959
111 2 1.129388
112 2 1.066636
113 2 0.983574
114 2 1.134409
115 2 1.099598
116 2 1.044389
117 2 0.992678
118 2 1.016256
119 2 1.071315
120 2 1.074036
121 2 1.156470
122 2 1.228450
123 2 1.120788
124 2 1.094523
125 2 1.028266
126 2 1.020602
127 2 1.014265
128 2 1.033060
129 2 1.067500
130 2 1.050032
131 2 1.133736
132 2 1.001308
133 2 1.113063
134 2 1.192417
135 2 1.056863
136 2 1.090991
137 2 1.097668
138 2 1.073530
139 2 1.035695
140 2 1.020481
141 2 1.031207
142 2 1.084472
143 2 1.091836
144 2 1.116477
145 2 1.074221
146 2 1.058053
147 2 1.273409
148 2 1.001052
149 2 1.054350
150 2 0.987369
151 2 1.013769
152 2 1.037212
153 2 1.057843
154 2 1.060437
155 2 1.159160
156 2 0.994249
157 2 1.017935
158 2 1.029766
159 2 1.194199
160 2 1.031576
161 2 1.134415
162 2 1.145187
163 2 1.132873
164 2 1.136449
165 2 1.128382
166 2 1.098574
167 2 1.102769
168 2 1.018485
169 2 1.162582
170 2 1.001218
171 2 1.005147
172 2 1.029865
173 2 1.019098
174 2 1.157744
175 2 1.074338
176 2 0.997220
177 2 1.063922
178 2 1.019917
179 2 0.982306
180 2 1.059238
181 2 1.133324
182 2 1.032770
183 2 1.250664
184 2 1.030909
185 2 1.019184
186 2 1.048442
187 2 1.015020
188 2 0.997334
189 2 1.040908
190 2 1.045448
191 2 1.052975
192 2 0.984650
193 2 1.012592
194 2 1.073987
195 2 1.047604
196 2 0.986166
197 2 1.064029
198 2 0.993962
199 2 1.085866
200 3 1.236772
201 3 1.052792
202 3 1.030660
203 3 1.057733
204 3 1.030936
205 3 1.120275
206 3 1.020182
207 3 1.057704
208 3 1.121083
209 3 1.012789
210 3 1.097351
211 3 1.027411
212 3 1.043228
213 3 1.038281
214 3 1.008369
215 3 1.294733
216 3 1.005753
217 3 1.071280
218 3 1.054249
219 3 0.989340
220 3 1.093077
221 3 1.111733
222 3 1.035705
223 3 1.039473
224 3 0.989476
225 3 1.032000
226 3 1.051742
227 3 1.084468
228 3 1.059107
229 3 1.099528
230 3 1.030736
231 3 1.137018
232 3 1.106587
233 3 1.105259
234 3 1.043457
235 3 1.021713
236 3 1.053147
237 3 1.091258
238 3 1.056641
239 3 1.188472
240 3 1.052792
241 3 1.000574
242 3 0.999765
243 3 1.026017
244 3 1.113234
245 3 1.059093
246 3 0.995198
247 3 1.005656
248 3 1.040217
249 3 0.993157
250 3 1.016236
251 3 1.025206
252 3 0.997209
253 3 1.018012
254 3 1.108851
255 3 1.022659
256 3 1.170521
257 3 1.032540
258 3 1.072221
259 3 1.089569
260 3 1.034264
261 3 1.180917
262 3 1.069607
263 3 0.983822
264 3 1.021942
265 3 1.104365
266 3 1.094452
267 3 1.071054
268 3 1.082461
269 3 1.047473
270 3 1.057583
271 3 1.102647
272 3 1.033963
273 3 1.029215
274 3 1.018093
275 3 1.041959
276 3 1.083867
277 3 1.015519
278 3 1.048088
279 3 0.997919
280 3 1.018030
281 3 1.021712
282 3 0.966847
283 3 1.001382
284 3 0.991213
285 3 1.011436
286 3 0.978471
287 3 1.040262
288 3 0.970617
289 3 1.075586
290 3 1.001520
291 3 1.001651
292 3 1.035625
293 3 0.993085
294 3 1.031767
295 3 0.973427
296 3 1.040106
297 3 1.053538
298 3 1.050796
299 3 1.030214
300 4 1.004940
301 4 1.083978
302 4 0.992995
303 4 1.086836
304 4 1.017879
305 4 0.997885
306 4 1.020475
307 4 1.013075
308 4 1.028299
309 4 1.041810
310 4 0.983755
311 4 1.014659
312 4 1.098853
313 4 1.037736
314 4 1.021595
315 4 0.998969
316 4 1.037256
317 4 1.060679
318 4 1.014084
319 4 1.137231
320 4 0.989993
321 4 1.111576
322 4 1.090362
323 4 1.060756
324 4 1.082220
325 4 1.068300
326 4 1.061519
327 4 1.034716
328 4 0.983540
329 4 0.998792
330 4 0.978010
331 4 1.078948
332 4 0.989385
333 4 1.067039
334 4 0.987768
335 4 0.998308
336 4 1.100840
337 4 1.067183
338 4 0.946626
339 4 0.988214
340 4 1.066463
341 4 0.977653
342 4 1.013798
343 4 0.978769
344 4 0.988805
345 4 1.068467
346 4 0.976560
347 4 1.023526
348 4 1.049614
349 4 1.009665
350 4 1.073146
351 4 1.129978
352 4 1.161395
353 4 1.064876
354 4 1.006431
355 4 0.997195
356 4 0.994733
357 4 1.006584
358 4 1.028156
359 4 0.987346
360 4 1.020528
361 4 1.050888
362 4 1.153450
363 4 0.987899
364 4 1.006307
365 4 0.989105
366 4 1.045157
367 4 0.998308
368 4 1.095033
369 4 1.023836
370 4 0.996726
371 4 0.954053
372 4 1.032559
373 4 1.072115
374 4 1.183208
375 4 1.081222
376 4 1.095790
377 4 1.017794
378 4 1.076231
379 4 1.006336
380 4 1.026401
381 4 1.082051
382 4 1.143330
383 4 1.038749
384 4 1.001781
385 4 1.029676
386 4 1.021376
387 4 1.005021
388 4 1.005746
389 4 1.022929
390 4 1.105256
391 4 0.989710
392 4 1.035401
393 4 1.050171
394 4 1.104830
395 4 1.012437
396 4 1.001527
397 4 1.010657
398 4 1.035923
399 4 1.058330
400 5 0.981173
401 5 0.998047
402 5 1.057252
403 5 1.044109
404 5 1.017784
405 5 1.000304
406 5 1.040099
407 5 0.986971
408 5 1.010331
409 5 1.000257
410 5 1.009515
411 5 1.049098
412 5 0.999535
413 5 0.972281
414 5 0.993740
415 5 0.999025
416 5 0.962742
417 5 0.944877
418 5 0.975605
419 5 0.981815
420 5 1.014271
421 5 0.996539
422 5 1.104297
423 5 0.946923
424 5 1.026384
425 5 0.992839
426 5 1.009038
427 5 1.080996
428 5 1.100260
429 5 0.956948
430 5 1.068498
431 5 1.028072
432 5 1.089723
433 5 0.977306
434 5 1.056841
435 5 0.997444
436 5 1.067418
437 5 1.050639
438 5 0.976701
439 5 1.067019
440 5 0.957053
441 5 1.001360
442 5 0.981414
443 5 1.008730
444 5 1.006193
445 5 1.180785
446 5 1.046626
447 5 1.183411
448 5 1.023761
449 5 1.062307
450 5 1.127607
451 5 1.001067
452 5 0.995566
453 5 0.938947
454 5 1.042768
455 5 1.050755
456 5 1.013758
457 5 0.964274
458 5 1.014252
459 5 1.004256
460 5 1.018023
461 5 1.104229
462 5 1.194640
463 5 1.030953
464 5 0.970377
465 5 1.016551
466 5 1.012091
467 5 0.992510
468 5 1.101663
469 5 0.980784
470 5 1.071035
471 5 0.998840
472 5 1.163314
473 5 1.037689
474 5 1.043992
475 5 0.995186
476 5 1.014309
477 5 1.003403
478 5 1.027747
479 5 0.980564
480 5 1.168244
481 5 1.046676
482 5 1.053804
483 5 1.002758
484 5 1.003436
485 5 1.101490
486 5 0.984240
487 5 1.010073
488 5 1.175278
489 5 1.148242
490 5 1.024390
491 5 0.992315
492 5 1.120190
493 5 1.037326
494 5 1.038746
495 5 1.105099
496 5 1.069269
497 5 1.073825
498 5 1.024816
499 5 0.999046
500 6 1.145244
501 6 0.914713
502 6 1.002482
503 6 1.070048
504 6 1.037006
505 6 0.998730
506 6 0.952008
507 6 1.073476
508 6 0.993748
509 6 0.980769
510 6 0.999407
511 6 0.980380
512 6 0.979895
513 6 1.020022
514 6 1.104120
515 6 1.091392
516 6 0.982088
517 6 0.884392
518 6 0.993123
519 6 0.973571
520 6 1.080551
521 6 1.001273
522 6 0.970821
523 6 1.011322
524 6 1.012552
525 6 1.029624
526 6 1.106862
527 6 0.987007
528 6 0.953872
529 6 0.999633
530 6 1.000980
531 6 0.984895
532 6 1.059435
533 6 1.046007
534 6 1.098678
535 6 1.017544
536 6 1.052396
537 6 1.083345
538 6 1.077856
539 6 1.010385
540 6 0.995889
541 6 0.975202
542 6 1.053867
543 6 1.024369
544 6 1.062280
545 6 0.997056
546 6 1.039194
547 6 1.099468
548 6 0.983176
549 6 1.040365
550 6 1.110402
551 6 0.927270
552 6 0.996022
553 6 0.890706
554 6 1.125997
555 6 0.996792
556 6 0.990152
557 6 1.102747
558 6 1.009713
559 6 0.999297
560 6 0.982018
561 6 1.058059
562 6 0.988083
563 6 0.924228
564 6 0.846699
565 6 0.991293
566 6 0.995746
567 6 1.014908
568 6 1.120787
569 6 1.047647
570 6 0.836749
571 6 1.006398
572 6 1.054584
573 6 0.936010
574 6 1.018391
575 6 1.157693
576 6 1.024421
577 6 1.057915
578 6 1.016576
579 6 1.067975
580 6 1.013850
581 6 1.039238
582 6 1.034652
583 6 1.029355
584 6 1.070568
585 6 1.097512
586 6 1.037384
587 6 0.946376
588 6 1.069278
589 6 0.988035
590 6 1.017377
591 6 1.054412
592 6 0.974882
593 6 1.013350
594 6 0.976091
595 6 1.030545
596 6 0.950063
597 6 0.999549
598 6 1.083329
599 6 0.979307
600 7 0.995689
601 7 1.003747
602 7 1.003687
603 7 1.008815
604 7 0.977844
605 7 1.010906
606 7 1.064036
607 7 0.997117
608 7 1.007806
609 7 1.005113
610 7 0.988136
611 7 1.066894
612 7 1.010467
613 7 0.991576
614 7 1.160406
615 7 1.065593
616 7 1.006984
617 7 0.864829
618 7 1.030062
619 7 1.029138
620 7 0.803061
621 7 1.069831
622 7 0.822465
623 7 1.016394
624 7 1.031384
625 7 1.029959
626 7 1.032463
627 7 1.098875
628 7 1.011621
629 7 1.099137
630 7 1.010859
631 7 0.914808
632 7 0.989645
633 7 1.017815
634 7 0.994542
635 7 0.993010
636 7 0.714849
637 7 1.040024
638 7 0.991056
639 7 1.049441
640 7 1.057912
641 7 1.000660
642 7 0.980598
643 7 1.053124
644 7 1.083964
645 7 0.939603
646 7 0.990088
647 7 0.982476
648 7 0.998993
649 7 0.737618
650 7 0.978376
651 7 1.082310
652 7 1.018094
653 7 1.048602
654 7 0.938772
655 7 0.991430
656 7 1.017263
657 7 1.049359
658 7 1.097193
659 7 1.001854
660 7 1.009622
661 7 0.990994
662 7 1.068395
663 7 1.024493
664 7 1.070042
665 7 0.918352
666 7 1.017138
667 7 0.996897
668 7 1.030638
669 7 1.048308
670 7 1.036599
671 7 1.011391
672 7 1.079679
673 7 1.069224
674 7 1.146280
675 7 1.048437
676 7 1.020368
677 7 0.911139
678 7 1.005361
679 7 1.207556
680 7 0.988005
681 7 0.953516
682 7 0.955284
683 7 1.053693
684 7 1.065221
685 7 0.990915
686 7 1.062011
687 7 1.078327
688 7 0.988559
689 7 1.133522
690 7 1.070312
691 7 1.059923
692 7 0.976565
693 7 0.742484
694 7 0.926821
695 7 0.987139
696 7 1.112185
697 7 1.005634
698 7 0.990038
699 7 0.974847
700 8 1.055367
701 8 0.999324
702 8 1.063158
703 8 1.046018
704 8 0.997555
705 8 1.016072
706 8 0.830907
707 8 0.982739
708 8 0.963459
709 8 1.025777
710 8 0.997016
711 8 1.010082
712 8 1.024092
713 8 0.987211
714 8 1.090336
715 8 1.061843
716 8 1.096822
717 8 0.979902
718 8 0.999752
719 8 0.910631
720 8 1.041788
721 8 1.050106
722 8 1.046345
723 8 1.001805
724 8 0.990692
725 8 0.900954
726 8 0.973309
727 8 1.145452
728 8 1.035460
729 8 0.900135
730 8 0.840671
731 8 0.977556
732 8 1.040307
733 8 1.027092
734 8 0.974769
735 8 0.972557
736 8 0.941252
737 8 1.009578
738 8 0.847476
739 8 1.012600
740 8 1.011286
741 8 0.984929
742 8 0.994138
743 8 1.009578
744 8 0.957216
745 8 1.052983
746 8 0.793114
747 8 1.008966
748 8 1.049327
749 8 1.056579
750 8 1.015480
751 8 1.022895
752 8 1.091801
753 8 1.013527
754 8 0.988052
755 8 0.901826
756 8 0.992434
757 8 1.029250
758 8 0.977152
759 8 1.092303
760 8 1.036710
761 8 1.057153
762 8 1.006685
763 8 1.077842
764 8 1.023641
765 8 1.030503
766 8 0.983417
767 8 1.059405
768 8 1.006674
769 8 0.842917
770 8 0.991117
771 8 0.848725
772 8 1.032767
773 8 1.019491
774 8 0.997702
775 8 1.006729
776 8 1.087348
777 8 1.057734
778 8 1.005897
779 8 1.009035
780 8 0.981100
781 8 1.001583
782 8 0.713377
783 8 0.600622
784 8 0.627148
785 8 0.896561
786 8 1.039673
787 8 0.971889
788 8 0.972556
789 8 0.573836
790 8 1.000807
791 8 1.027536
792 8 1.047853
793 8 1.013340
794 8 0.990087
795 8 0.998809
796 8 1.027024
797 8 1.144593
798 8 0.928553
799 8 1.039330
800 9 1.063643
801 9 1.007563
802 9 0.991747
803 9 1.062711
804 9 0.993700
805 9 0.876465
806 9 0.993570
807 9 1.031909
808 9 1.038319
809 9 1.111503
810 9 0.947239
811 9 0.959151
812 9 1.086585
813 9 1.030413
814 9 0.988333
815 9 1.027086
816 9 1.057806
817 9 0.959126
818 9 1.008781
819 9 1.043628
820 9 1.075794
821 9 1.003960
822 9 0.998834
823 9 1.025571
824 9 0.911413
825 9 1.013102
826 9 1.069597
827 9 1.002480
828 9 1.014789
829 9 1.005129
830 9 0.786644
831 9 1.004933
832 9 1.000658
833 9 0.981376
834 9 1.136778
835 9 0.511625
836 9 0.958723
837 9 0.879492
838 9 0.975194
839 9 1.076825
840 9 0.995300
841 9 1.047294
842 9 0.989435
843 9 1.107702
844 9 0.927638
845 9 0.613596
846 9 1.014842
847 9 1.089947
848 9 0.561420
849 9 1.092728
850 9 0.988254
851 9 1.016636
852 9 0.898684
853 9 0.907551
854 9 1.099261
855 9 0.919000
856 9 1.007934
857 9 0.975741
858 9 0.951339
859 9 0.965692
860 9 0.990301
861 9 1.085277
862 9 1.004183
863 9 0.908885
864 9 0.653931
865 9 1.069812
866 9 1.156958
867 9 1.023692
868 9 1.034948
869 9 1.036998
870 9 0.879414
871 9 0.968996
872 9 1.008271
873 9 0.994827
874 9 1.114058
875 9 0.985314
876 9 1.022051
877 9 0.739912
878 9 0.924641
879 9 0.946087
880 9 1.004843
881 9 1.053926
882 9 0.908944
883 9 1.008955
884 9 0.891828
885 9 0.979064
886 9 0.737937
887 9 0.990952
888 9 1.026934
889 9 0.995335
890 9 0.982708
891 9 0.964373
892 9 0.954100
893 9 1.076465
894 9 1.014679
895 9 1.019739
896 9 0.998437
897 9 0.942939
898 9 1.147998
899 9 1.091008
900 10 0.896832
901 10 1.036990
902 10 1.025693
903 10 1.000419
904 10 0.959879
905 10 0.996964
906 10 1.021554
907 10 1.020856
908 10 0.987155
909 10 1.177460
910 10 1.007382
911 10 0.971756
912 10 0.990337
913 10 1.107887
914 10 0.964646
915 10 0.971968
916 10 1.025473
917 10 0.945984
918 10 0.918048
919 10 1.056801
920 10 0.998902
921 10 0.956716
922 10 1.117077
923 10 0.973151
924 10 0.968247
925 10 1.013068
926 10 0.991216
927 10 0.847622
928 10 1.030586
929 10 0.963899
930 10 1.035153
931 10 0.990331
932 10 0.986368
933 10 1.015570
934 10 0.930866
935 10 0.989080
936 10 1.003030
937 10 0.941539
938 10 1.019670
939 10 0.986713
940 10 0.968345
941 10 1.033090
942 10 1.063108
943 10 0.722873
944 10 0.983890
945 10 1.025224
946 10 0.956902
947 10 1.068194
948 10 0.508028
949 10 1.011563
950 10 1.042644
951 10 1.088832
952 10 0.992614
953 10 0.990594
954 10 0.985016
955 10 1.059720
956 10 1.123692
957 10 1.052161
958 10 0.897164
959 10 1.014201
960 10 0.976958
961 10 0.996061
962 10 0.967591
963 10 1.023968
964 10 0.709135
965 10 0.806394
966 10 0.910976
967 10 1.031452
968 10 1.077048
969 10 1.055298
970 10 0.477373
971 10 0.894333
972 10 1.025610
973 10 0.474394
974 10 0.984484
975 10 1.080897
976 10 1.027975
977 10 1.048009
978 10 0.955691
979 10 0.869670
980 10 0.713169
981 10 1.022528
982 10 1.045943
983 10 0.620860
984 10 1.208739
985 10 0.861711
986 10 1.194525
987 10 1.015799
988 10 1.090443
989 10 0.979281
990 10 1.044077
991 10 0.986397
992 10 0.963016
993 10 1.022673
994 10 1.006208
995 10 0.991058
996 10 0.973772
997 10 0.976167
998 10 1.065771
999 10 0.987907
1000 11 1.043472
1001 11 0.866295
1002 11 0.894275
1003 11 1.054787
1004 11 0.973630
1005 11 0.938025
1006 11 0.656250
1007 11 1.049935
1008 11 0.924654
1009 11 0.778872
1010 11 1.036949
1011 11 0.958820
1012 11 0.979717
1013 11 1.006078
1014 11 1.056748
1015 11 0.926040
1016 11 0.972197
1017 11 0.809526
1018 11 1.026198
1019 11 0.787467
1020 11 0.858470
1021 11 0.826036
1022 11 1.078492
1023 11 0.898772
1024 11 0.963638
1025 11 0.939008
1026 11 0.900627
1027 11 0.987231
1028 11 1.042362
1029 11 1.071598
1030 11 1.003088
1031 11 0.937463
1032 11 1.040943
1033 11 0.792511
1034 11 0.959280
1035 11 1.025428
1036 11 0.942940
1037 11 0.691367
1038 11 0.881805
1039 11 1.060093
1040 11 1.060658
1041 11 0.967121
1042 11 1.069408
1043 11 1.011968
1044 11 0.847266
1045 11 0.981547
1046 11 1.048603
1047 11 0.847260
1048 11 0.777112
1049 11 1.068548
1050 11 0.700464
1051 11 1.073744
1052 11 0.999132
1053 11 0.928120
1054 11 0.920110
1055 11 0.971601
1056 11 1.116261
1057 11 1.024773
1058 11 1.021079
1059 11 0.986273
1060 11 0.953615
1061 11 0.960298
1062 11 1.014248
1063 11 0.956826
1064 11 1.058308
1065 11 0.682519
1066 11 0.991914
1067 11 1.124940
1068 11 1.114137
1069 11 0.856675
1070 11 0.579010
1071 11 0.912890
1072 11 0.890564
1073 11 0.938286
1074 11 0.989859
1075 11 1.085845
1076 11 1.073402
1077 11 0.921411
1078 11 1.005626
1079 11 0.989633
1080 11 0.994412
1081 11 0.709257
1082 11 1.056844
1083 11 1.034908
1084 11 0.984668
1085 11 1.021955
1086 11 0.929661
1087 11 0.999496
1088 11 0.980676
1089 11 0.927877
1090 11 0.962766
1091 11 1.006244
1092 11 1.070133
1093 11 0.991333
1094 11 0.930471
1095 11 0.989354
1096 11 0.986776
1097 11 1.018163
1098 11 1.048620
1099 11 0.937007
1100 12 1.075660
1101 12 0.984358
1102 12 1.014642
1103 12 0.782378
1104 12 0.945943
1105 12 1.163618
1106 12 0.964862
1107 12 0.992454
1108 12 0.795375
1109 12 1.004679
1110 12 0.962019
1111 12 0.971842
1112 12 1.053778
1113 12 0.902146
1114 12 1.033487
1115 12 1.014611
1116 12 0.492328
1117 12 1.014672
1118 12 0.940398
1119 12 1.062390
1120 12 0.931598
1121 12 1.015832
1122 12 1.109311
1123 12 0.950802
1124 12 0.558548
1125 12 0.918482
1126 12 0.782306
1127 12 0.928268
1128 12 1.086519
1129 12 0.996677
1130 12 0.952901
1131 12 1.002350
1132 12 0.978549
1133 12 1.024076
1134 12 0.979431
1135 12 0.866506
1136 12 0.870632
1137 12 0.736083
1138 12 0.983803
1139 12 1.025844
1140 12 0.964212
1141 12 0.978189
1142 12 0.987082
1143 12 0.998809
1144 12 0.941907
1145 12 1.031798
1146 12 0.934988
1147 12 1.012091
1148 12 1.069232
1149 12 1.014780
1150 12 1.037120
1151 12 0.718877
1152 12 0.745079
1153 12 0.914181
1154 12 1.146905
1155 12 0.961988
1156 12 1.071736
1157 12 0.956803
1158 12 0.344649
1159 12 0.929829
1160 12 1.047095
1161 12 0.980129
1162 12 1.032947
1163 12 0.980270
1164 12 0.966980
1165 12 1.124622
1166 12 0.998340
1167 12 1.013120
1168 12 1.023020
1169 12 0.978805
1170 12 0.838776
1171 12 1.117574
1172 12 0.848216
1173 12 0.851570
1174 12 0.966350
1175 12 0.835297
1176 12 1.014556
1177 12 0.948340
1178 12 1.023498
1179 12 0.983066
1180 12 0.888615
1181 12 0.762569
1182 12 0.964092
1183 12 0.986876
1184 12 1.039010
1185 12 0.905679
1186 12 0.754622
1187 12 0.985294
1188 12 1.025037
1189 12 0.828564
1190 12 0.879121
1191 12 1.079528
1192 12 0.929729
1193 12 0.987932
1194 12 0.993831
1195 12 1.008198
1196 12 0.952263
1197 12 1.043386
1198 12 0.801242
1199 12 0.988826
1200 13 0.542188
1201 13 0.736434
1202 13 0.887043
1203 13 0.983187
1204 13 0.997062
1205 13 0.943816
1206 13 0.825510
1207 13 1.093485
1208 13 1.048702
1209 13 0.979369
1210 13 1.012443
1211 13 1.029334
1212 13 0.988792
1213 13 0.823995
1214 13 0.987927
1215 13 1.005152
1216 13 1.029538
1217 13 1.056890
1218 13 0.948810
1219 13 0.902093
1220 13 0.958737
1221 13 0.969774
1222 13 0.986567
1223 13 0.997734
1224 13 1.055216
1225 13 0.652622
1226 13 0.971502
1227 13 1.143415
1228 13 0.973851
1229 13 1.022097
1230 13 0.983828
1231 13 0.454806
1232 13 1.167383
1233 13 1.005663
1234 13 0.859886
1235 13 0.770815
1236 13 1.031428
1237 13 1.087850
1238 13 1.040940
1239 13 0.962291
1240 13 0.938847
1241 13 0.785626
1242 13 0.946576
1243 13 1.014186
1244 13 1.022087
1245 13 0.417126
1246 13 1.016876
1247 13 1.073308
1248 13 0.946201
1249 13 0.540267
1250 13 0.671047
1251 13 0.650117
1252 13 0.928740
1253 13 1.044190
1254 13 0.779858
1255 13 1.039331
1256 13 0.989409
1257 13 0.922288
1258 13 1.069826
1259 13 1.025022
1260 13 1.109248
1261 13 1.030071
1262 13 0.960552
1263 13 0.905281
1264 13 0.766636
1265 13 0.962671
1266 13 1.009788
1267 13 0.910544
1268 13 0.982910
1269 13 0.980106
1270 13 1.009883
1271 13 1.014565
1272 13 0.934032
1273 13 0.948321
1274 13 1.006729
1275 13 0.921200
1276 13 0.974672
1277 13 1.049132
1278 13 1.024182
1279 13 0.942105
1280 13 0.907343
1281 13 1.105662
1282 13 1.067222
1283 13 0.885188
1284 13 0.983969
1285 13 0.974984
1286 13 0.992428
1287 13 1.100919
1288 13 0.880935
1289 13 0.851414
1290 13 0.971700
1291 13 1.007137
1292 13 0.967152
1293 13 0.988157
1294 13 0.949648
1295 13 0.793338
1296 13 1.039709
1297 13 1.004692
1298 13 0.981811
1299 13 0.824113
1300 14 1.052224
1301 14 1.025883
1302 14 0.828900
1303 14 1.015750
1304 14 0.978755
1305 14 0.987793
1306 14 1.002071
1307 14 0.994643
1308 14 0.854576
1309 14 1.068996
1310 14 0.940498
1311 14 0.860620
1312 14 0.968220
1313 14 0.909432
1314 14 0.834650
1315 14 0.949909
1316 14 1.122994
1317 14 1.059291
1318 14 0.986898
1319 14 0.630408
1320 14 0.564988
1321 14 1.038608
1322 14 0.304395
1323 14 0.981082
1324 14 0.306616
1325 14 0.850727
1326 14 0.872171
1327 14 0.800405
1328 14 0.770462
1329 14 1.144056
1330 14 0.897567
1331 14 1.032060
1332 14 1.021024
1333 14 0.981954
1334 14 1.011865
1335 14 0.995037
1336 14 0.893095
1337 14 1.035216
1338 14 0.944246
1339 14 1.001546
1340 14 1.057523
1341 14 0.632105
1342 14 0.953453
1343 14 1.007800
1344 14 0.967384
1345 14 0.993340
1346 14 0.943540
1347 14 1.020801
1348 14 0.998287
1349 14 1.055116
1350 14 1.057377
1351 14 0.909656
1352 14 0.912767
1353 14 0.910084
1354 14 0.928738
1355 14 0.813485
1356 14 1.024690
1357 14 0.961702
1358 14 0.976105
1359 14 1.002276
1360 14 0.984470
1361 14 0.976993
1362 14 0.853201
1363 14 0.761417
1364 14 1.007051
1365 14 1.037735
1366 14 0.689605
1367 14 0.903738
1368 14 0.968019
1369 14 1.068832
1370 14 0.898284
1371 14 1.007820
1372 14 1.016677
1373 14 0.900319
1374 14 0.897701
1375 14 0.719424
1376 14 0.886755
1377 14 0.989766
1378 14 1.048288
1379 14 0.891882
1380 14 0.940818
1381 14 0.958057
1382 14 1.050658
1383 14 1.008029
1384 14 0.922761
1385 14 0.913625
1386 14 0.933883
1387 14 1.017469
1388 14 0.981651
1389 14 1.030100
1390 14 0.957255
1391 14 0.927862
1392 14 0.583480
1393 14 1.071411
1394 14 0.959149
1395 14 0.859891
1396 14 0.925553
1397 14 0.529938
1398 14 0.974363
1399 14 1.134004
1400 15 0.879948
1401 15 0.833933
1402 15 1.041501
1403 15 0.903904
1404 15 0.921701
1405 15 1.062889
1406 15 1.024569
1407 15 0.864285
1408 15 1.030593
1409 15 0.709507
1410 15 0.982918
1411 15 0.939404
1412 15 1.003591
1413 15 0.917350
1414 15 0.965169
1415 15 1.051909
1416 15 1.022321
1417 15 0.908204
1418 15 0.335128
1419 15 0.990280
1420 15 0.780079
1421 15 0.780229
1422 15 1.018427
1423 15 0.912477
1424 15 0.930804
1425 15 0.970668
1426 15 1.030201
1427 15 0.968732
1428 15 0.888435
1429 15 1.037602
1430 15 0.976932
1431 15 0.990952
1432 15 0.985582
1433 15 0.383727
1434 15 1.020054
1435 15 0.854742
1436 15 0.975936
1437 15 0.752701
1438 15 0.861661
1439 15 0.716336
1440 15 1.002762
1441 15 0.844239
1442 15 0.946298
1443 15 0.946802
1444 15 0.818464
1445 15 0.977535
1446 15 0.762076
1447 15 1.007560
1448 15 0.993232
1449 15 1.003230
1450 15 1.008247
1451 15 0.823129
1452 15 0.753327
1453 15 0.968402
1454 15 0.988453
1455 15 0.976035
1456 15 1.043085
1457 15 0.513462
1458 15 0.341766
1459 15 0.999963
1460 15 0.994456
1461 15 1.005399
1462 15 0.961867
1463 15 0.295402
1464 15 0.910846
1465 15 1.023247
1466 15 0.904889
1467 15 0.999302
1468 15 1.022051
1469 15 0.972358
1470 15 1.039359
1471 15 0.964236
1472 15 1.038365
1473 15 0.903065
1474 15 0.921533
1475 15 0.909072
1476 15 0.875014
1477 15 0.836115
1478 15 0.988918
1479 15 0.883827
1480 15 0.846354
1481 15 0.886761
1482 15 0.989619
1483 15 0.968666
1484 15 0.966855
1485 15 0.967967
1486 15 1.040725
1487 15 1.024508
1488 15 0.452827
1489 15 1.214466
1490 15 0.965248
1491 15 0.905769
1492 15 0.978035
1493 15 0.998234
1494 15 0.917896
1495 15 0.970615
1496 15 0.838402
1497 15 1.012245
1498 15 0.943432
1499 15 0.937149
1500 16 0.986711
1501 16 0.985864
1502 16 0.828831
1503 16 0.958896
1504 16 0.985447
1505 16 1.049611
1506 16 0.431404
1507 16 0.833073
1508 16 0.926910
1509 16 1.085858
1510 16 0.978419
1511 16 0.650651
1512 16 0.900984
1513 16 0.923638
1514 16 0.860889
1515 16 1.090105
1516 16 0.993058
1517 16 1.028548
1518 16 0.990449
1519 16 1.054728
1520 16 1.199817
1521 16 1.058387
1522 16 0.973419
1523 16 0.859638
1524 16 0.986275
1525 16 1.087814
1526 16 0.651976
1527 16 0.962829
1528 16 1.002576
1529 16 0.909076
1530 16 0.883753
1531 16 0.986104
1532 16 0.703763
1533 16 0.296387
1534 16 0.935718
1535 16 1.166399
1536 16 0.851786
1537 16 0.891154
1538 16 0.859556
1539 16 0.991227
1540 16 0.678073
1541 16 1.157148
1542 16 1.011222
1543 16 0.911385
1544 16 0.954723
1545 16 0.991407
1546 16 0.886754
1547 16 0.867073
1548 16 0.886103
1549 16 1.010612
1550 16 0.858621
1551 16 0.950277
1552 16 0.732087
1553 16 0.820502
1554 16 1.008070
1555 16 0.910843
1556 16 0.888880
1557 16 0.660578
1558 16 0.952187
1559 16 0.785493
1560 16 0.997902
1561 16 0.992131
1562 16 0.947623
1563 16 0.766931
1564 16 0.912380
1565 16 0.993010
1566 16 0.949749
1567 16 1.071094
1568 16 0.989939
1569 16 0.998451
1570 16 1.045085
1571 16 1.166320
1572 16 0.986982
1573 16 0.979822
1574 16 0.819234
1575 16 0.768460
1576 16 0.819212
1577 16 0.874158
1578 16 1.090419
1579 16 1.019679
1580 16 0.787476
1581 16 1.104297
1582 16 0.998541
1583 16 1.010752
1584 16 0.820185
1585 16 0.894613
1586 16 0.701553
1587 16 0.959299
1588 16 0.987390
1589 16 0.992403
1590 16 0.882433
1591 16 0.392987
1592 16 1.046508
1593 16 0.807038
1594 16 0.807042
1595 16 0.961179
1596 16 1.002540
1597 16 0.823428
1598 16 0.963244
1599 16 0.905320
1600 17 0.262221
1601 17 0.731642
1602 17 0.971486
1603 17 0.777339
1604 17 1.012276
1605 17 0.951596
1606 17 0.938265
1607 17 0.695309
1608 17 0.882568
1609 17 0.889266
1610 17 0.963749
1611 17 0.994248
1612 17 0.984940
1613 17 0.746334
1614 17 0.749231
1615 17 1.058209
1616 17 0.787835
1617 17 1.009780
1618 17 1.030536
1619 17 0.847401
1620 17 1.044749
1621 17 0.975698
1622 17 1.004623
1623 17 1.003795
1624 17 0.964963
1625 17 1.057095
1626 17 0.770307
1627 17 0.983828
1628 17 1.000331
1629 17 0.942766
1630 17 0.852626
1631 17 0.858562
1632 17 0.901671
1633 17 0.631862
1634 17 0.963888
1635 17 1.142290
1636 17 0.978765
1637 17 0.852318
1638 17 0.862517
1639 17 1.041458
1640 17 0.976262
1641 17 0.951233
1642 17 0.752224
1643 17 0.969011
1644 17 0.778646
1645 17 1.044115
1646 17 0.977626
1647 17 1.071252
1648 17 1.066174
1649 17 1.072128
1650 17 0.755046
1651 17 1.037973
1652 17 0.984442
1653 17 1.010919
1654 17 0.909023
1655 17 1.096502
1656 17 0.768453
1657 17 0.880822
1658 17 0.754493
1659 17 0.934371
1660 17 0.932360
1661 17 0.991637
1662 17 0.974937
1663 17 0.928701
1664 17 1.030475
1665 17 0.496868
1666 17 0.415676
1667 17 0.908543
1668 17 1.009689
1669 17 0.779993
1670 17 0.584052
1671 17 1.033286
1672 17 0.815391
1673 17 1.069394
1674 17 0.965035
1675 17 0.836726
1676 17 0.920907
1677 17 1.003743
1678 17 0.928624
1679 17 1.059147
1680 17 1.005832
1681 17 0.915298
1682 17 0.705239
1683 17 0.878885
1684 17 0.814433
1685 17 0.998567
1686 17 1.070727
1687 17 1.002920
1688 17 1.022208
1689 17 0.954820
1690 17 0.839325
1691 17 0.922742
1692 17 0.864798
1693 17 0.400902
1694 17 0.864019
1695 17 1.055645
1696 17 0.862307
1697 17 1.044958
1698 17 0.971151
1699 17 0.880604
1700 18 1.029616
1701 18 0.870996
1702 18 0.963681
1703 18 0.937598
1704 18 0.758317
1705 18 1.007268
1706 18 0.956600
1707 18 0.662592
1708 18 0.869607
1709 18 0.970079
1710 18 1.107088
1711 18 1.102905
1712 18 1.058440
1713 18 0.964461
1714 18 0.924468
1715 18 1.100425
1716 18 0.977241
1717 18 0.958269
1718 18 0.861083
1719 18 0.921745
1720 18 1.144435
1721 18 0.954106
1722 18 0.695712
1723 18 1.027374
1724 18 1.049600
1725 18 1.069183
1726 18 0.987414
1727 18 0.791667
1728 18 1.095681
1729 18 0.937267
1730 18 0.938947
1731 18 0.910504
1732 18 1.036518
1733 18 0.795988
1734 18 0.840908
1735 18 0.807470
1736 18 0.851847
1737 18 0.997034
1738 18 0.403905
1739 18 1.127200
1740 18 0.971189
1741 18 0.857712
1742 18 0.257277
1743 18 1.066200
1744 18 1.007232
1745 18 0.877052
1746 18 0.992078
1747 18 0.900007
1748 18 0.909922
1749 18 0.947071
1750 18 1.114643
1751 18 1.065702
1752 18 0.938713
1753 18 0.944113
1754 18 0.970498
1755 18 0.980968
1756 18 0.755807
1757 18 0.817241
1758 18 0.929422
1759 18 0.906114
1760 18 0.848327
1761 18 0.765258
1762 18 1.076546
1763 18 1.042409
1764 18 1.038147
1765 18 0.730505
1766 18 0.849385
1767 18 0.929167
1768 18 0.977058
1769 18 0.858295
1770 18 1.004820
1771 18 0.807891
1772 18 0.960363
1773 18 0.851477
1774 18 0.958627
1775 18 1.034433
1776 18 0.924923
1777 18 0.843531
1778 18 0.829457
1779 18 0.739435
1780 18 0.921201
1781 18 0.957052
1782 18 0.913906
1783 18 1.051826
1784 18 0.989909
1785 18 0.935063
1786 18 0.994599
1787 18 0.933772
1788 18 0.901230
1789 18 0.973536
1790 18 0.977561
1791 18 0.838782
1792 18 0.640700
1793 18 0.495975
1794 18 1.123468
1795 18 0.588517
1796 18 0.299859
1797 18 0.695607
1798 18 1.093308
1799 18 0.990515
1800 19 0.972427
1801 19 0.950448
1802 19 1.059077
1803 19 0.939134
1804 19 0.976564
1805 19 0.866137
1806 19 0.900988
1807 19 0.992033
1808 19 0.891561
1809 19 0.695174
1810 19 0.971036
1811 19 0.729874
1812 19 0.982895
1813 19 0.712311
1814 19 0.756215
1815 19 0.984036
1816 19 0.984049
1817 19 0.708391
1818 19 0.732457
1819 19 0.910596
1820 19 1.050769
1821 19 0.914316
1822 19 0.862104
1823 19 0.530992
1824 19 0.948061
1825 19 0.961245
1826 19 0.689356
1827 19 0.868426
1828 19 0.871568
1829 19 0.913165
1830 19 0.937389
1831 19 1.030504
1832 19 0.815257
1833 19 0.696373
1834 19 1.040516
1835 19 0.352832
1836 19 0.936274
1837 19 1.012619
1838 19 1.024868
1839 19 0.922689
1840 19 0.691115
1841 19 1.011089
1842 19 0.789739
1843 19 1.106426
1844 19 0.616691
1845 19 1.021120
1846 19 0.927963
1847 19 0.888332
1848 19 0.999409
1849 19 0.938023
1850 19 0.984523
1851 19 0.211730
1852 19 0.969100
1853 19 0.938584
1854 19 0.888945
1855 19 1.150913
1856 19 0.765603
1857 19 1.074993
1858 19 0.983020
1859 19 0.928859
1860 19 0.927058
1861 19 0.951966
1862 19 0.953659
1863 19 0.911835
1864 19 0.937478
1865 19 0.876937
1866 19 0.872750
1867 19 0.901897
1868 19 1.209230
1869 19 1.053095
1870 19 0.855678
1871 19 0.774381
1872 19 1.012834
1873 19 0.933881
1874 19 0.956993
1875 19 0.908065
1876 19 0.896171
1877 19 0.792614
1878 19 0.857287
1879 19 0.949530
1880 19 1.062500
1881 19 0.965565
1882 19 0.520496
1883 19 0.711532
1884 19 1.056718
1885 19 0.933357
1886 19 0.982382
1887 19 0.942648
1888 19 1.019928
1889 19 0.732048
1890 19 0.619092
1891 19 0.924197
1892 19 1.062391
1893 19 0.981885
1894 19 1.030232
1895 19 0.994983
1896 19 0.984052
1897 19 0.955126
1898 19 0.448586
1899 19 0.470627
1900 20 0.787788
1901 20 0.807330
1902 20 0.989340
1903 20 0.707180
1904 20 0.937420
1905 20 0.989070
1906 20 0.932076
1907 20 0.791392
1908 20 0.935793
1909 20 0.944727
1910 20 0.746759
1911 20 1.170629
1912 20 1.022079
1913 20 0.958284
1914 20 1.132474
1915 20 0.970800
1916 20 0.935779
1917 20 0.969944
1918 20 0.931013
1919 20 0.373844
1920 20 0.918709
1921 20 0.894501
1922 20 0.732663
1923 20 0.740696
1924 20 1.002444
1925 20 0.990107
1926 20 0.927500
1927 20 0.837483
1928 20 0.963592
1929 20 0.992809
1930 20 0.753233
1931 20 0.844976
1932 20 0.572648
1933 20 0.856888
1934 20 1.107290
1935 20 0.997146
1936 20 0.797628
1937 20 0.342341
1938 20 1.261958
1939 20 0.980279
1940 20 0.764228
1941 20 0.975401
1942 20 0.807282
1943 20 1.016873
1944 20 0.247379
1945 20 0.304662
1946 20 0.893711
1947 20 1.108206
1948 20 0.996353
1949 20 1.068650
1950 20 0.915315
1951 20 0.843425
1952 20 0.852817
1953 20 0.954027
1954 20 0.975911
1955 20 0.683568
1956 20 0.948930
1957 20 0.933997
1958 20 0.559760
1959 20 0.661347
1960 20 1.045874
1961 20 0.386984
1962 20 0.971099
1963 20 0.172608
1964 20 1.101709
1965 20 0.988938
1966 20 1.039916
1967 20 0.867002
1968 20 0.713953
1969 20 0.710621
1970 20 1.024409
1971 20 0.776525
1972 20 0.672108
1973 20 0.897722
1974 20 1.080768
1975 20 0.955584
1976 20 0.964324
1977 20 0.890283
1978 20 0.862903
1979 20 1.001597
1980 20 0.942318
1981 20 0.909006
1982 20 0.824036
1983 20 0.854378
1984 20 1.068909
1985 20 0.962787
1986 20 1.001302
1987 20 0.573070
1988 20 1.018361
1989 20 1.071810
1990 20 1.036414
1991 20 0.966711
1992 20 1.089440
1993 20 0.897079
1994 20 1.034377
1995 20 1.050145
1996 20 0.603823
1997 20 0.886599
1998 20 1.034688
1999 20 0.894243
2000 21 0.703721
2001 21 0.958258
2002 21 1.060806
2003 21 0.718616
2004 21 1.061193
2005 21 0.863857
2006 21 1.093292
2007 21 0.632266
2008 21 0.974123
2009 21 0.952340
2010 21 0.749873
2011 21 1.032809
2012 21 0.987872
2013 21 0.912340
2014 21 0.944461
2015 21 0.813599
2016 21 0.574710
2017 21 0.843929
2018 21 0.988361
2019 21 0.933953
2020 21 0.867284
2021 21 0.995118
2022 21 1.018597
2023 21 0.901030
2024 21 0.885370
2025 21 1.078747
2026 21 1.004777
2027 21 0.760180
2028 21 0.835068
2029 21 0.945577
2030 21 0.779421
2031 21 1.003012
2032 21 0.866838
2033 21 1.010371
2034 21 0.909532
2035 21 0.903991
2036 21 1.059184
2037 21 0.236433
2038 21 0.993795
2039 21 0.690493
2040 21 0.982978
2041 21 0.993296
2042 21 0.996142
2043 21 0.705951
2044 21 0.965027
2045 21 0.975325
2046 21 0.675167
2047 21 0.916530
2048 21 0.998067
2049 21 1.017672
2050 21 0.891351
2051 21 0.719597
2052 21 1.133512
2053 21 0.883355
2054 21 1.132677
2055 21 0.665760
2056 21 0.926890
2057 21 0.911298
2058 21 0.336021
2059 21 1.278677
2060 21 0.892885
2061 21 0.282621
2062 21 0.813973
2063 21 0.921955
2064 21 0.858880
2065 21 0.773482
2066 21 0.997344
2067 21 0.967899
2068 21 1.013910
2069 21 0.833774
2070 21 1.094352
2071 21 0.987415
2072 21 0.719166
2073 21 1.016929
2074 21 0.798681
2075 21 0.994137
2076 21 0.737426
2077 21 0.851633
2078 21 0.910267
2079 21 0.766994
2080 21 1.026286
2081 21 0.759677
2082 21 0.954343
2083 21 0.848252
2084 21 0.661582
2085 21 1.067261
2086 21 0.942172
2087 21 0.818271
2088 21 0.950735
2089 21 0.942465
2090 21 0.210811
2091 21 1.111914
2092 21 1.019838
2093 21 0.899104
2094 21 0.957495
2095 21 0.664700
2096 21 1.006657
2097 21 0.931010
2098 21 0.953719
2099 21 1.086833
2100 22 0.971699
2101 22 0.928807
2102 22 0.960041
2103 22 0.902115
2104 22 0.839940
2105 22 0.928942
2106 22 1.091786
2107 22 0.997938
2108 22 0.937694
2109 22 0.635492
2110 22 1.069967
2111 22 1.139972
2112 22 0.311344
2113 22 1.066601
2114 22 0.167123
2115 22 0.973472
2116 22 0.818778
2117 22 0.897456
2118 22 0.744583
2119 22 1.007393
2120 22 0.958915
2121 22 0.886573
2122 22 0.726183
2123 22 0.614213
2124 22 0.638806
2125 22 0.758831
2126 22 1.069455
2127 22 0.797672
2128 22 0.987893
2129 22 0.956584
2130 22 1.019643
2131 22 1.029736
2132 22 0.985274
2133 22 0.889861
2134 22 0.986960
2135 22 0.803777
2136 22 0.920640
2137 22 1.018872
2138 22 1.019424
2139 22 0.689381
2140 22 1.011588
2141 22 0.821653
2142 22 1.123737
2143 22 0.978942
2144 22 0.916429
2145 22 0.993627
2146 22 0.738417
2147 22 0.964668
2148 22 0.866003
2149 22 0.741157
2150 22 0.946317
2151 22 1.001011
2152 22 0.784060
2153 22 0.819264
2154 22 0.839200
2155 22 0.404301
2156 22 0.915983
2157 22 0.903053
2158 22 1.040051
2159 22 0.884093
2160 22 0.949506
2161 22 0.974381
2162 22 0.901686
2163 22 0.660756
2164 22 0.886120
2165 22 0.931457
2166 22 0.782765
2167 22 0.857150
2168 22 0.793016
2169 22 0.884003
2170 22 0.892624
2171 22 0.997258
2172 22 0.733411
2173 22 0.995321
2174 22 0.955795
2175 22 0.887088
2176 22 0.904073
2177 22 0.270278
2178 22 0.965753
2179 22 0.961849
2180 22 0.927918
2181 22 0.852944
2182 22 0.862727
2183 22 1.086112
2184 22 0.788414
2185 22 0.834809
2186 22 1.039175
2187 22 0.997058
2188 22 0.945551
2189 22 0.862443
2190 22 0.892961
2191 22 1.002385
2192 22 0.699867
2193 22 0.755008
2194 22 0.525167
2195 22 0.987755
2196 22 0.687232
2197 22 0.929084
2198 22 0.825580
2199 22 0.984218
2200 23 0.816923
2201 23 0.933796
2202 23 0.847740
2203 23 0.950404
2204 23 0.949157
2205 23 0.996987
2206 23 0.975068
2207 23 0.395575
2208 23 1.003222
2209 23 0.985788
2210 23 0.975463
2211 23 0.420892
2212 23 0.784133
2213 23 0.947702
2214 23 0.942538
2215 23 0.818384
2216 23 0.899400
2217 23 0.803261
2218 23 1.029340
2219 23 0.882246
2220 23 1.022785
2221 23 0.986748
2222 23 1.029137
2223 23 0.655229
2224 23 1.001706
2225 23 0.925853
2226 23 0.870714
2227 23 0.946808
2228 23 0.875739
2229 23 0.337568
2230 23 0.843692
2231 23 1.087400
2232 23 0.787660
2233 23 0.972479
2234 23 0.653989
2235 23 0.944701
2236 23 0.961833
2237 23 0.923204
2238 23 0.946130
2239 23 0.736745
2240 23 0.960520
2241 23 0.931958
2242 23 0.930137
2243 23 0.967995
2244 23 0.889272
2245 23 0.831407
2246 23 1.191561
2247 23 0.976790
2248 23 1.056123
2249 23 0.348967
2250 23 0.945924
2251 23 0.810323
2252 23 0.744724
2253 23 0.917731
2254 23 0.954899
2255 23 0.893453
2256 23 1.050555
2257 23 0.804073
2258 23 0.812548
2259 23 1.023167
2260 23 0.999665
2261 23 0.831580
2262 23 0.881278
2263 23 0.926667
2264 23 0.946591
2265 23 0.808629
2266 23 0.823080
2267 23 0.924462
2268 23 0.579147
2269 23 0.846237
2270 23 1.051677
2271 23 1.011958
2272 23 0.679154
2273 23 0.980725
2274 23 0.875828
2275 23 0.819476
2276 23 0.982896
2277 23 0.932104
2278 23 0.914144
2279 23 1.050139
2280 23 0.741137
2281 23 0.630649
2282 23 0.907302
2283 23 0.710978
2284 23 0.681478
2285 23 0.863456
2286 23 0.970300
2287 23 0.910881
2288 23 0.924887
2289 23 0.950553
2290 23 0.881595
2291 23 0.898815
2292 23 0.963573
2293 23 0.867877
2294 23 0.977499
2295 23 0.401017
2296 23 0.935738
2297 23 0.163778
2298 23 1.333845
2299 23 0.797422
2300 24 0.911595
2301 24 0.533191
2302 24 1.051371
2303 24 0.924387
2304 24 0.893809
2305 24 1.008976
2306 24 0.828187
2307 24 0.857175
2308 24 0.998478
2309 24 0.989710
2310 24 0.686688
2311 24 0.976456
2312 24 0.707108
2313 24 0.934080
2314 24 0.783845
2315 24 0.948491
2316 24 0.847722
2317 24 0.706522
2318 24 0.750967
2319 24 1.001098
2320 24 1.000029
2321 24 0.989470
2322 24 0.979491
2323 24 0.817306
2324 24 0.730591
2325 24 0.233575
2326 24 0.972370
2327 24 0.986375
2328 24 0.999368
2329 24 0.902787
2330 24 0.882993
2331 24 1.025001
2332 24 0.162749
2333 24 0.694099
2334 24 0.822769
2335 24 0.700147
2336 24 1.266175
2337 24 0.949739
2338 24 0.709297
2339 24 0.825152
2340 24 0.902211
2341 24 1.084777
2342 24 0.763198
2343 24 0.950331
2344 24 0.865000
2345 24 0.912849
2346 24 0.784813
2347 24 1.099195
2348 24 0.894128
2349 24 0.873956
2350 24 0.985590
2351 24 0.710349
2352 24 0.978391
2353 24 0.949211
2354 24 0.806518
2355 24 0.844235
2356 24 0.716416
2357 24 1.034381
2358 24 0.897813
2359 24 0.945231
2360 24 0.990307
2361 24 0.940484
2362 24 1.006851
2363 24 0.781894
2364 24 0.594820
2365 24 0.849906
2366 24 0.831982
2367 24 0.751638
2368 24 0.847507
2369 24 1.023784
2370 24 0.906197
2371 24 0.853930
2372 24 1.026387
2373 24 0.690985
2374 24 0.971942
2375 24 1.084062
2376 24 0.592275
2377 24 0.983825
2378 24 1.023609
2379 24 0.929267
2380 24 0.883642
2381 24 0.940756
2382 24 0.886325
2383 24 0.947250
2384 24 0.928677
2385 24 1.070613
2386 24 0.171628
2387 24 0.905049
2388 24 0.186661
2389 24 1.107535
2390 24 0.680221
2391 24 0.988862
2392 24 0.997796
2393 24 0.939287
2394 24 0.150896
2395 24 0.765731
2396 24 0.647047
2397 24 0.923077
2398 24 0.999658
2399 24 0.940393
2400 25 0.719359
2401 25 0.564517
2402 25 0.799155
2403 25 1.113410
2404 25 0.970397
2405 25 0.838381
2406 25 0.934896
2407 25 0.916488
2408 25 0.900546
2409 25 0.831307
2410 25 0.944659
2411 25 0.983999
2412 25 0.625647
2413 25 0.716734
2414 25 1.118104
2415 25 0.852837
2416 25 0.630852
2417 25 0.826930
2418 25 0.898200
2419 25 0.940990
2420 25 0.870931
2421 25 0.794773
2422 25 0.207110
2423 25 0.950701
2424 25 0.934967
2425 25 1.043145
2426 25 0.959993
2427 25 0.145875
2428 25 0.834874
2429 25 1.009205
2430 25 0.624702
2431 25 1.109273
2432 25 0.342913
2433 25 0.974191
2434 25 0.510841
2435 25 0.945279
2436 25 0.814733
2437 25 0.678366
2438 25 0.671675
2439 25 0.916053
2440 25 1.002714
2441 25 0.730435
2442 25 1.012728
2443 25 0.935670
2444 25 0.865451
2445 25 0.788305
2446 25 0.202232
2447 25 0.988661
2448 25 0.939656
2449 25 0.919458
2450 25 0.506203
2451 25 1.124949
2452 25 0.653718
2453 25 0.640684
2454 25 0.505047
2455 25 0.965133
2456 25 0.882423
2457 25 0.738241
2458 25 0.931144
2459 25 0.683462
2460 25 0.775518
2461 25 0.994204
2462 25 0.966204
2463 25 0.682084
2464 25 0.972965
2465 25 0.740506
2466 25 0.868595
2467 25 0.799166
2468 25 1.050988
2469 25 0.799481
2470 25 0.934072
2471 25 0.934168
2472 25 0.871371
2473 25 0.596227
2474 25 1.067155
2475 25 1.052891
2476 25 0.702693
2477 25 1.043003
2478 25 0.843194
2479 25 0.969624
2480 25 0.749354
2481 25 0.794588
2482 25 1.092828
2483 25 1.103537
2484 25 0.888377
2485 25 0.529522
2486 25 0.936684
2487 25 0.995102
2488 25 0.900486
2489 25 0.987297
2490 25 0.845110
2491 25 0.975542
2492 25 0.984722
2493 25 0.701730
2494 25 0.860700
2495 25 0.901462
2496 25 0.727725
2497 25 1.009770
2498 25 1.003173
2499 25 0.983073
2500 26 0.766334
2501 26 0.757681
2502 26 0.859508
2503 26 0.799243
2504 26 0.287297
2505 26 0.403495
2506 26 0.975294
2507 26 1.003595
2508 26 0.796396
2509 26 0.825190
2510 26 0.785685
2511 26 1.075782
2512 26 0.745900
2513 26 0.932963
2514 26 0.948747
2515 26 0.856493
2516 26 0.895259
2517 26 0.886119
2518 26 0.917174
2519 26 0.948949
2520 26 0.967524
2521 26 0.918855
2522 26 0.718516
2523 26 0.777574
2524 26 0.940016
2525 26 0.979025
2526 26 0.922884
2527 26 0.886639
2528 26 1.031365
2529 26 0.642351
2530 26 0.946352
2531 26 0.634209
2532 26 0.809742
2533 26 0.942570
2534 26 1.080830
2535 26 1.037468
2536 26 0.692600
2537 26 0.957565
2538 26 1.002405
2539 26 0.940549
2540 26 0.999418
2541 26 0.896001
2542 26 0.279583
2543 26 0.912824
2544 26 0.853942
2545 26 0.951175
2546 26 0.634963
2547 26 1.040088
2548 26 1.026768
2549 26 0.791102
2550 26 0.630385
2551 26 0.152351
2552 26 0.663247
2553 26 0.818100
2554 26 0.803048
2555 26 0.975366
2556 26 0.880478
2557 26 0.642044
2558 26 0.927573
2559 26 0.963040
2560 26 0.882379
2561 26 0.782133
2562 26 0.777275
2563 26 0.719300
2564 26 0.982461
2565 26 0.902915
2566 26 0.814665
2567 26 0.863850
2568 26 0.924693
2569 26 0.787667
2570 26 0.793268
2571 26 0.904409
2572 26 0.739171
2573 26 0.909645
2574 26 0.851116
2575 26 1.032583
2576 26 0.976156
2577 26 0.156791
2578 26 0.921437
2579 26 0.794519
2580 26 0.815240
2581 26 0.913772
2582 26 0.909509
2583 26 0.889371
2584 26 1.083877
2585 26 0.951234
2586 26 0.830438
2587 26 0.801267
2588 26 0.543928
2589 26 0.551840
2590 26 1.123863
2591 26 1.072959
2592 26 0.344847
2593 26 0.634587
2594 26 0.939103
2595 26 0.872242
2596 26 1.075671
2597 26 0.785441
2598 26 0.830855
2599 26 0.929668
2600 27 0.771326
2601 27 1.013505
2602 27 0.906167
2603 27 1.136448
2604 27 1.025599
2605 27 0.778443
2606 27 0.769117
2607 27 0.667616
2608 27 0.878857
2609 27 0.857624
2610 27 0.976219
2611 27 0.591872
2612 27 0.605983
2613 27 0.924091
2614 27 1.012795
2615 27 0.996533
2616 27 0.915933
2617 27 0.605236
2618 27 0.928644
2619 27 0.961395
2620 27 0.816169
2621 27 1.004737
2622 27 0.979007
2623 27 0.858785
2624 27 0.885477
2625 27 0.981337
2626 27 0.988826
2627 27 0.884933
2628 27 0.885512
2629 27 0.715424
2630 27 1.057408
2631 27 1.004096
2632 27 0.858030
2633 27 0.970180
2634 27 0.736615
2635 27 0.928051
2636 27 0.801861
2637 27 0.434066
2638 27 0.971895
2639 27 0.866892
2640 27 0.857775
2641 27 1.075419
2642 27 0.984225
2643 27 0.852601
2644 27 0.976137
2645 27 0.925144
2646 27 0.903297
2647 27 0.812115
2648 27 0.350845
2649 27 1.123085
2650 27 0.838995
2651 27 0.955481
2652 27 1.070941
2653 27 0.605120
2654 27 0.907210
2655 27 0.950074
2656 27 0.784129
2657 27 0.487820
2658 27 0.889302
2659 27 0.952169
2660 27 0.750844
2661 27 0.717640
2662 27 0.874994
2663 27 1.071479
2664 27 0.825562
2665 27 0.850473
2666 27 0.461048
2667 27 0.656398
2668 27 1.049733
2669 27 1.024118
2670 27 0.816396
2671 27 0.886177
2672 27 0.944710
2673 27 0.618715
2674 27 0.281522
2675 27 0.858920
2676 27 0.896838
2677 27 0.766225
2678 27 1.028791
2679 27 0.665438
2680 27 1.024328
2681 27 0.917329
2682 27 0.815313
2683 27 0.906114
2684 27 0.301993
2685 27 0.874740
2686 27 0.746844
2687 27 0.674008
2688 27 0.887272
2689 27 0.777301
2690 27 0.953133
2691 27 0.692473
2692 27 0.248189
2693 27 1.251805
2694 27 0.897973
2695 27 1.008287
2696 27 0.701276
2697 27 0.674523
2698 27 1.000025
2699 27 0.908329
2700 28 0.753531
2701 28 1.027795
2702 28 0.924086
2703 28 1.012182
2704 28 0.702197
2705 28 0.576698
2706 28 0.880465
2707 28 0.799012
2708 28 0.993701
2709 28 1.048974
2710 28 0.756746
2711 28 0.816928
2712 28 0.885703
2713 28 0.158489
2714 28 0.125438
2715 28 0.911571
2716 28 1.009400
2717 28 0.941645
2718 28 0.987518
2719 28 0.693980
2720 28 0.970318
2721 28 0.651812
2722 28 0.584633
2723 28 0.927648
2724 28 0.282905
2725 28 0.989015
2726 28 0.985768
2727 28 0.799551
2728 28 0.970389
2729 28 0.775567
2730 28 1.049348
2731 28 0.982650
2732 28 0.571422
2733 28 0.866585
2734 28 1.007213
2735 28 0.920192
2736 28 0.842400
2737 28 0.962160
2738 28 0.684496
2739 28 0.545931
2740 28 0.894052
2741 28 0.824504
2742 28 0.679306
2743 28 0.960885
2744 28 0.896814
2745 28 0.961322
2746 28 0.803301
2747 28 0.687441
2748 28 0.945991
2749 28 1.005910
2750 28 1.055316
2751 28 1.003371
2752 28 0.540693
2753 28 0.948201
2754 28 1.028545
2755 28 1.020636
2756 28 0.719222
2757 28 0.831612
2758 28 0.753002
2759 28 0.821464
2760 28 0.891222
2761 28 0.939139
2762 28 0.815377
2763 28 0.904737
2764 28 0.843586
2765 28 0.830276
2766 28 0.218900
2767 28 0.975521
2768 28 0.811933
2769 28 0.733307
2770 28 0.753680
2771 28 0.784427
2772 28 0.997717
2773 28 0.713388
2774 28 1.026984
2775 28 0.807063
2776 28 0.956170
2777 28 0.925130
2778 28 0.647211
2779 28 0.694866
2780 28 0.982353
2781 28 0.894218
2782 28 0.551671
2783 28 0.636359
2784 28 0.575377
2785 28 0.954889
2786 28 0.903779
2787 28 0.807503
2788 28 0.647247
2789 28 1.112006
2790 28 0.654001
2791 28 0.727358
2792 28 0.574642
2793 28 1.022203
2794 28 0.650714
2795 28 0.929470
2796 28 0.910750
2797 28 0.836118
2798 28 0.975891
2799 28 0.893858
2800 29 0.907506
2801 29 0.646939
2802 29 1.094354
2803 29 0.855906
2804 29 0.932975
2805 29 0.732296
2806 29 0.712962
2807 29 0.801963
2808 29 0.875011
2809 29 0.755371
2810 29 1.006009
2811 29 0.460769
2812 29 1.014694
2813 29 1.078481
2814 29 0.546978
2815 29 0.748624
2816 29 0.849414
2817 29 0.330573
2818 29 0.962263
2819 29 0.673765
2820 29 0.878864
2821 29 1.027256
2822 29 0.743229
2823 29 1.000332
2824 29 0.723782
2825 29 0.947054
2826 29 0.833565
2827 29 0.880617
2828 29 0.783638
2829 29 0.774187
2830 29 0.948467
2831 29 0.982503
2832 29 0.899862
2833 29 0.900890
2834 29 0.936074
2835 29 0.749581
2836 29 0.890384
2837 29 0.839174
2838 29 0.916171
2839 29 1.050546
2840 29 0.979859
2841 29 0.668993
2842 29 1.051900
2843 29 0.979157
2844 29 0.902389
2845 29 0.879025
2846 29 0.851755
2847 29 1.039113
2848 29 0.976798
2849 29 0.103196
2850 29 0.995582
2851 29 0.758087
2852 29 0.827372
2853 29 0.913225
2854 29 0.608871
2855 29 0.992113
2856 29 0.827108
2857 29 0.983535
2858 29 1.012894
2859 29 0.702580
2860 29 0.147713
2861 29 1.291754
2862 29 0.106104
2863 29 1.028555
2864 29 0.866021
2865 29 0.687561
2866 29 0.995404
2867 29 0.594596
2868 29 0.637311
2869 29 0.862548
2870 29 0.874225
2871 29 0.982712
2872 29 0.614953
2873 29 0.967266
2874 29 0.654093
2875 29 0.987003
2876 29 0.914231
2877 29 0.726978
2878 29 0.585840
2879 29 1.093496
2880 29 0.960656
2881 29 0.775257
2882 29 0.653397
2883 29 1.088825
2884 29 0.604745
2885 29 0.685048
2886 29 1.151574
2887 29 0.986773
2888 29 0.752201
2889 29 0.938413
2890 29 1.054880
2891 29 0.998415
2892 29 0.973992
2893 29 0.132305
2894 29 0.413252
2895 29 0.903339
2896 29 0.975900
2897 29 0.928410
2898 29 0.130700
2899 29 0.927963
