# Batch convergence for: model=snn-ae encoding=poisson architecture=recurrent v_th=0.5 alpha=0.8 run=2
batch_num epoch batch_loss
0 1 0.164062
1 1 0.331565
2 1 0.357590
3 1 0.325022
4 1 1.066400
5 1 0.247041
6 1 0.378714
7 1 0.213377
8 1 0.225997
9 1 0.283320
10 1 0.181518
11 1 0.447645
12 1 0.478874
13 1 0.426696
14 1 0.278706
15 1 0.297397
16 1 0.167803
17 1 0.488435
18 1 0.328598
19 1 0.361634
20 1 0.284070
21 1 0.039024
22 1 0.218288
23 1 0.412497
24 1 0.211547
25 1 0.510412
26 1 0.188131
27 1 0.364455
28 1 0.375731
29 1 0.382625
30 1 0.298214
31 1 0.331235
32 1 0.474670
33 1 0.204331
34 1 0.274753
35 1 0.379543
36 1 0.240154
37 1 0.241871
38 1 0.167641
39 1 0.155838
40 1 0.208379
41 1 0.201471
42 1 0.215218
43 1 0.213847
44 1 0.179629
45 1 0.195829
46 1 0.247832
47 1 0.433591
48 1 0.262053
49 1 0.436046
50 1 0.071348
51 1 0.428535
52 1 0.315262
53 1 0.042825
54 1 1.144253
55 1 0.281456
56 1 0.415695
57 1 0.235431
58 1 0.159914
59 1 0.419384
60 1 0.187189
61 1 0.456679
62 1 0.358855
63 1 0.463009
64 1 0.404115
65 1 0.116907
66 1 0.027254
67 1 0.934152
68 1 0.254788
69 1 0.128365
70 1 0.240699
71 1 0.136161
72 1 0.034991
73 1 0.244906
74 1 0.377372
75 1 0.419478
76 1 0.181752
77 1 0.433434
78 1 0.261255
79 1 0.381203
80 1 1.320227
81 1 0.326079
82 1 0.315434
83 1 0.353444
84 1 0.328846
85 1 0.369743
86 1 0.245605
87 1 0.352241
88 1 0.451556
89 1 0.201950
90 1 0.112818
91 1 0.351540
92 1 0.042712
93 1 0.239379
94 1 0.143625
95 1 0.361757
96 1 0.247982
97 1 0.203565
98 1 0.292053
99 1 0.235623
100 2 0.354470
101 2 0.186189
102 2 0.321213
103 2 0.284899
104 2 0.186261
105 2 0.209555
106 2 0.200777
107 2 0.155245
108 2 0.179060
109 2 0.304849
110 2 0.277322
111 2 0.034913
112 2 0.268131
113 2 1.111910
114 2 0.186584
115 2 0.449761
116 2 0.108350
117 2 0.123889
118 2 0.119450
119 2 0.147118
120 2 0.162863
121 2 0.087148
122 2 0.034869
123 2 0.230029
124 2 0.150446
125 2 0.280515
126 2 0.313913
127 2 0.284621
128 2 0.285788
129 2 0.328777
130 2 0.209903
131 2 0.437224
132 2 0.334596
133 2 0.210791
134 2 0.414968
135 2 0.162638
136 2 0.223105
137 2 0.183941
138 2 0.534759
139 2 0.458427
140 2 0.100803
141 2 0.504277
142 2 0.444473
143 2 0.224289
144 2 0.257800
145 2 0.232056
146 2 0.323663
147 2 0.255884
148 2 0.215518
149 2 0.233897
150 2 0.042548
151 2 0.196972
152 2 0.331409
153 2 0.181346
154 2 0.350183
155 2 0.027105
156 2 0.873475
157 2 0.195002
158 2 0.208778
159 2 0.229186
160 2 0.218670
161 2 0.222730
162 2 0.293566
163 2 0.308075
164 2 0.250289
165 2 0.146869
166 2 0.065255
167 2 0.236351
168 2 0.397786
169 2 0.369014
170 2 0.124478
171 2 0.730609
172 2 0.239331
173 2 0.347590
174 2 0.243860
175 2 0.316823
176 2 0.229503
177 2 0.042431
178 2 0.294593
179 2 0.275376
180 2 0.480484
181 2 0.371864
182 2 0.188562
183 2 0.512327
184 2 0.316608
185 2 0.038602
186 2 0.306026
187 2 0.241633
188 2 0.379190
189 2 0.332136
190 2 0.238932
191 2 0.138910
192 2 0.396307
193 2 0.324908
194 2 1.066236
195 2 0.279195
196 2 0.335015
197 2 0.107307
198 2 0.153082
199 2 0.135005
200 3 0.463786
201 3 0.275116
202 3 0.156336
203 3 0.235757
204 3 0.027013
205 3 0.395971
206 3 0.206707
207 3 0.071859
208 3 0.992954
209 3 0.171077
210 3 0.146387
211 3 0.138779
212 3 0.304620
213 3 0.403967
214 3 0.369602
215 3 0.100264
216 3 0.315812
217 3 0.184521
218 3 1.091429
219 3 0.034626
220 3 0.218116
221 3 0.219917
222 3 0.209587
223 3 0.182374
224 3 0.290392
225 3 0.169361
226 3 0.209260
227 3 0.224395
228 3 0.199994
229 3 0.042296
230 3 0.217147
231 3 0.061882
232 3 0.186829
233 3 0.222727
234 3 0.201058
235 3 0.276278
236 3 0.150173
237 3 0.284321
238 3 0.153872
239 3 0.432328
240 3 0.280476
241 3 0.282833
242 3 0.253636
243 3 0.290392
244 3 0.262502
245 3 0.254703
246 3 0.157098
247 3 0.224893
248 3 0.264854
249 3 0.164455
250 3 0.203290
251 3 0.268087
252 3 0.832377
253 3 0.208869
254 3 0.145694
255 3 0.164797
256 3 0.181330
257 3 0.184241
258 3 0.265792
259 3 0.241622
260 3 0.283686
261 3 0.184435
262 3 0.346079
263 3 0.122485
264 3 0.172474
265 3 0.455061
266 3 0.205402
267 3 0.278575
268 3 0.361805
269 3 0.275516
270 3 0.138702
271 3 0.245189
272 3 0.211076
273 3 0.351361
274 3 0.343816
275 3 0.265733
276 3 0.038417
277 3 0.110932
278 3 0.455713
279 3 0.206917
280 3 0.278750
281 3 0.145251
282 3 0.191149
283 3 0.106978
284 3 0.913135
285 3 0.365929
286 3 0.400034
287 3 0.279972
288 3 0.183381
289 3 0.315555
290 3 0.181654
291 3 0.315115
292 3 0.203310
293 3 0.223322
294 3 0.266347
295 3 0.084034
296 3 0.179417
297 3 0.340466
298 3 0.240063
299 3 0.362076
300 4 0.349330
301 4 0.357106
302 4 0.179659
303 4 0.210220
304 4 0.150333
305 4 0.251850
306 4 0.111176
307 4 0.337674
308 4 0.411123
309 4 0.228197
310 4 0.277021
311 4 0.149468
312 4 0.179420
313 4 0.170609
314 4 0.228795
315 4 0.167303
316 4 0.034473
317 4 0.118601
318 4 0.244616
319 4 0.318324
320 4 0.304788
321 4 0.121500
322 4 0.213699
323 4 0.501351
324 4 0.179153
325 4 0.296234
326 4 0.171603
327 4 0.190549
328 4 0.042054
329 4 0.106615
330 4 0.205605
331 4 0.276912
332 4 0.437877
333 4 0.212329
334 4 0.295756
335 4 0.110675
336 4 0.095506
337 4 0.213401
338 4 0.121809
339 4 0.238525
340 4 0.252405
341 4 0.366479
342 4 0.344076
343 4 0.026854
344 4 0.905800
345 4 0.351677
346 4 0.221004
347 4 0.702965
348 4 0.076501
349 4 0.199278
350 4 0.321414
351 4 0.153053
352 4 0.262545
353 4 0.246184
354 4 0.059991
355 4 0.301177
356 4 0.125834
357 4 0.313005
358 4 0.211709
359 4 0.038261
360 4 0.034374
361 4 0.377772
362 4 0.266522
363 4 0.228560
364 4 0.300362
365 4 0.335969
366 4 0.206607
367 4 0.205373
368 4 0.064725
369 4 0.239616
370 4 0.147748
371 4 0.041956
372 4 0.205856
373 4 0.253815
374 4 0.156339
375 4 0.137245
376 4 0.191638
377 4 0.182576
378 4 0.212860
379 4 0.183123
380 4 0.254830
381 4 0.125353
382 4 0.355609
383 4 1.069152
384 4 0.276955
385 4 0.222754
386 4 0.319167
387 4 0.365468
388 4 0.269703
389 4 0.203109
390 4 0.144802
391 4 0.261183
392 4 0.152031
393 4 0.296792
394 4 0.219281
395 4 1.009357
396 4 0.152032
397 4 0.343530
398 4 0.301766
399 4 0.099151
400 5 0.178323
401 5 0.435048
402 5 0.120513
403 5 0.151077
404 5 0.217044
405 5 0.087326
406 5 0.174252
407 5 0.812694
408 5 0.154526
409 5 0.317811
410 5 0.321522
411 5 0.986451
412 5 0.099046
413 5 0.038139
414 5 0.163431
415 5 0.272103
416 5 0.034357
417 5 0.326050
418 5 0.136744
419 5 0.177655
420 5 0.313715
421 5 0.041835
422 5 0.208028
423 5 0.178270
424 5 0.218416
425 5 0.372197
426 5 0.144335
427 5 0.332516
428 5 0.218723
429 5 0.169048
430 5 0.353217
431 5 0.276429
432 5 0.236964
433 5 0.153328
434 5 0.185757
435 5 0.219462
436 5 0.125104
437 5 0.281308
438 5 0.026717
439 5 0.170221
440 5 0.257846
441 5 0.132869
442 5 0.298326
443 5 0.169903
444 5 0.162400
445 5 0.076051
446 5 0.204555
447 5 0.284533
448 5 0.332920
449 5 0.232017
450 5 0.284201
451 5 0.299406
452 5 0.255422
453 5 0.034193
454 5 0.154896
455 5 0.260067
456 5 0.263204
457 5 0.143639
458 5 0.364683
459 5 0.254023
460 5 0.277949
461 5 0.193915
462 5 0.385334
463 5 0.216128
464 5 0.287631
465 5 0.242698
466 5 0.184445
467 5 0.152144
468 5 0.243327
469 5 0.170008
470 5 0.295416
471 5 0.197095
472 5 0.061197
473 5 0.321938
474 5 0.181617
475 5 0.646187
476 5 0.247337
477 5 0.223342
478 5 0.231207
479 5 0.105490
480 5 0.275683
481 5 0.956909
482 5 0.216990
483 5 0.206490
484 5 0.041669
485 5 0.151587
486 5 0.330573
487 5 0.309633
488 5 0.289470
489 5 0.190914
490 5 0.325610
491 5 0.215463
492 5 0.384716
493 5 0.280340
494 5 0.212360
495 5 0.197097
496 5 0.312414
497 5 0.150949
498 5 0.167680
499 5 0.084752
500 6 0.098538
501 6 0.037979
502 6 0.150877
503 6 0.227003
504 6 0.373911
505 6 0.199435
506 6 0.026678
507 6 0.278923
508 6 0.649578
509 6 0.263646
510 6 0.132301
511 6 0.233634
512 6 0.339130
513 6 0.147598
514 6 0.309624
515 6 0.382646
516 6 0.064158
517 6 0.168961
518 6 0.143516
519 6 0.237027
520 6 0.289698
521 6 0.224676
522 6 0.161415
523 6 0.161533
524 6 0.279289
525 6 0.245967
526 6 0.203387
527 6 0.420094
528 6 0.120143
529 6 0.251576
530 6 0.244642
531 6 0.273981
532 6 0.293567
533 6 0.283038
534 6 0.139385
535 6 0.297309
536 6 0.365939
537 6 0.214537
538 6 0.404843
539 6 0.234945
540 6 0.176554
541 6 0.196791
542 6 0.120136
543 6 0.265398
544 6 0.250458
545 6 0.289846
546 6 0.178894
547 6 0.248145
548 6 0.166827
549 6 0.168971
550 6 0.305812
551 6 0.041539
552 6 0.131212
553 6 0.082561
554 6 0.284058
555 6 0.246169
556 6 0.150420
557 6 0.211920
558 6 0.320344
559 6 0.034069
560 6 0.210064
561 6 0.116885
562 6 0.097822
563 6 0.165266
564 6 0.041554
565 6 0.104904
566 6 0.161707
567 6 0.316659
568 6 0.252103
569 6 0.279413
570 6 0.034149
571 6 0.319863
572 6 0.270105
573 6 0.163171
574 6 0.195527
575 6 0.199525
576 6 0.034098
577 6 0.276814
578 6 0.269021
579 6 0.163616
580 6 0.207379
581 6 0.921338
582 6 0.142517
583 6 0.180379
584 6 0.390361
585 6 0.141465
586 6 0.261417
587 6 0.319293
588 6 0.120120
589 6 0.754322
590 6 0.980204
591 6 0.206447
592 6 0.137387
593 6 0.308089
594 6 0.189863
595 6 0.336405
596 6 0.161654
597 6 0.311785
598 6 0.221294
599 6 0.277175
600 7 0.129049
601 7 0.307258
602 7 0.196993
603 7 0.380840
604 7 0.090683
605 7 0.177730
606 7 0.243225
607 7 0.369963
608 7 0.195959
609 7 0.294125
610 7 0.209327
611 7 0.359252
612 7 0.338061
613 7 0.168617
614 7 0.216424
615 7 0.175647
616 7 0.228421
617 7 0.041401
618 7 0.142062
619 7 0.217120
620 7 0.041451
621 7 0.154901
622 7 0.148147
623 7 0.233733
624 7 0.063803
625 7 0.183769
626 7 0.336200
627 7 0.392778
628 7 0.165551
629 7 0.400093
630 7 0.357428
631 7 0.195746
632 7 0.149634
633 7 0.189128
634 7 0.194569
635 7 0.110355
636 7 0.122076
637 7 0.131397
638 7 0.218296
639 7 0.272604
640 7 0.238463
641 7 0.242716
642 7 0.212391
643 7 0.235173
644 7 0.174532
645 7 0.119647
646 7 0.153582
647 7 0.261146
648 7 0.231350
649 7 0.034070
650 7 0.208897
651 7 0.773641
652 7 0.276210
653 7 0.782612
654 7 0.174686
655 7 0.314770
656 7 0.133529
657 7 0.201918
658 7 0.234870
659 7 0.086052
660 7 0.108924
661 7 0.189999
662 7 0.187692
663 7 0.144895
664 7 0.227780
665 7 0.340309
666 7 0.221553
667 7 0.191104
668 7 0.175274
669 7 0.413845
670 7 0.189951
671 7 0.130242
672 7 0.939576
673 7 0.959027
674 7 0.331961
675 7 0.325950
676 7 0.292670
677 7 0.217099
678 7 0.146240
679 7 0.149829
680 7 0.255047
681 7 0.134504
682 7 0.186883
683 7 0.346438
684 7 0.268631
685 7 0.182691
686 7 0.332512
687 7 0.118999
688 7 0.034008
689 7 0.188491
690 7 0.167400
691 7 0.287610
692 7 0.104229
693 7 0.033912
694 7 0.166859
695 7 0.241980
696 7 0.156419
697 7 0.187300
698 7 0.075157
699 7 0.218432
700 8 0.395415
701 8 0.118996
702 8 0.149568
703 8 0.696774
704 8 0.219628
705 8 0.108620
706 8 0.098800
707 8 0.315186
708 8 0.228039
709 8 0.189771
710 8 0.441783
711 8 0.339198
712 8 0.093357
713 8 0.119407
714 8 0.256597
715 8 0.344751
716 8 0.999759
717 8 0.282717
718 8 0.793414
719 8 0.364966
720 8 0.130728
721 8 0.266635
722 8 0.171449
723 8 0.146119
724 8 0.173702
725 8 0.163372
726 8 0.251932
727 8 0.167148
728 8 0.217629
729 8 0.256721
730 8 0.118463
731 8 0.178525
732 8 0.172949
733 8 0.222439
734 8 0.218497
735 8 0.118889
736 8 0.221096
737 8 0.226692
738 8 0.322850
739 8 0.277332
740 8 0.242304
741 8 0.241181
742 8 0.173956
743 8 0.205033
744 8 0.229894
745 8 0.200658
746 8 0.033888
747 8 0.191255
748 8 0.107811
749 8 0.316364
750 8 0.187888
751 8 0.335143
752 8 0.122659
753 8 0.222969
754 8 0.245089
755 8 0.162363
756 8 0.311650
757 8 0.205508
758 8 0.118452
759 8 0.213172
760 8 0.181768
761 8 0.192542
762 8 0.296012
763 8 0.200353
764 8 0.412021
765 8 0.165201
766 8 0.148546
767 8 0.259514
768 8 0.345016
769 8 0.037673
770 8 0.174060
771 8 0.172723
772 8 0.085517
773 8 0.312188
774 8 0.234933
775 8 0.268270
776 8 0.207026
777 8 0.166540
778 8 0.141439
779 8 0.033954
780 8 0.273747
781 8 0.225538
782 8 0.117694
783 8 0.034000
784 8 0.041234
785 8 0.257520
786 8 0.386421
787 8 0.074890
788 8 0.316916
789 8 0.026573
790 8 0.305438
791 8 0.159826
792 8 0.240110
793 8 0.923541
794 8 0.251936
795 8 0.063356
796 8 0.169858
797 8 0.148184
798 8 0.185179
799 8 0.266821
800 9 0.230992
801 9 0.192923
802 9 0.224989
803 9 0.275853
804 9 0.278434
805 9 0.249571
806 9 0.200020
807 9 0.163119
808 9 0.220807
809 9 0.198760
810 9 0.166359
811 9 0.162008
812 9 0.400513
813 9 0.192441
814 9 0.254628
815 9 0.218146
816 9 0.298814
817 9 0.074800
818 9 0.898953
819 9 0.238379
820 9 0.173157
821 9 0.177036
822 9 0.234758
823 9 0.308479
824 9 0.259758
825 9 0.148134
826 9 0.256769
827 9 0.242772
828 9 0.340249
829 9 0.232397
830 9 0.026567
831 9 0.303693
832 9 0.170055
833 9 0.118246
834 9 0.222790
835 9 0.037595
836 9 0.229112
837 9 0.140996
838 9 0.178102
839 9 0.225029
840 9 0.288235
841 9 0.301151
842 9 0.355438
843 9 0.063191
844 9 0.288377
845 9 0.041052
846 9 0.184444
847 9 0.421647
848 9 0.041123
849 9 0.209069
850 9 0.156505
851 9 0.347011
852 9 0.165103
853 9 0.343028
854 9 0.244656
855 9 0.172207
856 9 0.172942
857 9 0.103012
858 9 0.225727
859 9 0.169015
860 9 0.250933
861 9 0.201638
862 9 0.107179
863 9 0.220325
864 9 0.033768
865 9 0.205870
866 9 0.272173
867 9 0.187037
868 9 0.223838
869 9 0.177215
870 9 0.181412
871 9 0.147542
872 9 0.167147
873 9 0.265720
874 9 0.294458
875 9 0.345651
876 9 0.033891
877 9 0.146387
878 9 0.325071
879 9 0.238960
880 9 0.249819
881 9 0.275774
882 9 0.274179
883 9 0.142698
884 9 0.266364
885 9 0.277074
886 9 0.033911
887 9 0.654790
888 9 0.144607
889 9 0.165447
890 9 0.204762
891 9 0.895777
892 9 0.167148
893 9 0.092553
894 9 0.096638
895 9 0.689443
896 9 0.092964
897 9 0.117536
898 9 0.161408
899 9 0.326142
900 10 0.255964
901 10 0.033881
902 10 0.165259
903 10 0.259238
904 10 0.168746
905 10 0.340643
906 10 0.161435
907 10 0.169619
908 10 0.176747
909 10 0.162234
910 10 0.140425
911 10 0.336654
912 10 0.713877
913 10 0.074541
914 10 0.145743
915 10 0.261071
916 10 0.156139
917 10 0.297305
918 10 0.261702
919 10 0.165297
920 10 0.063015
921 10 0.238571
922 10 0.236548
923 10 0.249573
924 10 0.326045
925 10 0.151148
926 10 0.178461
927 10 0.284454
928 10 0.172004
929 10 0.106794
930 10 0.191190
931 10 0.249242
932 10 0.294310
933 10 0.237691
934 10 0.222886
935 10 0.117595
936 10 0.275770
937 10 0.084870
938 10 0.262215
939 10 0.178513
940 10 0.210487
941 10 0.198887
942 10 0.362920
943 10 0.026595
944 10 0.193012
945 10 0.219887
946 10 0.319290
947 10 0.190385
948 10 0.033913
949 10 0.143944
950 10 0.233251
951 10 0.302986
952 10 0.290488
953 10 0.222504
954 10 0.150192
955 10 0.849683
956 10 0.271903
957 10 0.116577
958 10 0.182016
959 10 0.244752
960 10 0.243111
961 10 0.170964
962 10 0.148609
963 10 0.240954
964 10 0.040949
965 10 0.156860
966 10 0.187544
967 10 0.253937
968 10 0.140102
969 10 0.176892
970 10 0.033758
971 10 0.132177
972 10 0.117042
973 10 0.072457
974 10 0.312038
975 10 0.183421
976 10 0.294967
977 10 0.250230
978 10 0.102384
979 10 0.301197
980 10 0.354905
981 10 0.196043
982 10 0.080625
983 10 0.037507
984 10 0.197954
985 10 0.163765
986 10 0.143839
987 10 0.171683
988 10 0.226576
989 10 0.170000
990 10 0.162788
991 10 0.704632
992 10 0.254168
993 10 0.096227
994 10 0.344381
995 10 0.291487
996 10 0.213023
997 10 0.307447
998 10 0.903809
999 10 0.272951
1000 11 0.918407
1001 11 0.215296
1002 11 0.171676
1003 11 0.256141
1004 11 0.331190
1005 11 0.222604
1006 11 0.033906
1007 11 0.285848
1008 11 0.211488
1009 11 0.160584
1010 11 0.307566
1011 11 0.226201
1012 11 0.333545
1013 11 0.888981
1014 11 0.298965
1015 11 0.138729
1016 11 0.149603
1017 11 0.066942
1018 11 0.309558
1019 11 0.309157
1020 11 0.192176
1021 11 0.294606
1022 11 0.174764
1023 11 0.102091
1024 11 0.223573
1025 11 0.200116
1026 11 0.116626
1027 11 0.282570
1028 11 0.366623
1029 11 0.241235
1030 11 0.296062
1031 11 0.203200
1032 11 0.176217
1033 11 0.409891
1034 11 0.080398
1035 11 0.297922
1036 11 0.247623
1037 11 0.026632
1038 11 0.067618
1039 11 0.152823
1040 11 0.106897
1041 11 0.305007
1042 11 0.216129
1043 11 0.197317
1044 11 0.153309
1045 11 0.174590
1046 11 0.138198
1047 11 0.166820
1048 11 0.177110
1049 11 0.150460
1050 11 0.033729
1051 11 0.327752
1052 11 0.308555
1053 11 0.131689
1054 11 0.280629
1055 11 0.146090
1056 11 0.321129
1057 11 0.211913
1058 11 0.312644
1059 11 0.646676
1060 11 0.166914
1061 11 0.062732
1062 11 0.269887
1063 11 0.405571
1064 11 0.226269
1065 11 0.321316
1066 11 0.200503
1067 11 0.184360
1068 11 0.220673
1069 11 0.266060
1070 11 0.037496
1071 11 0.260700
1072 11 0.265253
1073 11 0.162882
1074 11 0.284619
1075 11 0.139303
1076 11 0.084315
1077 11 0.274914
1078 11 0.161136
1079 11 0.163575
1080 11 0.217507
1081 11 0.071165
1082 11 0.143437
1083 11 0.412200
1084 11 0.263758
1085 11 0.671799
1086 11 0.247235
1087 11 0.118656
1088 11 0.181791
1089 11 0.329564
1090 11 0.169845
1091 11 0.235813
1092 11 0.160147
1093 11 0.196466
1094 11 0.254079
1095 11 0.228483
1096 11 0.259681
1097 11 0.091213
1098 11 0.091710
1099 11 0.237220
1100 12 0.145713
1101 12 0.219397
1102 12 0.201908
1103 12 0.344214
1104 12 0.169811
1105 12 0.199378
1106 12 0.203381
1107 12 0.145690
1108 12 0.300360
1109 12 0.084225
1110 12 0.131365
1111 12 0.189828
1112 12 0.182889
1113 12 0.187802
1114 12 0.210834
1115 12 0.245770
1116 12 0.033927
1117 12 0.268040
1118 12 0.289136
1119 12 0.239572
1120 12 0.231691
1121 12 0.139064
1122 12 0.214245
1123 12 0.184935
1124 12 0.040833
1125 12 0.182005
1126 12 0.273935
1127 12 0.074095
1128 12 0.359999
1129 12 0.119524
1130 12 0.145827
1131 12 0.284413
1132 12 0.227864
1133 12 0.315847
1134 12 0.322832
1135 12 0.201250
1136 12 0.232240
1137 12 0.080058
1138 12 0.685203
1139 12 0.223298
1140 12 0.188365
1141 12 0.179997
1142 12 0.156446
1143 12 0.263861
1144 12 0.185146
1145 12 0.703033
1146 12 0.293433
1147 12 0.179461
1148 12 0.033907
1149 12 0.358347
1150 12 0.333257
1151 12 0.298368
1152 12 0.026708
1153 12 0.115593
1154 12 0.095675
1155 12 0.116264
1156 12 0.219280
1157 12 0.179131
1158 12 0.033744
1159 12 0.260965
1160 12 0.151402
1161 12 0.263833
1162 12 0.293280
1163 12 0.408387
1164 12 0.185490
1165 12 0.195827
1166 12 0.201738
1167 12 0.842572
1168 12 0.158897
1169 12 0.062568
1170 12 0.211107
1171 12 0.226054
1172 12 0.138797
1173 12 0.037506
1174 12 0.173733
1175 12 0.170083
1176 12 0.101432
1177 12 0.234690
1178 12 0.113074
1179 12 0.256177
1180 12 0.209537
1181 12 0.191126
1182 12 0.175074
1183 12 0.140535
1184 12 0.925383
1185 12 0.328012
1186 12 0.076610
1187 12 0.177592
1188 12 0.321838
1189 12 0.154897
1190 12 0.213525
1191 12 0.337231
1192 12 0.162915
1193 12 0.134404
1194 12 0.192608
1195 12 0.169413
1196 12 0.170461
1197 12 0.142413
1198 12 0.243783
1199 12 0.137452
1200 13 0.079842
1201 13 0.153367
1202 13 0.325684
1203 13 0.159781
1204 13 0.343330
1205 13 0.192625
1206 13 0.266607
1207 13 0.174804
1208 13 0.274502
1209 13 0.361172
1210 13 0.201567
1211 13 0.138514
1212 13 0.307392
1213 13 0.161525
1214 13 0.169680
1215 13 0.137314
1216 13 0.238398
1217 13 0.198086
1218 13 0.112830
1219 13 0.170889
1220 13 0.291929
1221 13 0.184818
1222 13 0.245268
1223 13 0.159974
1224 13 0.301358
1225 13 0.033762
1226 13 0.162594
1227 13 0.245039
1228 13 0.342637
1229 13 0.167050
1230 13 0.251415
1231 13 0.037501
1232 13 0.144782
1233 13 0.181749
1234 13 0.217322
1235 13 0.296434
1236 13 0.162264
1237 13 0.145786
1238 13 0.208365
1239 13 0.187407
1240 13 0.173603
1241 13 0.178848
1242 13 0.144086
1243 13 0.232465
1244 13 0.208741
1245 13 0.033948
1246 13 0.111061
1247 13 0.212183
1248 13 0.145061
1249 13 0.063175
1250 13 0.342553
1251 13 0.257230
1252 13 0.179148
1253 13 0.033933
1254 13 0.164583
1255 13 0.130464
1256 13 0.194459
1257 13 0.147803
1258 13 0.410487
1259 13 0.722150
1260 13 0.195157
1261 13 0.168758
1262 13 0.297448
1263 13 0.349524
1264 13 0.260186
1265 13 0.222461
1266 13 0.105877
1267 13 0.062402
1268 13 0.154291
1269 13 0.264462
1270 13 0.221663
1271 13 0.236506
1272 13 0.168964
1273 13 0.155479
1274 13 0.325920
1275 13 0.277875
1276 13 0.296033
1277 13 0.316935
1278 13 0.227403
1279 13 0.322901
1280 13 0.155960
1281 13 0.157709
1282 13 0.183444
1283 13 0.269553
1284 13 0.109464
1285 13 0.148145
1286 13 0.136657
1287 13 0.207999
1288 13 0.278049
1289 13 0.297599
1290 13 0.645307
1291 13 0.095227
1292 13 0.105098
1293 13 0.186782
1294 13 0.850435
1295 13 0.850556
1296 13 0.202687
1297 13 0.172320
1298 13 0.026827
1299 13 0.040892
1300 14 0.175417
1301 14 0.921030
1302 14 0.322669
1303 14 0.229773
1304 14 0.139969
1305 14 0.293647
1306 14 0.256167
1307 14 0.033953
1308 14 0.378220
1309 14 0.350859
1310 14 0.243402
1311 14 0.231810
1312 14 0.201030
1313 14 0.095672
1314 14 0.137884
1315 14 0.149424
1316 14 0.164526
1317 14 0.239593
1318 14 0.356074
1319 14 0.037539
1320 14 0.216238
1321 14 0.174212
1322 14 0.034025
1323 14 0.617967
1324 14 0.033805
1325 14 0.151143
1326 14 0.195524
1327 14 0.160546
1328 14 0.325366
1329 14 0.236160
1330 14 0.261452
1331 14 0.127132
1332 14 0.200585
1333 14 0.147247
1334 14 0.152564
1335 14 0.312620
1336 14 0.298732
1337 14 0.211794
1338 14 0.252816
1339 14 0.163952
1340 14 0.184148
1341 14 0.066526
1342 14 0.133459
1343 14 0.840294
1344 14 0.167022
1345 14 0.327307
1346 14 0.083525
1347 14 0.119223
1348 14 0.291281
1349 14 0.190013
1350 14 0.273965
1351 14 0.194285
1352 14 0.157740
1353 14 0.101590
1354 14 0.226904
1355 14 0.259135
1356 14 0.305034
1357 14 0.186761
1358 14 0.299701
1359 14 0.370507
1360 14 0.172314
1361 14 0.204572
1362 14 0.199940
1363 14 0.248064
1364 14 0.150948
1365 14 0.221338
1366 14 0.276696
1367 14 0.121310
1368 14 0.159416
1369 14 0.171597
1370 14 0.161514
1371 14 0.240512
1372 14 0.155213
1373 14 0.100540
1374 14 0.221852
1375 14 0.114283
1376 14 0.174690
1377 14 0.114769
1378 14 0.274027
1379 14 0.255576
1380 14 0.165004
1381 14 0.238203
1382 14 0.211352
1383 14 0.143839
1384 14 0.241554
1385 14 0.312489
1386 14 0.264691
1387 14 0.171836
1388 14 0.311492
1389 14 0.722592
1390 14 0.113807
1391 14 0.136205
1392 14 0.026948
1393 14 0.279013
1394 14 0.214525
1395 14 0.273452
1396 14 0.319532
1397 14 0.040782
1398 14 0.210373
1399 14 0.147897
1400 15 0.192947
1401 15 0.228048
1402 15 0.281773
1403 15 0.388299
1404 15 0.143216
1405 15 0.255222
1406 15 0.362099
1407 15 0.275567
1408 15 0.285361
1409 15 0.152401
1410 15 0.191092
1411 15 0.235827
1412 15 0.226763
1413 15 0.257195
1414 15 0.132690
1415 15 0.160873
1416 15 0.212372
1417 15 0.243182
1418 15 0.067671
1419 15 0.185641
1420 15 0.233894
1421 15 0.122119
1422 15 0.154972
1423 15 0.182075
1424 15 0.135991
1425 15 0.622258
1426 15 0.143570
1427 15 0.034022
1428 15 0.129516
1429 15 0.141019
1430 15 0.169206
1431 15 0.193366
1432 15 0.171092
1433 15 0.033865
1434 15 0.137350
1435 15 0.178800
1436 15 0.663575
1437 15 0.175791
1438 15 0.197886
1439 15 0.176849
1440 15 0.281390
1441 15 0.113947
1442 15 0.192534
1443 15 0.279303
1444 15 0.105336
1445 15 0.262716
1446 15 0.234896
1447 15 0.295619
1448 15 0.212533
1449 15 0.103503
1450 15 0.283200
1451 15 0.230916
1452 15 0.192407
1453 15 0.362514
1454 15 0.104445
1455 15 0.363000
1456 15 0.138519
1457 15 0.040911
1458 15 0.034101
1459 15 0.213779
1460 15 0.126560
1461 15 0.062198
1462 15 0.158028
1463 15 0.027002
1464 15 0.143789
1465 15 0.220960
1466 15 0.302959
1467 15 0.812301
1468 15 0.212873
1469 15 0.156814
1470 15 0.282085
1471 15 0.832186
1472 15 0.160800
1473 15 0.267355
1474 15 0.202729
1475 15 0.379861
1476 15 0.316372
1477 15 0.275094
1478 15 0.144445
1479 15 0.387656
1480 15 0.274285
1481 15 0.126630
1482 15 0.209425
1483 15 0.141993
1484 15 0.118583
1485 15 0.312811
1486 15 0.266593
1487 15 0.197677
1488 15 0.040761
1489 15 0.215390
1490 15 0.278068
1491 15 0.264197
1492 15 0.327818
1493 15 0.262596
1494 15 0.205282
1495 15 0.284021
1496 15 0.083153
1497 15 0.153924
1498 15 0.279843
1499 15 0.150901
1500 16 0.288531
1501 16 0.140362
1502 16 0.270409
1503 16 0.143098
1504 16 0.255647
1505 16 0.197645
1506 16 0.054653
1507 16 0.239747
1508 16 0.246003
1509 16 0.143082
1510 16 0.620308
1511 16 0.199616
1512 16 0.210477
1513 16 0.162896
1514 16 0.198031
1515 16 0.319801
1516 16 0.184668
1517 16 0.280378
1518 16 0.175264
1519 16 0.224809
1520 16 0.247393
1521 16 0.322717
1522 16 0.255659
1523 16 0.287185
1524 16 0.160062
1525 16 0.181646
1526 16 0.261360
1527 16 0.292308
1528 16 0.237556
1529 16 0.128790
1530 16 0.114343
1531 16 0.197730
1532 16 0.078918
1533 16 0.034170
1534 16 0.092040
1535 16 0.252145
1536 16 0.374328
1537 16 0.785365
1538 16 0.040773
1539 16 0.191653
1540 16 0.373604
1541 16 0.309038
1542 16 0.348480
1543 16 0.224984
1544 16 0.189577
1545 16 0.114514
1546 16 0.181546
1547 16 0.302261
1548 16 0.232954
1549 16 0.248188
1550 16 0.289748
1551 16 0.240674
1552 16 0.113368
1553 16 0.137928
1554 16 0.756362
1555 16 0.209622
1556 16 0.160165
1557 16 0.040940
1558 16 0.170442
1559 16 0.145857
1560 16 0.221123
1561 16 0.216583
1562 16 0.130283
1563 16 0.261142
1564 16 0.062106
1565 16 0.197832
1566 16 0.202844
1567 16 0.163117
1568 16 0.159818
1569 16 0.296107
1570 16 0.211408
1571 16 0.223067
1572 16 0.136995
1573 16 0.130121
1574 16 0.037659
1575 16 0.293041
1576 16 0.209189
1577 16 0.128732
1578 16 0.317070
1579 16 0.146924
1580 16 0.212199
1581 16 0.235799
1582 16 0.319394
1583 16 0.058121
1584 16 0.280771
1585 16 0.202813
1586 16 0.147208
1587 16 0.221186
1588 16 0.303818
1589 16 0.191847
1590 16 0.265185
1591 16 0.033967
1592 16 0.094460
1593 16 0.206541
1594 16 0.217129
1595 16 0.631367
1596 16 0.286082
1597 16 0.205031
1598 16 0.254525
1599 16 0.233130
1600 17 0.069551
1601 17 0.318547
1602 17 0.252725
1603 17 0.197476
1604 17 0.189904
1605 17 0.234967
1606 17 0.082921
1607 17 0.284307
1608 17 0.323990
1609 17 0.161055
1610 17 0.166591
1611 17 0.675411
1612 17 0.235749
1613 17 0.390275
1614 17 0.756269
1615 17 0.037674
1616 17 0.175550
1617 17 0.320066
1618 17 0.293179
1619 17 0.062065
1620 17 0.183772
1621 17 0.154130
1622 17 0.295301
1623 17 0.258406
1624 17 0.218821
1625 17 0.221556
1626 17 0.244517
1627 17 0.125928
1628 17 0.198554
1629 17 0.073588
1630 17 0.138845
1631 17 0.218905
1632 17 0.137282
1633 17 0.280939
1634 17 0.090148
1635 17 0.286926
1636 17 0.191160
1637 17 0.175023
1638 17 0.252624
1639 17 0.191509
1640 17 0.176152
1641 17 0.294712
1642 17 0.223148
1643 17 0.217737
1644 17 0.332306
1645 17 0.094346
1646 17 0.219954
1647 17 0.311660
1648 17 0.229368
1649 17 0.160960
1650 17 0.158006
1651 17 0.304782
1652 17 0.159211
1653 17 0.631790
1654 17 0.195590
1655 17 0.261343
1656 17 0.027276
1657 17 0.221574
1658 17 0.255689
1659 17 0.227013
1660 17 0.838329
1661 17 0.218644
1662 17 0.152977
1663 17 0.153246
1664 17 0.295175
1665 17 0.034041
1666 17 0.040835
1667 17 0.223653
1668 17 0.226855
1669 17 0.189893
1670 17 0.078652
1671 17 0.061172
1672 17 0.128298
1673 17 0.166610
1674 17 0.285910
1675 17 0.239962
1676 17 0.352071
1677 17 0.271727
1678 17 0.156062
1679 17 0.172939
1680 17 0.362698
1681 17 0.156509
1682 17 0.142299
1683 17 0.154146
1684 17 0.278402
1685 17 0.161610
1686 17 0.274756
1687 17 0.192173
1688 17 0.190628
1689 17 0.251134
1690 17 0.282336
1691 17 0.326876
1692 17 0.134544
1693 17 0.034323
1694 17 0.211802
1695 17 0.136273
1696 17 0.146041
1697 17 0.199957
1698 17 0.274865
1699 17 0.146353
