# Batch convergence for: model=snn-ae encoding=direct architecture=conv1d v_th=1 alpha=0.99 run=2
batch_num epoch batch_loss
0 1 1.361583
1 1 1.154603
2 1 1.055181
3 1 0.478726
4 1 0.987851
5 1 1.185978
6 1 1.037413
7 1 1.242016
8 1 0.636966
9 1 1.190897
10 1 0.824821
11 1 1.135576
12 1 0.892130
13 1 1.005716
14 1 0.537893
15 1 1.036138
16 1 0.984812
17 1 1.020148
18 1 0.948165
19 1 0.987984
20 1 1.166354
21 1 0.829418
22 1 1.011421
23 1 1.007850
24 1 0.844084
25 1 1.017811
26 1 0.982017
27 1 0.947642
28 1 0.037298
29 1 0.967375
30 1 1.024208
31 1 0.965805
32 1 0.965552
33 1 1.067850
34 1 0.978256
35 1 0.156432
36 1 1.120754
37 1 0.944594
38 1 0.773062
39 1 0.128838
40 1 0.517255
41 1 0.936648
42 1 0.982712
43 1 0.971358
44 1 0.864699
45 1 0.819363
46 1 0.841423
47 1 0.818336
48 1 0.944351
49 1 0.984946
50 1 0.743203
51 1 1.029735
52 1 0.983124
53 1 0.798185
54 1 0.928579
55 1 0.908641
56 1 0.929165
57 1 0.999335
58 1 0.097501
59 1 0.907060
60 1 0.947131
61 1 0.950667
62 1 1.008517
63 1 0.793017
64 1 0.965865
65 1 1.036271
66 1 0.817199
67 1 0.612018
68 1 0.925089
69 1 0.952291
70 1 0.951589
71 1 0.682822
72 1 0.791458
73 1 0.915663
74 1 0.774051
75 1 0.940590
76 1 1.095793
77 1 0.913239
78 1 0.977672
79 1 0.959522
80 1 0.962348
81 1 0.923828
82 1 0.118879
83 1 0.837221
84 1 1.028595
85 1 1.016760
86 1 0.205677
87 1 0.890419
88 1 0.909157
89 1 0.897289
90 1 0.813428
91 1 0.977093
92 1 0.769286
93 1 0.941247
94 1 0.490271
95 1 1.009489
96 1 0.893551
97 1 0.848916
98 1 1.007962
99 1 0.971278
100 2 1.024394
101 2 0.037723
102 2 1.075627
103 2 0.934781
104 2 0.942874
105 2 0.922771
106 2 0.933920
107 2 0.923564
108 2 0.931762
109 2 0.816772
110 2 0.942398
111 2 0.753352
112 2 0.936967
113 2 0.930678
114 2 0.892851
115 2 0.904305
116 2 0.942640
117 2 0.890574
118 2 0.809795
119 2 1.019195
120 2 1.016149
121 2 0.817122
122 2 0.709137
123 2 0.945842
124 2 0.565576
125 2 0.944640
126 2 0.981307
127 2 0.795043
128 2 0.965794
129 2 0.783140
130 2 0.909043
131 2 0.980353
132 2 0.963409
133 2 0.569911
134 2 0.952570
135 2 0.981834
136 2 0.186633
137 2 0.752958
138 2 0.938544
139 2 0.929560
140 2 0.097231
141 2 0.989498
142 2 0.969382
143 2 0.952546
144 2 0.946508
145 2 0.910642
146 2 0.907239
147 2 0.069718
148 2 0.910152
149 2 0.908237
150 2 0.764406
151 2 0.836917
152 2 0.773986
153 2 0.461901
154 2 0.917571
155 2 0.727890
156 2 0.627984
157 2 0.916022
158 2 0.786921
159 2 0.951787
160 2 0.508156
161 2 0.863118
162 2 0.118707
163 2 0.947918
164 2 0.826227
165 2 0.955519
166 2 0.731383
167 2 0.961907
168 2 0.957635
169 2 0.970885
170 2 0.965673
171 2 0.682532
172 2 0.913476
173 2 0.929338
174 2 0.880060
175 2 0.926999
176 2 0.936392
177 2 0.799480
178 2 0.890472
179 2 0.938165
180 2 0.905124
181 2 0.835450
182 2 0.101134
183 2 0.976254
184 2 0.948637
185 2 0.755123
186 2 0.890307
187 2 0.999122
188 2 0.948720
189 2 1.024880
190 2 0.906044
191 2 0.798752
192 2 0.973643
193 2 0.963401
194 2 0.859350
195 2 1.008733
196 2 0.894365
197 2 0.970146
198 2 0.441121
199 2 0.957828
200 3 1.003461
201 3 0.941454
202 3 0.611883
203 3 0.930309
204 3 0.723519
205 3 0.913608
206 3 0.859932
207 3 0.613807
208 3 0.945946
209 3 0.827105
210 3 0.953355
211 3 0.994749
212 3 0.945221
213 3 0.928650
214 3 0.907983
215 3 0.097626
216 3 0.949154
217 3 0.118503
218 3 0.860231
219 3 0.727978
220 3 0.809937
221 3 0.038800
222 3 0.767140
223 3 0.973884
224 3 1.038638
225 3 0.762813
226 3 0.929299
227 3 0.920193
228 3 0.893639
229 3 0.759229
230 3 0.906543
231 3 0.760135
232 3 0.100821
233 3 0.896005
234 3 0.909611
235 3 0.913387
236 3 0.913372
237 3 0.925824
238 3 0.927465
239 3 0.990651
240 3 0.944607
241 3 0.962222
242 3 0.925681
243 3 0.904465
244 3 1.016791
245 3 0.837878
246 3 0.948347
247 3 0.930278
248 3 0.954917
249 3 0.460939
250 3 0.813889
251 3 0.931474
252 3 0.682666
253 3 0.930864
254 3 0.979824
255 3 1.095515
256 3 0.500823
257 3 0.950173
258 3 1.028871
259 3 0.822503
260 3 0.951530
261 3 0.945608
262 3 0.906478
263 3 0.983528
264 3 0.933546
265 3 0.976632
266 3 0.917933
267 3 0.893042
268 3 0.886991
269 3 0.945459
270 3 0.469502
271 3 0.963262
272 3 0.958528
273 3 0.970858
274 3 0.750299
275 3 0.901541
276 3 0.731782
277 3 0.734116
278 3 0.957556
279 3 0.823033
280 3 0.070380
281 3 0.911784
282 3 0.898165
283 3 1.011563
284 3 0.643862
285 3 0.950593
286 3 0.906787
287 3 0.924559
288 3 0.964282
289 3 0.186973
290 3 0.878923
291 3 0.888067
292 3 0.934111
293 3 0.505938
294 3 0.773910
295 3 0.794914
296 3 0.948169
297 3 0.956267
298 3 0.762573
299 3 0.980194
300 4 0.974014
301 4 0.912481
302 4 0.947189
303 4 0.932813
304 4 0.186657
305 4 0.914085
306 4 0.857904
307 4 0.953288
308 4 0.886318
309 4 0.894865
310 4 0.946481
311 4 0.916885
312 4 0.459029
313 4 0.879252
314 4 0.809650
315 4 0.765703
316 4 0.612701
317 4 0.747048
318 4 0.806687
319 4 0.760894
320 4 0.956394
321 4 0.966311
322 4 0.930400
323 4 1.021901
324 4 0.858197
325 4 0.981861
326 4 0.506285
327 4 0.946653
328 4 0.731603
329 4 0.931132
330 4 0.975153
331 4 0.944758
332 4 0.954628
333 4 1.031546
334 4 0.504053
335 4 0.869216
336 4 0.563514
337 4 0.949237
338 4 0.940034
339 4 0.070153
340 4 1.050529
341 4 0.776397
342 4 0.920000
343 4 0.748046
344 4 0.656908
345 4 0.955487
346 4 0.897426
347 4 0.805187
348 4 0.938998
349 4 0.910666
350 4 0.965662
351 4 0.509602
352 4 0.886607
353 4 0.870822
354 4 0.723369
355 4 0.040024
356 4 0.912455
357 4 0.955357
358 4 0.924774
359 4 0.727389
360 4 0.755222
361 4 0.904471
362 4 0.775201
363 4 0.960867
364 4 0.936626
365 4 0.929656
366 4 0.937422
367 4 0.957716
368 4 0.801100
369 4 0.963767
370 4 0.830971
371 4 0.770227
372 4 0.928355
373 4 0.973417
374 4 0.897623
375 4 0.981116
376 4 0.823898
377 4 0.926631
378 4 0.118760
379 4 1.019088
380 4 0.890292
381 4 0.956850
382 4 1.003870
383 4 0.868383
384 4 0.907756
385 4 0.929618
386 4 0.901790
387 4 0.974878
388 4 0.838563
389 4 0.943273
390 4 0.953842
391 4 0.947394
392 4 0.127299
393 4 0.939834
394 4 0.911249
395 4 0.941275
396 4 0.879672
397 4 0.981384
398 4 0.921650
399 4 0.098547
400 5 0.892935
401 5 0.903035
402 5 0.563552
403 5 0.835184
404 5 0.928651
405 5 0.966275
406 5 0.923616
407 5 0.606939
408 5 0.875080
409 5 0.903293
410 5 0.997972
411 5 0.866866
412 5 0.098395
413 5 0.758020
414 5 0.928447
415 5 0.905446
416 5 0.727164
417 5 0.894017
418 5 0.956225
419 5 0.965554
420 5 0.938860
421 5 0.747960
422 5 0.942201
423 5 0.919692
424 5 0.808155
425 5 0.911116
426 5 0.187307
427 5 0.950894
428 5 0.835970
429 5 0.725464
430 5 0.898554
431 5 0.929209
432 5 0.954142
433 5 0.908092
434 5 0.774010
435 5 0.845803
436 5 0.938680
437 5 0.521910
438 5 0.687908
439 5 0.497977
440 5 0.941427
441 5 0.928523
442 5 0.908647
443 5 0.891110
444 5 0.884899
445 5 1.038757
446 5 0.783540
447 5 0.977022
448 5 0.979567
449 5 0.948314
450 5 1.019077
451 5 0.955457
452 5 0.958046
453 5 0.726571
454 5 0.946369
455 5 0.100824
456 5 0.777768
457 5 0.973401
458 5 0.958077
459 5 0.926981
460 5 0.987181
461 5 0.929767
462 5 0.982276
463 5 0.968126
464 5 0.919574
465 5 0.884574
466 5 0.899584
467 5 0.432294
468 5 0.758948
469 5 0.945120
470 5 0.971852
471 5 0.902707
472 5 0.612290
473 5 0.952386
474 5 0.040957
475 5 0.682118
476 5 0.906679
477 5 0.845871
478 5 0.762631
479 5 0.923293
480 5 0.924654
481 5 0.944428
482 5 0.954521
483 5 0.994425
484 5 0.720294
485 5 0.944163
486 5 0.931035
487 5 0.973852
488 5 0.809396
489 5 0.950865
490 5 0.857344
491 5 0.927333
492 5 0.984927
493 5 0.896436
494 5 0.119262
495 5 0.923949
496 5 0.938721
497 5 0.101217
498 5 0.456732
499 5 0.761905
500 6 0.128088
501 6 0.710691
502 6 0.147480
503 6 0.119019
504 6 1.005079
505 6 0.825533
506 6 0.719708
507 6 0.905800
508 6 0.681328
509 6 0.879975
510 6 0.986119
511 6 1.059966
512 6 0.884327
513 6 0.969128
514 6 0.954586
515 6 0.985021
516 6 0.759765
517 6 0.914012
518 6 0.187538
519 6 0.901588
520 6 1.012886
521 6 0.907748
522 6 0.948764
523 6 0.882917
524 6 0.941007
525 6 0.964760
526 6 0.781925
527 6 0.935603
528 6 0.953021
529 6 0.912022
530 6 1.009401
531 6 0.071156
532 6 0.928117
533 6 0.500622
534 6 0.529871
535 6 0.966744
536 6 0.896708
537 6 0.925567
538 6 0.900413
539 6 0.926941
540 6 0.890057
541 6 0.890570
542 6 0.866996
543 6 0.929736
544 6 0.801255
545 6 0.921593
546 6 0.899835
547 6 0.958536
548 6 0.907739
549 6 0.497920
550 6 0.919915
551 6 0.739561
552 6 0.822867
553 6 0.729664
554 6 0.836937
555 6 0.824355
556 6 0.930893
557 6 0.948744
558 6 0.954528
559 6 0.737857
560 6 0.947743
561 6 0.969163
562 6 0.938802
563 6 0.933913
564 6 0.679080
565 6 0.946629
566 6 0.910330
567 6 0.984120
568 6 0.960105
569 6 0.943302
570 6 0.668453
571 6 0.976229
572 6 0.848392
573 6 0.943142
574 6 0.898875
575 6 0.801101
576 6 0.608734
577 6 0.945226
578 6 0.759352
579 6 0.957976
580 6 0.959923
581 6 0.945152
582 6 1.034417
583 6 0.041917
584 6 0.975895
585 6 0.566339
586 6 0.918561
587 6 0.977825
588 6 0.445578
589 6 0.619429
590 6 0.873053
591 6 0.855104
592 6 0.897244
593 6 0.965172
594 6 0.990854
595 6 0.884544
596 6 0.949166
597 6 0.926232
598 6 0.757786
599 6 0.916421
600 7 0.099440
601 7 0.973798
602 7 0.847222
603 7 1.004222
604 7 0.658932
605 7 0.880254
606 7 0.946879
607 7 0.949792
608 7 1.008956
609 7 0.756393
610 7 0.958385
611 7 0.885040
612 7 0.988256
613 7 0.969907
614 7 0.071274
615 7 0.893935
616 7 0.884453
617 7 0.714124
618 7 0.949143
619 7 0.188140
620 7 0.670210
621 7 0.939354
622 7 0.873538
623 7 0.065110
624 7 0.788144
625 7 0.936375
626 7 0.896533
627 7 0.968207
628 7 0.741265
629 7 0.781481
630 7 0.988045
631 7 0.950051
632 7 0.100829
633 7 0.944342
634 7 0.909293
635 7 0.563930
636 7 0.715420
637 7 0.929889
638 7 0.943146
639 7 0.906193
640 7 0.869104
641 7 0.878594
642 7 0.918690
643 7 0.119566
644 7 0.835044
645 7 0.430866
646 7 0.901333
647 7 0.949101
648 7 0.918131
649 7 0.710270
650 7 0.991614
651 7 0.607940
652 7 0.927482
653 7 0.682049
654 7 0.937460
655 7 0.910440
656 7 0.943251
657 7 0.918973
658 7 0.889259
659 7 0.972632
660 7 0.842423
661 7 0.855865
662 7 0.924893
663 7 0.905184
664 7 0.885305
665 7 0.923385
666 7 0.866386
667 7 0.894273
668 7 0.992485
669 7 0.777683
670 7 0.903656
671 7 0.824205
672 7 0.946524
673 7 0.874407
674 7 0.923926
675 7 0.946828
676 7 0.942653
677 7 0.859622
678 7 0.927864
679 7 0.949323
680 7 0.498850
681 7 0.940835
682 7 0.961039
683 7 1.011745
684 7 0.907483
685 7 0.926248
686 7 0.961345
687 7 0.869033
688 7 0.610142
689 7 0.973221
690 7 0.498153
691 7 0.913623
692 7 0.776815
693 7 0.708231
694 7 0.875092
695 7 0.953772
696 7 0.961100
697 7 0.499087
698 7 0.937266
699 7 0.849988
700 8 0.972345
701 8 0.100002
702 8 0.947205
703 8 0.680687
704 8 0.756351
705 8 0.842686
706 8 0.721831
707 8 0.950594
708 8 0.885117
709 8 0.776583
710 8 1.009871
711 8 0.945408
712 8 0.563245
713 8 0.916479
714 8 0.924448
715 8 0.980758
716 8 0.874406
717 8 0.923267
718 8 0.605842
719 8 0.934053
720 8 0.931280
721 8 0.956076
722 8 0.926053
723 8 0.939903
724 8 0.906627
725 8 0.941872
726 8 0.942264
727 8 0.886032
728 8 0.498183
729 8 0.859468
730 8 0.867558
731 8 0.042942
732 8 0.997670
733 8 0.962422
734 8 0.781436
735 8 0.430425
736 8 0.809834
737 8 0.804214
738 8 0.909394
739 8 0.895456
740 8 0.072050
741 8 0.947872
742 8 0.854242
743 8 0.951184
744 8 0.907116
745 8 0.912929
746 8 0.646046
747 8 0.917362
748 8 0.834004
749 8 0.849173
750 8 0.740874
751 8 0.959778
752 8 0.903185
753 8 0.874785
754 8 0.937053
755 8 0.928566
756 8 0.943096
757 8 0.975713
758 8 0.864738
759 8 0.901923
760 8 0.923407
761 8 0.920199
762 8 0.903506
763 8 0.453867
764 8 0.897313
765 8 0.751065
766 8 0.882296
767 8 0.891976
768 8 0.926368
769 8 0.761670
770 8 0.919957
771 8 0.801043
772 8 0.970728
773 8 0.961924
774 8 0.938487
775 8 0.930670
776 8 0.923823
777 8 0.497770
778 8 0.189019
779 8 0.621612
780 8 0.914814
781 8 0.149691
782 8 0.668236
783 8 0.617729
784 8 0.678818
785 8 0.918606
786 8 1.006720
787 8 1.022578
788 8 0.776216
789 8 0.648095
790 8 0.954719
791 8 0.917817
792 8 0.919817
793 8 0.947511
794 8 0.884557
795 8 0.773172
796 8 0.975009
797 8 0.101602
798 8 0.958620
799 8 0.874922
800 9 0.940983
801 9 0.816488
802 9 0.907167
803 9 0.901083
804 9 0.933127
805 9 0.836584
806 9 0.986938
807 9 0.452996
808 9 0.791142
809 9 0.761544
810 9 0.846894
811 9 0.881205
812 9 0.972413
813 9 0.951540
814 9 0.899153
815 9 0.794297
816 9 0.927521
817 9 0.912722
818 9 0.945934
819 9 0.497261
820 9 0.853410
821 9 0.120338
822 9 0.072222
823 9 0.950737
824 9 0.957089
825 9 0.973980
826 9 0.878877
827 9 0.924632
828 9 0.986414
829 9 0.869208
830 9 0.639575
831 9 0.960635
832 9 0.933062
833 9 0.429602
834 9 0.940358
835 9 0.622169
836 9 0.868176
837 9 0.947191
838 9 0.988602
839 9 0.803137
840 9 0.944651
841 9 0.902832
842 9 0.983238
843 9 0.754666
844 9 0.884895
845 9 0.662360
846 9 0.951962
847 9 0.996008
848 9 0.617534
849 9 1.006986
850 9 0.752806
851 9 0.979594
852 9 0.908803
853 9 0.900346
854 9 0.802116
855 9 0.969509
856 9 0.189135
857 9 0.952714
858 9 0.862563
859 9 0.967942
860 9 0.885789
861 9 0.972148
862 9 0.822922
863 9 0.792441
864 9 0.617893
865 9 1.000887
866 9 0.991886
867 9 0.929945
868 9 0.966210
869 9 0.044220
870 9 0.876793
871 9 0.101843
872 9 0.884961
873 9 0.918808
874 9 0.961459
875 9 0.960049
876 9 0.706446
877 9 0.791811
878 9 1.012659
879 9 0.887630
880 9 0.838198
881 9 0.883293
882 9 0.901099
883 9 0.970648
884 9 0.905373
885 9 0.920112
886 9 0.669860
887 9 0.682985
888 9 0.930248
889 9 0.498734
890 9 0.778728
891 9 0.876872
892 9 0.977356
893 9 0.564144
894 9 0.100911
895 9 0.607693
896 9 0.772313
897 9 0.865654
898 9 0.847006
899 9 0.947877
900 10 0.914285
901 10 0.607419
902 10 0.497911
903 10 0.816593
904 10 0.957075
905 10 0.943324
906 10 0.451941
907 10 0.845936
908 10 0.043983
909 10 0.949380
910 10 0.188943
911 10 0.912503
912 10 0.606030
913 10 0.933606
914 10 0.884336
915 10 0.901279
916 10 0.932695
917 10 0.892124
918 10 0.950042
919 10 0.855447
920 10 0.752474
921 10 0.965427
922 10 0.914728
923 10 0.895462
924 10 0.877351
925 10 0.908829
926 10 0.943462
927 10 0.922214
928 10 0.851416
929 10 0.820430
930 10 0.898403
931 10 0.906832
932 10 0.985500
933 10 0.072975
934 10 0.920224
935 10 0.430158
936 10 0.905418
937 10 0.969415
938 10 0.873827
939 10 0.739173
940 10 0.910847
941 10 0.924603
942 10 0.995478
943 10 0.702100
944 10 0.929950
945 10 0.942983
946 10 0.905212
947 10 0.943254
948 10 0.667183
949 10 0.895624
950 10 0.800286
951 10 0.968298
952 10 0.777728
953 10 0.923172
954 10 0.942950
955 10 0.946249
956 10 0.981089
957 10 0.563071
958 10 0.881106
959 10 0.839482
960 10 0.496169
961 10 0.936284
962 10 0.955394
963 10 0.966269
964 10 0.734244
965 10 0.815126
966 10 0.935398
967 10 0.757645
968 10 0.987750
969 10 1.008345
970 10 0.597860
971 10 0.785118
972 10 0.836080
973 10 0.591507
974 10 0.941592
975 10 0.876602
976 10 0.922915
977 10 0.974833
978 10 0.925031
979 10 1.028774
980 10 1.050200
981 10 0.153949
982 10 0.799439
983 10 0.744804
984 10 0.898834
985 10 0.833397
986 10 0.931112
987 10 0.880854
988 10 0.936415
989 10 0.944410
990 10 0.101715
991 10 0.680614
992 10 0.852644
993 10 0.101186
994 10 0.892904
995 10 0.928532
996 10 0.886291
997 10 0.974102
998 10 0.878443
999 10 0.947402
1000 11 0.878230
1001 11 0.839447
1002 11 0.953232
1003 11 0.939987
1004 11 0.901182
1005 11 0.754165
1006 11 0.600811
1007 11 0.901341
1008 11 0.858175
1009 11 0.946371
1010 11 0.763476
1011 11 0.874993
1012 11 0.798527
1013 11 0.945572
1014 11 0.044427
1015 11 0.976898
1016 11 0.941423
1017 11 0.715667
1018 11 0.947756
1019 11 0.878719
1020 11 0.764740
1021 11 0.854106
1022 11 0.931886
1023 11 0.854367
1024 11 0.838418
1025 11 0.902464
1026 11 0.898479
1027 11 0.857924
1028 11 0.992644
1029 11 0.964742
1030 11 0.911914
1031 11 0.896238
1032 11 0.950069
1033 11 0.959677
1034 11 0.769586
1035 11 0.852323
1036 11 0.783588
1037 11 0.589114
1038 11 0.608203
1039 11 0.821057
1040 11 0.852057
1041 11 0.891418
1042 11 0.898562
1043 11 0.898530
1044 11 0.887347
1045 11 0.121445
1046 11 0.407777
1047 11 0.975197
1048 11 0.946720
1049 11 0.881550
1050 11 0.664862
1051 11 0.983222
1052 11 0.073064
1053 11 0.806359
1054 11 0.904741
1055 11 0.130598
1056 11 0.952570
1057 11 0.497166
1058 11 0.971733
1059 11 0.679639
1060 11 0.910709
1061 11 0.796932
1062 11 0.964653
1063 11 0.944873
1064 11 0.498284
1065 11 1.028803
1066 11 0.925234
1067 11 0.901349
1068 11 0.931022
1069 11 0.880744
1070 11 0.740478
1071 11 0.899953
1072 11 0.942984
1073 11 0.872727
1074 11 0.911605
1075 11 0.189736
1076 11 1.011163
1077 11 0.950250
1078 11 0.797871
1079 11 0.947008
1080 11 0.852471
1081 11 0.615179
1082 11 0.969146
1083 11 0.943967
1084 11 0.807122
1085 11 0.648952
1086 11 0.916815
1087 11 0.101465
1088 11 0.932363
1089 11 0.945345
1090 11 0.475321
1091 11 0.894117
1092 11 0.954801
1093 11 0.926090
1094 11 0.924136
1095 11 0.907116
1096 11 0.938464
1097 11 0.952000
1098 11 0.597181
1099 11 0.909877
1100 12 0.816370
1101 12 0.908734
1102 12 0.972053
1103 12 0.850035
1104 12 1.044376
1105 12 0.044995
1106 12 0.918224
1107 12 0.101537
1108 12 0.878981
1109 12 0.996759
1110 12 0.886698
1111 12 0.857689
1112 12 0.851581
1113 12 0.974427
1114 12 0.899561
1115 12 0.966221
1116 12 0.556852
1117 12 0.857930
1118 12 0.953984
1119 12 0.928957
1120 12 0.940406
1121 12 0.189420
1122 12 0.801087
1123 12 0.933988
1124 12 0.602906
1125 12 0.752010
1126 12 0.882069
1127 12 0.916935
1128 12 1.012203
1129 12 0.880688
1130 12 0.878005
1131 12 0.796706
1132 12 0.900791
1133 12 0.933209
1134 12 0.907467
1135 12 0.961399
1136 12 0.916799
1137 12 0.691916
1138 12 0.604606
1139 12 0.518378
1140 12 0.925949
1141 12 0.877550
1142 12 0.905244
1143 12 0.963006
1144 12 0.779169
1145 12 0.678720
1146 12 0.901386
1147 12 0.938648
1148 12 0.607159
1149 12 0.942422
1150 12 0.971536
1151 12 0.957619
1152 12 0.699362
1153 12 0.883763
1154 12 0.101180
1155 12 0.427008
1156 12 0.931824
1157 12 0.949729
1158 12 0.618489
1159 12 0.960603
1160 12 0.849974
1161 12 0.926460
1162 12 0.073517
1163 12 0.999555
1164 12 0.945455
1165 12 0.805224
1166 12 0.496131
1167 12 0.946126
1168 12 0.934997
1169 12 0.752848
1170 12 0.774625
1171 12 0.969679
1172 12 0.920275
1173 12 0.705727
1174 12 0.901819
1175 12 0.904460
1176 12 0.908465
1177 12 0.871923
1178 12 0.740056
1179 12 0.864980
1180 12 0.799334
1181 12 0.858314
1182 12 1.008590
1183 12 0.563990
1184 12 0.878901
1185 12 0.933659
1186 12 0.709143
1187 12 0.922885
1188 12 0.902213
1189 12 0.805516
1190 12 0.820706
1191 12 0.996682
1192 12 0.820291
1193 12 0.451622
1194 12 0.122127
1195 12 0.851947
1196 12 0.820412
1197 12 0.934622
1198 12 0.904099
1199 12 0.981107
1200 13 0.574807
1201 13 0.788679
1202 13 0.908423
1203 13 0.451206
1204 13 0.995442
1205 13 0.943365
1206 13 0.912512
1207 13 0.951872
1208 13 0.933743
1209 13 0.969403
1210 13 0.924551
1211 13 0.943874
1212 13 0.940833
1213 13 0.904165
1214 13 0.917962
1215 13 0.979484
1216 13 0.958621
1217 13 0.910734
1218 13 0.714212
1219 13 0.939210
1220 13 0.920471
1221 13 0.906329
1222 13 0.768796
1223 13 0.763572
1224 13 1.012443
1225 13 0.545546
1226 13 0.801515
1227 13 0.852756
1228 13 0.916351
1229 13 0.189922
1230 13 0.974352
1231 13 0.548436
1232 13 0.142641
1233 13 0.900675
1234 13 0.799028
1235 13 0.832002
1236 13 0.497862
1237 13 0.955819
1238 13 0.776679
1239 13 0.930048
1240 13 0.898047
1241 13 0.874408
1242 13 0.849144
1243 13 0.073691
1244 13 0.871247
1245 13 0.518757
1246 13 0.996728
1247 13 0.900842
1248 13 0.927000
1249 13 0.591623
1250 13 1.009375
1251 13 0.903607
1252 13 0.869747
1253 13 0.660738
1254 13 0.974892
1255 13 0.813077
1256 13 0.917585
1257 13 0.937906
1258 13 0.868711
1259 13 0.605859
1260 13 1.001546
1261 13 0.848534
1262 13 0.926906
1263 13 0.935283
1264 13 0.769104
1265 13 0.934105
1266 13 0.565410
1267 13 0.748744
1268 13 0.899930
1269 13 0.952151
1270 13 0.968219
1271 13 0.884037
1272 13 0.937623
1273 13 0.904810
1274 13 0.796560
1275 13 0.879293
1276 13 0.934187
1277 13 0.955067
1278 13 0.900516
1279 13 0.911124
1280 13 0.923298
1281 13 0.879508
1282 13 0.931305
1283 13 0.803986
1284 13 0.900389
1285 13 0.842385
1286 13 0.847898
1287 13 0.045513
1288 13 0.403554
1289 13 0.900677
1290 13 0.678806
1291 13 0.101889
1292 13 0.819430
1293 13 0.494945
1294 13 0.879142
1295 13 0.944538
1296 13 0.946405
1297 13 0.122156
1298 13 0.699076
1299 13 0.715596
1300 14 0.972642
1301 14 0.878150
1302 14 0.902062
1303 14 0.900478
1304 14 0.428159
1305 14 0.925362
1306 14 0.852255
1307 14 0.605761
1308 14 1.007221
1309 14 0.934837
1310 14 0.968456
1311 14 0.864735
1312 14 0.045506
1313 14 0.748785
1314 14 0.941314
1315 14 0.761898
1316 14 0.905150
1317 14 0.073538
1318 14 0.980012
1319 14 0.710483
1320 14 0.625308
1321 14 0.704475
1322 14 0.530932
1323 14 0.676976
1324 14 0.506936
1325 14 0.854443
1326 14 0.915194
1327 14 0.852721
1328 14 0.873403
1329 14 0.932946
1330 14 0.906133
1331 14 0.936662
1332 14 0.970032
1333 14 0.937683
1334 14 0.818878
1335 14 0.869786
1336 14 0.957118
1337 14 0.755944
1338 14 0.871685
1339 14 0.950711
1340 14 0.497373
1341 14 0.713242
1342 14 0.450593
1343 14 0.944212
1344 14 0.943767
1345 14 0.889565
1346 14 0.964724
1347 14 0.898834
1348 14 0.797372
1349 14 0.921019
1350 14 0.880675
1351 14 0.844196
1352 14 0.891987
1353 14 0.933441
1354 14 0.945224
1355 14 0.851303
1356 14 0.940177
1357 14 0.917429
1358 14 0.910631
1359 14 0.996749
1360 14 0.956051
1361 14 0.847107
1362 14 0.945148
1363 14 0.910233
1364 14 0.912751
1365 14 0.779208
1366 14 0.900945
1367 14 0.848805
1368 14 0.102162
1369 14 0.122204
1370 14 0.883571
1371 14 0.867379
1372 14 0.855087
1373 14 0.944441
1374 14 0.902770
1375 14 0.796930
1376 14 0.770863
1377 14 0.822004
1378 14 0.515729
1379 14 0.879845
1380 14 0.904149
1381 14 0.953884
1382 14 0.777816
1383 14 0.101509
1384 14 0.842567
1385 14 0.957913
1386 14 0.932149
1387 14 0.190682
1388 14 0.960330
1389 14 0.603923
1390 14 0.564451
1391 14 0.984344
1392 14 0.554747
1393 14 0.956601
1394 14 0.899060
1395 14 0.904500
1396 14 0.970270
1397 14 0.576641
1398 14 0.877637
1399 14 0.900086
1400 15 0.936945
1401 15 0.811914
1402 15 0.045924
1403 15 0.924615
1404 15 0.455506
1405 15 0.772300
1406 15 0.968272
1407 15 0.879722
1408 15 0.958709
1409 15 0.930468
1410 15 0.738507
1411 15 0.757439
1412 15 0.901615
1413 15 0.951701
1414 15 0.876493
1415 15 0.497474
1416 15 0.494491
1417 15 0.858922
1418 15 0.572641
1419 15 0.821475
1420 15 0.932175
1421 15 0.917172
1422 15 0.913970
1423 15 0.957995
1424 15 0.983329
1425 15 0.677243
1426 15 0.101643
1427 15 0.605299
1428 15 0.732001
1429 15 0.934422
1430 15 0.763890
1431 15 0.931145
1432 15 0.122147
1433 15 0.515276
1434 15 0.190581
1435 15 0.901459
1436 15 0.603831
1437 15 0.855553
1438 15 0.915163
1439 15 0.769438
1440 15 0.854047
1441 15 0.751292
1442 15 0.972642
1443 15 0.952181
1444 15 0.851688
1445 15 0.942780
1446 15 0.797813
1447 15 0.956984
1448 15 0.918063
1449 15 0.933123
1450 15 0.944937
1451 15 0.947531
1452 15 0.853263
1453 15 0.973809
1454 15 0.821121
1455 15 1.061128
1456 15 0.563866
1457 15 0.586461
1458 15 0.573008
1459 15 0.871112
1460 15 0.936451
1461 15 0.746992
1462 15 0.102329
1463 15 0.479943
1464 15 0.877902
1465 15 0.967016
1466 15 0.910585
1467 15 0.942986
1468 15 0.933597
1469 15 0.946527
1470 15 0.937006
1471 15 0.888088
1472 15 0.883018
1473 15 0.907064
1474 15 0.903859
1475 15 0.926028
1476 15 0.815506
1477 15 0.800504
1478 15 0.955895
1479 15 1.007952
1480 15 0.903658
1481 15 0.770084
1482 15 0.779524
1483 15 0.863432
1484 15 0.899073
1485 15 0.910905
1486 15 0.074093
1487 15 0.848209
1488 15 0.593132
1489 15 0.871099
1490 15 0.795194
1491 15 0.900801
1492 15 0.888825
1493 15 0.915208
1494 15 0.776553
1495 15 0.862748
1496 15 0.967127
1497 15 0.902455
1498 15 0.933283
1499 15 0.451225
1500 16 0.953356
1501 16 0.190205
1502 16 0.900183
1503 16 0.876478
1504 16 0.493622
1505 16 0.046099
1506 16 0.472813
1507 16 0.833460
1508 16 0.812458
1509 16 0.101753
1510 16 0.676657
1511 16 0.871165
1512 16 0.851063
1513 16 0.900807
1514 16 0.969547
1515 16 0.994602
1516 16 0.910392
1517 16 0.936624
1518 16 0.901096
1519 16 0.953465
1520 16 0.074152
1521 16 0.991524
1522 16 0.944951
1523 16 0.853540
1524 16 0.527056
1525 16 0.898860
1526 16 0.785745
1527 16 0.852028
1528 16 0.122686
1529 16 0.765422
1530 16 0.475263
1531 16 0.819146
1532 16 0.588683
1533 16 0.536549
1534 16 0.908687
1535 16 0.744922
1536 16 0.956579
1537 16 0.942785
1538 16 0.663160
1539 16 0.940156
1540 16 1.007550
1541 16 0.923749
1542 16 0.940347
1543 16 0.925355
1544 16 0.843679
1545 16 0.564274
1546 16 0.776916
1547 16 0.932783
1548 16 0.873980
1549 16 0.877589
1550 16 0.985160
1551 16 0.948071
1552 16 0.728938
1553 16 0.768564
1554 16 0.877476
1555 16 0.920823
1556 16 0.869611
1557 16 0.543707
1558 16 0.513309
1559 16 0.935031
1560 16 0.917203
1561 16 0.795512
1562 16 0.862046
1563 16 0.841925
1564 16 0.746610
1565 16 0.926101
1566 16 0.848405
1567 16 0.935236
1568 16 0.953698
1569 16 0.888162
1570 16 0.776702
1571 16 0.968367
1572 16 0.896812
1573 16 0.965317
1574 16 0.710731
1575 16 0.904425
1576 16 0.876192
1577 16 0.937553
1578 16 0.900953
1579 16 0.898968
1580 16 0.971393
1581 16 0.854825
1582 16 0.868382
1583 16 0.604942
1584 16 0.772442
1585 16 0.948586
1586 16 0.935155
1587 16 0.918066
1588 16 0.966036
1589 16 0.916716
1590 16 0.952945
1591 16 0.703255
1592 16 0.102163
1593 16 0.871222
1594 16 0.971989
1595 16 0.603136
1596 16 0.892174
1597 16 0.838248
1598 16 0.700482
1599 16 0.868368
1600 17 0.510424
1601 17 0.830729
1602 17 0.965365
1603 17 0.902981
1604 17 0.457642
1605 17 0.919359
1606 17 0.964262
1607 17 0.804616
1608 17 0.965701
1609 17 0.940559
1610 17 0.914750
1611 17 0.675803
1612 17 0.904388
1613 17 1.006547
1614 17 0.940089
1615 17 0.710613
1616 17 0.958900
1617 17 0.991800
1618 17 0.933701
1619 17 0.747127
1620 17 0.909564
1621 17 0.864362
1622 17 0.968556
1623 17 0.757262
1624 17 0.939492
1625 17 0.074449
1626 17 0.899617
1627 17 0.938207
1628 17 0.934095
1629 17 0.932246
1630 17 0.884470
1631 17 0.957757
1632 17 0.414038
1633 17 0.836504
1634 17 0.567664
1635 17 0.969426
1636 17 0.835821
1637 17 0.846331
1638 17 0.915578
1639 17 0.776061
1640 17 0.846709
1641 17 0.938496
1642 17 0.827173
1643 17 0.046371
1644 17 0.956010
1645 17 0.102183
1646 17 0.875585
1647 17 0.907360
1648 17 0.960577
1649 17 0.891223
1650 17 0.830000
1651 17 0.860984
1652 17 0.497143
1653 17 0.602023
1654 17 0.934537
1655 17 0.925325
1656 17 0.508694
1657 17 0.759504
1658 17 0.801094
1659 17 0.923613
1660 17 0.875811
1661 17 0.819585
1662 17 0.899202
1663 17 0.843658
1664 17 0.868838
1665 17 0.637347
1666 17 0.570979
1667 17 0.764875
1668 17 0.791856
1669 17 0.889770
1670 17 0.605646
1671 17 0.651395
1672 17 0.703604
1673 17 0.901018
1674 17 0.900487
1675 17 0.845143
1676 17 0.903339
1677 17 0.903246
1678 17 0.852469
1679 17 0.101647
1680 17 0.995677
1681 17 0.764882
1682 17 0.970910
1683 17 0.954345
1684 17 0.954058
1685 17 0.898057
1686 17 0.854898
1687 17 0.122950
1688 17 0.494953
1689 17 0.950154
1690 17 0.959803
1691 17 0.925674
1692 17 0.986807
1693 17 0.599039
1694 17 0.725719
1695 17 0.190346
1696 17 0.942856
1697 17 0.874297
1698 17 0.739634
1699 17 0.897213
1700 18 0.074453
1701 18 0.944297
1702 18 0.878884
1703 18 0.892859
1704 18 0.927276
1705 18 0.875901
1706 18 0.914576
1707 18 1.004246
1708 18 0.906455
1709 18 0.873524
1710 18 0.817493
1711 18 0.943529
1712 18 0.102258
1713 18 0.894673
1714 18 0.899085
1715 18 0.968104
1716 18 0.931970
1717 18 0.975129
1718 18 0.849572
1719 18 0.932916
1720 18 0.605793
1721 18 0.674178
1722 18 0.895993
1723 18 0.601365
1724 18 0.775525
1725 18 0.790738
1726 18 0.189985
1727 18 0.938788
1728 18 0.950730
1729 18 0.563693
1730 18 0.913513
1731 18 0.958802
1732 18 0.909060
1733 18 0.926347
1734 18 0.989735
1735 18 0.758227
1736 18 0.869363
1737 18 0.495817
1738 18 0.733408
1739 18 0.764659
1740 18 0.961296
1741 18 0.931758
1742 18 0.570613
1743 18 0.122942
1744 18 0.907078
1745 18 0.907428
1746 18 0.895536
1747 18 0.685953
1748 18 0.987985
1749 18 0.967804
1750 18 0.936570
1751 18 0.902962
1752 18 0.887943
1753 18 0.905927
1754 18 0.744291
1755 18 0.101348
1756 18 0.872652
1757 18 1.011838
1758 18 0.886302
1759 18 0.761564
1760 18 0.979337
1761 18 0.703522
1762 18 0.906621
1763 18 0.791151
1764 18 0.770104
1765 18 0.937828
1766 18 0.898606
1767 18 0.799628
1768 18 0.896408
1769 18 0.900934
1770 18 0.938477
1771 18 0.949855
1772 18 0.959601
1773 18 0.700749
1774 18 0.937574
1775 18 0.968068
1776 18 0.996686
1777 18 0.905084
1778 18 0.870850
1779 18 0.952839
1780 18 0.925823
1781 18 0.937609
1782 18 0.450893
1783 18 0.954146
1784 18 0.846569
1785 18 0.430248
1786 18 0.046587
1787 18 0.864100
1788 18 0.854819
1789 18 0.920657
1790 18 0.939966
1791 18 0.941666
1792 18 0.935872
1793 18 0.527748
1794 18 0.493966
1795 18 0.746472
1796 18 0.459079
1797 18 0.784163
1798 18 0.939230
1799 18 0.796432
1800 19 0.985287
1801 19 0.864923
1802 19 0.817268
1803 19 0.866266
1804 19 0.493167
1805 19 0.843473
1806 19 0.784920
1807 19 0.809543
1808 19 0.851263
1809 19 0.891083
1810 19 0.190181
1811 19 0.775881
1812 19 0.873641
1813 19 0.750572
1814 19 0.914349
1815 19 0.514188
1816 19 0.971253
1817 19 0.809074
1818 19 0.778404
1819 19 0.899607
1820 19 0.601285
1821 19 1.005597
1822 19 0.964058
1823 19 0.654169
1824 19 0.924324
1825 19 0.939761
1826 19 0.855488
1827 19 0.967059
1828 19 0.892568
1829 19 0.948481
1830 19 0.877093
1831 19 0.972073
1832 19 0.752723
1833 19 0.825305
1834 19 0.955866
1835 19 0.491225
1836 19 0.760783
1837 19 0.438348
1838 19 0.852956
1839 19 0.898775
1840 19 0.811889
1841 19 0.672993
1842 19 0.866230
1843 19 0.884834
1844 19 0.522279
1845 19 0.074766
1846 19 0.679979
1847 19 0.932586
1848 19 0.046927
1849 19 0.906195
1850 19 0.933792
1851 19 0.453357
1852 19 0.562102
1853 19 0.776209
1854 19 0.873960
1855 19 0.968383
1856 19 0.951172
1857 19 0.758310
1858 19 0.892809
1859 19 0.897868
1860 19 0.956204
1861 19 0.605146
1862 19 0.907227
1863 19 0.870741
1864 19 0.944781
1865 19 0.897685
1866 19 0.897888
1867 19 0.935547
1868 19 0.994159
1869 19 0.970599
1870 19 0.860070
1871 19 0.938809
1872 19 0.123450
1873 19 0.886579
1874 19 0.999306
1875 19 0.917351
1876 19 0.934465
1877 19 0.746472
1878 19 0.875798
1879 19 0.871033
1880 19 0.938406
1881 19 0.450626
1882 19 0.709790
1883 19 0.906031
1884 19 0.776034
1885 19 0.947442
1886 19 0.956124
1887 19 0.937503
1888 19 0.102142
1889 19 0.906870
1890 19 0.954372
1891 19 0.938209
1892 19 0.846179
1893 19 0.935595
1894 19 0.960880
1895 19 0.102551
1896 19 0.928905
1897 19 0.770946
1898 19 0.719274
1899 19 0.761316
1900 20 0.925957
1901 20 0.901506
1902 20 0.075095
1903 20 0.884963
1904 20 0.961630
1905 20 0.941361
1906 20 0.102024
1907 20 0.841859
1908 20 0.896873
1909 20 0.969148
1910 20 0.969339
1911 20 0.190446
1912 20 0.935952
1913 20 0.123768
1914 20 0.852160
1915 20 0.917660
1916 20 0.895956
1917 20 0.927826
1918 20 0.866568
1919 20 0.709023
1920 20 0.894639
1921 20 0.763346
1922 20 0.895890
1923 20 0.953096
1924 20 0.958701
1925 20 0.909773
1926 20 0.963461
1927 20 0.957676
1928 20 0.934675
1929 20 0.816368
1930 20 0.875399
1931 20 0.874876
1932 20 0.951120
1933 20 0.931329
1934 20 0.943199
1935 20 0.933398
1936 20 0.782881
1937 20 0.685227
1938 20 0.931739
1939 20 0.894331
1940 20 0.944266
1941 20 0.895095
1942 20 0.843028
1943 20 0.762042
1944 20 0.664639
1945 20 0.655157
1946 20 0.843553
1947 20 0.492697
1948 20 0.999006
1949 20 0.775547
1950 20 0.451188
1951 20 0.922147
1952 20 0.943446
1953 20 0.838622
1954 20 0.748852
1955 20 0.987798
1956 20 0.563131
1957 20 0.740527
1958 20 0.897556
1959 20 0.771187
1960 20 0.980608
1961 20 0.568334
1962 20 0.788607
1963 20 0.488714
1964 20 0.770480
1965 20 0.774812
1966 20 0.102677
1967 20 0.955930
1968 20 0.768282
1969 20 0.891964
1970 20 0.873191
1971 20 0.868100
1972 20 0.939322
1973 20 0.857250
1974 20 0.934294
1975 20 0.676176
1976 20 0.883866
1977 20 0.910464
1978 20 0.848334
1979 20 0.814818
1980 20 0.602608
1981 20 0.953862
1982 20 0.903836
1983 20 0.937920
1984 20 0.603820
1985 20 0.952089
1986 20 0.892449
1987 20 0.691834
1988 20 0.909167
1989 20 0.972780
1990 20 0.846950
1991 20 0.047821
1992 20 0.925173
1993 20 0.416657
1994 20 0.953251
1995 20 0.919758
1996 20 1.006733
1997 20 0.854379
1998 20 0.496915
1999 20 0.859688
2000 21 0.840855
2001 21 0.936901
2002 21 0.563384
2003 21 0.867544
2004 21 0.969794
2005 21 0.957380
2006 21 0.505308
2007 21 0.840736
2008 21 0.123836
2009 21 0.800094
2010 21 0.951237
2011 21 0.814133
2012 21 0.936541
2013 21 0.962431
2014 21 0.940444
2015 21 0.903401
2016 21 0.531134
2017 21 0.895939
2018 21 0.936940
2019 21 0.961017
2020 21 0.932183
2021 21 0.852971
2022 21 0.904740
2023 21 0.759627
2024 21 0.768915
2025 21 0.788137
2026 21 0.916190
2027 21 0.957324
2028 21 0.859197
2029 21 0.404339
2030 21 0.773408
2031 21 0.851314
2032 21 0.921951
2033 21 0.739855
2034 21 0.891974
2035 21 0.762700
2036 21 0.890319
2037 21 0.466690
2038 21 0.961185
2039 21 0.762570
2040 21 0.859591
2041 21 0.047915
2042 21 0.492216
2043 21 0.771314
2044 21 0.497072
2045 21 0.910156
2046 21 0.897366
2047 21 0.873204
2048 21 0.600705
2049 21 0.910377
2050 21 0.929426
2051 21 0.628565
2052 21 0.102542
2053 21 0.904468
2054 21 0.949457
2055 21 0.753283
2056 21 0.965833
2057 21 0.950252
2058 21 0.484122
2059 21 0.958370
2060 21 0.857645
2061 21 0.475445
2062 21 0.866087
2063 21 0.753792
2064 21 0.902316
2065 21 0.953448
2066 21 0.999215
2067 21 0.896925
2068 21 0.673104
2069 21 0.893619
2070 21 0.940495
2071 21 0.971764
2072 21 0.935561
2073 21 0.932972
2074 21 0.877421
2075 21 0.844737
2076 21 0.932131
2077 21 0.913831
2078 21 0.890655
2079 21 0.958109
2080 21 0.831688
2081 21 1.073758
2082 21 0.944824
2083 21 0.994940
2084 21 0.702255
2085 21 0.604024
2086 21 0.906011
2087 21 0.914467
2088 21 0.870824
2089 21 0.947248
2090 21 0.655759
2091 21 0.190866
2092 21 0.875361
2093 21 1.001020
2094 21 0.075758
2095 21 0.955862
2096 21 0.936113
2097 21 0.775805
2098 21 0.927576
2099 21 0.102383
2100 22 1.003136
2101 22 0.903463
2102 22 0.931566
2103 22 0.997892
2104 22 0.796023
2105 22 0.850670
2106 22 0.917882
2107 22 0.962110
2108 22 0.967162
2109 22 0.701964
2110 22 0.882306
2111 22 0.941728
2112 22 0.601369
2113 22 1.016986
2114 22 0.495913
2115 22 0.672242
2116 22 0.772403
2117 22 0.904377
2118 22 0.858102
2119 22 0.747067
2120 22 0.892009
2121 22 0.923210
2122 22 0.834364
2123 22 0.814359
2124 22 0.753479
2125 22 0.888234
2126 22 0.951425
2127 22 0.403502
2128 22 0.957846
2129 22 0.858821
2130 22 0.102379
2131 22 0.937033
2132 22 0.492334
2133 22 0.916580
2134 22 0.917894
2135 22 0.893028
2136 22 0.973565
2137 22 0.840164
2138 22 0.496430
2139 22 0.917756
2140 22 0.811392
2141 22 0.678569
2142 22 0.511778
2143 22 0.771103
2144 22 0.815824
2145 22 0.075222
2146 22 0.945740
2147 22 0.930084
2148 22 0.873857
2149 22 0.934984
2150 22 0.940341
2151 22 0.124385
2152 22 0.960820
2153 22 0.742817
2154 22 0.890315
2155 22 0.711574
2156 22 0.610070
2157 22 0.994164
2158 22 0.845264
2159 22 0.871027
2160 22 0.894888
2161 22 0.929637
2162 22 0.839625
2163 22 0.873401
2164 22 0.884252
2165 22 0.950663
2166 22 0.933895
2167 22 0.770938
2168 22 0.849119
2169 22 0.985232
2170 22 0.895436
2171 22 0.789008
2172 22 0.957683
2173 22 0.922572
2174 22 0.948877
2175 22 0.921582
2176 22 0.847238
2177 22 0.620155
2178 22 0.564763
2179 22 0.820140
2180 22 0.797849
2181 22 0.961397
2182 22 0.888335
2183 22 0.971936
2184 22 0.853121
2185 22 0.959745
2186 22 0.854567
2187 22 0.938576
2188 22 0.600243
2189 22 0.774905
2190 22 0.961934
2191 22 0.047801
2192 22 0.888998
2193 22 0.866968
2194 22 0.654531
2195 22 0.102565
2196 22 0.758022
2197 22 0.740904
2198 22 0.896630
2199 22 0.190806
2200 23 0.938212
2201 23 0.971974
2202 23 1.002273
2203 23 0.912753
2204 23 0.996404
2205 23 0.671249
2206 23 0.190659
2207 23 0.602528
2208 23 0.891561
2209 23 0.815351
2210 23 0.047715
2211 23 0.632785
2212 23 0.950314
2213 23 0.858371
2214 23 0.737919
2215 23 0.860412
2216 23 0.961915
2217 23 0.919187
2218 23 0.937234
2219 23 0.835970
2220 23 0.883949
2221 23 0.930004
2222 23 0.952437
2223 23 0.823139
2224 23 0.161758
2225 23 0.908895
2226 23 0.836574
2227 23 0.958852
2228 23 0.922373
2229 23 0.481854
2230 23 0.749427
2231 23 0.947185
2232 23 0.950757
2233 23 0.786949
2234 23 0.933809
2235 23 0.598400
2236 23 0.864625
2237 23 0.928548
2238 23 0.492722
2239 23 0.964856
2240 23 0.942509
2241 23 0.761834
2242 23 0.945664
2243 23 0.565157
2244 23 0.922882
2245 23 0.403127
2246 23 0.956739
2247 23 0.882136
2248 23 0.880436
2249 23 0.468626
2250 23 0.867536
2251 23 0.917406
2252 23 0.917998
2253 23 0.888846
2254 23 0.934258
2255 23 0.451077
2256 23 0.933272
2257 23 0.854285
2258 23 0.906063
2259 23 0.957481
2260 23 0.844552
2261 23 0.928503
2262 23 0.768246
2263 23 0.741718
2264 23 0.867606
2265 23 0.922533
2266 23 0.852625
2267 23 0.910328
2268 23 0.769040
2269 23 0.904520
2270 23 0.903409
2271 23 0.102624
2272 23 0.905604
2273 23 0.974430
2274 23 0.775416
2275 23 0.674499
2276 23 0.075873
2277 23 0.873999
2278 23 0.959494
2279 23 0.851766
2280 23 0.866763
2281 23 0.712981
2282 23 0.933819
2283 23 0.867664
2284 23 0.957977
2285 23 0.870770
2286 23 0.604566
2287 23 0.961141
2288 23 0.968553
2289 23 0.867547
2290 23 0.768730
2291 23 0.884038
2292 23 0.942176
2293 23 0.744095
2294 23 0.497043
2295 23 0.689445
2296 23 0.894317
2297 23 0.702717
2298 23 0.162745
2299 23 0.905626
