# Batch convergence for: model=snn-ae encoding=latency architecture=dense v_th=1 alpha=0.9 run=3
batch_num epoch batch_loss
0 1 0.775927
1 1 1.035643
2 1 0.710141
3 1 0.537890
4 1 0.981781
5 1 0.864304
6 1 1.043715
7 1 1.015317
8 1 0.922290
9 1 0.833907
10 1 0.958442
11 1 0.781241
12 1 0.901686
13 1 0.958773
14 1 0.825490
15 1 0.782812
16 1 0.816611
17 1 0.931760
18 1 0.734731
19 1 0.627674
20 1 0.900924
21 1 0.181510
22 1 0.748231
23 1 0.874234
24 1 0.657734
25 1 0.746723
26 1 0.732762
27 1 0.784908
28 1 0.745830
29 1 0.650209
30 1 0.651392
31 1 0.710683
32 1 0.608727
33 1 0.736386
34 1 0.729659
35 1 0.785134
36 1 0.978561
37 1 0.806998
38 1 0.698297
39 1 0.755664
40 1 0.726679
41 1 0.585307
42 1 0.626297
43 1 0.466970
44 1 0.686593
45 1 0.742280
46 1 0.655242
47 1 0.620636
48 1 0.680028
49 1 0.615486
50 1 0.200789
51 1 0.831094
52 1 0.689835
53 1 0.186244
54 1 1.169828
55 1 0.804350
56 1 0.772026
57 1 0.564915
58 1 0.637428
59 1 0.668416
60 1 0.780272
61 1 0.693945
62 1 0.740747
63 1 0.808533
64 1 0.640366
65 1 0.537056
66 1 0.201013
67 1 0.824931
68 1 0.657862
69 1 0.632016
70 1 0.519062
71 1 0.552599
72 1 0.264826
73 1 0.715282
74 1 0.640438
75 1 0.814862
76 1 0.522321
77 1 0.691294
78 1 0.509332
79 1 0.551808
80 1 1.145036
81 1 0.552099
82 1 0.459357
83 1 0.749476
84 1 0.844746
85 1 0.605785
86 1 0.644430
87 1 0.789131
88 1 0.631807
89 1 0.576197
90 1 0.489746
91 1 0.665892
92 1 0.423193
93 1 0.630728
94 1 0.571967
95 1 0.624555
96 1 0.538290
97 1 0.495903
98 1 0.643318
99 1 0.620629
100 2 0.553354
101 2 0.517643
102 2 0.546792
103 2 0.547908
104 2 0.598262
105 2 0.588899
106 2 0.551962
107 2 0.707994
108 2 0.534265
109 2 0.675126
110 2 0.505299
111 2 0.222248
112 2 0.585036
113 2 1.018752
114 2 0.511552
115 2 0.582267
116 2 0.589429
117 2 0.598952
118 2 0.441754
119 2 0.460875
120 2 0.536942
121 2 0.669374
122 2 0.511156
123 2 0.570494
124 2 0.566456
125 2 0.587317
126 2 0.617274
127 2 0.689482
128 2 0.621526
129 2 0.595603
130 2 0.548169
131 2 0.547111
132 2 0.471179
133 2 0.609726
134 2 0.813986
135 2 0.668434
136 2 0.508699
137 2 0.469099
138 2 0.683597
139 2 0.686216
140 2 0.571701
141 2 0.627768
142 2 0.645065
143 2 0.508677
144 2 0.536085
145 2 0.577633
146 2 0.590960
147 2 0.541023
148 2 0.806732
149 2 0.547903
150 2 0.322810
151 2 0.620987
152 2 0.586322
153 2 0.490367
154 2 0.539891
155 2 0.030633
156 2 0.743221
157 2 0.559573
158 2 0.684624
159 2 0.516428
160 2 0.543448
161 2 0.600682
162 2 0.482040
163 2 0.621616
164 2 0.471950
165 2 0.482893
166 2 0.034368
167 2 0.479050
168 2 0.693648
169 2 0.653496
170 2 0.513633
171 2 0.719730
172 2 0.620274
173 2 0.519106
174 2 0.662764
175 2 0.543471
176 2 0.606368
177 2 0.189372
178 2 0.592943
179 2 0.548255
180 2 0.694164
181 2 0.493366
182 2 0.631605
183 2 0.577847
184 2 0.773238
185 2 0.095490
186 2 0.655163
187 2 0.612116
188 2 0.485244
189 2 0.543689
190 2 0.616549
191 2 0.504014
192 2 0.486199
193 2 0.747781
194 2 0.920218
195 2 0.650950
196 2 0.560820
197 2 0.621455
198 2 0.410525
199 2 0.504268
200 3 0.555732
201 3 0.553043
202 3 0.447924
203 3 0.547653
204 3 0.058582
205 3 0.701478
206 3 0.501549
207 3 0.434836
208 3 0.945441
209 3 0.441898
210 3 0.472743
211 3 0.538259
212 3 0.514051
213 3 0.511319
214 3 0.555027
215 3 0.446028
216 3 0.651448
217 3 0.472229
218 3 0.848169
219 3 0.034171
220 3 0.586073
221 3 0.509584
222 3 0.593810
223 3 0.715378
224 3 0.553738
225 3 0.474796
226 3 0.462271
227 3 0.424595
228 3 0.618074
229 3 0.364565
230 3 0.542584
231 3 0.221588
232 3 0.502063
233 3 0.572946
234 3 0.623523
235 3 0.442704
236 3 0.524409
237 3 0.610310
238 3 0.556190
239 3 0.545646
240 3 0.631184
241 3 0.477245
242 3 0.550162
243 3 0.564681
244 3 0.511618
245 3 0.510371
246 3 0.529010
247 3 0.512587
248 3 0.508359
249 3 0.490010
250 3 0.538495
251 3 0.610728
252 3 0.554914
253 3 0.440319
254 3 0.477817
255 3 0.588017
256 3 0.491617
257 3 0.519446
258 3 0.441469
259 3 0.621146
260 3 0.465923
261 3 0.582647
262 3 0.526484
263 3 0.487343
264 3 0.518625
265 3 0.607560
266 3 0.538211
267 3 0.518673
268 3 0.524701
269 3 0.708454
270 3 0.377248
271 3 0.441473
272 3 0.415363
273 3 0.546962
274 3 0.459379
275 3 0.521868
276 3 0.135261
277 3 0.220002
278 3 0.620759
279 3 0.613744
280 3 0.523357
281 3 0.430182
282 3 0.429356
283 3 0.481605
284 3 0.641714
285 3 0.622281
286 3 0.545014
287 3 0.494916
288 3 0.601103
289 3 0.548324
290 3 0.509702
291 3 0.646435
292 3 0.532319
293 3 0.537447
294 3 0.535689
295 3 0.390875
296 3 0.444866
297 3 0.508788
298 3 0.605630
299 3 0.586453
300 4 0.630092
301 4 0.515609
302 4 0.520208
303 4 0.450100
304 4 0.549421
305 4 0.580288
306 4 0.474392
307 4 0.513521
308 4 0.591178
309 4 0.505300
310 4 0.498207
311 4 0.546520
312 4 0.532522
313 4 0.473629
314 4 0.485765
315 4 0.503184
316 4 0.367781
317 4 0.388323
318 4 0.638916
319 4 0.549277
320 4 0.564454
321 4 0.516317
322 4 0.393453
323 4 0.635962
324 4 0.395910
325 4 0.607953
326 4 0.471772
327 4 0.467135
328 4 0.274599
329 4 0.488130
330 4 0.413502
331 4 0.425050
332 4 0.576347
333 4 0.454219
334 4 0.481922
335 4 0.615761
336 4 0.398665
337 4 0.559024
338 4 0.544659
339 4 0.473780
340 4 0.439620
341 4 0.465940
342 4 0.524286
343 4 0.090418
344 4 0.524174
345 4 0.619055
346 4 0.464653
347 4 0.543520
348 4 0.498177
349 4 0.469992
350 4 0.444525
351 4 0.399606
352 4 0.427537
353 4 0.530520
354 4 0.202500
355 4 0.428549
356 4 0.481664
357 4 0.592723
358 4 0.467083
359 4 0.099556
360 4 0.126045
361 4 0.575679
362 4 0.479898
363 4 0.532843
364 4 0.502991
365 4 0.543269
366 4 0.515884
367 4 0.409041
368 4 0.579316
369 4 0.414714
370 4 0.306874
371 4 0.353128
372 4 0.504269
373 4 0.558063
374 4 0.508633
375 4 0.438994
376 4 0.457679
377 4 0.472982
378 4 0.395655
379 4 0.530367
380 4 0.465419
381 4 0.473175
382 4 0.485020
383 4 0.850005
384 4 0.445493
385 4 0.460577
386 4 0.481556
387 4 0.568337
388 4 0.437043
389 4 0.446835
390 4 0.409795
391 4 0.441755
392 4 0.507738
393 4 0.504459
394 4 0.592037
395 4 0.766698
396 4 0.503709
397 4 0.517942
398 4 0.536728
399 4 0.550457
400 5 0.459195
401 5 0.571375
402 5 0.339758
403 5 0.419440
404 5 0.486318
405 5 0.461806
406 5 0.489300
407 5 0.609464
408 5 0.462119
409 5 0.561323
410 5 0.440390
411 5 0.919991
412 5 0.420706
413 5 0.074001
414 5 0.442926
415 5 0.460811
416 5 0.114454
417 5 0.432667
418 5 0.428630
419 5 0.344395
420 5 0.435547
421 5 0.221268
422 5 0.461262
423 5 0.443626
424 5 0.463638
425 5 0.559355
426 5 0.387538
427 5 0.490573
428 5 0.374829
429 5 0.334229
430 5 0.443924
431 5 0.410864
432 5 0.490340
433 5 0.366564
434 5 0.343414
435 5 0.522143
436 5 0.442045
437 5 0.444615
438 5 0.030120
439 5 0.426566
440 5 0.532425
441 5 0.442256
442 5 0.433439
443 5 0.365960
444 5 0.452391
445 5 0.406563
446 5 0.536827
447 5 0.406732
448 5 0.413611
449 5 0.380423
450 5 0.458140
451 5 0.454827
452 5 0.499557
453 5 0.033672
454 5 0.420856
455 5 0.393421
456 5 0.445324
457 5 0.353877
458 5 0.528391
459 5 0.411433
460 5 0.467836
461 5 0.392975
462 5 0.475955
463 5 0.356423
464 5 0.528404
465 5 0.492708
466 5 0.374325
467 5 0.361112
468 5 0.594893
469 5 0.371561
470 5 0.381116
471 5 0.451191
472 5 0.319921
473 5 0.475145
474 5 0.385005
475 5 0.426574
476 5 0.421646
477 5 0.414673
478 5 0.363879
479 5 0.358802
480 5 0.522363
481 5 0.730418
482 5 0.415222
483 5 0.533751
484 5 0.303919
485 5 0.405370
486 5 0.460870
487 5 0.544578
488 5 0.365219
489 5 0.418536
490 5 0.348661
491 5 0.435602
492 5 0.477643
493 5 0.420687
494 5 0.317536
495 5 0.418395
496 5 0.433350
497 5 0.431754
498 5 0.387262
499 5 0.498381
500 6 0.371835
501 6 0.073523
502 6 0.430441
503 6 0.325475
504 6 0.450807
505 6 0.466167
506 6 0.030121
507 6 0.376719
508 6 0.408920
509 6 0.381594
510 6 0.400802
511 6 0.476684
512 6 0.321146
513 6 0.409298
514 6 0.520178
515 6 0.423758
516 6 0.456869
517 6 0.332464
518 6 0.367259
519 6 0.397055
520 6 0.425455
521 6 0.435144
522 6 0.365622
523 6 0.351179
524 6 0.436465
525 6 0.491710
526 6 0.548261
527 6 0.441738
528 6 0.356440
529 6 0.438424
530 6 0.423729
531 6 0.347156
532 6 0.403252
533 6 0.453616
534 6 0.368226
535 6 0.330455
536 6 0.470954
537 6 0.330451
538 6 0.394257
539 6 0.435302
540 6 0.355508
541 6 0.396331
542 6 0.399635
543 6 0.348347
544 6 0.386419
545 6 0.453370
546 6 0.405821
547 6 0.484840
548 6 0.334297
549 6 0.449551
550 6 0.332440
551 6 0.268110
552 6 0.347253
553 6 0.356240
554 6 0.323816
555 6 0.419997
556 6 0.414993
557 6 0.339559
558 6 0.426616
559 6 0.147065
560 6 0.386944
561 6 0.408668
562 6 0.356760
563 6 0.406823
564 6 0.138915
565 6 0.335960
566 6 0.394989
567 6 0.421635
568 6 0.387441
569 6 0.397319
570 6 0.157777
571 6 0.465621
572 6 0.334160
573 6 0.325414
574 6 0.440133
575 6 0.348155
576 6 0.265553
577 6 0.419005
578 6 0.300018
579 6 0.333765
580 6 0.310894
581 6 0.632851
582 6 0.335131
583 6 0.382395
584 6 0.474505
585 6 0.356618
586 6 0.373045
587 6 0.392933
588 6 0.395605
589 6 0.414312
590 6 0.643956
591 6 0.368969
592 6 0.363835
593 6 0.407800
594 6 0.339607
595 6 0.411095
596 6 0.406622
597 6 0.391655
598 6 0.433739
599 6 0.457074
600 7 0.340433
601 7 0.469504
602 7 0.323801
603 7 0.352682
604 7 0.058431
605 7 0.366427
606 7 0.396895
607 7 0.398079
608 7 0.327325
609 7 0.353468
610 7 0.441612
611 7 0.394032
612 7 0.324366
613 7 0.304630
614 7 0.303204
615 7 0.378292
616 7 0.386902
617 7 0.303392
618 7 0.285877
619 7 0.286599
620 7 0.191191
621 7 0.315445
622 7 0.298461
623 7 0.398214
624 7 0.396342
625 7 0.324026
626 7 0.459992
627 7 0.373321
628 7 0.331795
629 7 0.384924
630 7 0.394910
631 7 0.304904
632 7 0.414204
633 7 0.309298
634 7 0.376402
635 7 0.305148
636 7 0.073006
637 7 0.294125
638 7 0.422272
639 7 0.349714
640 7 0.377968
641 7 0.283154
642 7 0.460459
643 7 0.318464
644 7 0.308962
645 7 0.369335
646 7 0.348114
647 7 0.364852
648 7 0.391969
649 7 0.120787
650 7 0.305043
651 7 0.475757
652 7 0.379928
653 7 0.371632
654 7 0.391182
655 7 0.370343
656 7 0.287357
657 7 0.461744
658 7 0.342665
659 7 0.408615
660 7 0.275037
661 7 0.305066
662 7 0.337867
663 7 0.340472
664 7 0.389081
665 7 0.400346
666 7 0.375368
667 7 0.341981
668 7 0.407022
669 7 0.395389
670 7 0.366846
671 7 0.364102
672 7 0.539412
673 7 0.612933
674 7 0.365312
675 7 0.404018
676 7 0.362157
677 7 0.329539
678 7 0.337798
679 7 0.341978
680 7 0.358447
681 7 0.322046
682 7 0.384331
683 7 0.354214
684 7 0.338912
685 7 0.310646
686 7 0.445294
687 7 0.303943
688 7 0.282823
689 7 0.302954
690 7 0.412874
691 7 0.352563
692 7 0.280239
693 7 0.064257
694 7 0.211069
695 7 0.495044
696 7 0.291414
697 7 0.281146
698 7 0.276961
699 7 0.288256
700 8 0.371353
701 8 0.329977
702 8 0.361713
703 8 0.369656
704 8 0.344838
705 8 0.328370
706 8 0.234369
707 8 0.284486
708 8 0.285477
709 8 0.371461
710 8 0.380993
711 8 0.320551
712 8 0.282436
713 8 0.300127
714 8 0.325520
715 8 0.335813
716 8 0.553751
717 8 0.330465
718 8 0.383572
719 8 0.379552
720 8 0.262008
721 8 0.405853
722 8 0.299957
723 8 0.257961
724 8 0.351911
725 8 0.291175
726 8 0.331130
727 8 0.266504
728 8 0.398180
729 8 0.399641
730 8 0.244511
731 8 0.339199
732 8 0.286143
733 8 0.394296
734 8 0.302293
735 8 0.310741
736 8 0.311917
737 8 0.257936
738 8 0.362230
739 8 0.292722
740 8 0.312361
741 8 0.405629
742 8 0.320364
743 8 0.313197
744 8 0.322441
745 8 0.299647
746 8 0.059999
747 8 0.400971
748 8 0.321089
749 8 0.301841
750 8 0.295712
751 8 0.291084
752 8 0.235152
753 8 0.391906
754 8 0.349157
755 8 0.339779
756 8 0.290216
757 8 0.296537
758 8 0.222646
759 8 0.410254
760 8 0.256765
761 8 0.317083
762 8 0.256319
763 8 0.280306
764 8 0.309277
765 8 0.286571
766 8 0.274147
767 8 0.354786
768 8 0.290469
769 8 0.136303
770 8 0.305740
771 8 0.324529
772 8 0.319078
773 8 0.329769
774 8 0.357061
775 8 0.282435
776 8 0.277410
777 8 0.292521
778 8 0.236322
779 8 0.253813
780 8 0.354402
781 8 0.274299
782 8 0.251291
783 8 0.151535
784 8 0.251373
785 8 0.355829
786 8 0.329530
787 8 0.218124
788 8 0.282788
789 8 0.209962
790 8 0.321399
791 8 0.340495
792 8 0.315037
793 8 0.537127
794 8 0.322049
795 8 0.345613
796 8 0.358196
797 8 0.330241
798 8 0.283984
799 8 0.295200
800 9 0.315503
801 9 0.322165
802 9 0.335995
803 9 0.310618
804 9 0.323971
805 9 0.252976
806 9 0.355280
807 9 0.267197
808 9 0.264210
809 9 0.297475
810 9 0.206541
811 9 0.298737
812 9 0.367806
813 9 0.283442
814 9 0.232948
815 9 0.267098
816 9 0.372009
817 9 0.214001
818 9 0.449711
819 9 0.282364
820 9 0.337261
821 9 0.299601
822 9 0.286796
823 9 0.265046
824 9 0.288830
825 9 0.328692
826 9 0.243138
827 9 0.270215
828 9 0.352280
829 9 0.311778
830 9 0.115275
831 9 0.353000
832 9 0.295811
833 9 0.320045
834 9 0.279264
835 9 0.072620
836 9 0.291580
837 9 0.256036
838 9 0.263905
839 9 0.271045
840 9 0.303968
841 9 0.264158
842 9 0.351967
843 9 0.277110
844 9 0.358457
845 9 0.330871
846 9 0.228179
847 9 0.332174
848 9 0.248089
849 9 0.238099
850 9 0.301168
851 9 0.293195
852 9 0.204417
853 9 0.340538
854 9 0.351733
855 9 0.294081
856 9 0.271320
857 9 0.230239
858 9 0.186105
859 9 0.404250
860 9 0.310737
861 9 0.290330
862 9 0.244116
863 9 0.334050
864 9 0.033647
865 9 0.283174
866 9 0.295119
867 9 0.253595
868 9 0.321796
869 9 0.243195
870 9 0.289231
871 9 0.295543
872 9 0.256191
873 9 0.266362
874 9 0.343886
875 9 0.301321
876 9 0.222808
877 9 0.233167
878 9 0.315010
879 9 0.247980
880 9 0.254369
881 9 0.279036
882 9 0.334285
883 9 0.270613
884 9 0.259114
885 9 0.271929
886 9 0.312903
887 9 0.306691
888 9 0.303349
889 9 0.287514
890 9 0.239035
891 9 0.478155
892 9 0.301696
893 9 0.247431
894 9 0.295233
895 9 0.256057
896 9 0.272369
897 9 0.225709
898 9 0.250502
899 9 0.272137
900 10 0.244392
901 10 0.241405
902 10 0.232131
903 10 0.272611
904 10 0.311865
905 10 0.298316
906 10 0.243310
907 10 0.245090
908 10 0.202853
909 10 0.251040
910 10 0.220658
911 10 0.346825
912 10 0.277817
913 10 0.217244
914 10 0.234245
915 10 0.319929
916 10 0.247420
917 10 0.294252
918 10 0.258294
919 10 0.283388
920 10 0.237883
921 10 0.397766
922 10 0.247474
923 10 0.249532
924 10 0.312540
925 10 0.277286
926 10 0.302314
927 10 0.268472
928 10 0.354320
929 10 0.258119
930 10 0.295635
931 10 0.267765
932 10 0.300217
933 10 0.194167
934 10 0.318007
935 10 0.246219
936 10 0.227401
937 10 0.347418
938 10 0.239180
939 10 0.232808
940 10 0.296268
941 10 0.300829
942 10 0.279972
943 10 0.030506
944 10 0.249024
945 10 0.296747
946 10 0.307186
947 10 0.308245
948 10 0.263324
949 10 0.292475
950 10 0.238496
951 10 0.264929
952 10 0.278649
953 10 0.262006
954 10 0.222067
955 10 0.439429
956 10 0.236770
957 10 0.252693
958 10 0.163596
959 10 0.247419
960 10 0.290543
961 10 0.251136
962 10 0.178227
963 10 0.230529
964 10 0.335153
965 10 0.224121
966 10 0.227787
967 10 0.219624
968 10 0.318611
969 10 0.236372
970 10 0.033691
971 10 0.200003
972 10 0.205329
973 10 0.247209
974 10 0.348345
975 10 0.210038
976 10 0.267857
977 10 0.230342
978 10 0.164454
979 10 0.280552
980 10 0.345305
981 10 0.253338
982 10 0.258262
983 10 0.072442
984 10 0.242306
985 10 0.186201
986 10 0.288232
987 10 0.261065
988 10 0.279721
989 10 0.283546
990 10 0.260402
991 10 0.320105
992 10 0.338665
993 10 0.266337
994 10 0.274786
995 10 0.294986
996 10 0.195168
997 10 0.260080
998 10 0.523810
999 10 0.298433
1000 11 0.467207
1001 11 0.226274
1002 11 0.268400
1003 11 0.244829
1004 11 0.320946
1005 11 0.226952
1006 11 0.111970
1007 11 0.292077
1008 11 0.302526
1009 11 0.244869
1010 11 0.255348
1011 11 0.241446
1012 11 0.242404
1013 11 0.390991
1014 11 0.233433
1015 11 0.227806
1016 11 0.290743
1017 11 0.206955
1018 11 0.287867
1019 11 0.170004
1020 11 0.265631
1021 11 0.243928
1022 11 0.255542
1023 11 0.184143
1024 11 0.217019
1025 11 0.285410
1026 11 0.198112
1027 11 0.225140
1028 11 0.259200
1029 11 0.224838
1030 11 0.296600
1031 11 0.244239
1032 11 0.264745
1033 11 0.337953
1034 11 0.215603
1035 11 0.265965
1036 11 0.209950
1037 11 0.062557
1038 11 0.206383
1039 11 0.223199
1040 11 0.292069
1041 11 0.242595
1042 11 0.297505
1043 11 0.209789
1044 11 0.245638
1045 11 0.252484
1046 11 0.246580
1047 11 0.216383
1048 11 0.219140
1049 11 0.215761
1050 11 0.063708
1051 11 0.231859
1052 11 0.211329
1053 11 0.178542
1054 11 0.241207
1055 11 0.269374
1056 11 0.335530
1057 11 0.203928
1058 11 0.356035
1059 11 0.252417
1060 11 0.264064
1061 11 0.268791
1062 11 0.324817
1063 11 0.235637
1064 11 0.233625
1065 11 0.292556
1066 11 0.185011
1067 11 0.330312
1068 11 0.211549
1069 11 0.153603
1070 11 0.072348
1071 11 0.302452
1072 11 0.234153
1073 11 0.170393
1074 11 0.309049
1075 11 0.169225
1076 11 0.253390
1077 11 0.239286
1078 11 0.285394
1079 11 0.281511
1080 11 0.225258
1081 11 0.271948
1082 11 0.181000
1083 11 0.299845
1084 11 0.290578
1085 11 0.220402
1086 11 0.250111
1087 11 0.277813
1088 11 0.261115
1089 11 0.304693
1090 11 0.202466
1091 11 0.224316
1092 11 0.232379
1093 11 0.268221
1094 11 0.239638
1095 11 0.300994
1096 11 0.268057
1097 11 0.184317
1098 11 0.228048
1099 11 0.256123
1100 12 0.188901
1101 12 0.300710
1102 12 0.205402
1103 12 0.199382
1104 12 0.190333
1105 12 0.233775
1106 12 0.212619
1107 12 0.319013
1108 12 0.231024
1109 12 0.262289
1110 12 0.175677
1111 12 0.228587
1112 12 0.221316
1113 12 0.249786
1114 12 0.242472
1115 12 0.264828
1116 12 0.312546
1117 12 0.279650
1118 12 0.240521
1119 12 0.238060
1120 12 0.248462
1121 12 0.181275
1122 12 0.259793
1123 12 0.269210
1124 12 0.311692
1125 12 0.207653
1126 12 0.277156
1127 12 0.138043
1128 12 0.224872
1129 12 0.198807
1130 12 0.179126
1131 12 0.231566
1132 12 0.216052
1133 12 0.255541
1134 12 0.236899
1135 12 0.236867
1136 12 0.261684
1137 12 0.281616
1138 12 0.283653
1139 12 0.208972
1140 12 0.342145
1141 12 0.182435
1142 12 0.248218
1143 12 0.218956
1144 12 0.221659
1145 12 0.217051
1146 12 0.260423
1147 12 0.233871
1148 12 0.240572
1149 12 0.239481
1150 12 0.310732
1151 12 0.235989
1152 12 0.056467
1153 12 0.170967
1154 12 0.227633
1155 12 0.245918
1156 12 0.236134
1157 12 0.196288
1158 12 0.033717
1159 12 0.259649
1160 12 0.214670
1161 12 0.245389
1162 12 0.186695
1163 12 0.260038
1164 12 0.251543
1165 12 0.287294
1166 12 0.171411
1167 12 0.387122
1168 12 0.175902
1169 12 0.169379
1170 12 0.246388
1171 12 0.246916
1172 12 0.190976
1173 12 0.072281
1174 12 0.328580
1175 12 0.146692
1176 12 0.153615
1177 12 0.228410
1178 12 0.216174
1179 12 0.225957
1180 12 0.252878
1181 12 0.234654
1182 12 0.252639
1183 12 0.230838
1184 12 0.396763
1185 12 0.206173
1186 12 0.184951
1187 12 0.227469
1188 12 0.219506
1189 12 0.243047
1190 12 0.208859
1191 12 0.212657
1192 12 0.214679
1193 12 0.208958
1194 12 0.228926
1195 12 0.195128
1196 12 0.217520
1197 12 0.217171
1198 12 0.199665
1199 12 0.245687
1200 13 0.204950
1201 13 0.154818
1202 13 0.258031
1203 13 0.193528
1204 13 0.220481
1205 13 0.267443
1206 13 0.296192
1207 13 0.197683
1208 13 0.300664
1209 13 0.269391
1210 13 0.239063
1211 13 0.226692
1212 13 0.242663
1213 13 0.171225
1214 13 0.182053
1215 13 0.264926
1216 13 0.203222
1217 13 0.231915
1218 13 0.266608
1219 13 0.240343
1220 13 0.205847
1221 13 0.206782
1222 13 0.263180
1223 13 0.223533
1224 13 0.247569
1225 13 0.033728
1226 13 0.185357
1227 13 0.197708
1228 13 0.234743
1229 13 0.184282
1230 13 0.261784
1231 13 0.188801
1232 13 0.206794
1233 13 0.321927
1234 13 0.230945
1235 13 0.235427
1236 13 0.261743
1237 13 0.244696
1238 13 0.231356
1239 13 0.199614
1240 13 0.149862
1241 13 0.144705
1242 13 0.221593
1243 13 0.170327
1244 13 0.285472
1245 13 0.201312
1246 13 0.275639
1247 13 0.212012
1248 13 0.196701
1249 13 0.239026
1250 13 0.241310
1251 13 0.195333
1252 13 0.215365
1253 13 0.188614
1254 13 0.208261
1255 13 0.186370
1256 13 0.225658
1257 13 0.233755
1258 13 0.221851
1259 13 0.279176
1260 13 0.248459
1261 13 0.289722
1262 13 0.178793
1263 13 0.221874
1264 13 0.154740
1265 13 0.239802
1266 13 0.131814
1267 13 0.161447
1268 13 0.232481
1269 13 0.243215
1270 13 0.220052
1271 13 0.197721
1272 13 0.173805
1273 13 0.238973
1274 13 0.202959
1275 13 0.242529
1276 13 0.244241
1277 13 0.264837
1278 13 0.283396
1279 13 0.243290
1280 13 0.265242
1281 13 0.157493
1282 13 0.209870
1283 13 0.212141
1284 13 0.168500
1285 13 0.233467
1286 13 0.144408
1287 13 0.209115
1288 13 0.296729
1289 13 0.275730
1290 13 0.237981
1291 13 0.224820
1292 13 0.172610
1293 13 0.219813
1294 13 0.399868
1295 13 0.336698
1296 13 0.332546
1297 13 0.164846
1298 13 0.130736
1299 13 0.179538
1300 14 0.201785
1301 14 0.406958
1302 14 0.344674
1303 14 0.243297
1304 14 0.235354
1305 14 0.230761
1306 14 0.183182
1307 14 0.224262
1308 14 0.243127
1309 14 0.218023
1310 14 0.293426
1311 14 0.192200
1312 14 0.240842
1313 14 0.180985
1314 14 0.209035
1315 14 0.202358
1316 14 0.298995
1317 14 0.158124
1318 14 0.200273
1319 14 0.127860
1320 14 0.235862
1321 14 0.227945
1322 14 0.215457
1323 14 0.196578
1324 14 0.064214
1325 14 0.208808
1326 14 0.210274
1327 14 0.159872
1328 14 0.165808
1329 14 0.166086
1330 14 0.182198
1331 14 0.191585
1332 14 0.171864
1333 14 0.257355
1334 14 0.193828
1335 14 0.181456
1336 14 0.244040
1337 14 0.238746
1338 14 0.243444
1339 14 0.200316
1340 14 0.183137
1341 14 0.153246
1342 14 0.159781
1343 14 0.389494
1344 14 0.205101
1345 14 0.179119
1346 14 0.282938
1347 14 0.202779
1348 14 0.153035
1349 14 0.232971
1350 14 0.214583
1351 14 0.196167
1352 14 0.168800
1353 14 0.124491
1354 14 0.245745
1355 14 0.187000
1356 14 0.230589
1357 14 0.244560
1358 14 0.224142
1359 14 0.211464
1360 14 0.324481
1361 14 0.180446
1362 14 0.213682
1363 14 0.178433
1364 14 0.212303
1365 14 0.197232
1366 14 0.231932
1367 14 0.189004
1368 14 0.217774
1369 14 0.233967
1370 14 0.176665
1371 14 0.220162
1372 14 0.137755
1373 14 0.181310
1374 14 0.189120
1375 14 0.184609
1376 14 0.179244
1377 14 0.170094
1378 14 0.195136
1379 14 0.241295
1380 14 0.232675
1381 14 0.190660
1382 14 0.280819
1383 14 0.166155
1384 14 0.211069
1385 14 0.200237
1386 14 0.248707
1387 14 0.191528
1388 14 0.232353
1389 14 0.225668
1390 14 0.194565
1391 14 0.214180
1392 14 0.140746
1393 14 0.224154
1394 14 0.242247
1395 14 0.258697
1396 14 0.251677
1397 14 0.248893
1398 14 0.170052
1399 14 0.238135
1400 15 0.251378
1401 15 0.157046
1402 15 0.229823
1403 15 0.241669
1404 15 0.231510
1405 15 0.171066
1406 15 0.245934
1407 15 0.245211
1408 15 0.209304
1409 15 0.190379
1410 15 0.229020
1411 15 0.163634
1412 15 0.326619
1413 15 0.198834
1414 15 0.135682
1415 15 0.207403
1416 15 0.261161
1417 15 0.196235
1418 15 0.134324
1419 15 0.186988
1420 15 0.186587
1421 15 0.149415
1422 15 0.195669
1423 15 0.212491
1424 15 0.237282
1425 15 0.215661
1426 15 0.195425
1427 15 0.154684
1428 15 0.169046
1429 15 0.265779
1430 15 0.182503
1431 15 0.160684
1432 15 0.226387
1433 15 0.150191
1434 15 0.215796
1435 15 0.233715
1436 15 0.244227
1437 15 0.188331
1438 15 0.186445
1439 15 0.154877
1440 15 0.168052
1441 15 0.165034
1442 15 0.200013
1443 15 0.234613
1444 15 0.185043
1445 15 0.203843
1446 15 0.218479
1447 15 0.202382
1448 15 0.215552
1449 15 0.144395
1450 15 0.273068
1451 15 0.242515
1452 15 0.256721
1453 15 0.233032
1454 15 0.148087
1455 15 0.253674
1456 15 0.174300
1457 15 0.212169
1458 15 0.248614
1459 15 0.285281
1460 15 0.152632
1461 15 0.154499
1462 15 0.247619
1463 15 0.062793
1464 15 0.206030
1465 15 0.228841
1466 15 0.154707
1467 15 0.353535
1468 15 0.170990
1469 15 0.215825
1470 15 0.296924
1471 15 0.361153
1472 15 0.183848
1473 15 0.304523
1474 15 0.185794
1475 15 0.230345
1476 15 0.237549
1477 15 0.206555
1478 15 0.180870
1479 15 0.219694
1480 15 0.315460
1481 15 0.255271
1482 15 0.163643
1483 15 0.166641
1484 15 0.170726
1485 15 0.198125
1486 15 0.181939
1487 15 0.177078
1488 15 0.302494
1489 15 0.199605
1490 15 0.173966
1491 15 0.193500
1492 15 0.233582
1493 15 0.239666
1494 15 0.256466
1495 15 0.194614
1496 15 0.175692
1497 15 0.196658
1498 15 0.204097
1499 15 0.217333
1500 16 0.217824
1501 16 0.145451
1502 16 0.189702
1503 16 0.183123
1504 16 0.190890
1505 16 0.173873
1506 16 0.055769
1507 16 0.189861
1508 16 0.189662
1509 16 0.172826
1510 16 0.190594
1511 16 0.166298
1512 16 0.168385
1513 16 0.215718
1514 16 0.155070
1515 16 0.212369
1516 16 0.179615
1517 16 0.231328
1518 16 0.176956
1519 16 0.193478
1520 16 0.147761
1521 16 0.279194
1522 16 0.222738
1523 16 0.189777
1524 16 0.179058
1525 16 0.176286
1526 16 0.226087
1527 16 0.202091
1528 16 0.205031
1529 16 0.216185
1530 16 0.206647
1531 16 0.160101
1532 16 0.221615
1533 16 0.256168
1534 16 0.133437
1535 16 0.164917
1536 16 0.209686
1537 16 0.324660
1538 16 0.230389
1539 16 0.183045
1540 16 0.230391
1541 16 0.195522
1542 16 0.219404
1543 16 0.189730
1544 16 0.167463
1545 16 0.196218
1546 16 0.213838
1547 16 0.205852
1548 16 0.192949
1549 16 0.192299
1550 16 0.293796
1551 16 0.216704
1552 16 0.158094
1553 16 0.179343
1554 16 0.376279
1555 16 0.210290
1556 16 0.153007
1557 16 0.195292
1558 16 0.174419
1559 16 0.185851
1560 16 0.153137
1561 16 0.165863
1562 16 0.169753
1563 16 0.218754
1564 16 0.154984
1565 16 0.205478
1566 16 0.248705
1567 16 0.160955
1568 16 0.180902
1569 16 0.216470
1570 16 0.204270
1571 16 0.224548
1572 16 0.148055
1573 16 0.225432
1574 16 0.114000
1575 16 0.269807
1576 16 0.201882
1577 16 0.154568
1578 16 0.223655
1579 16 0.258299
1580 16 0.169284
1581 16 0.181381
1582 16 0.204580
1583 16 0.159200
1584 16 0.177968
1585 16 0.193595
1586 16 0.221792
1587 16 0.213335
1588 16 0.242057
1589 16 0.157597
1590 16 0.245300
1591 16 0.033673
1592 16 0.208824
1593 16 0.198002
1594 16 0.191889
1595 16 0.184586
1596 16 0.313292
1597 16 0.180332
1598 16 0.190601
1599 16 0.235290
1600 17 0.184668
1601 17 0.209154
1602 17 0.246979
1603 17 0.216594
1604 17 0.222770
1605 17 0.195669
1606 17 0.224679
1607 17 0.180999
1608 17 0.230616
1609 17 0.229555
1610 17 0.261754
1611 17 0.160826
1612 17 0.184657
1613 17 0.263593
1614 17 0.366607
1615 17 0.071993
1616 17 0.185506
1617 17 0.218628
1618 17 0.200293
1619 17 0.189383
1620 17 0.184442
1621 17 0.153087
1622 17 0.214413
1623 17 0.152604
1624 17 0.215647
1625 17 0.165614
1626 17 0.162119
1627 17 0.186369
1628 17 0.201684
1629 17 0.149626
1630 17 0.147591
1631 17 0.199040
1632 17 0.241597
1633 17 0.185949
1634 17 0.164187
1635 17 0.208795
1636 17 0.201830
1637 17 0.139785
1638 17 0.216817
1639 17 0.192928
1640 17 0.269746
1641 17 0.232863
1642 17 0.221455
1643 17 0.164150
1644 17 0.207306
1645 17 0.255411
1646 17 0.216393
1647 17 0.196863
1648 17 0.195868
1649 17 0.123669
1650 17 0.197266
1651 17 0.201431
1652 17 0.192913
1653 17 0.218654
1654 17 0.191719
1655 17 0.158763
1656 17 0.030632
1657 17 0.200483
1658 17 0.160683
1659 17 0.224801
1660 17 0.350670
1661 17 0.135410
1662 17 0.194684
1663 17 0.158203
1664 17 0.172976
1665 17 0.033650
1666 17 0.286125
1667 17 0.170623
1668 17 0.182902
1669 17 0.192640
1670 17 0.227855
1671 17 0.147755
1672 17 0.167049
1673 17 0.183288
1674 17 0.218340
1675 17 0.215657
1676 17 0.204696
1677 17 0.261185
1678 17 0.191691
1679 17 0.174653
1680 17 0.252562
1681 17 0.225374
1682 17 0.177918
1683 17 0.176526
1684 17 0.211055
1685 17 0.223144
1686 17 0.177150
1687 17 0.226843
1688 17 0.178276
1689 17 0.183385
1690 17 0.209608
1691 17 0.232020
1692 17 0.200525
1693 17 0.126633
1694 17 0.259428
1695 17 0.134486
1696 17 0.126062
1697 17 0.160470
1698 17 0.162170
1699 17 0.248894
1700 18 0.147050
1701 18 0.174055
1702 18 0.178891
1703 18 0.201451
1704 18 0.192712
1705 18 0.367588
1706 18 0.174032
1707 18 0.280573
1708 18 0.144929
1709 18 0.173970
1710 18 0.138115
1711 18 0.198747
1712 18 0.184744
1713 18 0.146787
1714 18 0.203047
1715 18 0.194884
1716 18 0.197409
1717 18 0.255070
1718 18 0.225287
1719 18 0.150505
1720 18 0.140483
1721 18 0.244795
1722 18 0.167807
1723 18 0.180581
1724 18 0.149610
1725 18 0.197668
1726 18 0.166327
1727 18 0.184884
1728 18 0.159113
1729 18 0.203192
1730 18 0.191192
1731 18 0.230236
1732 18 0.182106
1733 18 0.179711
1734 18 0.203442
1735 18 0.205558
1736 18 0.168945
1737 18 0.183278
1738 18 0.275445
1739 18 0.186088
1740 18 0.195867
1741 18 0.119873
1742 18 0.071938
1743 18 0.167523
1744 18 0.163233
1745 18 0.344942
1746 18 0.164722
1747 18 0.178828
1748 18 0.284024
1749 18 0.212068
1750 18 0.214208
1751 18 0.187225
1752 18 0.183814
1753 18 0.268148
1754 18 0.134245
1755 18 0.207758
1756 18 0.168571
1757 18 0.184498
1758 18 0.201056
1759 18 0.211728
1760 18 0.236555
1761 18 0.219558
1762 18 0.150463
1763 18 0.174172
1764 18 0.156518
1765 18 0.241798
1766 18 0.202361
1767 18 0.174970
1768 18 0.216595
1769 18 0.224783
1770 18 0.356190
1771 18 0.181915
1772 18 0.192522
1773 18 0.030590
1774 18 0.144184
1775 18 0.191840
1776 18 0.238044
1777 18 0.169141
1778 18 0.198876
1779 18 0.239705
1780 18 0.229394
1781 18 0.192302
1782 18 0.167457
1783 18 0.175485
1784 18 0.216195
1785 18 0.214069
1786 18 0.170268
1787 18 0.125552
1788 18 0.211929
1789 18 0.179477
1790 18 0.219353
1791 18 0.217331
1792 18 0.198663
1793 18 0.155284
1794 18 0.160604
1795 18 0.147834
1796 18 0.033603
1797 18 0.184295
1798 18 0.174273
1799 18 0.176867
1800 19 0.196904
1801 19 0.162283
1802 19 0.122105
1803 19 0.190828
1804 19 0.203863
1805 19 0.187219
1806 19 0.158528
1807 19 0.198244
1808 19 0.160234
1809 19 0.184109
1810 19 0.139258
1811 19 0.123207
1812 19 0.157379
1813 19 0.150364
1814 19 0.152735
1815 19 0.180389
1816 19 0.243997
1817 19 0.177706
1818 19 0.200648
1819 19 0.128589
1820 19 0.218586
1821 19 0.206383
1822 19 0.269556
1823 19 0.030563
1824 19 0.189696
1825 19 0.189906
1826 19 0.162406
1827 19 0.237741
1828 19 0.182353
1829 19 0.208493
1830 19 0.177454
1831 19 0.237886
1832 19 0.159840
1833 19 0.201080
1834 19 0.205471
1835 19 0.095230
1836 19 0.176992
1837 19 0.193508
1838 19 0.183126
1839 19 0.202906
1840 19 0.189651
1841 19 0.264124
1842 19 0.170944
1843 19 0.274420
1844 19 0.196981
1845 19 0.153113
1846 19 0.197211
1847 19 0.124883
1848 19 0.195752
1849 19 0.251806
1850 19 0.181584
1851 19 0.058832
1852 19 0.138106
1853 19 0.183091
1854 19 0.162208
1855 19 0.199274
1856 19 0.220907
1857 19 0.199121
1858 19 0.133632
1859 19 0.250925
1860 19 0.222528
1861 19 0.181747
1862 19 0.154592
1863 19 0.189451
1864 19 0.208956
1865 19 0.227931
1866 19 0.164262
1867 19 0.225497
1868 19 0.207505
1869 19 0.212044
1870 19 0.137391
1871 19 0.369067
1872 19 0.195109
1873 19 0.182451
1874 19 0.189444
1875 19 0.179040
1876 19 0.199852
1877 19 0.118864
1878 19 0.344897
1879 19 0.174961
1880 19 0.177459
1881 19 0.180022
1882 19 0.163358
1883 19 0.170564
1884 19 0.169472
1885 19 0.207452
1886 19 0.173672
1887 19 0.123138
1888 19 0.223247
1889 19 0.176293
1890 19 0.184748
1891 19 0.196727
1892 19 0.176354
1893 19 0.213157
1894 19 0.203343
1895 19 0.198128
1896 19 0.161688
1897 19 0.167903
1898 19 0.156049
1899 19 0.198072
1900 20 0.126196
1901 20 0.200015
1902 20 0.149379
1903 20 0.169599
1904 20 0.196548
1905 20 0.205381
1906 20 0.189730
1907 20 0.151730
1908 20 0.223131
1909 20 0.163036
1910 20 0.177596
1911 20 0.140742
1912 20 0.141850
1913 20 0.287029
1914 20 0.192265
1915 20 0.217084
1916 20 0.181149
1917 20 0.213870
1918 20 0.158984
1919 20 0.136433
1920 20 0.322186
1921 20 0.190039
1922 20 0.165750
1923 20 0.173771
1924 20 0.208250
1925 20 0.159673
1926 20 0.231843
1927 20 0.194578
1928 20 0.185130
1929 20 0.140396
1930 20 0.345356
1931 20 0.215657
1932 20 0.207722
1933 20 0.197543
1934 20 0.168521
1935 20 0.173981
1936 20 0.218431
1937 20 0.084432
1938 20 0.193952
1939 20 0.230834
1940 20 0.180833
1941 20 0.199323
1942 20 0.123068
1943 20 0.164822
1944 20 0.152479
1945 20 0.217190
1946 20 0.170924
1947 20 0.189452
1948 20 0.207216
1949 20 0.144518
1950 20 0.166294
1951 20 0.162732
1952 20 0.197138
1953 20 0.117219
1954 20 0.173053
1955 20 0.189288
1956 20 0.138697
1957 20 0.194269
1958 20 0.195256
1959 20 0.196035
1960 20 0.181502
1961 20 0.071724
1962 20 0.138639
1963 20 0.033513
1964 20 0.147858
1965 20 0.162547
1966 20 0.222860
1967 20 0.186902
1968 20 0.182487
1969 20 0.232070
1970 20 0.150955
1971 20 0.159324
1972 20 0.175652
1973 20 0.145682
1974 20 0.186751
1975 20 0.221105
1976 20 0.190652
1977 20 0.176552
1978 20 0.262572
1979 20 0.131017
1980 20 0.225937
1981 20 0.170854
1982 20 0.145405
1983 20 0.333735
1984 20 0.136943
1985 20 0.164433
1986 20 0.165669
1987 20 0.203467
1988 20 0.133403
1989 20 0.221655
1990 20 0.211955
1991 20 0.141495
1992 20 0.177802
1993 20 0.209353
1994 20 0.199340
1995 20 0.181548
1996 20 0.225181
1997 20 0.175447
1998 20 0.158975
1999 20 0.179325
2000 21 0.194796
2001 21 0.156796
2002 21 0.138505
2003 21 0.178679
2004 21 0.162048
2005 21 0.138004
2006 21 0.187594
2007 21 0.156173
2008 21 0.249886
2009 21 0.169371
2010 21 0.139742
2011 21 0.179006
2012 21 0.199960
2013 21 0.196176
2014 21 0.166644
2015 21 0.181242
2016 21 0.224339
2017 21 0.181783
2018 21 0.360563
2019 21 0.177328
2020 21 0.214193
2021 21 0.154676
2022 21 0.226984
2023 21 0.192804
2024 21 0.140228
2025 21 0.166108
2026 21 0.185381
2027 21 0.228222
2028 21 0.151814
2029 21 0.192870
2030 21 0.162050
2031 21 0.154665
2032 21 0.180770
2033 21 0.196298
2034 21 0.170933
2035 21 0.206960
2036 21 0.186658
2037 21 0.071706
2038 21 0.176027
2039 21 0.134578
2040 21 0.134903
2041 21 0.152051
2042 21 0.209940
2043 21 0.148521
2044 21 0.158933
2045 21 0.185984
2046 21 0.186433
2047 21 0.159493
2048 21 0.191027
2049 21 0.146228
2050 21 0.113799
2051 21 0.111112
2052 21 0.185630
2053 21 0.160616
2054 21 0.196998
2055 21 0.157783
2056 21 0.204434
2057 21 0.224256
2058 21 0.033494
2059 21 0.178145
2060 21 0.129541
2061 21 0.227341
2062 21 0.140885
2063 21 0.220556
2064 21 0.297273
2065 21 0.203105
2066 21 0.191509
2067 21 0.206784
2068 21 0.164446
2069 21 0.223929
2070 21 0.240120
2071 21 0.190953
2072 21 0.158116
2073 21 0.205104
2074 21 0.217183
2075 21 0.190591
2076 21 0.176362
2077 21 0.168579
2078 21 0.203110
2079 21 0.157174
2080 21 0.144576
2081 21 0.207332
2082 21 0.246530
2083 21 0.228031
2084 21 0.030441
2085 21 0.193392
2086 21 0.188262
2087 21 0.148121
2088 21 0.134233
2089 21 0.253364
2090 21 0.230365
2091 21 0.148625
2092 21 0.348548
2093 21 0.208499
2094 21 0.160175
2095 21 0.199375
2096 21 0.155965
2097 21 0.191886
2098 21 0.173760
2099 21 0.147284
2100 22 0.205778
2101 22 0.136077
2102 22 0.175160
2103 22 0.201699
2104 22 0.174143
2105 22 0.195779
2106 22 0.147863
2107 22 0.244470
2108 22 0.167637
2109 22 0.030419
2110 22 0.201534
2111 22 0.192899
2112 22 0.307168
2113 22 0.174887
2114 22 0.033447
2115 22 0.184073
2116 22 0.184591
2117 22 0.117258
2118 22 0.171619
2119 22 0.174728
2120 22 0.138030
2121 22 0.225079
2122 22 0.221874
2123 22 0.164449
2124 22 0.186100
2125 22 0.232474
2126 22 0.210642
2127 22 0.215894
2128 22 0.164064
2129 22 0.129538
2130 22 0.143770
2131 22 0.162192
2132 22 0.207204
2133 22 0.184804
2134 22 0.162617
2135 22 0.226993
2136 22 0.219128
2137 22 0.181911
2138 22 0.144107
2139 22 0.216421
2140 22 0.207516
2141 22 0.158288
2142 22 0.216057
2143 22 0.166283
2144 22 0.116024
2145 22 0.161455
2146 22 0.172737
2147 22 0.186329
2148 22 0.358960
2149 22 0.165094
2150 22 0.164874
2151 22 0.216400
2152 22 0.125503
2153 22 0.185105
2154 22 0.194233
2155 22 0.127624
2156 22 0.167454
2157 22 0.188150
2158 22 0.209709
2159 22 0.151603
2160 22 0.236988
2161 22 0.118623
2162 22 0.129936
2163 22 0.173124
2164 22 0.274369
2165 22 0.158255
2166 22 0.339093
2167 22 0.196314
2168 22 0.179510
2169 22 0.239471
2170 22 0.205657
2171 22 0.146959
2172 22 0.170248
2173 22 0.193539
2174 22 0.122298
2175 22 0.146155
2176 22 0.154826
2177 22 0.071561
2178 22 0.133138
2179 22 0.207967
2180 22 0.150667
2181 22 0.132533
2182 22 0.192461
2183 22 0.154890
2184 22 0.150805
2185 22 0.169346
2186 22 0.173836
2187 22 0.216392
2188 22 0.194487
2189 22 0.150768
2190 22 0.207822
2191 22 0.158810
2192 22 0.110108
2193 22 0.155430
2194 22 0.171948
2195 22 0.167370
2196 22 0.151072
2197 22 0.191052
2198 22 0.292787
2199 22 0.166985
2200 23 0.203488
2201 23 0.187644
2202 23 0.221330
2203 23 0.151399
2204 23 0.182279
2205 23 0.129071
2206 23 0.136491
2207 23 0.209147
2208 23 0.108622
2209 23 0.143797
2210 23 0.155451
2211 23 0.190361
2212 23 0.211852
2213 23 0.267185
2214 23 0.181382
2215 23 0.169326
2216 23 0.142711
2217 23 0.167147
2218 23 0.207193
2219 23 0.166243
2220 23 0.160885
2221 23 0.164714
2222 23 0.208060
2223 23 0.215943
2224 23 0.183695
2225 23 0.200461
2226 23 0.152012
2227 23 0.189195
2228 23 0.167817
2229 23 0.030355
2230 23 0.185035
2231 23 0.165786
2232 23 0.168079
2233 23 0.176260
2234 23 0.191013
2235 23 0.220506
2236 23 0.142397
2237 23 0.189569
2238 23 0.138072
2239 23 0.167015
2240 23 0.159988
2241 23 0.145292
2242 23 0.197212
2243 23 0.112082
2244 23 0.215090
2245 23 0.179062
2246 23 0.177215
2247 23 0.169776
2248 23 0.125779
2249 23 0.173820
2250 23 0.178816
2251 23 0.196525
2252 23 0.171571
2253 23 0.227408
2254 23 0.114954
2255 23 0.162544
2256 23 0.180161
2257 23 0.114593
2258 23 0.156679
2259 23 0.181268
2260 23 0.199025
2261 23 0.160466
2262 23 0.163298
2263 23 0.147974
2264 23 0.179362
2265 23 0.142084
2266 23 0.155350
2267 23 0.138215
2268 23 0.201332
2269 23 0.228328
2270 23 0.121288
2271 23 0.193299
2272 23 0.238146
2273 23 0.180661
2274 23 0.216983
2275 23 0.129251
2276 23 0.133045
2277 23 0.363031
2278 23 0.166966
2279 23 0.209056
2280 23 0.163861
2281 23 0.110778
2282 23 0.336306
2283 23 0.124207
2284 23 0.151778
2285 23 0.153413
2286 23 0.156131
2287 23 0.202575
2288 23 0.173378
2289 23 0.157035
2290 23 0.134828
2291 23 0.177111
2292 23 0.176552
2293 23 0.138693
2294 23 0.172108
2295 23 0.033368
2296 23 0.176440
2297 23 0.071443
2298 23 0.158128
2299 23 0.159045
2300 24 0.190850
2301 24 0.197665
2302 24 0.235932
2303 24 0.176429
2304 24 0.382207
2305 24 0.178792
2306 24 0.210336
2307 24 0.161392
2308 24 0.201528
2309 24 0.148208
2310 24 0.161161
2311 24 0.205681
2312 24 0.179919
2313 24 0.204541
2314 24 0.230602
2315 24 0.191299
2316 24 0.200522
2317 24 0.205956
2318 24 0.222347
2319 24 0.204332
2320 24 0.134442
2321 24 0.142982
2322 24 0.178292
2323 24 0.153735
2324 24 0.180388
2325 24 0.033344
2326 24 0.122392
2327 24 0.158289
2328 24 0.168723
2329 24 0.081751
2330 24 0.158571
2331 24 0.210604
2332 24 0.239337
2333 24 0.201318
2334 24 0.176364
2335 24 0.152011
2336 24 0.205608
2337 24 0.168173
2338 24 0.159192
2339 24 0.145797
2340 24 0.180396
2341 24 0.162516
2342 24 0.335421
2343 24 0.187203
2344 24 0.220856
2345 24 0.279773
2346 24 0.147479
2347 24 0.181239
2348 24 0.194958
2349 24 0.152923
2350 24 0.127892
2351 24 0.159290
2352 24 0.170224
2353 24 0.135499
2354 24 0.132272
2355 24 0.149718
2356 24 0.160674
2357 24 0.193399
2358 24 0.220187
2359 24 0.154804
2360 24 0.183980
2361 24 0.159857
2362 24 0.139148
2363 24 0.164951
2364 24 0.154577
2365 24 0.174059
2366 24 0.171061
2367 24 0.195042
2368 24 0.162866
2369 24 0.159123
2370 24 0.093702
2371 24 0.193263
2372 24 0.155614
2373 24 0.172380
2374 24 0.118942
2375 24 0.219447
2376 24 0.117791
2377 24 0.172593
2378 24 0.154507
2379 24 0.183577
2380 24 0.176817
2381 24 0.178227
2382 24 0.106170
2383 24 0.137155
2384 24 0.134148
2385 24 0.164514
2386 24 0.060594
2387 24 0.201914
2388 24 0.186446
2389 24 0.167423
2390 24 0.149324
2391 24 0.137368
2392 24 0.156029
2393 24 0.222240
2394 24 0.071346
2395 24 0.218892
2396 24 0.203937
2397 24 0.170030
2398 24 0.204094
2399 24 0.134944
2400 25 0.166741
2401 25 0.194815
2402 25 0.177015
2403 25 0.131689
2404 25 0.154830
2405 25 0.217630
2406 25 0.103496
2407 25 0.206179
2408 25 0.155384
2409 25 0.192881
2410 25 0.158416
2411 25 0.161852
2412 25 0.196232
2413 25 0.164716
2414 25 0.216160
2415 25 0.147145
2416 25 0.110580
2417 25 0.136674
2418 25 0.198440
2419 25 0.138847
2420 25 0.184328
2421 25 0.167327
2422 25 0.088178
2423 25 0.197522
2424 25 0.129786
2425 25 0.179166
2426 25 0.148816
2427 25 0.059648
2428 25 0.131271
2429 25 0.159671
2430 25 0.179470
2431 25 0.203172
2432 25 0.280527
2433 25 0.185869
2434 25 0.217490
2435 25 0.140558
2436 25 0.125172
2437 25 0.183699
2438 25 0.153591
2439 25 0.366724
2440 25 0.182442
2441 25 0.180115
2442 25 0.171525
2443 25 0.205954
2444 25 0.222483
2445 25 0.149092
2446 25 0.030196
2447 25 0.134504
2448 25 0.143164
2449 25 0.126335
2450 25 0.196915
2451 25 0.128766
2452 25 0.177909
2453 25 0.160113
2454 25 0.217818
2455 25 0.172089
2456 25 0.213615
2457 25 0.100467
2458 25 0.151282
2459 25 0.201399
2460 25 0.217810
2461 25 0.119523
2462 25 0.174791
2463 25 0.180459
2464 25 0.168689
2465 25 0.325365
2466 25 0.192517
2467 25 0.177611
2468 25 0.140964
2469 25 0.141357
2470 25 0.171515
2471 25 0.214533
2472 25 0.132451
2473 25 0.163096
2474 25 0.188711
2475 25 0.181412
2476 25 0.186583
2477 25 0.207736
2478 25 0.200227
2479 25 0.172371
2480 25 0.181500
2481 25 0.140149
2482 25 0.179015
2483 25 0.167435
2484 25 0.162198
2485 25 0.200310
2486 25 0.176420
2487 25 0.149611
2488 25 0.102108
2489 25 0.191235
2490 25 0.153405
2491 25 0.196570
2492 25 0.146915
2493 25 0.149342
2494 25 0.160823
2495 25 0.181879
2496 25 0.143176
2497 25 0.190714
2498 25 0.119632
2499 25 0.116157
2500 26 0.149891
2501 26 0.212277
2502 26 0.126561
2503 26 0.145286
2504 26 0.117358
2505 26 0.256355
2506 26 0.175597
2507 26 0.247229
2508 26 0.161177
2509 26 0.176009
2510 26 0.116320
2511 26 0.137776
2512 26 0.163801
2513 26 0.128413
2514 26 0.148143
2515 26 0.184445
2516 26 0.118239
2517 26 0.173541
2518 26 0.210707
2519 26 0.236806
2520 26 0.134518
2521 26 0.176264
2522 26 0.182260
2523 26 0.146167
2524 26 0.191422
2525 26 0.138317
2526 26 0.119645
2527 26 0.141728
2528 26 0.182943
2529 26 0.107035
2530 26 0.162189
2531 26 0.252931
2532 26 0.124763
2533 26 0.171952
2534 26 0.240986
2535 26 0.178015
2536 26 0.170005
2537 26 0.132594
2538 26 0.206594
2539 26 0.183283
2540 26 0.176335
2541 26 0.165326
2542 26 0.071169
2543 26 0.141782
2544 26 0.131723
2545 26 0.180128
2546 26 0.141729
2547 26 0.136840
2548 26 0.147908
2549 26 0.178493
2550 26 0.153807
2551 26 0.030157
2552 26 0.227375
2553 26 0.161333
2554 26 0.164464
2555 26 0.219489
2556 26 0.154642
2557 26 0.211671
2558 26 0.155898
2559 26 0.192514
2560 26 0.097051
2561 26 0.161649
2562 26 0.168981
2563 26 0.124810
2564 26 0.144489
2565 26 0.140833
2566 26 0.163226
2567 26 0.149057
2568 26 0.162108
2569 26 0.169514
2570 26 0.196748
2571 26 0.156772
2572 26 0.164439
2573 26 0.156688
2574 26 0.271585
2575 26 0.131424
2576 26 0.174849
2577 26 0.180061
2578 26 0.104133
2579 26 0.157266
2580 26 0.229143
2581 26 0.185482
2582 26 0.166286
2583 26 0.145557
2584 26 0.151587
2585 26 0.137032
2586 26 0.141904
2587 26 0.173431
2588 26 0.216069
2589 26 0.146631
2590 26 0.170253
2591 26 0.208732
2592 26 0.033184
2593 26 0.147846
2594 26 0.332391
2595 26 0.185548
2596 26 0.175155
2597 26 0.209166
2598 26 0.401197
2599 26 0.138041
2600 27 0.210735
2601 27 0.350593
2602 27 0.128835
2603 27 0.147711
2604 27 0.161520
2605 27 0.158781
2606 27 0.280622
2607 27 0.192374
2608 27 0.176838
2609 27 0.115796
2610 27 0.139973
2611 27 0.189397
2612 27 0.164919
2613 27 0.162301
2614 27 0.243982
2615 27 0.126086
2616 27 0.128850
2617 27 0.181942
2618 27 0.177445
2619 27 0.119643
2620 27 0.193605
2621 27 0.199187
2622 27 0.133662
2623 27 0.188294
2624 27 0.177271
2625 27 0.103962
2626 27 0.111195
2627 27 0.168676
2628 27 0.197143
2629 27 0.175448
2630 27 0.149963
2631 27 0.259333
2632 27 0.149329
2633 27 0.149626
2634 27 0.170532
2635 27 0.234084
2636 27 0.207819
2637 27 0.187399
2638 27 0.166407
2639 27 0.187212
2640 27 0.170590
2641 27 0.147688
2642 27 0.208198
2643 27 0.155205
2644 27 0.156064
2645 27 0.168598
2646 27 0.145387
2647 27 0.173074
2648 27 0.033160
2649 27 0.129304
2650 27 0.174220
2651 27 0.193430
2652 27 0.131242
2653 27 0.186791
2654 27 0.189339
2655 27 0.113311
2656 27 0.190320
2657 27 0.139117
2658 27 0.161078
2659 27 0.158005
2660 27 0.165167
2661 27 0.191165
2662 27 0.197046
2663 27 0.109521
2664 27 0.221645
2665 27 0.152741
2666 27 0.030101
2667 27 0.199907
2668 27 0.331035
2669 27 0.160828
2670 27 0.150829
2671 27 0.137355
2672 27 0.146739
2673 27 0.173609
2674 27 0.155858
2675 27 0.117009
2676 27 0.140827
2677 27 0.185887
2678 27 0.184677
2679 27 0.215984
2680 27 0.242257
2681 27 0.153493
2682 27 0.138891
2683 27 0.149485
2684 27 0.071022
2685 27 0.195797
2686 27 0.140563
2687 27 0.119587
2688 27 0.219053
2689 27 0.213403
2690 27 0.174510
2691 27 0.209683
2692 27 0.175287
2693 27 0.142074
2694 27 0.119379
2695 27 0.126022
2696 27 0.125230
2697 27 0.117361
2698 27 0.204487
2699 27 0.112851
2700 28 0.147338
2701 28 0.147696
2702 28 0.132382
2703 28 0.148039
2704 28 0.264170
2705 28 0.154269
2706 28 0.133564
2707 28 0.153369
2708 28 0.146227
2709 28 0.175466
2710 28 0.125353
2711 28 0.185952
2712 28 0.162379
2713 28 0.030047
2714 28 0.157204
2715 28 0.103082
2716 28 0.140962
2717 28 0.151891
2718 28 0.130360
2719 28 0.144659
2720 28 0.136798
2721 28 0.163095
2722 28 0.160246
2723 28 0.190427
2724 28 0.070918
2725 28 0.128609
2726 28 0.162998
2727 28 0.235572
2728 28 0.196766
2729 28 0.163952
2730 28 0.162139
2731 28 0.272059
2732 28 0.160807
2733 28 0.122900
2734 28 0.165104
2735 28 0.370085
2736 28 0.157266
2737 28 0.149686
2738 28 0.106327
2739 28 0.167381
2740 28 0.136392
2741 28 0.198711
2742 28 0.169860
2743 28 0.138761
2744 28 0.238776
2745 28 0.176645
2746 28 0.129689
2747 28 0.222067
2748 28 0.200157
2749 28 0.219660
2750 28 0.139520
2751 28 0.162101
2752 28 0.111869
2753 28 0.229778
2754 28 0.139019
2755 28 0.151102
2756 28 0.133990
2757 28 0.178503
2758 28 0.141713
2759 28 0.190769
2760 28 0.149152
2761 28 0.181010
2762 28 0.171267
2763 28 0.182403
2764 28 0.125768
2765 28 0.096723
2766 28 0.033048
2767 28 0.156664
2768 28 0.161606
2769 28 0.228615
2770 28 0.139573
2771 28 0.189637
2772 28 0.196217
2773 28 0.171177
2774 28 0.151779
2775 28 0.136935
2776 28 0.173317
2777 28 0.195600
2778 28 0.157515
2779 28 0.328297
2780 28 0.255943
2781 28 0.123204
2782 28 0.217252
2783 28 0.160960
2784 28 0.157588
2785 28 0.119418
2786 28 0.201249
2787 28 0.184090
2788 28 0.114248
2789 28 0.167294
2790 28 0.183135
2791 28 0.124518
2792 28 0.182443
2793 28 0.131115
2794 28 0.195662
2795 28 0.200886
2796 28 0.201600
2797 28 0.201980
2798 28 0.089264
2799 28 0.173468
2800 29 0.126110
2801 29 0.130647
2802 29 0.130023
2803 29 0.103870
2804 29 0.091633
2805 29 0.209122
2806 29 0.123541
2807 29 0.179345
2808 29 0.138920
2809 29 0.189173
2810 29 0.151812
2811 29 0.208661
2812 29 0.185905
2813 29 0.130537
2814 29 0.169672
2815 29 0.190476
2816 29 0.178333
2817 29 0.232113
2818 29 0.152287
2819 29 0.139680
2820 29 0.120803
2821 29 0.189257
2822 29 0.363340
2823 29 0.210718
2824 29 0.151719
2825 29 0.227443
2826 29 0.222816
2827 29 0.177883
2828 29 0.083483
2829 29 0.157398
2830 29 0.155728
2831 29 0.161925
2832 29 0.161930
2833 29 0.178883
2834 29 0.118907
2835 29 0.166144
2836 29 0.155152
2837 29 0.135833
2838 29 0.128936
2839 29 0.127777
2840 29 0.173897
2841 29 0.200441
2842 29 0.157491
2843 29 0.183339
2844 29 0.162715
2845 29 0.146966
2846 29 0.218100
2847 29 0.123611
2848 29 0.212111
2849 29 0.176946
2850 29 0.414771
2851 29 0.156536
2852 29 0.186800
2853 29 0.135681
2854 29 0.104692
2855 29 0.145191
2856 29 0.191801
2857 29 0.168860
2858 29 0.171054
2859 29 0.154770
2860 29 0.109888
2861 29 0.123143
2862 29 0.029966
2863 29 0.172965
2864 29 0.212872
2865 29 0.118702
2866 29 0.131697
2867 29 0.180215
2868 29 0.164301
2869 29 0.149032
2870 29 0.219128
2871 29 0.129891
2872 29 0.243321
2873 29 0.161812
2874 29 0.179950
2875 29 0.204529
2876 29 0.209289
2877 29 0.145987
2878 29 0.160310
2879 29 0.121888
2880 29 0.155770
2881 29 0.183157
2882 29 0.133399
2883 29 0.129298
2884 29 0.166085
2885 29 0.161246
2886 29 0.169921
2887 29 0.188401
2888 29 0.180463
2889 29 0.153384
2890 29 0.226438
2891 29 0.124785
2892 29 0.140529
2893 29 0.088825
2894 29 0.208059
2895 29 0.163968
2896 29 0.145072
2897 29 0.152117
2898 29 0.182236
2899 29 0.268303
2900 30 0.032984
2901 30 0.180006
2902 30 0.158476
2903 30 0.160462
2904 30 0.165106
2905 30 0.143004
2906 30 0.179600
2907 30 0.152113
2908 30 0.160767
2909 30 0.171767
2910 30 0.119016
2911 30 0.157113
2912 30 0.139907
2913 30 0.110716
2914 30 0.164938
2915 30 0.136202
2916 30 0.180276
2917 30 0.197840
2918 30 0.165981
2919 30 0.183905
2920 30 0.201361
2921 30 0.211180
2922 30 0.124566
2923 30 0.142212
2924 30 0.207125
2925 30 0.158544
2926 30 0.177431
2927 30 0.178527
2928 30 0.070636
2929 30 0.119974
2930 30 0.165728
2931 30 0.223378
2932 30 0.171400
2933 30 0.161798
2934 30 0.181655
2935 30 0.194405
2936 30 0.198426
2937 30 0.128469
2938 30 0.098116
2939 30 0.029869
2940 30 0.129342
2941 30 0.124067
2942 30 0.189428
2943 30 0.139873
2944 30 0.148402
2945 30 0.098800
2946 30 0.194499
2947 30 0.305794
2948 30 0.178012
2949 30 0.139622
2950 30 0.185922
2951 30 0.169004
2952 30 0.352250
2953 30 0.163095
2954 30 0.149253
2955 30 0.118432
2956 30 0.125883
2957 30 0.118741
2958 30 0.201466
2959 30 0.117045
2960 30 0.167522
2961 30 0.182249
2962 30 0.152147
2963 30 0.136193
2964 30 0.123165
2965 30 0.143188
2966 30 0.120654
2967 30 0.137092
2968 30 0.111439
2969 30 0.189023
2970 30 0.230845
2971 30 0.135315
2972 30 0.158481
2973 30 0.167858
2974 30 0.235166
2975 30 0.201412
2976 30 0.184528
2977 30 0.192679
2978 30 0.109577
2979 30 0.119173
2980 30 0.127298
2981 30 0.121559
2982 30 0.164111
2983 30 0.126543
2984 30 0.159658
2985 30 0.167306
2986 30 0.105173
2987 30 0.154134
2988 30 0.252493
2989 30 0.149411
2990 30 0.197225
2991 30 0.121326
2992 30 0.119378
2993 30 0.170462
2994 30 0.160657
2995 30 0.138645
2996 30 0.178424
2997 30 0.157589
2998 30 0.159557
2999 30 0.128733
