# Batch convergence for: model=snn-ae encoding=latency architecture=conv1d v_th=1 alpha=0.8 run=2
batch_num epoch batch_loss
0 1 0.761806
1 1 0.792779
2 1 1.059158
3 1 0.673533
4 1 1.289347
5 1 1.047400
6 1 1.010473
7 1 0.956406
8 1 0.871788
9 1 1.096230
10 1 0.997811
11 1 0.605784
12 1 1.005680
13 1 0.941162
14 1 0.794092
15 1 0.827781
16 1 0.793909
17 1 0.972181
18 1 0.983569
19 1 0.601490
20 1 0.840200
21 1 0.132413
22 1 0.924083
23 1 0.752164
24 1 0.585785
25 1 0.873346
26 1 0.690842
27 1 0.882480
28 1 0.802854
29 1 0.746605
30 1 0.620260
31 1 0.785086
32 1 0.723369
33 1 0.791890
34 1 0.839005
35 1 0.604286
36 1 0.977818
37 1 0.722932
38 1 0.840829
39 1 0.661026
40 1 0.765358
41 1 0.755456
42 1 0.771796
43 1 0.765382
44 1 0.648813
45 1 0.801398
46 1 0.565843
47 1 0.700715
48 1 0.885783
49 1 0.794257
50 1 0.137936
51 1 0.755098
52 1 0.557929
53 1 0.272489
54 1 1.063503
55 1 0.701220
56 1 0.733733
57 1 0.890027
58 1 0.593222
59 1 0.793812
60 1 0.685700
61 1 0.751019
62 1 0.749099
63 1 0.757999
64 1 0.679624
65 1 0.509941
66 1 0.051015
67 1 0.733800
68 1 0.707942
69 1 0.648953
70 1 0.796912
71 1 0.532915
72 1 0.028415
73 1 0.664948
74 1 0.649502
75 1 0.708053
76 1 0.644533
77 1 0.653550
78 1 0.530773
79 1 0.501715
80 1 1.090742
81 1 0.599169
82 1 0.488326
83 1 0.689970
84 1 0.628226
85 1 0.752283
86 1 0.607259
87 1 0.892243
88 1 0.569798
89 1 0.582161
90 1 0.410058
91 1 0.673103
92 1 0.392479
93 1 0.514762
94 1 0.547512
95 1 0.659771
96 1 0.681791
97 1 0.436130
98 1 0.622000
99 1 0.464956
100 2 0.519240
101 2 0.613241
102 2 0.610311
103 2 0.670343
104 2 0.638528
105 2 0.712612
106 2 0.513908
107 2 0.572588
108 2 0.491587
109 2 0.701769
110 2 0.501765
111 2 0.109081
112 2 0.576884
113 2 0.927093
114 2 0.463033
115 2 0.529718
116 2 0.518719
117 2 0.546590
118 2 0.394188
119 2 0.577175
120 2 0.681351
121 2 0.672506
122 2 0.503610
123 2 0.619214
124 2 0.528591
125 2 0.596177
126 2 0.637857
127 2 0.770132
128 2 0.552325
129 2 0.679838
130 2 0.525898
131 2 0.522132
132 2 0.567987
133 2 0.546207
134 2 0.501143
135 2 0.822674
136 2 0.534933
137 2 0.442412
138 2 0.599914
139 2 0.615038
140 2 0.454051
141 2 0.613170
142 2 0.639475
143 2 0.457076
144 2 0.654972
145 2 0.580064
146 2 0.620981
147 2 0.475209
148 2 0.651214
149 2 0.668314
150 2 0.305131
151 2 0.629123
152 2 0.578889
153 2 0.498565
154 2 0.484527
155 2 0.024187
156 2 0.702229
157 2 0.522566
158 2 0.626991
159 2 0.512361
160 2 0.513470
161 2 0.454271
162 2 0.394803
163 2 0.663518
164 2 0.515377
165 2 0.476974
166 2 0.027932
167 2 0.567404
168 2 0.596539
169 2 0.581369
170 2 0.447702
171 2 0.610659
172 2 0.620238
173 2 0.475896
174 2 0.561239
175 2 0.516343
176 2 0.657625
177 2 0.159901
178 2 0.602460
179 2 0.571507
180 2 0.589442
181 2 0.482925
182 2 0.475920
183 2 0.602050
184 2 0.612590
185 2 0.068925
186 2 0.651458
187 2 0.526389
188 2 0.460794
189 2 0.605993
190 2 0.642897
191 2 0.395059
192 2 0.640411
193 2 0.518479
194 2 0.990042
195 2 0.639527
196 2 0.526606
197 2 0.552330
198 2 0.317638
199 2 0.633324
200 3 0.654055
201 3 0.546193
202 3 0.478737
203 3 0.458653
204 3 0.023999
205 3 0.638401
206 3 0.477583
207 3 0.435600
208 3 0.892251
209 3 0.457645
210 3 0.475338
211 3 0.419047
212 3 0.515551
213 3 0.504400
214 3 0.479869
215 3 0.428148
216 3 0.569011
217 3 0.384749
218 3 0.973646
219 3 0.027699
220 3 0.527372
221 3 0.486214
222 3 0.579330
223 3 0.670998
224 3 0.604281
225 3 0.436743
226 3 0.470695
227 3 0.536455
228 3 0.490253
229 3 0.299146
230 3 0.545336
231 3 0.106711
232 3 0.507056
233 3 0.564829
234 3 0.470260
235 3 0.488545
236 3 0.525792
237 3 0.605814
238 3 0.557620
239 3 0.556845
240 3 0.633696
241 3 0.483758
242 3 0.543685
243 3 0.541577
244 3 0.547934
245 3 0.462406
246 3 0.502982
247 3 0.569931
248 3 0.479635
249 3 0.478052
250 3 0.534666
251 3 0.558034
252 3 0.588114
253 3 0.442257
254 3 0.464084
255 3 0.580255
256 3 0.492434
257 3 0.461493
258 3 0.482912
259 3 0.655135
260 3 0.487383
261 3 0.510355
262 3 0.558693
263 3 0.665379
264 3 0.532335
265 3 0.517151
266 3 0.509839
267 3 0.435754
268 3 0.488881
269 3 0.706742
270 3 0.359857
271 3 0.389576
272 3 0.444172
273 3 0.627469
274 3 0.431014
275 3 0.626894
276 3 0.067876
277 3 0.200604
278 3 0.575515
279 3 0.580938
280 3 0.470068
281 3 0.449595
282 3 0.524898
283 3 0.491559
284 3 0.593787
285 3 0.646433
286 3 0.501843
287 3 0.546646
288 3 0.554894
289 3 0.491877
290 3 0.529604
291 3 0.641563
292 3 0.518174
293 3 0.454294
294 3 0.529397
295 3 0.391072
296 3 0.478135
297 3 0.530769
298 3 0.707749
299 3 0.561157
300 4 0.609745
301 4 0.435039
302 4 0.578297
303 4 0.474008
304 4 0.451658
305 4 0.557402
306 4 0.457623
307 4 0.439053
308 4 0.639310
309 4 0.468790
310 4 0.458821
311 4 0.495725
312 4 0.462898
313 4 0.507158
314 4 0.530079
315 4 0.510351
316 4 0.391379
317 4 0.410438
318 4 0.534240
319 4 0.635657
320 4 0.522785
321 4 0.423736
322 4 0.542784
323 4 0.516827
324 4 0.457822
325 4 0.559991
326 4 0.490889
327 4 0.491274
328 4 0.133722
329 4 0.467755
330 4 0.490087
331 4 0.487588
332 4 0.614211
333 4 0.446187
334 4 0.437207
335 4 0.564802
336 4 0.442863
337 4 0.551788
338 4 0.527299
339 4 0.437029
340 4 0.419475
341 4 0.481587
342 4 0.506396
343 4 0.049453
344 4 0.561804
345 4 0.594688
346 4 0.537445
347 4 0.570222
348 4 0.503192
349 4 0.453117
350 4 0.501715
351 4 0.352689
352 4 0.492512
353 4 0.500097
354 4 0.183325
355 4 0.457006
356 4 0.451525
357 4 0.596659
358 4 0.484932
359 4 0.091527
360 4 0.027223
361 4 0.584800
362 4 0.551912
363 4 0.465575
364 4 0.596365
365 4 0.549964
366 4 0.481523
367 4 0.459824
368 4 0.552718
369 4 0.446896
370 4 0.399090
371 4 0.249584
372 4 0.551617
373 4 0.612872
374 4 0.465917
375 4 0.450276
376 4 0.443573
377 4 0.509236
378 4 0.410245
379 4 0.513124
380 4 0.497188
381 4 0.463077
382 4 0.479965
383 4 0.859746
384 4 0.538748
385 4 0.474210
386 4 0.532986
387 4 0.549971
388 4 0.465613
389 4 0.468388
390 4 0.426026
391 4 0.502618
392 4 0.455529
393 4 0.671340
394 4 0.601777
395 4 0.823785
396 4 0.508729
397 4 0.553959
398 4 0.526036
399 4 0.377663
400 5 0.420219
401 5 0.506674
402 5 0.386597
403 5 0.400436
404 5 0.534224
405 5 0.370431
406 5 0.458956
407 5 0.590943
408 5 0.522280
409 5 0.464786
410 5 0.559057
411 5 0.950683
412 5 0.346317
413 5 0.096767
414 5 0.438823
415 5 0.497129
416 5 0.135713
417 5 0.432133
418 5 0.466348
419 5 0.483597
420 5 0.503790
421 5 0.162624
422 5 0.479001
423 5 0.462111
424 5 0.441481
425 5 0.592782
426 5 0.410185
427 5 0.392784
428 5 0.465243
429 5 0.439125
430 5 0.494077
431 5 0.551904
432 5 0.497009
433 5 0.431974
434 5 0.410989
435 5 0.521873
436 5 0.417864
437 5 0.429757
438 5 0.023411
439 5 0.449173
440 5 0.572272
441 5 0.440258
442 5 0.504468
443 5 0.388820
444 5 0.524283
445 5 0.474207
446 5 0.540605
447 5 0.428999
448 5 0.466807
449 5 0.483616
450 5 0.432529
451 5 0.479432
452 5 0.455629
453 5 0.027008
454 5 0.419578
455 5 0.407248
456 5 0.517123
457 5 0.430852
458 5 0.544498
459 5 0.417788
460 5 0.510071
461 5 0.478417
462 5 0.486152
463 5 0.410946
464 5 0.537607
465 5 0.473574
466 5 0.367942
467 5 0.353291
468 5 0.529038
469 5 0.400745
470 5 0.436250
471 5 0.451459
472 5 0.361244
473 5 0.475151
474 5 0.415204
475 5 0.563646
476 5 0.483969
477 5 0.434512
478 5 0.414295
479 5 0.404353
480 5 0.502512
481 5 0.782889
482 5 0.430230
483 5 0.515708
484 5 0.262931
485 5 0.445651
486 5 0.491650
487 5 0.523048
488 5 0.418511
489 5 0.404840
490 5 0.345790
491 5 0.555949
492 5 0.442043
493 5 0.470385
494 5 0.353703
495 5 0.499876
496 5 0.579597
497 5 0.392845
498 5 0.377995
499 5 0.509994
500 6 0.334077
501 6 0.113189
502 6 0.381986
503 6 0.317991
504 6 0.503806
505 6 0.490227
506 6 0.023331
507 6 0.421016
508 6 0.478083
509 6 0.471087
510 6 0.479009
511 6 0.507929
512 6 0.394786
513 6 0.480269
514 6 0.483365
515 6 0.450675
516 6 0.485143
517 6 0.411131
518 6 0.369512
519 6 0.437784
520 6 0.398912
521 6 0.493526
522 6 0.397010
523 6 0.498552
524 6 0.500945
525 6 0.399156
526 6 0.470370
527 6 0.517850
528 6 0.434369
529 6 0.465862
530 6 0.516271
531 6 0.352912
532 6 0.501033
533 6 0.372395
534 6 0.327192
535 6 0.428084
536 6 0.524484
537 6 0.333720
538 6 0.484699
539 6 0.455306
540 6 0.368675
541 6 0.446429
542 6 0.407766
543 6 0.437240
544 6 0.387627
545 6 0.422769
546 6 0.332282
547 6 0.460641
548 6 0.386839
549 6 0.359650
550 6 0.388912
551 6 0.252071
552 6 0.379268
553 6 0.318002
554 6 0.434601
555 6 0.359448
556 6 0.406739
557 6 0.396554
558 6 0.466588
559 6 0.026876
560 6 0.418674
561 6 0.334703
562 6 0.361029
563 6 0.407445
564 6 0.151892
565 6 0.387329
566 6 0.386249
567 6 0.524149
568 6 0.415060
569 6 0.430946
570 6 0.101530
571 6 0.505493
572 6 0.400233
573 6 0.358768
574 6 0.430223
575 6 0.344230
576 6 0.367728
577 6 0.398607
578 6 0.348913
579 6 0.367635
580 6 0.316958
581 6 0.692525
582 6 0.454135
583 6 0.306863
584 6 0.408476
585 6 0.329004
586 6 0.390565
587 6 0.411526
588 6 0.299457
589 6 0.432593
590 6 0.808440
591 6 0.377904
592 6 0.311730
593 6 0.421232
594 6 0.336198
595 6 0.566391
596 6 0.374984
597 6 0.433283
598 6 0.443348
599 6 0.498539
600 7 0.360268
601 7 0.414521
602 7 0.325063
603 7 0.485045
604 7 0.023276
605 7 0.366561
606 7 0.354783
607 7 0.493037
608 7 0.368507
609 7 0.408910
610 7 0.452215
611 7 0.429554
612 7 0.442905
613 7 0.333663
614 7 0.353866
615 7 0.319511
616 7 0.372117
617 7 0.272270
618 7 0.359676
619 7 0.309584
620 7 0.203446
621 7 0.336512
622 7 0.327674
623 7 0.387346
624 7 0.390428
625 7 0.394844
626 7 0.381838
627 7 0.405573
628 7 0.304123
629 7 0.428165
630 7 0.372799
631 7 0.316506
632 7 0.319328
633 7 0.346524
634 7 0.347476
635 7 0.309737
636 7 0.065166
637 7 0.422667
638 7 0.342297
639 7 0.365646
640 7 0.408833
641 7 0.367650
642 7 0.454286
643 7 0.308241
644 7 0.313154
645 7 0.250550
646 7 0.328833
647 7 0.410048
648 7 0.475928
649 7 0.100743
650 7 0.318188
651 7 0.393409
652 7 0.491631
653 7 0.360020
654 7 0.318394
655 7 0.367875
656 7 0.338594
657 7 0.375443
658 7 0.383771
659 7 0.341312
660 7 0.333892
661 7 0.372979
662 7 0.414245
663 7 0.344986
664 7 0.381409
665 7 0.368323
666 7 0.337267
667 7 0.316876
668 7 0.451007
669 7 0.339583
670 7 0.394429
671 7 0.415935
672 7 0.676606
673 7 0.670855
674 7 0.328742
675 7 0.434093
676 7 0.325803
677 7 0.355551
678 7 0.403663
679 7 0.373679
680 7 0.315472
681 7 0.298934
682 7 0.407895
683 7 0.385104
684 7 0.419973
685 7 0.308235
686 7 0.361350
687 7 0.305505
688 7 0.380859
689 7 0.316113
690 7 0.296995
691 7 0.364916
692 7 0.312084
693 7 0.026798
694 7 0.310801
695 7 0.471341
696 7 0.309253
697 7 0.253566
698 7 0.407841
699 7 0.285716
700 8 0.471488
701 8 0.249177
702 8 0.303986
703 8 0.420870
704 8 0.395139
705 8 0.293438
706 8 0.251912
707 8 0.462845
708 8 0.275677
709 8 0.271537
710 8 0.407657
711 8 0.456262
712 8 0.284753
713 8 0.339275
714 8 0.332787
715 8 0.358410
716 8 0.572332
717 8 0.424940
718 8 0.372294
719 8 0.363578
720 8 0.354137
721 8 0.392164
722 8 0.342486
723 8 0.376294
724 8 0.324160
725 8 0.257543
726 8 0.350299
727 8 0.336406
728 8 0.331590
729 8 0.306025
730 8 0.279669
731 8 0.323759
732 8 0.291321
733 8 0.321626
734 8 0.363831
735 8 0.252667
736 8 0.389940
737 8 0.306047
738 8 0.306218
739 8 0.252559
740 8 0.259300
741 8 0.401663
742 8 0.258529
743 8 0.294792
744 8 0.311549
745 8 0.388640
746 8 0.026794
747 8 0.333329
748 8 0.345871
749 8 0.245970
750 8 0.275990
751 8 0.317247
752 8 0.259784
753 8 0.282340
754 8 0.378643
755 8 0.297216
756 8 0.347951
757 8 0.274155
758 8 0.299531
759 8 0.272667
760 8 0.275050
761 8 0.309121
762 8 0.407083
763 8 0.276937
764 8 0.283626
765 8 0.361468
766 8 0.288003
767 8 0.300067
768 8 0.323021
769 8 0.064734
770 8 0.338493
771 8 0.295794
772 8 0.353045
773 8 0.340749
774 8 0.251330
775 8 0.274621
776 8 0.309127
777 8 0.270569
778 8 0.237643
779 8 0.338210
780 8 0.400326
781 8 0.211577
782 8 0.284551
783 8 0.121049
784 8 0.337608
785 8 0.293476
786 8 0.303116
787 8 0.317314
788 8 0.245877
789 8 0.023274
790 8 0.281642
791 8 0.277256
792 8 0.291516
793 8 0.580016
794 8 0.357487
795 8 0.241715
796 8 0.342982
797 8 0.210275
798 8 0.344897
799 8 0.391845
800 9 0.261277
801 9 0.299394
802 9 0.305930
803 9 0.262126
804 9 0.348332
805 9 0.256480
806 9 0.303529
807 9 0.255582
808 9 0.264428
809 9 0.280716
810 9 0.286569
811 9 0.365561
812 9 0.373566
813 9 0.274330
814 9 0.265734
815 9 0.307566
816 9 0.220013
817 9 0.269798
818 9 0.575187
819 9 0.232387
820 9 0.302191
821 9 0.214829
822 9 0.186381
823 9 0.326330
824 9 0.292410
825 9 0.281520
826 9 0.336804
827 9 0.310302
828 9 0.396454
829 9 0.345487
830 9 0.023292
831 9 0.301442
832 9 0.219321
833 9 0.213460
834 9 0.317934
835 9 0.081435
836 9 0.253251
837 9 0.234202
838 9 0.261229
839 9 0.229998
840 9 0.335124
841 9 0.371718
842 9 0.278168
843 9 0.253878
844 9 0.323470
845 9 0.259857
846 9 0.276807
847 9 0.253180
848 9 0.152337
849 9 0.251940
850 9 0.218296
851 9 0.340710
852 9 0.236975
853 9 0.332483
854 9 0.306450
855 9 0.235095
856 9 0.243149
857 9 0.187682
858 9 0.269323
859 9 0.293349
860 9 0.308369
861 9 0.251447
862 9 0.302727
863 9 0.241170
864 9 0.026779
865 9 0.249545
866 9 0.355582
867 9 0.222835
868 9 0.253640
869 9 0.248262
870 9 0.223496
871 9 0.190910
872 9 0.299092
873 9 0.272515
874 9 0.253926
875 9 0.321978
876 9 0.252504
877 9 0.293076
878 9 0.341815
879 9 0.240378
880 9 0.285419
881 9 0.232989
882 9 0.250460
883 9 0.277933
884 9 0.236582
885 9 0.252279
886 9 0.118376
887 9 0.245352
888 9 0.246858
889 9 0.188428
890 9 0.201889
891 9 0.552742
892 9 0.251828
893 9 0.248777
894 9 0.178599
895 9 0.300101
896 9 0.235411
897 9 0.216333
898 9 0.242005
899 9 0.308639
900 10 0.235301
901 10 0.224706
902 10 0.223724
903 10 0.229673
904 10 0.259861
905 10 0.268682
906 10 0.227110
907 10 0.271778
908 10 0.199211
909 10 0.250789
910 10 0.165176
911 10 0.300628
912 10 0.246950
913 10 0.205613
914 10 0.246201
915 10 0.249195
916 10 0.215173
917 10 0.257577
918 10 0.278037
919 10 0.236566
920 10 0.222348
921 10 0.257908
922 10 0.269619
923 10 0.262505
924 10 0.304008
925 10 0.218064
926 10 0.251175
927 10 0.253523
928 10 0.272044
929 10 0.240316
930 10 0.230238
931 10 0.276540
932 10 0.293597
933 10 0.187798
934 10 0.284411
935 10 0.202015
936 10 0.242218
937 10 0.239371
938 10 0.275275
939 10 0.223015
940 10 0.267313
941 10 0.206983
942 10 0.296142
943 10 0.023319
944 10 0.276360
945 10 0.276915
946 10 0.263481
947 10 0.252737
948 10 0.138564
949 10 0.207760
950 10 0.183916
951 10 0.258510
952 10 0.208598
953 10 0.254392
954 10 0.286288
955 10 0.498082
956 10 0.268735
957 10 0.147660
958 10 0.192734
959 10 0.207581
960 10 0.183999
961 10 0.253738
962 10 0.237921
963 10 0.261364
964 10 0.230199
965 10 0.211409
966 10 0.229442
967 10 0.248596
968 10 0.208354
969 10 0.273936
970 10 0.026793
971 10 0.223670
972 10 0.218808
973 10 0.140082
974 10 0.232134
975 10 0.250399
976 10 0.211434
977 10 0.233141
978 10 0.172147
979 10 0.292515
980 10 0.315471
981 10 0.199885
982 10 0.244090
983 10 0.091795
984 10 0.306592
985 10 0.234651
986 10 0.214300
987 10 0.213761
988 10 0.224350
989 10 0.213670
990 10 0.176672
991 10 0.253274
992 10 0.262029
993 10 0.155775
994 10 0.308246
995 10 0.278586
996 10 0.206357
997 10 0.283716
998 10 0.475988
999 10 0.267838
1000 11 0.421115
1001 11 0.221341
1002 11 0.236490
1003 11 0.225637
1004 11 0.280284
1005 11 0.207041
1006 11 0.120070
1007 11 0.248561
1008 11 0.240541
1009 11 0.205501
1010 11 0.246998
1011 11 0.248959
1012 11 0.156112
1013 11 0.464596
1014 11 0.149706
1015 11 0.249779
1016 11 0.230911
1017 11 0.153271
1018 11 0.264161
1019 11 0.188351
1020 11 0.223517
1021 11 0.206154
1022 11 0.236541
1023 11 0.157726
1024 11 0.201538
1025 11 0.211768
1026 11 0.185253
1027 11 0.165954
1028 11 0.259742
1029 11 0.261190
1030 11 0.207066
1031 11 0.243472
1032 11 0.167224
1033 11 0.284187
1034 11 0.257893
1035 11 0.216137
1036 11 0.175214
1037 11 0.023336
1038 11 0.200422
1039 11 0.201050
1040 11 0.246864
1041 11 0.234941
1042 11 0.216353
1043 11 0.199241
1044 11 0.215982
1045 11 0.152922
1046 11 0.189169
1047 11 0.222489
1048 11 0.212030
1049 11 0.149688
1050 11 0.026800
1051 11 0.276469
1052 11 0.159010
1053 11 0.209982
1054 11 0.308063
1055 11 0.187764
1056 11 0.195624
1057 11 0.157393
1058 11 0.280419
1059 11 0.169526
1060 11 0.272194
1061 11 0.192070
1062 11 0.247059
1063 11 0.253707
1064 11 0.240781
1065 11 0.268157
1066 11 0.188432
1067 11 0.196056
1068 11 0.230553
1069 11 0.165396
1070 11 0.064315
1071 11 0.217917
1072 11 0.219046
1073 11 0.157513
1074 11 0.234656
1075 11 0.146022
1076 11 0.233770
1077 11 0.218446
1078 11 0.254383
1079 11 0.274668
1080 11 0.275966
1081 11 0.218030
1082 11 0.167379
1083 11 0.242758
1084 11 0.229805
1085 11 0.208440
1086 11 0.196399
1087 11 0.181929
1088 11 0.213171
1089 11 0.255267
1090 11 0.157863
1091 11 0.210557
1092 11 0.182001
1093 11 0.211816
1094 11 0.235929
1095 11 0.196210
1096 11 0.188993
1097 11 0.202652
1098 11 0.152242
1099 11 0.201384
1100 12 0.197136
1101 12 0.230986
1102 12 0.206868
1103 12 0.204282
1104 12 0.213922
1105 12 0.165146
1106 12 0.219447
1107 12 0.120741
1108 12 0.245358
1109 12 0.213219
1110 12 0.169407
1111 12 0.195837
1112 12 0.207821
1113 12 0.251399
1114 12 0.235717
1115 12 0.248277
1116 12 0.117500
1117 12 0.254132
1118 12 0.231040
1119 12 0.227873
1120 12 0.189755
1121 12 0.169819
1122 12 0.191897
1123 12 0.211338
1124 12 0.264424
1125 12 0.236533
1126 12 0.184787
1127 12 0.142088
1128 12 0.286712
1129 12 0.172160
1130 12 0.155167
1131 12 0.158654
1132 12 0.278425
1133 12 0.154895
1134 12 0.181462
1135 12 0.231825
1136 12 0.199048
1137 12 0.216809
1138 12 0.208238
1139 12 0.193296
1140 12 0.175976
1141 12 0.169012
1142 12 0.248659
1143 12 0.191622
1144 12 0.182735
1145 12 0.167988
1146 12 0.249802
1147 12 0.183579
1148 12 0.186200
1149 12 0.256629
1150 12 0.251085
1151 12 0.292228
1152 12 0.023351
1153 12 0.123169
1154 12 0.140468
1155 12 0.151360
1156 12 0.196644
1157 12 0.197890
1158 12 0.049082
1159 12 0.187398
1160 12 0.226876
1161 12 0.216696
1162 12 0.123675
1163 12 0.230580
1164 12 0.197002
1165 12 0.210804
1166 12 0.151872
1167 12 0.392227
1168 12 0.233281
1169 12 0.184703
1170 12 0.130601
1171 12 0.161331
1172 12 0.171442
1173 12 0.079504
1174 12 0.226720
1175 12 0.197584
1176 12 0.167385
1177 12 0.188671
1178 12 0.168967
1179 12 0.264592
1180 12 0.173673
1181 12 0.184622
1182 12 0.229061
1183 12 0.136587
1184 12 0.392188
1185 12 0.177134
1186 12 0.192670
1187 12 0.179503
1188 12 0.254133
1189 12 0.184672
1190 12 0.191311
1191 12 0.229923
1192 12 0.150938
1193 12 0.154270
1194 12 0.147810
1195 12 0.154649
1196 12 0.193780
1197 12 0.204450
1198 12 0.194408
1199 12 0.195543
1200 13 0.219970
1201 13 0.138915
1202 13 0.243048
1203 13 0.118149
1204 13 0.233821
1205 13 0.239710
1206 13 0.191546
1207 13 0.205365
1208 13 0.199389
1209 13 0.253061
1210 13 0.233576
1211 13 0.156102
1212 13 0.247396
1213 13 0.163462
1214 13 0.205456
1215 13 0.164341
1216 13 0.232308
1217 13 0.189743
1218 13 0.162784
1219 13 0.132301
1220 13 0.207860
1221 13 0.198041
1222 13 0.194481
1223 13 0.193680
1224 13 0.265472
1225 13 0.026799
1226 13 0.185484
1227 13 0.176873
1228 13 0.186650
1229 13 0.102705
1230 13 0.271266
1231 13 0.209235
1232 13 0.127893
1233 13 0.209652
1234 13 0.207510
1235 13 0.192632
1236 13 0.161624
1237 13 0.206484
1238 13 0.179067
1239 13 0.192902
1240 13 0.157842
1241 13 0.192036
1242 13 0.216740
1243 13 0.170805
1244 13 0.199282
1245 13 0.153938
1246 13 0.192762
1247 13 0.147602
1248 13 0.160667
1249 13 0.220171
1250 13 0.222767
1251 13 0.193939
1252 13 0.194684
1253 13 0.180514
1254 13 0.199265
1255 13 0.253131
1256 13 0.192378
1257 13 0.197603
1258 13 0.178079
1259 13 0.204603
1260 13 0.200819
1261 13 0.190705
1262 13 0.300540
1263 13 0.198001
1264 13 0.123698
1265 13 0.196174
1266 13 0.178158
1267 13 0.138139
1268 13 0.210319
1269 13 0.203581
1270 13 0.134981
1271 13 0.188137
1272 13 0.170347
1273 13 0.219350
1274 13 0.164155
1275 13 0.220602
1276 13 0.196927
1277 13 0.224056
1278 13 0.253058
1279 13 0.159640
1280 13 0.188016
1281 13 0.107873
1282 13 0.173418
1283 13 0.164308
1284 13 0.149367
1285 13 0.176554
1286 13 0.120722
1287 13 0.143926
1288 13 0.141087
1289 13 0.240916
1290 13 0.201770
1291 13 0.104258
1292 13 0.190885
1293 13 0.149359
1294 13 0.374453
1295 13 0.416069
1296 13 0.213021
1297 13 0.119026
1298 13 0.083117
1299 13 0.210296
1300 14 0.202140
1301 14 0.403840
1302 14 0.273763
1303 14 0.164990
1304 14 0.169685
1305 14 0.188786
1306 14 0.185878
1307 14 0.169637
1308 14 0.212138
1309 14 0.168784
1310 14 0.313508
1311 14 0.178779
1312 14 0.106649
1313 14 0.173920
1314 14 0.148717
1315 14 0.175501
1316 14 0.219457
1317 14 0.140666
1318 14 0.229254
1319 14 0.082357
1320 14 0.181527
1321 14 0.156218
1322 14 0.189457
1323 14 0.136708
1324 14 0.026787
1325 14 0.160141
1326 14 0.180444
1327 14 0.170430
1328 14 0.142030
1329 14 0.158569
1330 14 0.177842
1331 14 0.202947
1332 14 0.152621
1333 14 0.230121
1334 14 0.203091
1335 14 0.230810
1336 14 0.205593
1337 14 0.158268
1338 14 0.191422
1339 14 0.147150
1340 14 0.133938
1341 14 0.176201
1342 14 0.133113
1343 14 0.366780
1344 14 0.194759
1345 14 0.182203
1346 14 0.182116
1347 14 0.126172
1348 14 0.140827
1349 14 0.225167
1350 14 0.162529
1351 14 0.206202
1352 14 0.145430
1353 14 0.131611
1354 14 0.209826
1355 14 0.193490
1356 14 0.229608
1357 14 0.150191
1358 14 0.171059
1359 14 0.172092
1360 14 0.245769
1361 14 0.182689
1362 14 0.182006
1363 14 0.139058
1364 14 0.160250
1365 14 0.157736
1366 14 0.172020
1367 14 0.190402
1368 14 0.112348
1369 14 0.106994
1370 14 0.184302
1371 14 0.203501
1372 14 0.163377
1373 14 0.120133
1374 14 0.203380
1375 14 0.127775
1376 14 0.119542
1377 14 0.160919
1378 14 0.113264
1379 14 0.179298
1380 14 0.156504
1381 14 0.146919
1382 14 0.170155
1383 14 0.130669
1384 14 0.170608
1385 14 0.227407
1386 14 0.163707
1387 14 0.085000
1388 14 0.172833
1389 14 0.162573
1390 14 0.122323
1391 14 0.162310
1392 14 0.023335
1393 14 0.137495
1394 14 0.208831
1395 14 0.191752
1396 14 0.239773
1397 14 0.197192
1398 14 0.166611
1399 14 0.185649
1400 15 0.155792
1401 15 0.137160
1402 15 0.108932
1403 15 0.231022
1404 15 0.168538
1405 15 0.105286
1406 15 0.202659
1407 15 0.236322
1408 15 0.171393
1409 15 0.166008
1410 15 0.154345
1411 15 0.141649
1412 15 0.249176
1413 15 0.175936
1414 15 0.153933
1415 15 0.105160
1416 15 0.155258
1417 15 0.172147
1418 15 0.064132
1419 15 0.155275
1420 15 0.162120
1421 15 0.121380
1422 15 0.204469
1423 15 0.255080
1424 15 0.146471
1425 15 0.116122
1426 15 0.157059
1427 15 0.117108
1428 15 0.229202
1429 15 0.160565
1430 15 0.172391
1431 15 0.185696
1432 15 0.126145
1433 15 0.026776
1434 15 0.086168
1435 15 0.197184
1436 15 0.203828
1437 15 0.179290
1438 15 0.199327
1439 15 0.121404
1440 15 0.157463
1441 15 0.115724
1442 15 0.188167
1443 15 0.164174
1444 15 0.184008
1445 15 0.218125
1446 15 0.159170
1447 15 0.210990
1448 15 0.146080
1449 15 0.112673
1450 15 0.204858
1451 15 0.180679
1452 15 0.206390
1453 15 0.206261
1454 15 0.119026
1455 15 0.183812
1456 15 0.171500
1457 15 0.173212
1458 15 0.135661
1459 15 0.235649
1460 15 0.241837
1461 15 0.131967
1462 15 0.105131
1463 15 0.023331
1464 15 0.161223
1465 15 0.146501
1466 15 0.162292
1467 15 0.369024
1468 15 0.180459
1469 15 0.180441
1470 15 0.146589
1471 15 0.402195
1472 15 0.181334
1473 15 0.213183
1474 15 0.159182
1475 15 0.158373
1476 15 0.191670
1477 15 0.179447
1478 15 0.139763
1479 15 0.272763
1480 15 0.185012
1481 15 0.239535
1482 15 0.122936
1483 15 0.119948
1484 15 0.086120
1485 15 0.234233
1486 15 0.070249
1487 15 0.172313
1488 15 0.196019
1489 15 0.160925
1490 15 0.099233
1491 15 0.163406
1492 15 0.156717
1493 15 0.206245
1494 15 0.167996
1495 15 0.155439
1496 15 0.162387
1497 15 0.173640
1498 15 0.148871
1499 15 0.149734
1500 16 0.159736
1501 16 0.090552
1502 16 0.173721
1503 16 0.136811
1504 16 0.121153
1505 16 0.072689
1506 16 0.023322
1507 16 0.178989
1508 16 0.190110
1509 16 0.125895
1510 16 0.135386
1511 16 0.164579
1512 16 0.154007
1513 16 0.216945
1514 16 0.217093
1515 16 0.176785
1516 16 0.181331
1517 16 0.154618
1518 16 0.164663
1519 16 0.136993
1520 16 0.090355
1521 16 0.191875
1522 16 0.229035
1523 16 0.157184
1524 16 0.127477
1525 16 0.155339
1526 16 0.168651
1527 16 0.165508
1528 16 0.089333
1529 16 0.180702
1530 16 0.144513
1531 16 0.102133
1532 16 0.196737
1533 16 0.122469
1534 16 0.137020
1535 16 0.165186
1536 16 0.168133
1537 16 0.342145
1538 16 0.205365
1539 16 0.163490
1540 16 0.254840
1541 16 0.138284
1542 16 0.190843
1543 16 0.172835
1544 16 0.120228
1545 16 0.121619
1546 16 0.123633
1547 16 0.143513
1548 16 0.208467
1549 16 0.228825
1550 16 0.198623
1551 16 0.183586
1552 16 0.116714
1553 16 0.110378
1554 16 0.339750
1555 16 0.185724
1556 16 0.127429
1557 16 0.149624
1558 16 0.114875
1559 16 0.166233
1560 16 0.205539
1561 16 0.122407
1562 16 0.191653
1563 16 0.203286
1564 16 0.130268
1565 16 0.159371
1566 16 0.136225
1567 16 0.188833
1568 16 0.148306
1569 16 0.163048
1570 16 0.135690
1571 16 0.175709
1572 16 0.111510
1573 16 0.213010
1574 16 0.099052
1575 16 0.186081
1576 16 0.181091
1577 16 0.143595
1578 16 0.143946
1579 16 0.190335
1580 16 0.181105
1581 16 0.144538
1582 16 0.175811
1583 16 0.134640
1584 16 0.105854
1585 16 0.176249
1586 16 0.145350
1587 16 0.140299
1588 16 0.179961
1589 16 0.147076
1590 16 0.160266
1591 16 0.026747
1592 16 0.091359
1593 16 0.143394
1594 16 0.201966
1595 16 0.117315
1596 16 0.184726
1597 16 0.113732
1598 16 0.134781
1599 16 0.347885
1600 17 0.147754
1601 17 0.187215
1602 17 0.199320
1603 17 0.151706
1604 17 0.111639
1605 17 0.222658
1606 17 0.198340
1607 17 0.142645
1608 17 0.206714
1609 17 0.165940
1610 17 0.153613
1611 17 0.148120
1612 17 0.119042
1613 17 0.250375
1614 17 0.347008
1615 17 0.064014
1616 17 0.139178
1617 17 0.197490
1618 17 0.181433
1619 17 0.123202
1620 17 0.182186
1621 17 0.116910
1622 17 0.152638
1623 17 0.124466
1624 17 0.153909
1625 17 0.064525
1626 17 0.171078
1627 17 0.130666
1628 17 0.166776
1629 17 0.074979
1630 17 0.122660
1631 17 0.181983
1632 17 0.142214
1633 17 0.198092
1634 17 0.139548
1635 17 0.135542
1636 17 0.153722
1637 17 0.132638
1638 17 0.144112
1639 17 0.163269
1640 17 0.173465
1641 17 0.191945
1642 17 0.134828
1643 17 0.086332
1644 17 0.168816
1645 17 0.119436
1646 17 0.181854
1647 17 0.136026
1648 17 0.203548
1649 17 0.080664
1650 17 0.123757
1651 17 0.170925
1652 17 0.135704
1653 17 0.111545
1654 17 0.211108
1655 17 0.160349
1656 17 0.023300
1657 17 0.143733
1658 17 0.129768
1659 17 0.226730
1660 17 0.380558
1661 17 0.163917
1662 17 0.167552
1663 17 0.111018
1664 17 0.179377
1665 17 0.026727
1666 17 0.201211
1667 17 0.096907
1668 17 0.156312
1669 17 0.157672
1670 17 0.242233
1671 17 0.134879
1672 17 0.208463
1673 17 0.163743
1674 17 0.173890
1675 17 0.140831
1676 17 0.201678
1677 17 0.206966
1678 17 0.144153
1679 17 0.079778
1680 17 0.248414
1681 17 0.135249
1682 17 0.211919
1683 17 0.127372
1684 17 0.155747
1685 17 0.179178
1686 17 0.153698
1687 17 0.086048
1688 17 0.109764
1689 17 0.145930
1690 17 0.199255
1691 17 0.151837
1692 17 0.148006
1693 17 0.126938
1694 17 0.118536
1695 17 0.123952
1696 17 0.086970
1697 17 0.169443
1698 17 0.148473
1699 17 0.167744
1700 18 0.089738
1701 18 0.120430
1702 18 0.194477
1703 18 0.163185
1704 18 0.169767
1705 18 0.376989
1706 18 0.156786
1707 18 0.230005
1708 18 0.087541
1709 18 0.130838
1710 18 0.096587
1711 18 0.171695
1712 18 0.083735
1713 18 0.101363
1714 18 0.194881
1715 18 0.174100
1716 18 0.170904
1717 18 0.244569
1718 18 0.177206
1719 18 0.133766
1720 18 0.144531
1721 18 0.103390
1722 18 0.189462
1723 18 0.133966
1724 18 0.115380
1725 18 0.150868
1726 18 0.076900
1727 18 0.165462
1728 18 0.116841
1729 18 0.130664
1730 18 0.167990
1731 18 0.170763
1732 18 0.231696
1733 18 0.175240
1734 18 0.156916
1735 18 0.125374
1736 18 0.140205
1737 18 0.091428
1738 18 0.213172
1739 18 0.121047
1740 18 0.172925
1741 18 0.121248
1742 18 0.086626
1743 18 0.084169
1744 18 0.111417
1745 18 0.183006
1746 18 0.156355
1747 18 0.162112
1748 18 0.192289
1749 18 0.206996
1750 18 0.139206
1751 18 0.117848
1752 18 0.121997
1753 18 0.165226
1754 18 0.120666
1755 18 0.087384
1756 18 0.133081
1757 18 0.151744
1758 18 0.143318
1759 18 0.166130
1760 18 0.192223
1761 18 0.235124
1762 18 0.100434
1763 18 0.145985
1764 18 0.102185
1765 18 0.163047
1766 18 0.180440
1767 18 0.143082
1768 18 0.163143
1769 18 0.173489
1770 18 0.385856
1771 18 0.177436
1772 18 0.179722
1773 18 0.023268
1774 18 0.146003
1775 18 0.169632
1776 18 0.156839
1777 18 0.100545
1778 18 0.167201
1779 18 0.173988
1780 18 0.142066
1781 18 0.216346
1782 18 0.081893
1783 18 0.158198
1784 18 0.170300
1785 18 0.125629
1786 18 0.085411
1787 18 0.113312
1788 18 0.138892
1789 18 0.196632
1790 18 0.169671
1791 18 0.166554
1792 18 0.172872
1793 18 0.113637
1794 18 0.099954
1795 18 0.093016
1796 18 0.026685
1797 18 0.127233
1798 18 0.116824
1799 18 0.112270
1800 19 0.158825
1801 19 0.202896
1802 19 0.088404
1803 19 0.183326
1804 19 0.097640
1805 19 0.151032
1806 19 0.125278
1807 19 0.093459
1808 19 0.165834
1809 19 0.179187
1810 19 0.067096
1811 19 0.088768
1812 19 0.172252
1813 19 0.189210
1814 19 0.180177
1815 19 0.085171
1816 19 0.186761
1817 19 0.173465
1818 19 0.135731
1819 19 0.172034
1820 19 0.153477
1821 19 0.213968
1822 19 0.172836
1823 19 0.054271
1824 19 0.161480
1825 19 0.152028
1826 19 0.154601
1827 19 0.220132
1828 19 0.167158
1829 19 0.174131
1830 19 0.114159
1831 19 0.108962
1832 19 0.118471
1833 19 0.165766
1834 19 0.167107
1835 19 0.087434
1836 19 0.158458
1837 19 0.124813
1838 19 0.150451
1839 19 0.152613
1840 19 0.159550
1841 19 0.113705
1842 19 0.169194
1843 19 0.286592
1844 19 0.254702
1845 19 0.058159
1846 19 0.128139
1847 19 0.077088
1848 19 0.094372
1849 19 0.168014
1850 19 0.139609
1851 19 0.049361
1852 19 0.088685
1853 19 0.121205
1854 19 0.148435
1855 19 0.161804
1856 19 0.114929
1857 19 0.109749
1858 19 0.079216
1859 19 0.169630
1860 19 0.172879
1861 19 0.141558
1862 19 0.168746
1863 19 0.165046
1864 19 0.152393
1865 19 0.156374
1866 19 0.134009
1867 19 0.182083
1868 19 0.174577
1869 19 0.152349
1870 19 0.129535
1871 19 0.350551
1872 19 0.094682
1873 19 0.203129
1874 19 0.187902
1875 19 0.159139
1876 19 0.141322
1877 19 0.104562
1878 19 0.331923
1879 19 0.124451
1880 19 0.147094
1881 19 0.082347
1882 19 0.097656
1883 19 0.138955
1884 19 0.114011
1885 19 0.194217
1886 19 0.131550
1887 19 0.096895
1888 19 0.130180
1889 19 0.083285
1890 19 0.155638
1891 19 0.144288
1892 19 0.133098
1893 19 0.170200
1894 19 0.173594
1895 19 0.121720
1896 19 0.158723
1897 19 0.090748
1898 19 0.138302
1899 19 0.181105
1900 20 0.121995
1901 20 0.176076
1902 20 0.066055
1903 20 0.115835
1904 20 0.170192
1905 20 0.210615
1906 20 0.089395
1907 20 0.147209
1908 20 0.141315
1909 20 0.162749
1910 20 0.150862
1911 20 0.059616
1912 20 0.110089
1913 20 0.077598
1914 20 0.145877
1915 20 0.135894
1916 20 0.191038
1917 20 0.165720
1918 20 0.179774
1919 20 0.152040
1920 20 0.191609
1921 20 0.164737
1922 20 0.125613
1923 20 0.168285
1924 20 0.171090
1925 20 0.118097
1926 20 0.190018
1927 20 0.168178
1928 20 0.124957
1929 20 0.108418
1930 20 0.336107
1931 20 0.150765
1932 20 0.162076
1933 20 0.151494
1934 20 0.230798
1935 20 0.138119
1936 20 0.182294
1937 20 0.068445
1938 20 0.203274
1939 20 0.158673
1940 20 0.138825
1941 20 0.139033
1942 20 0.122052
1943 20 0.115450
1944 20 0.125169
1945 20 0.177637
1946 20 0.153126
1947 20 0.102428
1948 20 0.185116
1949 20 0.121352
1950 20 0.061876
1951 20 0.108355
1952 20 0.189668
1953 20 0.103382
1954 20 0.095975
1955 20 0.174271
1956 20 0.089347
1957 20 0.144128
1958 20 0.161841
1959 20 0.133170
1960 20 0.110894
1961 20 0.063798
1962 20 0.089589
1963 20 0.026611
1964 20 0.133141
1965 20 0.125041
1966 20 0.077451
1967 20 0.154944
1968 20 0.103072
1969 20 0.193021
1970 20 0.123525
1971 20 0.128074
1972 20 0.127403
1973 20 0.156663
1974 20 0.138293
1975 20 0.080961
1976 20 0.148126
1977 20 0.149354
1978 20 0.216850
1979 20 0.096858
1980 20 0.157166
1981 20 0.123713
1982 20 0.103344
1983 20 0.310457
1984 20 0.126598
1985 20 0.155882
1986 20 0.108869
1987 20 0.170423
1988 20 0.122040
1989 20 0.229937
1990 20 0.155982
1991 20 0.081153
1992 20 0.121781
1993 20 0.149343
1994 20 0.119092
1995 20 0.145351
1996 20 0.191529
1997 20 0.125219
1998 20 0.107579
1999 20 0.133143
2000 21 0.182752
2001 21 0.109991
2002 21 0.140353
2003 21 0.164547
2004 21 0.167811
2005 21 0.162783
2006 21 0.106135
2007 21 0.124506
2008 21 0.099874
2009 21 0.167338
2010 21 0.176153
2011 21 0.104040
2012 21 0.236279
2013 21 0.138608
2014 21 0.175625
2015 21 0.093454
2016 21 0.236436
2017 21 0.152464
2018 21 0.336784
2019 21 0.129277
2020 21 0.138681
2021 21 0.114473
2022 21 0.146371
2023 21 0.121006
2024 21 0.078752
2025 21 0.102999
2026 21 0.174180
2027 21 0.173208
2028 21 0.110700
2029 21 0.152495
2030 21 0.110857
2031 21 0.194863
2032 21 0.120916
2033 21 0.150400
2034 21 0.077891
2035 21 0.171730
2036 21 0.121562
2037 21 0.063763
2038 21 0.137816
2039 21 0.087595
2040 21 0.131871
2041 21 0.048551
2042 21 0.081126
2043 21 0.127584
2044 21 0.095400
2045 21 0.122689
2046 21 0.149859
2047 21 0.110721
2048 21 0.118772
2049 21 0.141627
2050 21 0.120361
2051 21 0.129391
2052 21 0.094991
2053 21 0.163355
2054 21 0.134069
2055 21 0.091734
2056 21 0.231916
2057 21 0.171386
2058 21 0.057127
2059 21 0.141739
2060 21 0.083014
2061 21 0.223659
2062 21 0.073421
2063 21 0.156353
2064 21 0.188778
2065 21 0.186278
2066 21 0.142373
2067 21 0.146046
2068 21 0.085172
2069 21 0.161916
2070 21 0.163288
2071 21 0.116684
2072 21 0.109091
2073 21 0.137344
2074 21 0.164807
2075 21 0.113804
2076 21 0.165367
2077 21 0.161451
2078 21 0.171035
2079 21 0.177760
2080 21 0.110034
2081 21 0.206541
2082 21 0.177322
2083 21 0.121063
2084 21 0.023141
2085 21 0.117862
2086 21 0.170914
2087 21 0.109142
2088 21 0.142926
2089 21 0.223806
2090 21 0.204367
2091 21 0.049780
2092 21 0.371710
2093 21 0.185674
2094 21 0.057968
2095 21 0.134963
2096 21 0.120294
2097 21 0.107979
2098 21 0.156084
2099 21 0.100866
2100 22 0.217911
2101 22 0.129191
2102 22 0.139097
2103 22 0.190286
2104 22 0.138788
2105 22 0.136550
2106 22 0.126048
2107 22 0.190650
2108 22 0.161140
2109 22 0.023122
2110 22 0.130600
2111 22 0.119391
2112 22 0.192869
2113 22 0.162353
2114 22 0.026529
2115 22 0.089469
2116 22 0.178772
2117 22 0.105392
2118 22 0.114629
2119 22 0.138640
2120 22 0.085696
2121 22 0.198594
2122 22 0.158754
2123 22 0.154306
2124 22 0.116773
2125 22 0.149784
2126 22 0.141739
2127 22 0.151627
2128 22 0.172166
2129 22 0.093689
2130 22 0.055863
2131 22 0.112370
2132 22 0.085071
2133 22 0.145509
2134 22 0.185862
2135 22 0.130805
2136 22 0.219330
2137 22 0.125751
2138 22 0.093382
2139 22 0.182878
2140 22 0.174878
2141 22 0.111713
2142 22 0.099920
2143 22 0.070264
2144 22 0.109807
2145 22 0.089355
2146 22 0.204191
2147 22 0.185465
2148 22 0.328651
2149 22 0.122025
2150 22 0.137142
2151 22 0.122866
2152 22 0.136297
2153 22 0.127104
2154 22 0.166185
2155 22 0.159590
2156 22 0.135034
2157 22 0.196231
2158 22 0.111756
2159 22 0.111675
2160 22 0.152488
2161 22 0.073667
2162 22 0.186230
2163 22 0.105780
2164 22 0.227324
2165 22 0.117470
2166 22 0.361216
2167 22 0.238996
2168 22 0.113090
2169 22 0.198389
2170 22 0.191035
2171 22 0.120730
2172 22 0.110711
2173 22 0.141649
2174 22 0.116997
2175 22 0.095134
2176 22 0.137224
2177 22 0.063598
2178 22 0.098837
2179 22 0.150967
2180 22 0.105055
2181 22 0.138068
2182 22 0.172178
2183 22 0.153719
2184 22 0.148041
2185 22 0.192046
2186 22 0.131105
2187 22 0.204143
2188 22 0.121772
2189 22 0.099926
2190 22 0.182788
2191 22 0.156722
2192 22 0.061759
2193 22 0.161408
2194 22 0.146685
2195 22 0.066938
2196 22 0.095234
2197 22 0.146384
2198 22 0.158226
2199 22 0.065677
2200 23 0.130323
2201 23 0.110736
2202 23 0.238847
2203 23 0.122927
2204 23 0.170759
2205 23 0.123507
2206 23 0.047130
2207 23 0.247094
2208 23 0.078734
2209 23 0.104856
2210 23 0.085857
2211 23 0.185901
2212 23 0.147948
2213 23 0.190820
2214 23 0.149932
2215 23 0.136978
2216 23 0.128826
2217 23 0.197174
2218 23 0.170703
2219 23 0.216298
2220 23 0.155374
2221 23 0.166943
2222 23 0.166540
2223 23 0.146079
2224 23 0.084388
2225 23 0.164157
2226 23 0.092861
2227 23 0.170681
2228 23 0.130730
2229 23 0.023071
2230 23 0.112452
2231 23 0.155116
2232 23 0.119297
2233 23 0.086369
2234 23 0.127820
2235 23 0.122677
2236 23 0.086020
2237 23 0.163643
2238 23 0.076566
2239 23 0.166031
2240 23 0.120419
2241 23 0.117075
2242 23 0.179696
2243 23 0.083609
2244 23 0.139337
2245 23 0.117949
2246 23 0.123315
2247 23 0.144297
2248 23 0.139031
2249 23 0.145315
2250 23 0.135201
2251 23 0.143401
2252 23 0.217821
2253 23 0.148655
2254 23 0.096264
2255 23 0.082276
2256 23 0.154466
2257 23 0.076359
2258 23 0.091795
2259 23 0.194015
2260 23 0.122897
2261 23 0.116838
2262 23 0.126284
2263 23 0.135708
2264 23 0.108638
2265 23 0.133818
2266 23 0.143081
2267 23 0.152851
2268 23 0.155090
2269 23 0.157613
2270 23 0.128052
2271 23 0.110541
2272 23 0.167539
2273 23 0.139943
2274 23 0.144633
2275 23 0.192309
2276 23 0.059549
2277 23 0.350980
2278 23 0.124116
2279 23 0.120085
2280 23 0.115060
2281 23 0.097191
2282 23 0.330670
2283 23 0.097236
2284 23 0.114116
2285 23 0.164764
2286 23 0.132016
2287 23 0.177006
2288 23 0.117645
2289 23 0.138036
2290 23 0.079430
2291 23 0.172566
2292 23 0.165799
2293 23 0.112271
2294 23 0.119030
2295 23 0.026455
2296 23 0.110998
2297 23 0.063491
2298 23 0.072341
2299 23 0.136940
2300 24 0.144963
2301 24 0.138685
2302 24 0.211466
2303 24 0.124969
2304 24 0.323595
2305 24 0.112535
2306 24 0.190112
2307 24 0.120845
2308 24 0.122561
2309 24 0.109879
2310 24 0.117327
2311 24 0.126249
2312 24 0.140550
2313 24 0.172137
2314 24 0.148899
2315 24 0.119538
2316 24 0.136879
2317 24 0.172736
2318 24 0.231906
2319 24 0.120665
2320 24 0.042054
2321 24 0.088750
2322 24 0.076217
2323 24 0.070345
2324 24 0.127519
2325 24 0.026423
2326 24 0.091384
2327 24 0.087571
2328 24 0.086066
2329 24 0.079973
2330 24 0.176452
2331 24 0.102521
2332 24 0.097091
2333 24 0.125370
2334 24 0.160922
2335 24 0.115205
2336 24 0.175930
2337 24 0.150589
2338 24 0.152774
2339 24 0.139770
2340 24 0.160391
2341 24 0.095758
2342 24 0.343643
2343 24 0.122952
2344 24 0.172203
2345 24 0.199599
2346 24 0.176570
2347 24 0.131333
2348 24 0.177658
2349 24 0.087049
2350 24 0.098856
2351 24 0.138125
2352 24 0.137946
2353 24 0.123600
2354 24 0.072075
2355 24 0.104729
2356 24 0.151908
2357 24 0.211501
2358 24 0.221462
2359 24 0.091014
2360 24 0.121819
2361 24 0.135956
2362 24 0.047606
2363 24 0.118191
2364 24 0.088511
2365 24 0.144499
2366 24 0.138148
2367 24 0.134287
2368 24 0.170901
2369 24 0.112736
2370 24 0.104903
2371 24 0.171932
2372 24 0.130896
2373 24 0.113197
2374 24 0.071120
2375 24 0.127495
2376 24 0.080459
2377 24 0.117373
2378 24 0.053950
2379 24 0.162990
2380 24 0.136928
2381 24 0.053109
2382 24 0.090535
2383 24 0.136867
2384 24 0.134644
2385 24 0.119190
2386 24 0.023012
2387 24 0.133808
2388 24 0.202262
2389 24 0.112262
2390 24 0.085663
2391 24 0.165401
2392 24 0.121263
2393 24 0.186464
2394 24 0.104067
2395 24 0.201949
2396 24 0.195187
2397 24 0.185463
2398 24 0.093364
2399 24 0.113230
2400 25 0.135543
2401 25 0.167828
2402 25 0.156171
2403 25 0.101888
2404 25 0.105537
2405 25 0.144902
2406 25 0.084733
2407 25 0.105072
2408 25 0.114798
2409 25 0.189228
2410 25 0.124074
2411 25 0.131821
2412 25 0.162189
2413 25 0.196294
2414 25 0.157478
2415 25 0.114353
2416 25 0.110761
2417 25 0.136103
2418 25 0.119661
2419 25 0.161660
2420 25 0.138353
2421 25 0.117425
2422 25 0.063360
2423 25 0.093721
2424 25 0.097360
2425 25 0.142982
2426 25 0.070524
2427 25 0.026369
2428 25 0.075230
2429 25 0.102813
2430 25 0.156781
2431 25 0.083780
2432 25 0.166254
2433 25 0.149616
2434 25 0.184309
2435 25 0.112074
2436 25 0.068067
2437 25 0.130757
2438 25 0.104144
2439 25 0.334389
2440 25 0.170351
2441 25 0.182222
2442 25 0.149604
2443 25 0.151869
2444 25 0.240916
2445 25 0.120415
2446 25 0.022951
2447 25 0.059862
2448 25 0.113215
2449 25 0.110579
2450 25 0.188582
2451 25 0.085932
2452 25 0.139517
2453 25 0.107763
2454 25 0.217697
2455 25 0.131785
2456 25 0.149441
2457 25 0.082944
2458 25 0.103191
2459 25 0.118607
2460 25 0.137919
2461 25 0.075441
2462 25 0.107091
2463 25 0.127003
2464 25 0.152895
2465 25 0.293971
2466 25 0.182344
2467 25 0.153589
2468 25 0.141146
2469 25 0.142461
2470 25 0.117363
2471 25 0.192408
2472 25 0.112771
2473 25 0.165679
2474 25 0.141618
2475 25 0.084010
2476 25 0.165710
2477 25 0.071822
2478 25 0.171250
2479 25 0.085979
2480 25 0.148785
2481 25 0.101836
2482 25 0.119797
2483 25 0.039838
2484 25 0.094653
2485 25 0.125800
2486 25 0.169774
2487 25 0.110852
2488 25 0.079809
2489 25 0.120803
2490 25 0.125695
2491 25 0.062713
2492 25 0.140878
2493 25 0.122270
2494 25 0.178003
2495 25 0.173576
2496 25 0.103746
2497 25 0.183134
2498 25 0.098096
2499 25 0.066921
2500 26 0.108798
2501 26 0.136824
2502 26 0.099045
2503 26 0.093239
2504 26 0.096841
2505 26 0.162907
2506 26 0.092956
2507 26 0.083737
2508 26 0.130337
2509 26 0.188578
2510 26 0.083652
2511 26 0.087945
2512 26 0.133427
2513 26 0.079958
2514 26 0.117758
2515 26 0.138065
2516 26 0.076053
2517 26 0.056938
2518 26 0.147803
2519 26 0.143503
2520 26 0.109965
2521 26 0.158218
2522 26 0.151879
2523 26 0.106603
2524 26 0.199235
2525 26 0.098534
2526 26 0.088648
2527 26 0.078334
2528 26 0.062002
2529 26 0.059283
2530 26 0.140956
2531 26 0.165189
2532 26 0.115990
2533 26 0.069808
2534 26 0.163950
2535 26 0.116928
2536 26 0.105186
2537 26 0.118134
2538 26 0.066603
2539 26 0.127205
2540 26 0.134789
2541 26 0.128191
2542 26 0.063229
2543 26 0.115812
2544 26 0.098091
2545 26 0.161897
2546 26 0.143357
2547 26 0.042054
2548 26 0.107911
2549 26 0.137506
2550 26 0.095520
2551 26 0.022922
2552 26 0.170471
2553 26 0.183334
2554 26 0.152279
2555 26 0.195447
2556 26 0.156605
2557 26 0.152417
2558 26 0.130324
2559 26 0.155376
2560 26 0.089690
2561 26 0.161742
2562 26 0.108189
2563 26 0.168645
2564 26 0.136349
2565 26 0.108179
2566 26 0.104205
2567 26 0.178464
2568 26 0.104443
2569 26 0.082978
2570 26 0.189609
2571 26 0.135440
2572 26 0.150590
2573 26 0.116107
2574 26 0.208878
2575 26 0.104757
2576 26 0.133969
2577 26 0.192605
2578 26 0.094403
2579 26 0.112345
2580 26 0.208106
2581 26 0.139208
2582 26 0.146557
2583 26 0.097182
2584 26 0.125634
2585 26 0.053285
2586 26 0.111483
2587 26 0.175549
2588 26 0.165332
2589 26 0.102034
2590 26 0.061372
2591 26 0.138351
2592 26 0.046727
2593 26 0.127759
2594 26 0.314149
2595 26 0.131186
2596 26 0.134174
2597 26 0.146553
2598 26 0.340369
2599 26 0.077440
2600 27 0.175805
2601 27 0.300090
2602 27 0.093328
2603 27 0.102059
2604 27 0.049030
2605 27 0.166359
2606 27 0.169413
2607 27 0.195933
2608 27 0.170818
2609 27 0.054972
2610 27 0.069078
2611 27 0.137562
2612 27 0.121603
2613 27 0.146381
2614 27 0.250084
2615 27 0.123248
2616 27 0.092911
2617 27 0.151706
2618 27 0.128450
2619 27 0.062712
2620 27 0.203639
2621 27 0.125030
2622 27 0.111806
2623 27 0.195718
2624 27 0.130894
2625 27 0.042424
2626 27 0.104670
2627 27 0.161230
2628 27 0.127513
2629 27 0.118429
2630 27 0.118184
2631 27 0.153092
2632 27 0.115412
2633 27 0.071233
2634 27 0.119487
2635 27 0.092436
2636 27 0.195294
2637 27 0.176545
2638 27 0.104362
2639 27 0.126814
2640 27 0.117978
2641 27 0.127339
2642 27 0.111230
2643 27 0.150918
2644 27 0.147938
2645 27 0.123937
2646 27 0.143014
2647 27 0.095023
2648 27 0.026274
2649 27 0.103216
2650 27 0.141996
2651 27 0.135340
2652 27 0.096170
2653 27 0.112938
2654 27 0.143702
2655 27 0.151928
2656 27 0.123926
2657 27 0.069982
2658 27 0.142723
2659 27 0.119550
2660 27 0.169533
2661 27 0.156941
2662 27 0.208957
2663 27 0.105569
2664 27 0.140545
2665 27 0.095229
2666 27 0.022879
2667 27 0.174214
2668 27 0.315142
2669 27 0.075897
2670 27 0.122854
2671 27 0.101392
2672 27 0.130722
2673 27 0.152429
2674 27 0.150238
2675 27 0.097377
2676 27 0.129177
2677 27 0.066154
2678 27 0.076809
2679 27 0.159614
2680 27 0.125416
2681 27 0.050617
2682 27 0.109689
2683 27 0.148225
2684 27 0.063108
2685 27 0.082792
2686 27 0.146750
2687 27 0.086873
2688 27 0.196264
2689 27 0.168651
2690 27 0.125483
2691 27 0.166119
2692 27 0.096680
2693 27 0.119362
2694 27 0.108752
2695 27 0.066318
2696 27 0.138542
2697 27 0.092185
2698 27 0.078320
2699 27 0.075321
2700 28 0.096622
2701 28 0.068951
2702 28 0.054556
2703 28 0.132630
2704 28 0.143987
2705 28 0.136150
2706 28 0.091202
2707 28 0.156328
2708 28 0.087509
2709 28 0.119592
2710 28 0.122661
2711 28 0.145653
2712 28 0.128547
2713 28 0.022840
2714 28 0.096622
2715 28 0.112209
2716 28 0.173219
2717 28 0.143434
2718 28 0.049169
2719 28 0.118703
2720 28 0.133516
2721 28 0.129191
2722 28 0.119848
2723 28 0.162693
2724 28 0.063018
2725 28 0.121924
2726 28 0.080745
2727 28 0.146784
2728 28 0.121954
2729 28 0.134476
2730 28 0.094405
2731 28 0.068142
2732 28 0.119381
2733 28 0.109142
2734 28 0.120297
2735 28 0.314625
2736 28 0.134667
2737 28 0.083922
2738 28 0.068118
2739 28 0.134174
2740 28 0.113721
2741 28 0.180344
2742 28 0.107878
2743 28 0.130897
2744 28 0.172318
2745 28 0.097680
2746 28 0.143085
2747 28 0.223456
2748 28 0.124803
2749 28 0.109343
2750 28 0.088833
2751 28 0.066503
2752 28 0.086798
2753 28 0.123850
2754 28 0.048140
2755 28 0.062771
2756 28 0.099657
2757 28 0.109391
2758 28 0.128252
2759 28 0.159423
2760 28 0.121247
2761 28 0.120506
2762 28 0.150503
2763 28 0.090270
2764 28 0.102302
2765 28 0.110748
2766 28 0.026177
2767 28 0.089147
2768 28 0.129151
2769 28 0.153817
2770 28 0.103489
2771 28 0.160657
2772 28 0.183427
2773 28 0.161119
2774 28 0.091338
2775 28 0.172624
2776 28 0.125262
2777 28 0.144744
2778 28 0.141499
2779 28 0.302420
2780 28 0.196498
2781 28 0.076617
2782 28 0.218890
2783 28 0.081042
2784 28 0.165051
2785 28 0.061838
2786 28 0.117472
2787 28 0.195839
2788 28 0.109743
2789 28 0.088117
2790 28 0.174466
2791 28 0.053061
2792 28 0.298382
2793 28 0.104477
2794 28 0.120928
2795 28 0.168462
2796 28 0.141781
2797 28 0.171204
2798 28 0.067490
2799 28 0.197244
2800 29 0.086834
2801 29 0.080347
2802 29 0.129415
2803 29 0.080982
2804 29 0.083640
2805 29 0.127048
2806 29 0.130226
2807 29 0.178106
2808 29 0.053421
2809 29 0.176895
2810 29 0.040505
2811 29 0.219265
2812 29 0.134149
2813 29 0.091164
2814 29 0.125703
2815 29 0.146314
2816 29 0.141271
2817 29 0.196315
2818 29 0.087153
2819 29 0.109966
2820 29 0.132658
2821 29 0.126039
2822 29 0.302233
2823 29 0.133475
2824 29 0.098896
2825 29 0.132322
2826 29 0.171261
2827 29 0.167486
2828 29 0.052216
2829 29 0.102412
2830 29 0.099308
2831 29 0.121008
2832 29 0.125440
2833 29 0.132001
2834 29 0.052342
2835 29 0.114598
2836 29 0.101475
2837 29 0.152616
2838 29 0.074417
2839 29 0.107223
2840 29 0.093398
2841 29 0.154041
2842 29 0.057468
2843 29 0.115771
2844 29 0.137357
2845 29 0.146856
2846 29 0.121898
2847 29 0.035647
2848 29 0.075532
2849 29 0.053195
2850 29 0.314829
2851 29 0.149570
2852 29 0.152299
2853 29 0.104091
2854 29 0.064219
2855 29 0.152427
2856 29 0.124066
2857 29 0.137653
2858 29 0.046743
2859 29 0.194011
2860 29 0.135797
2861 29 0.081843
2862 29 0.022790
2863 29 0.057803
2864 29 0.151884
2865 29 0.100827
2866 29 0.102278
2867 29 0.109303
2868 29 0.129144
2869 29 0.076491
2870 29 0.189510
2871 29 0.088698
2872 29 0.173845
2873 29 0.133774
2874 29 0.140673
2875 29 0.144531
2876 29 0.154953
2877 29 0.072729
2878 29 0.147827
2879 29 0.163225
2880 29 0.113682
2881 29 0.158224
2882 29 0.109914
2883 29 0.121627
2884 29 0.184585
2885 29 0.117615
2886 29 0.087362
2887 29 0.120149
2888 29 0.180301
2889 29 0.158285
2890 29 0.092746
2891 29 0.140468
2892 29 0.057733
2893 29 0.062893
2894 29 0.188212
2895 29 0.203665
2896 29 0.120952
2897 29 0.112217
2898 29 0.123888
2899 29 0.173643
2900 30 0.026124
2901 30 0.146174
2902 30 0.123842
2903 30 0.117524
2904 30 0.171431
2905 30 0.118995
2906 30 0.092182
2907 30 0.069988
2908 30 0.124202
2909 30 0.144439
2910 30 0.098192
2911 30 0.108808
2912 30 0.066883
2913 30 0.039409
2914 30 0.182185
2915 30 0.076909
2916 30 0.160911
2917 30 0.153799
2918 30 0.141950
2919 30 0.175358
2920 30 0.059029
2921 30 0.160566
2922 30 0.174347
2923 30 0.151434
2924 30 0.179856
2925 30 0.083521
2926 30 0.164927
2927 30 0.091346
2928 30 0.062776
2929 30 0.107387
2930 30 0.149015
2931 30 0.165343
2932 30 0.148353
2933 30 0.135478
2934 30 0.098502
2935 30 0.126183
2936 30 0.141316
2937 30 0.133993
2938 30 0.077286
2939 30 0.022696
2940 30 0.085383
2941 30 0.121215
2942 30 0.146659
2943 30 0.145292
2944 30 0.118541
2945 30 0.052680
2946 30 0.114907
2947 30 0.300741
2948 30 0.157085
2949 30 0.055622
2950 30 0.164591
2951 30 0.130637
2952 30 0.352967
2953 30 0.148144
2954 30 0.130546
2955 30 0.105872
2956 30 0.086342
2957 30 0.055021
2958 30 0.220447
2959 30 0.034842
2960 30 0.116721
2961 30 0.114440
2962 30 0.050040
2963 30 0.133846
2964 30 0.072988
2965 30 0.116334
2966 30 0.088323
2967 30 0.126064
2968 30 0.096866
2969 30 0.067180
2970 30 0.145360
2971 30 0.143235
2972 30 0.141377
2973 30 0.127567
2974 30 0.211553
2975 30 0.178196
2976 30 0.198638
2977 30 0.162857
2978 30 0.096160
2979 30 0.111724
2980 30 0.099058
2981 30 0.050510
2982 30 0.122053
2983 30 0.094475
2984 30 0.057167
2985 30 0.095606
2986 30 0.088804
2987 30 0.143571
2988 30 0.230996
2989 30 0.144949
2990 30 0.194994
2991 30 0.092264
2992 30 0.063988
2993 30 0.098837
2994 30 0.149218
2995 30 0.135061
2996 30 0.147053
2997 30 0.096113
2998 30 0.049918
2999 30 0.117926
