# Batch convergence for: model=snn-ae encoding=poisson architecture=conv1d v_th=0.5 alpha=0.9 run=1
batch_num epoch batch_loss
0 1 0.051270
1 1 0.104973
2 1 0.225658
3 1 0.215296
4 1 0.742958
5 1 0.242056
6 1 0.224956
7 1 0.044389
8 1 0.044380
9 1 0.153543
10 1 0.204367
11 1 0.264877
12 1 0.157287
13 1 0.194421
14 1 0.190239
15 1 0.122808
16 1 0.110120
17 1 0.282462
18 1 0.189753
19 1 0.148737
20 1 0.227568
21 1 0.011679
22 1 0.108338
23 1 0.151248
24 1 0.193101
25 1 0.365008
26 1 0.177492
27 1 0.130007
28 1 0.221129
29 1 0.194161
30 1 0.260099
31 1 0.137599
32 1 0.225038
33 1 0.135801
34 1 0.132228
35 1 0.214357
36 1 0.159181
37 1 0.076835
38 1 0.102521
39 1 0.090081
40 1 0.159504
41 1 0.250794
42 1 0.134367
43 1 0.105096
44 1 0.208773
45 1 0.200246
46 1 0.130323
47 1 0.108348
48 1 0.183267
49 1 0.360172
50 1 0.015989
51 1 0.185697
52 1 0.158616
53 1 0.104579
54 1 1.063936
55 1 0.074174
56 1 0.229294
57 1 0.130325
58 1 0.078908
59 1 0.247768
60 1 0.116587
61 1 0.285462
62 1 0.295325
63 1 0.087624
64 1 0.331389
65 1 0.132520
66 1 0.015995
67 1 0.841682
68 1 0.067447
69 1 0.112488
70 1 0.106346
71 1 0.040581
72 1 0.048205
73 1 0.156256
74 1 0.214949
75 1 0.302982
76 1 0.126046
77 1 0.221089
78 1 0.119346
79 1 0.207333
80 1 1.053976
81 1 0.189113
82 1 0.103738
83 1 0.097331
84 1 0.265416
85 1 0.386433
86 1 0.091211
87 1 0.183567
88 1 0.231422
89 1 0.235463
90 1 0.050372
91 1 0.197695
92 1 0.114978
93 1 0.096623
94 1 0.251090
95 1 0.171902
96 1 0.094393
97 1 0.140655
98 1 0.209013
99 1 0.075736
100 2 0.084014
101 2 0.047014
102 2 0.211101
103 2 0.093310
104 2 0.148179
105 2 0.067961
106 2 0.276818
107 2 0.207090
108 2 0.050572
109 2 0.168451
110 2 0.108782
111 2 0.015835
112 2 0.199648
113 2 1.100078
114 2 0.106848
115 2 0.094180
116 2 0.178755
117 2 0.101951
118 2 0.052349
119 2 0.097319
120 2 0.168557
121 2 0.119464
122 2 0.066034
123 2 0.073488
124 2 0.079146
125 2 0.159661
126 2 0.177917
127 2 0.129080
128 2 0.221948
129 2 0.154786
130 2 0.108682
131 2 0.138161
132 2 0.245388
133 2 0.159804
134 2 0.241498
135 2 0.233815
136 2 0.050990
137 2 0.062833
138 2 0.231048
139 2 0.314122
140 2 0.096354
141 2 0.335134
142 2 0.322179
143 2 0.081819
144 2 0.148651
145 2 0.188451
146 2 0.172515
147 2 0.095874
148 2 0.208454
149 2 0.175332
150 2 0.068611
151 2 0.092881
152 2 0.210129
153 2 0.055434
154 2 0.111685
155 2 0.015847
156 2 0.723433
157 2 0.115609
158 2 0.144796
159 2 0.121337
160 2 0.110087
161 2 0.075714
162 2 0.065658
163 2 0.231532
164 2 0.043549
165 2 0.202215
166 2 0.023019
167 2 0.044685
168 2 0.204934
169 2 0.174848
170 2 0.126941
171 2 0.755245
172 2 0.188120
173 2 0.116029
174 2 0.158393
175 2 0.178871
176 2 0.111039
177 2 0.018125
178 2 0.132410
179 2 0.114903
180 2 0.286188
181 2 0.070102
182 2 0.053942
183 2 0.225804
184 2 0.209539
185 2 0.011387
186 2 0.257651
187 2 0.184751
188 2 0.223257
189 2 0.226101
190 2 0.262756
191 2 0.080419
192 2 0.131693
193 2 0.179575
194 2 1.017247
195 2 0.182005
196 2 0.223582
197 2 0.052690
198 2 0.093099
199 2 0.074030
200 3 0.150687
201 3 0.134569
202 3 0.064938
203 3 0.141936
204 3 0.077118
205 3 0.203314
206 3 0.135031
207 3 0.106626
208 3 0.912044
209 3 0.043282
210 3 0.139676
211 3 0.101701
212 3 0.160988
213 3 0.251917
214 3 0.092896
215 3 0.116471
216 3 0.242982
217 3 0.191931
218 3 0.988345
219 3 0.022891
220 3 0.246453
221 3 0.077203
222 3 0.060626
223 3 0.114443
224 3 0.180965
225 3 0.206770
226 3 0.073588
227 3 0.107652
228 3 0.129024
229 3 0.113335
230 3 0.184694
231 3 0.044217
232 3 0.140438
233 3 0.126166
234 3 0.139385
235 3 0.069660
236 3 0.146353
237 3 0.220218
238 3 0.169871
239 3 0.278817
240 3 0.227509
241 3 0.201501
242 3 0.104523
243 3 0.173289
244 3 0.143207
245 3 0.069506
246 3 0.183584
247 3 0.095269
248 3 0.121052
249 3 0.054651
250 3 0.088870
251 3 0.155298
252 3 0.771352
253 3 0.163822
254 3 0.095848
255 3 0.052381
256 3 0.127809
257 3 0.044035
258 3 0.074297
259 3 0.071112
260 3 0.154244
261 3 0.144097
262 3 0.231956
263 3 0.078702
264 3 0.117231
265 3 0.245656
266 3 0.193127
267 3 0.149167
268 3 0.170690
269 3 0.245313
270 3 0.142807
271 3 0.089822
272 3 0.141453
273 3 0.347765
274 3 0.110655
275 3 0.101663
276 3 0.073046
277 3 0.049415
278 3 0.183058
279 3 0.095291
280 3 0.065225
281 3 0.065983
282 3 0.202613
283 3 0.050758
284 3 0.686446
285 3 0.217716
286 3 0.232519
287 3 0.066455
288 3 0.042811
289 3 0.049650
290 3 0.204919
291 3 0.169261
292 3 0.109411
293 3 0.104920
294 3 0.161309
295 3 0.023790
296 3 0.096000
297 3 0.228563
298 3 0.117203
299 3 0.308919
300 4 0.241212
301 4 0.132092
302 4 0.100893
303 4 0.114320
304 4 0.074237
305 4 0.193204
306 4 0.105620
307 4 0.224224
308 4 0.198218
309 4 0.127909
310 4 0.095845
311 4 0.100049
312 4 0.088870
313 4 0.085401
314 4 0.127889
315 4 0.121030
316 4 0.011743
317 4 0.061308
318 4 0.205272
319 4 0.103049
320 4 0.331126
321 4 0.069263
322 4 0.140026
323 4 0.229687
324 4 0.109806
325 4 0.155522
326 4 0.107726
327 4 0.134966
328 4 0.017839
329 4 0.189498
330 4 0.125451
331 4 0.088719
332 4 0.200718
333 4 0.104102
334 4 0.131953
335 4 0.157995
336 4 0.042377
337 4 0.152090
338 4 0.070412
339 4 0.092156
340 4 0.128099
341 4 0.130517
342 4 0.091406
343 4 0.015606
344 4 0.646702
345 4 0.161502
346 4 0.122800
347 4 0.672650
348 4 0.105518
349 4 0.106031
350 4 0.173294
351 4 0.055273
352 4 0.109299
353 4 0.124584
354 4 0.015374
355 4 0.098946
356 4 0.099693
357 4 0.204985
358 4 0.171648
359 4 0.011174
360 4 0.157414
361 4 0.187429
362 4 0.178068
363 4 0.205039
364 4 0.150564
365 4 0.153611
366 4 0.142762
367 4 0.093583
368 4 0.220860
369 4 0.049014
370 4 0.050649
371 4 0.024153
372 4 0.089828
373 4 0.091992
374 4 0.149940
375 4 0.075009
376 4 0.083890
377 4 0.072677
378 4 0.063440
379 4 0.224098
380 4 0.070990
381 4 0.065409
382 4 0.298974
383 4 0.986759
384 4 0.230400
385 4 0.172691
386 4 0.245326
387 4 0.238404
388 4 0.119378
389 4 0.075100
390 4 0.174791
391 4 0.127153
392 4 0.077979
393 4 0.190722
394 4 0.122589
395 4 0.962665
396 4 0.180071
397 4 0.247310
398 4 0.289494
399 4 0.047489
400 5 0.108478
401 5 0.168719
402 5 0.042014
403 5 0.119974
404 5 0.081977
405 5 0.118956
406 5 0.148594
407 5 0.632594
408 5 0.094943
409 5 0.203116
410 5 0.238654
411 5 1.015761
412 5 0.090642
413 5 0.011118
414 5 0.086283
415 5 0.254690
416 5 0.015283
417 5 0.127803
418 5 0.042979
419 5 0.119190
420 5 0.195050
421 5 0.017694
422 5 0.142918
423 5 0.042076
424 5 0.086831
425 5 0.135774
426 5 0.048497
427 5 0.113608
428 5 0.132286
429 5 0.023388
430 5 0.155252
431 5 0.174523
432 5 0.222632
433 5 0.065034
434 5 0.060358
435 5 0.096452
436 5 0.128842
437 5 0.102168
438 5 0.044153
439 5 0.166157
440 5 0.225468
441 5 0.072088
442 5 0.136708
443 5 0.156207
444 5 0.119060
445 5 0.051515
446 5 0.093645
447 5 0.220720
448 5 0.167600
449 5 0.120802
450 5 0.229587
451 5 0.270639
452 5 0.125274
453 5 0.022454
454 5 0.136501
455 5 0.063394
456 5 0.075162
457 5 0.116809
458 5 0.289514
459 5 0.102260
460 5 0.140034
461 5 0.101775
462 5 0.209139
463 5 0.079309
464 5 0.246293
465 5 0.070224
466 5 0.090824
467 5 0.054405
468 5 0.083111
469 5 0.115365
470 5 0.104358
471 5 0.099353
472 5 0.011613
473 5 0.159514
474 5 0.044185
475 5 0.592804
476 5 0.152314
477 5 0.142005
478 5 0.087111
479 5 0.101362
480 5 0.089219
481 5 0.940575
482 5 0.147100
483 5 0.143587
484 5 0.050361
485 5 0.092061
486 5 0.189844
487 5 0.251438
488 5 0.202326
489 5 0.179351
490 5 0.110380
491 5 0.077749
492 5 0.247084
493 5 0.223670
494 5 0.097665
495 5 0.070014
496 5 0.217768
497 5 0.117466
498 5 0.052892
499 5 0.085764
500 6 0.046565
501 6 0.011058
502 6 0.185324
503 6 0.096909
504 6 0.269025
505 6 0.101107
506 6 0.015475
507 6 0.217607
508 6 0.620498
509 6 0.340221
510 6 0.206949
511 6 0.163663
512 6 0.160732
513 6 0.069865
514 6 0.192066
515 6 0.271021
516 6 0.086232
517 6 0.088467
518 6 0.047821
519 6 0.143556
520 6 0.150610
521 6 0.128064
522 6 0.153783
523 6 0.117878
524 6 0.100186
525 6 0.227499
526 6 0.092840
527 6 0.236439
528 6 0.041623
529 6 0.094685
530 6 0.206991
531 6 0.095497
532 6 0.257864
533 6 0.072935
534 6 0.083160
535 6 0.222846
536 6 0.182642
537 6 0.077340
538 6 0.251390
539 6 0.106393
540 6 0.168784
541 6 0.088527
542 6 0.081918
543 6 0.048159
544 6 0.133965
545 6 0.184051
546 6 0.062520
547 6 0.149396
548 6 0.097895
549 6 0.164340
550 6 0.089006
551 6 0.047681
552 6 0.069091
553 6 0.023088
554 6 0.116174
555 6 0.074358
556 6 0.176790
557 6 0.151560
558 6 0.187446
559 6 0.022326
560 6 0.131328
561 6 0.172416
562 6 0.051064
563 6 0.156908
564 6 0.017523
565 6 0.104948
566 6 0.103616
567 6 0.324555
568 6 0.168985
569 6 0.147619
570 6 0.015101
571 6 0.194526
572 6 0.113185
573 6 0.042128
574 6 0.124613
575 6 0.059382
576 6 0.011521
577 6 0.086355
578 6 0.055598
579 6 0.141765
580 6 0.093413
581 6 0.890405
582 6 0.092732
583 6 0.043517
584 6 0.222744
585 6 0.062549
586 6 0.166111
587 6 0.172113
588 6 0.086354
589 6 0.600639
590 6 0.986352
591 6 0.071955
592 6 0.087212
593 6 0.182264
594 6 0.132502
595 6 0.185639
596 6 0.089922
597 6 0.109758
598 6 0.105891
599 6 0.282929
600 7 0.092093
601 7 0.244414
602 7 0.078946
603 7 0.227443
604 7 0.040579
605 7 0.153316
606 7 0.145467
607 7 0.154284
608 7 0.118978
609 7 0.111673
610 7 0.148632
611 7 0.143808
612 7 0.165761
613 7 0.126109
614 7 0.106778
615 7 0.124618
616 7 0.189101
617 7 0.023537
618 7 0.092260
619 7 0.047077
620 7 0.017469
621 7 0.102338
622 7 0.083357
623 7 0.043174
624 7 0.121459
625 7 0.101763
626 7 0.209802
627 7 0.188028
628 7 0.102289
629 7 0.109580
630 7 0.245026
631 7 0.101416
632 7 0.087328
633 7 0.106844
634 7 0.137383
635 7 0.040845
636 7 0.011000
637 7 0.070809
638 7 0.156998
639 7 0.128488
640 7 0.141110
641 7 0.163946
642 7 0.145441
643 7 0.087431
644 7 0.066310
645 7 0.080948
646 7 0.090980
647 7 0.241064
648 7 0.194424
649 7 0.015028
650 7 0.092839
651 7 0.633955
652 7 0.204956
653 7 0.638580
654 7 0.092671
655 7 0.178369
656 7 0.181093
657 7 0.118056
658 7 0.148216
659 7 0.067070
660 7 0.099299
661 7 0.088326
662 7 0.060965
663 7 0.130117
664 7 0.123437
665 7 0.161016
666 7 0.084396
667 7 0.114322
668 7 0.104048
669 7 0.205032
670 7 0.093361
671 7 0.094476
672 7 0.902504
673 7 0.930411
674 7 0.163947
675 7 0.207511
676 7 0.150417
677 7 0.133052
678 7 0.068575
679 7 0.090413
680 7 0.168349
681 7 0.041524
682 7 0.133786
683 7 0.289267
684 7 0.148179
685 7 0.076104
686 7 0.268538
687 7 0.057581
688 7 0.011518
689 7 0.101458
690 7 0.112245
691 7 0.131545
692 7 0.047466
693 7 0.022198
694 7 0.098600
695 7 0.147689
696 7 0.094001
697 7 0.051674
698 7 0.050568
699 7 0.109505
700 8 0.249989
701 8 0.044943
702 8 0.117000
703 8 0.583521
704 8 0.080867
705 8 0.041151
706 8 0.076471
707 8 0.220814
708 8 0.137366
709 8 0.073109
710 8 0.228295
711 8 0.207043
712 8 0.057385
713 8 0.080067
714 8 0.115275
715 8 0.201253
716 8 0.911935
717 8 0.152778
718 8 0.620376
719 8 0.138998
720 8 0.070216
721 8 0.187546
722 8 0.115807
723 8 0.041293
724 8 0.171945
725 8 0.132108
726 8 0.149647
727 8 0.086624
728 8 0.098835
729 8 0.067996
730 8 0.092418
731 8 0.042428
732 8 0.127030
733 8 0.258248
734 8 0.098509
735 8 0.052526
736 8 0.091273
737 8 0.083561
738 8 0.115838
739 8 0.104493
740 8 0.060586
741 8 0.166142
742 8 0.139903
743 8 0.127236
744 8 0.127056
745 8 0.063045
746 8 0.075848
747 8 0.142216
748 8 0.096867
749 8 0.088490
750 8 0.078075
751 8 0.282740
752 8 0.096032
753 8 0.094267
754 8 0.149949
755 8 0.098071
756 8 0.230989
757 8 0.232156
758 8 0.081647
759 8 0.081607
760 8 0.075490
761 8 0.142821
762 8 0.116580
763 8 0.105636
764 8 0.121224
765 8 0.054175
766 8 0.138586
767 8 0.172583
768 8 0.205121
769 8 0.011035
770 8 0.078971
771 8 0.184665
772 8 0.066364
773 8 0.211931
774 8 0.135029
775 8 0.047101
776 8 0.102672
777 8 0.085564
778 8 0.046023
779 8 0.038983
780 8 0.192352
781 8 0.059683
782 8 0.022628
783 8 0.014989
784 8 0.017394
785 8 0.145380
786 8 0.215322
787 8 0.075189
788 8 0.138050
789 8 0.046526
790 8 0.084385
791 8 0.086356
792 8 0.121922
793 8 0.894871
794 8 0.201548
795 8 0.118040
796 8 0.109360
797 8 0.125909
798 8 0.164265
799 8 0.149508
800 9 0.172633
801 9 0.116437
802 9 0.101114
803 9 0.061023
804 9 0.174800
805 9 0.065165
806 9 0.084640
807 9 0.051087
808 9 0.125023
809 9 0.103860
810 9 0.085920
811 9 0.096148
812 9 0.190719
813 9 0.090154
814 9 0.141546
815 9 0.104000
816 9 0.086327
817 9 0.050181
818 9 0.997474
819 9 0.168740
820 9 0.070262
821 9 0.059390
822 9 0.122455
823 9 0.135273
824 9 0.124732
825 9 0.095767
826 9 0.165462
827 9 0.085876
828 9 0.224846
829 9 0.165515
830 9 0.109952
831 9 0.206908
832 9 0.111223
833 9 0.079864
834 9 0.121440
835 9 0.011046
836 9 0.193209
837 9 0.097436
838 9 0.178752
839 9 0.116095
840 9 0.200680
841 9 0.199914
842 9 0.244202
843 9 0.068252
844 9 0.151152
845 9 0.023177
846 9 0.083880
847 9 0.196693
848 9 0.017366
849 9 0.158324
850 9 0.112136
851 9 0.264295
852 9 0.066160
853 9 0.250738
854 9 0.097105
855 9 0.091060
856 9 0.045558
857 9 0.077684
858 9 0.140049
859 9 0.152165
860 9 0.152304
861 9 0.077807
862 9 0.103918
863 9 0.067116
864 9 0.022076
865 9 0.069627
866 9 0.162365
867 9 0.143011
868 9 0.170139
869 9 0.041773
870 9 0.064449
871 9 0.048391
872 9 0.062936
873 9 0.119943
874 9 0.180421
875 9 0.179406
876 9 0.011506
877 9 0.130860
878 9 0.257769
879 9 0.103741
880 9 0.055836
881 9 0.169853
882 9 0.147763
883 9 0.065906
884 9 0.125599
885 9 0.078214
886 9 0.014948
887 9 0.573581
888 9 0.111855
889 9 0.144476
890 9 0.193817
891 9 0.952324
892 9 0.090046
893 9 0.096381
894 9 0.109772
895 9 0.576038
896 9 0.022460
897 9 0.085932
898 9 0.040615
899 9 0.156301
900 10 0.117706
901 10 0.038647
902 10 0.129570
903 10 0.123402
904 10 0.151321
905 10 0.169660
906 10 0.069681
907 10 0.040568
908 10 0.067148
909 10 0.140184
910 10 0.068135
911 10 0.159916
912 10 0.569073
913 10 0.049926
914 10 0.040193
915 10 0.141416
916 10 0.069144
917 10 0.187359
918 10 0.158292
919 10 0.134393
920 10 0.087465
921 10 0.144857
922 10 0.111780
923 10 0.151937
924 10 0.176770
925 10 0.104404
926 10 0.103550
927 10 0.147155
928 10 0.120849
929 10 0.066959
930 10 0.135637
931 10 0.132882
932 10 0.262314
933 10 0.059109
934 10 0.130111
935 10 0.080334
936 10 0.124966
937 10 0.065562
938 10 0.066568
939 10 0.082262
940 10 0.263913
941 10 0.074282
942 10 0.170920
943 10 0.015518
944 10 0.087912
945 10 0.161291
946 10 0.177456
947 10 0.144284
948 10 0.014973
949 10 0.176171
950 10 0.098192
951 10 0.178762
952 10 0.158955
953 10 0.059336
954 10 0.116792
955 10 0.831128
956 10 0.145302
957 10 0.115169
958 10 0.156442
959 10 0.097568
960 10 0.160756
961 10 0.120779
962 10 0.040325
963 10 0.144761
964 10 0.023085
965 10 0.094809
966 10 0.097434
967 10 0.078777
968 10 0.096482
969 10 0.195303
970 10 0.022084
971 10 0.072821
972 10 0.085679
973 10 0.100662
974 10 0.161157
975 10 0.055436
976 10 0.109576
977 10 0.144064
978 10 0.047090
979 10 0.173479
980 10 0.268004
981 10 0.058269
982 10 0.051233
983 10 0.011122
984 10 0.106897
985 10 0.090481
986 10 0.066500
987 10 0.159982
988 10 0.184612
989 10 0.113631
990 10 0.065655
991 10 0.586877
992 10 0.089015
993 10 0.135906
994 10 0.253441
995 10 0.149483
996 10 0.062455
997 10 0.240996
998 10 0.879665
999 10 0.201251
1000 11 0.884182
1001 11 0.115046
1002 11 0.077430
1003 11 0.143443
1004 11 0.183193
1005 11 0.078487
1006 11 0.014966
1007 11 0.169126
1008 11 0.101803
1009 11 0.117989
1010 11 0.152799
1011 11 0.125364
1012 11 0.110449
1013 11 0.872394
1014 11 0.040997
1015 11 0.136181
1016 11 0.151230
1017 11 0.017371
1018 11 0.268003
1019 11 0.115242
1020 11 0.110429
1021 11 0.127654
1022 11 0.066190
1023 11 0.046872
1024 11 0.084110
1025 11 0.161414
1026 11 0.055827
1027 11 0.145282
1028 11 0.169565
1029 11 0.172490
1030 11 0.234912
1031 11 0.094389
1032 11 0.173034
1033 11 0.173182
1034 11 0.022286
1035 11 0.095726
1036 11 0.225553
1037 11 0.015564
1038 11 0.011602
1039 11 0.087235
1040 11 0.066784
1041 11 0.166998
1042 11 0.119268
1043 11 0.250469
1044 11 0.101188
1045 11 0.092521
1046 11 0.073723
1047 11 0.093898
1048 11 0.156834
1049 11 0.109557
1050 11 0.022049
1051 11 0.153328
1052 11 0.058179
1053 11 0.039910
1054 11 0.149151
1055 11 0.064910
1056 11 0.112704
1057 11 0.083117
1058 11 0.242561
1059 11 0.518551
1060 11 0.156289
1061 11 0.056759
1062 11 0.192492
1063 11 0.184979
1064 11 0.117314
1065 11 0.240633
1066 11 0.073506
1067 11 0.059821
1068 11 0.113928
1069 11 0.039745
1070 11 0.011182
1071 11 0.216879
1072 11 0.158812
1073 11 0.189292
1074 11 0.167910
1075 11 0.044291
1076 11 0.109845
1077 11 0.306326
1078 11 0.052380
1079 11 0.082185
1080 11 0.068666
1081 11 0.022942
1082 11 0.068349
1083 11 0.190899
1084 11 0.159860
1085 11 0.539465
1086 11 0.108458
1087 11 0.042409
1088 11 0.046083
1089 11 0.190997
1090 11 0.049791
1091 11 0.101852
1092 11 0.193099
1093 11 0.109117
1094 11 0.131606
1095 11 0.098544
1096 11 0.178576
1097 11 0.049504
1098 11 0.068962
1099 11 0.117047
1100 12 0.074384
1101 12 0.142595
1102 12 0.108435
1103 12 0.118547
1104 12 0.118276
1105 12 0.068555
1106 12 0.123498
1107 12 0.091413
1108 12 0.145116
1109 12 0.083100
1110 12 0.039769
1111 12 0.169687
1112 12 0.054881
1113 12 0.075365
1114 12 0.163377
1115 12 0.182639
1116 12 0.015000
1117 12 0.208491
1118 12 0.338605
1119 12 0.045975
1120 12 0.162957
1121 12 0.067305
1122 12 0.077690
1123 12 0.116326
1124 12 0.022936
1125 12 0.085324
1126 12 0.173853
1127 12 0.049440
1128 12 0.226571
1129 12 0.101590
1130 12 0.093826
1131 12 0.135478
1132 12 0.117392
1133 12 0.117566
1134 12 0.126610
1135 12 0.118809
1136 12 0.089744
1137 12 0.046453
1138 12 0.594439
1139 12 0.082585
1140 12 0.140943
1141 12 0.146988
1142 12 0.158928
1143 12 0.131162
1144 12 0.128080
1145 12 0.535365
1146 12 0.178924
1147 12 0.101902
1148 12 0.011676
1149 12 0.150902
1150 12 0.198993
1151 12 0.329606
1152 12 0.045764
1153 12 0.098167
1154 12 0.042082
1155 12 0.077558
1156 12 0.118345
1157 12 0.103363
1158 12 0.022093
1159 12 0.167005
1160 12 0.094077
1161 12 0.155853
1162 12 0.057449
1163 12 0.278863
1164 12 0.081603
1165 12 0.087889
1166 12 0.135852
1167 12 0.818398
1168 12 0.067967
1169 12 0.089407
1170 12 0.145139
1171 12 0.150622
1172 12 0.159700
1173 12 0.042050
1174 12 0.059412
1175 12 0.088095
1176 12 0.046398
1177 12 0.101212
1178 12 0.072808
1179 12 0.248306
1180 12 0.065173
1181 12 0.122918
1182 12 0.157856
1183 12 0.038907
1184 12 0.805861
1185 12 0.214520
1186 12 0.017435
1187 12 0.058275
1188 12 0.145118
1189 12 0.140780
1190 12 0.093480
1191 12 0.167740
1192 12 0.113275
1193 12 0.067622
1194 12 0.123851
1195 12 0.143050
1196 12 0.123105
1197 12 0.065265
1198 12 0.189873
1199 12 0.119571
