# Batch convergence for: model=snn-ae encoding=poisson architecture=dense v_th=0.5 alpha=0.99 run=2
batch_num epoch batch_loss
0 1 0.132812
1 1 0.291844
2 1 0.261715
3 1 0.264459
4 1 0.866078
5 1 0.109363
6 1 0.707843
7 1 0.097622
8 1 0.179909
9 1 0.328799
10 1 0.208308
11 1 0.400239
12 1 0.499880
13 1 0.245972
14 1 0.578320
15 1 0.250479
16 1 0.167279
17 1 0.586060
18 1 0.317981
19 1 0.403734
20 1 0.296592
21 1 0.100485
22 1 0.166520
23 1 0.309996
24 1 0.318372
25 1 0.606435
26 1 0.312555
27 1 0.194654
28 1 0.538113
29 1 0.279825
30 1 0.373743
31 1 0.397175
32 1 0.560383
33 1 0.175942
34 1 0.174471
35 1 0.359260
36 1 0.278393
37 1 0.284226
38 1 0.085176
39 1 0.413999
40 1 0.284622
41 1 0.227992
42 1 0.135781
43 1 0.215459
44 1 0.329257
45 1 0.199334
46 1 0.330285
47 1 0.312441
48 1 0.213218
49 1 0.384588
50 1 0.088790
51 1 0.429733
52 1 0.362619
53 1 0.118855
54 1 1.416157
55 1 0.339666
56 1 0.288753
57 1 0.396303
58 1 0.089535
59 1 0.371887
60 1 0.185894
61 1 0.299712
62 1 0.326203
63 1 0.266757
64 1 0.232855
65 1 0.112092
66 1 0.019441
67 1 0.781251
68 1 0.105180
69 1 0.097856
70 1 0.232058
71 1 0.027168
72 1 0.027211
73 1 0.251379
74 1 0.315757
75 1 0.254867
76 1 0.158040
77 1 0.341809
78 1 0.241829
79 1 0.316849
80 1 1.216774
81 1 0.247252
82 1 0.268777
83 1 0.245207
84 1 0.404836
85 1 0.329419
86 1 0.156848
87 1 0.382147
88 1 0.333871
89 1 0.199463
90 1 0.100311
91 1 0.326828
92 1 0.034914
93 1 0.333822
94 1 0.152242
95 1 0.320245
96 1 0.136819
97 1 0.252329
98 1 0.169426
99 1 0.208721
100 2 0.357464
101 2 0.155318
102 2 0.164641
103 2 0.187455
104 2 0.240955
105 2 0.170894
106 2 0.147504
107 2 0.374687
108 2 0.132082
109 2 0.191041
110 2 0.170790
111 2 0.063399
112 2 0.235192
113 2 1.091873
114 2 0.160615
115 2 0.241003
116 2 0.115959
117 2 0.188828
118 2 0.172794
119 2 0.180037
120 2 0.108813
121 2 0.079967
122 2 0.058834
123 2 0.234208
124 2 0.138966
125 2 0.320035
126 2 0.217237
127 2 0.310842
128 2 0.269921
129 2 0.242699
130 2 0.161196
131 2 0.358107
132 2 0.182538
133 2 0.321181
134 2 0.299927
135 2 0.245456
136 2 0.155124
137 2 0.135327
138 2 0.346320
139 2 0.278713
140 2 0.160563
141 2 0.272690
142 2 0.373255
143 2 0.259683
144 2 0.157152
145 2 0.185304
146 2 0.236452
147 2 0.249997
148 2 0.162226
149 2 0.234135
150 2 0.034779
151 2 0.092872
152 2 0.256017
153 2 0.120126
154 2 0.178091
155 2 0.045900
156 2 0.711801
157 2 0.156655
158 2 0.276080
159 2 0.182447
160 2 0.158765
161 2 0.186978
162 2 0.228120
163 2 0.254260
164 2 0.092820
165 2 0.119945
166 2 0.027021
167 2 0.116133
168 2 0.327148
169 2 0.333794
170 2 0.073604
171 2 0.638698
172 2 0.185462
173 2 0.154542
174 2 0.165781
175 2 0.317019
176 2 0.293795
177 2 0.030873
178 2 0.174047
179 2 0.174601
180 2 0.365478
181 2 0.123745
182 2 0.259221
183 2 0.406086
184 2 0.272546
185 2 0.059502
186 2 0.266445
187 2 0.191737
188 2 0.237363
189 2 0.467738
190 2 0.296162
191 2 0.112210
192 2 0.131078
193 2 0.291509
194 2 1.106222
195 2 0.187669
196 2 0.200824
197 2 0.065750
198 2 0.171537
199 2 0.145860
200 3 0.348576
201 3 0.248780
202 3 0.088624
203 3 0.183084
204 3 0.228580
205 3 0.184967
206 3 0.260724
207 3 0.094512
208 3 1.072598
209 3 0.107029
210 3 0.119581
211 3 0.073399
212 3 0.192073
213 3 0.331759
214 3 0.196746
215 3 0.110991
216 3 0.299352
217 3 0.196332
218 3 1.012307
219 3 0.088681
220 3 0.321415
221 3 0.154165
222 3 0.083023
223 3 0.131128
224 3 0.287477
225 3 0.144534
226 3 0.152257
227 3 0.186735
228 3 0.244470
229 3 0.034575
230 3 0.193504
231 3 0.026852
232 3 0.173458
233 3 0.194465
234 3 0.140170
235 3 0.320698
236 3 0.127175
237 3 0.234481
238 3 0.241698
239 3 0.301593
240 3 0.228163
241 3 0.208335
242 3 0.135449
243 3 0.258804
244 3 0.344829
245 3 0.123182
246 3 0.154615
247 3 0.179669
248 3 0.134577
249 3 0.119366
250 3 0.189227
251 3 0.215513
252 3 0.678882
253 3 0.305290
254 3 0.160078
255 3 0.088505
256 3 0.286544
257 3 0.140090
258 3 0.169138
259 3 0.092210
260 3 0.286607
261 3 0.215517
262 3 0.277995
263 3 0.096173
264 3 0.169280
265 3 0.305848
266 3 0.108007
267 3 0.174842
268 3 0.525009
269 3 0.215117
270 3 0.103860
271 3 0.126879
272 3 0.228117
273 3 0.330280
274 3 0.121760
275 3 0.130278
276 3 0.030663
277 3 0.030675
278 3 0.223678
279 3 0.164966
280 3 0.194601
281 3 0.103940
282 3 0.238602
283 3 0.080582
284 3 0.760625
285 3 0.263246
286 3 0.234411
287 3 0.169028
288 3 0.095979
289 3 0.180248
290 3 0.122746
291 3 0.266672
292 3 0.169890
293 3 0.157383
294 3 0.221987
295 3 0.207478
296 3 0.242686
297 3 0.351489
298 3 0.210675
299 3 0.290345
300 4 0.447909
301 4 0.141614
302 4 0.169123
303 4 0.153139
304 4 0.222736
305 4 0.183704
306 4 0.112519
307 4 0.250023
308 4 0.277195
309 4 0.157181
310 4 0.222689
311 4 0.194478
312 4 0.118917
313 4 0.095844
314 4 0.195421
315 4 0.165540
316 4 0.026704
317 4 0.149617
318 4 0.264560
319 4 0.183721
320 4 0.207069
321 4 0.072972
322 4 0.204299
323 4 0.271921
324 4 0.149281
325 4 0.239959
326 4 0.205725
327 4 0.150919
328 4 0.083305
329 4 0.080378
330 4 0.246477
331 4 0.133900
332 4 0.297710
333 4 0.192609
334 4 0.253301
335 4 0.091805
336 4 0.087883
337 4 0.195433
338 4 0.095645
339 4 0.202983
340 4 0.212187
341 4 0.224571
342 4 0.250104
343 4 0.019110
344 4 0.756833
345 4 0.281158
346 4 0.162066
347 4 0.681497
348 4 0.065180
349 4 0.191131
350 4 0.305294
351 4 0.136419
352 4 0.198764
353 4 0.152579
354 4 0.059699
355 4 0.212974
356 4 0.107491
357 4 0.318565
358 4 0.177340
359 4 0.091223
360 4 0.059131
361 4 0.233291
362 4 0.148696
363 4 0.180215
364 4 0.268966
365 4 0.234711
366 4 0.118435
367 4 0.140968
368 4 0.049801
369 4 0.154469
370 4 0.064702
371 4 0.034302
372 4 0.168168
373 4 0.130037
374 4 0.149329
375 4 0.148631
376 4 0.195530
377 4 0.110864
378 4 0.148471
379 4 0.255433
380 4 0.199992
381 4 0.123667
382 4 0.392323
383 4 1.080151
384 4 0.156506
385 4 0.208568
386 4 0.248212
387 4 0.303382
388 4 0.122226
389 4 0.160088
390 4 0.118345
391 4 0.224113
392 4 0.166018
393 4 0.259479
394 4 0.188173
395 4 1.036746
396 4 0.149039
397 4 0.240368
398 4 0.250285
399 4 0.131795
400 5 0.327515
401 5 0.227521
402 5 0.176994
403 5 0.160925
404 5 0.148120
405 5 0.101373
406 5 0.144584
407 5 0.681724
408 5 0.095312
409 5 0.232529
410 5 0.277907
411 5 1.002920
412 5 0.096506
413 5 0.030422
414 5 0.168044
415 5 0.190477
416 5 0.120994
417 5 0.225537
418 5 0.142860
419 5 0.195009
420 5 0.260676
421 5 0.030421
422 5 0.196889
423 5 0.157004
424 5 0.167367
425 5 0.159127
426 5 0.125713
427 5 0.129394
428 5 0.121828
429 5 0.125113
430 5 0.288047
431 5 0.248867
432 5 0.167402
433 5 0.102972
434 5 0.091450
435 5 0.091240
436 5 0.106911
437 5 0.155810
438 5 0.019008
439 5 0.171748
440 5 0.225890
441 5 0.110384
442 5 0.197534
443 5 0.140213
444 5 0.166584
445 5 0.064838
446 5 0.213865
447 5 0.230707
448 5 0.205176
449 5 0.148810
450 5 0.255405
451 5 0.267836
452 5 0.189612
453 5 0.026573
454 5 0.125459
455 5 0.194220
456 5 0.155792
457 5 0.173015
458 5 0.288597
459 5 0.214025
460 5 0.218919
461 5 0.174494
462 5 0.402318
463 5 0.121295
464 5 0.316208
465 5 0.170874
466 5 0.125491
467 5 0.102633
468 5 0.182029
469 5 0.132759
470 5 0.193692
471 5 0.140245
472 5 0.026522
473 5 0.299591
474 5 0.151831
475 5 0.629222
476 5 0.155535
477 5 0.151671
478 5 0.129664
479 5 0.079695
480 5 0.210612
481 5 0.948276
482 5 0.156452
483 5 0.160966
484 5 0.068753
485 5 0.117619
486 5 0.204078
487 5 0.331929
488 5 0.203038
489 5 0.171716
490 5 0.147689
491 5 0.194407
492 5 0.339178
493 5 0.174833
494 5 0.147255
495 5 0.125261
496 5 0.257972
497 5 0.171072
498 5 0.117676
499 5 0.049470
500 6 0.122123
501 6 0.030290
502 6 0.136875
503 6 0.163712
504 6 0.288872
505 6 0.199266
506 6 0.018984
507 6 0.216659
508 6 0.627233
509 6 0.294147
510 6 0.135070
511 6 0.221060
512 6 0.151043
513 6 0.125082
514 6 0.254317
515 6 0.268747
516 6 0.049416
517 6 0.139546
518 6 0.125031
519 6 0.188766
520 6 0.196552
521 6 0.213687
522 6 0.250142
523 6 0.205168
524 6 0.170220
525 6 0.143452
526 6 0.184173
527 6 0.245352
528 6 0.094476
529 6 0.187671
530 6 0.239534
531 6 0.184409
532 6 0.223059
533 6 0.154847
534 6 0.117414
535 6 0.144457
536 6 0.296448
537 6 0.150806
538 6 0.258066
539 6 0.146856
540 6 0.260583
541 6 0.144521
542 6 0.117088
543 6 0.170866
544 6 0.189355
545 6 0.230558
546 6 0.124936
547 6 0.166232
548 6 0.208886
549 6 0.164684
550 6 0.219980
551 6 0.034012
552 6 0.090650
553 6 0.063967
554 6 0.178600
555 6 0.174334
556 6 0.142571
557 6 0.147902
558 6 0.217605
559 6 0.026479
560 6 0.200508
561 6 0.072008
562 6 0.064456
563 6 0.128330
564 6 0.061947
565 6 0.079334
566 6 0.128147
567 6 0.268071
568 6 0.178114
569 6 0.117085
570 6 0.026398
571 6 0.298430
572 6 0.136652
573 6 0.138935
574 6 0.154868
575 6 0.144148
576 6 0.026408
577 6 0.131932
578 6 0.109739
579 6 0.090582
580 6 0.186506
581 6 0.913888
582 6 0.144796
583 6 0.206708
584 6 0.252598
585 6 0.086610
586 6 0.254201
587 6 0.327751
588 6 0.129809
589 6 0.663715
590 6 1.002577
591 6 0.146815
592 6 0.102082
593 6 0.199627
594 6 0.157159
595 6 0.233423
596 6 0.135976
597 6 0.200575
598 6 0.221089
599 6 0.229183
600 7 0.086468
601 7 0.275948
602 7 0.265827
603 7 0.237281
604 7 0.042380
605 7 0.120394
606 7 0.206043
607 7 0.221982
608 7 0.171191
609 7 0.217954
610 7 0.165606
611 7 0.246669
612 7 0.200364
613 7 0.116741
614 7 0.188842
615 7 0.237759
616 7 0.269553
617 7 0.033913
618 7 0.162827
619 7 0.124305
620 7 0.030146
621 7 0.101867
622 7 0.093958
623 7 0.174539
624 7 0.049204
625 7 0.109399
626 7 0.269579
627 7 0.235034
628 7 0.090466
629 7 0.161476
630 7 0.294603
631 7 0.127814
632 7 0.135968
633 7 0.160833
634 7 0.179101
635 7 0.086357
636 7 0.030129
637 7 0.109229
638 7 0.131432
639 7 0.187998
640 7 0.127303
641 7 0.195211
642 7 0.217162
643 7 0.172981
644 7 0.148529
645 7 0.101671
646 7 0.151777
647 7 0.223083
648 7 0.218985
649 7 0.026335
650 7 0.165086
651 7 0.661138
652 7 0.335278
653 7 0.636529
654 7 0.169997
655 7 0.257881
656 7 0.078938
657 7 0.239810
658 7 0.208136
659 7 0.071685
660 7 0.090161
661 7 0.146145
662 7 0.135485
663 7 0.105630
664 7 0.154026
665 7 0.209840
666 7 0.309387
667 7 0.250280
668 7 0.166721
669 7 0.153901
670 7 0.179490
671 7 0.182414
672 7 1.022826
673 7 0.970924
674 7 0.245102
675 7 0.254996
676 7 0.201578
677 7 0.149530
678 7 0.124004
679 7 0.144068
680 7 0.188170
681 7 0.136717
682 7 0.127686
683 7 0.313373
684 7 0.170123
685 7 0.261094
686 7 0.248400
687 7 0.115572
688 7 0.049413
689 7 0.119662
690 7 0.138975
691 7 0.220621
692 7 0.063476
693 7 0.026378
694 7 0.138007
695 7 0.241876
696 7 0.127734
697 7 0.138454
698 7 0.064038
699 7 0.165824
700 8 0.271531
701 8 0.137998
702 8 0.175089
703 8 0.617357
704 8 0.179459
705 8 0.136645
706 8 0.061584
707 8 0.183229
708 8 0.164818
709 8 0.153446
710 8 0.300093
711 8 0.263211
712 8 0.102436
713 8 0.127711
714 8 0.190845
715 8 0.258846
716 8 0.965059
717 8 0.244717
718 8 0.704358
719 8 0.269097
720 8 0.108724
721 8 0.209014
722 8 0.123642
723 8 0.112386
724 8 0.126916
725 8 0.171684
726 8 0.200775
727 8 0.168511
728 8 0.152886
729 8 0.193738
730 8 0.138200
731 8 0.149517
732 8 0.153437
733 8 0.164390
734 8 0.160399
735 8 0.101117
736 8 0.158736
737 8 0.164031
738 8 0.137570
739 8 0.162437
740 8 0.164763
741 8 0.290585
742 8 0.145380
743 8 0.146262
744 8 0.186718
745 8 0.164381
746 8 0.026364
747 8 0.141477
748 8 0.089641
749 8 0.135216
750 8 0.089914
751 8 0.309052
752 8 0.137180
753 8 0.101071
754 8 0.223868
755 8 0.177037
756 8 0.280769
757 8 0.115594
758 8 0.128018
759 8 0.123524
760 8 0.148656
761 8 0.178001
762 8 0.211325
763 8 0.115979
764 8 0.220420
765 8 0.108576
766 8 0.119366
767 8 0.204884
768 8 0.324963
769 8 0.085168
770 8 0.170169
771 8 0.126283
772 8 0.071249
773 8 0.247191
774 8 0.158231
775 8 0.127206
776 8 0.163775
777 8 0.162444
778 8 0.177828
779 8 0.026294
780 8 0.242564
781 8 0.198125
782 8 0.063215
783 8 0.056062
784 8 0.030006
785 8 0.282902
786 8 0.264437
787 8 0.063790
788 8 0.144814
789 8 0.018932
790 8 0.165153
791 8 0.134523
792 8 0.246971
793 8 0.949557
794 8 0.205527
795 8 0.048916
796 8 0.118992
797 8 0.281976
798 8 0.126905
799 8 0.193353
800 9 0.182557
801 9 0.180210
802 9 0.126444
803 9 0.123320
804 9 0.250307
805 9 0.152976
806 9 0.189650
807 9 0.115755
808 9 0.144619
809 9 0.108370
810 9 0.137469
811 9 0.119095
812 9 0.274428
813 9 0.248643
814 9 0.175046
815 9 0.200357
816 9 0.224083
817 9 0.063714
818 9 0.902786
819 9 0.152154
820 9 0.166130
821 9 0.144251
822 9 0.186696
823 9 0.220267
824 9 0.168463
825 9 0.183924
826 9 0.261303
827 9 0.134260
828 9 0.234151
829 9 0.152375
830 9 0.018937
831 9 0.260137
832 9 0.108171
833 9 0.100682
834 9 0.152546
835 9 0.029995
836 9 0.162128
837 9 0.167405
838 9 0.145660
839 9 0.163160
840 9 0.196604
841 9 0.234574
842 9 0.264135
843 9 0.100593
844 9 0.218977
845 9 0.033701
846 9 0.129879
847 9 0.263556
848 9 0.029951
849 9 0.115370
850 9 0.145833
851 9 0.241115
852 9 0.226359
853 9 0.259455
854 9 0.285545
855 9 0.136708
856 9 0.122785
857 9 0.100482
858 9 0.203343
859 9 0.140653
860 9 0.232129
861 9 0.142968
862 9 0.089164
863 9 0.185992
864 9 0.026296
865 9 0.187901
866 9 0.219820
867 9 0.169213
868 9 0.163291
869 9 0.199468
870 9 0.111604
871 9 0.188753
872 9 0.100564
873 9 0.154864
874 9 0.192627
875 9 0.290345
876 9 0.026241
877 9 0.126392
878 9 0.358575
879 9 0.292954
880 9 0.134438
881 9 0.235005
882 9 0.199039
883 9 0.070930
884 9 0.227810
885 9 0.236150
886 9 0.026201
887 9 0.611005
888 9 0.122789
889 9 0.173052
890 9 0.152031
891 9 0.871365
892 9 0.114830
893 9 0.085248
894 9 0.085188
895 9 0.652123
896 9 0.062856
897 9 0.126957
898 9 0.089151
899 9 0.190148
900 10 0.172040
901 10 0.026227
902 10 0.137417
903 10 0.167432
904 10 0.182251
905 10 0.251599
906 10 0.115213
907 10 0.089090
908 10 0.164374
909 10 0.115043
910 10 0.122445
911 10 0.271788
912 10 0.655955
913 10 0.063475
914 10 0.092498
915 10 0.184131
916 10 0.172555
917 10 0.237668
918 10 0.176876
919 10 0.210942
920 10 0.100876
921 10 0.210543
922 10 0.126278
923 10 0.191955
924 10 0.206577
925 10 0.151628
926 10 0.129355
927 10 0.198421
928 10 0.143931
929 10 0.088848
930 10 0.151819
931 10 0.125645
932 10 0.232883
933 10 0.278551
934 10 0.161064
935 10 0.100234
936 10 0.184791
937 10 0.070722
938 10 0.166250
939 10 0.089212
940 10 0.139969
941 10 0.147141
942 10 0.262235
943 10 0.018975
944 10 0.208858
945 10 0.264659
946 10 0.254249
947 10 0.151468
948 10 0.026198
949 10 0.104129
950 10 0.162137
951 10 0.284493
952 10 0.151448
953 10 0.133458
954 10 0.122164
955 10 0.845800
956 10 0.226495
957 10 0.100774
958 10 0.220788
959 10 0.118248
960 10 0.234653
961 10 0.163121
962 10 0.111092
963 10 0.177827
964 10 0.033640
965 10 0.161169
966 10 0.139701
967 10 0.176916
968 10 0.148269
969 10 0.165063
970 10 0.026300
971 10 0.125917
972 10 0.092687
973 10 0.029898
974 10 0.283565
975 10 0.173696
976 10 0.214599
977 10 0.142588
978 10 0.108173
979 10 0.244749
980 10 0.304043
981 10 0.143048
982 10 0.062612
983 10 0.029938
984 10 0.193711
985 10 0.162260
986 10 0.122194
987 10 0.144531
988 10 0.225430
989 10 0.114322
990 10 0.191606
991 10 0.629508
992 10 0.177123
993 10 0.084828
994 10 0.272155
995 10 0.266345
996 10 0.099975
997 10 0.268565
998 10 0.933876
999 10 0.252788
1000 11 0.906109
1001 11 0.150800
1002 11 0.252730
1003 11 0.184094
1004 11 0.257456
1005 11 0.088968
1006 11 0.026184
1007 11 0.203157
1008 11 0.188451
1009 11 0.173805
1010 11 0.237959
1011 11 0.159984
1012 11 0.192714
1013 11 0.868832
1014 11 0.177411
1015 11 0.114101
1016 11 0.121766
1017 11 0.029875
1018 11 0.267679
1019 11 0.196220
1020 11 0.199410
1021 11 0.237477
1022 11 0.121903
1023 11 0.077660
1024 11 0.173503
1025 11 0.152528
1026 11 0.128463
1027 11 0.196998
1028 11 0.295181
1029 11 0.161864
1030 11 0.246845
1031 11 0.190759
1032 11 0.181806
1033 11 0.243965
1034 11 0.202476
1035 11 0.169659
1036 11 0.165520
1037 11 0.019012
1038 11 0.026226
1039 11 0.088373
1040 11 0.088581
1041 11 0.266932
1042 11 0.174077
1043 11 0.103669
1044 11 0.149442
1045 11 0.142419
1046 11 0.099766
1047 11 0.117480
1048 11 0.114231
1049 11 0.099659
1050 11 0.026291
1051 11 0.194284
1052 11 0.162214
1053 11 0.136669
1054 11 0.261122
1055 11 0.319404
1056 11 0.187380
1057 11 0.171341
1058 11 0.350602
1059 11 0.607696
1060 11 0.139180
1061 11 0.105467
1062 11 0.173591
1063 11 0.256044
1064 11 0.150110
1065 11 0.253822
1066 11 0.146193
1067 11 0.161743
1068 11 0.177712
1069 11 0.182067
1070 11 0.029943
1071 11 0.204914
1072 11 0.236614
1073 11 0.135262
1074 11 0.150541
1075 11 0.180555
1076 11 0.091451
1077 11 0.216552
1078 11 0.134160
1079 11 0.128404
1080 11 0.142849
1081 11 0.033586
1082 11 0.106946
1083 11 0.198959
1084 11 0.157615
1085 11 0.639212
1086 11 0.173593
1087 11 0.084447
1088 11 0.203220
1089 11 0.198184
1090 11 0.123134
1091 11 0.190270
1092 11 0.114228
1093 11 0.197871
1094 11 0.175272
1095 11 0.148312
1096 11 0.291630
1097 11 0.063100
1098 11 0.152764
1099 11 0.230886
1100 12 0.092179
1101 12 0.138841
1102 12 0.243655
1103 12 0.193736
1104 12 0.103370
1105 12 0.146843
1106 12 0.142284
1107 12 0.166900
1108 12 0.246807
1109 12 0.098455
1110 12 0.110343
1111 12 0.134713
1112 12 0.132888
1113 12 0.133917
1114 12 0.187361
1115 12 0.270599
1116 12 0.026185
1117 12 0.235627
1118 12 0.270368
1119 12 0.216852
1120 12 0.124938
1121 12 0.121324
1122 12 0.197969
1123 12 0.194974
1124 12 0.033585
1125 12 0.106868
1126 12 0.215718
1127 12 0.101965
1128 12 0.253114
1129 12 0.099319
1130 12 0.148694
1131 12 0.160519
1132 12 0.181917
1133 12 0.211853
1134 12 0.204389
1135 12 0.166912
1136 12 0.231285
1137 12 0.062211
1138 12 0.721408
1139 12 0.150635
1140 12 0.150139
1141 12 0.173230
1142 12 0.147843
1143 12 0.205747
1144 12 0.166857
1145 12 0.617092
1146 12 0.247889
1147 12 0.137458
1148 12 0.026239
1149 12 0.248496
1150 12 0.352435
1151 12 0.242807
1152 12 0.019076
1153 12 0.122840
1154 12 0.084243
1155 12 0.099365
1156 12 0.161203
1157 12 0.113908
1158 12 0.058360
1159 12 0.194452
1160 12 0.088223
1161 12 0.247883
1162 12 0.175967
1163 12 0.230181
1164 12 0.159872
1165 12 0.174850
1166 12 0.149300
1167 12 0.852915
1168 12 0.106604
1169 12 0.108978
1170 12 0.196749
1171 12 0.160902
1172 12 0.139368
1173 12 0.054649
1174 12 0.166921
1175 12 0.134613
1176 12 0.096663
1177 12 0.221987
1178 12 0.088407
1179 12 0.226912
1180 12 0.237972
1181 12 0.124148
1182 12 0.158957
1183 12 0.084201
1184 12 0.887587
1185 12 0.233847
1186 12 0.097424
1187 12 0.132155
1188 12 0.236661
1189 12 0.123517
1190 12 0.153642
1191 12 0.286825
1192 12 0.190448
1193 12 0.176539
1194 12 0.141473
1195 12 0.142091
1196 12 0.087830
1197 12 0.121113
1198 12 0.182364
1199 12 0.113225
1200 13 0.101777
1201 13 0.091303
1202 13 0.276691
1203 13 0.113782
1204 13 0.265196
1205 13 0.138163
1206 13 0.261043
1207 13 0.167482
1208 13 0.189055
1209 13 0.269105
1210 13 0.159937
1211 13 0.141155
1212 13 0.247705
1213 13 0.165633
1214 13 0.165943
1215 13 0.113113
1216 13 0.189191
1217 13 0.185074
1218 13 0.088261
1219 13 0.118865
1220 13 0.238872
1221 13 0.124602
1222 13 0.248794
1223 13 0.137512
1224 13 0.238980
1225 13 0.026347
1226 13 0.174237
1227 13 0.195671
1228 13 0.178185
1229 13 0.146575
1230 13 0.187822
1231 13 0.086843
1232 13 0.195003
1233 13 0.121335
1234 13 0.160359
1235 13 0.214533
1236 13 0.200990
1237 13 0.113569
1238 13 0.156505
1239 13 0.139700
1240 13 0.102849
1241 13 0.186484
1242 13 0.169707
1243 13 0.191751
1244 13 0.221717
1245 13 0.026198
1246 13 0.069895
1247 13 0.176953
1248 13 0.116868
1249 13 0.102246
1250 13 0.251661
1251 13 0.231381
1252 13 0.124252
1253 13 0.026274
1254 13 0.116493
1255 13 0.208534
1256 13 0.226778
1257 13 0.196142
1258 13 0.276523
1259 13 0.610328
1260 13 0.120834
1261 13 0.210948
1262 13 0.188509
1263 13 0.216526
1264 13 0.161827
1265 13 0.176481
1266 13 0.157393
1267 13 0.048390
1268 13 0.123095
1269 13 0.192232
1270 13 0.200894
1271 13 0.206651
1272 13 0.140590
1273 13 0.146790
1274 13 0.159456
1275 13 0.211585
1276 13 0.245516
1277 13 0.300938
1278 13 0.149571
1279 13 0.242831
1280 13 0.131691
1281 13 0.152181
1282 13 0.151737
1283 13 0.209373
1284 13 0.092143
1285 13 0.116474
1286 13 0.125500
1287 13 0.173472
1288 13 0.098916
1289 13 0.220913
1290 13 0.617790
1291 13 0.083836
1292 13 0.087537
1293 13 0.206722
1294 13 0.866360
1295 13 0.919674
1296 13 0.152961
1297 13 0.170766
1298 13 0.080743
1299 13 0.029844
1300 14 0.155190
1301 14 0.830583
1302 14 0.221400
1303 14 0.172170
1304 14 0.098804
1305 14 0.144374
1306 14 0.163976
1307 14 0.026296
1308 14 0.250794
1309 14 0.187400
1310 14 0.189615
1311 14 0.168855
1312 14 0.211587
1313 14 0.048360
1314 14 0.196756
1315 14 0.106077
1316 14 0.183439
1317 14 0.191705
1318 14 0.282388
1319 14 0.059665
1320 14 0.147495
1321 14 0.087969
1322 14 0.090703
1323 14 0.609430
1324 14 0.026391
1325 14 0.151766
1326 14 0.147552
1327 14 0.181785
1328 14 0.144585
1329 14 0.163712
1330 14 0.275187
1331 14 0.105897
1332 14 0.210038
1333 14 0.120206
1334 14 0.087386
1335 14 0.227712
1336 14 0.241414
1337 14 0.173746
1338 14 0.163144
1339 14 0.126694
1340 14 0.185026
1341 14 0.029835
1342 14 0.113175
1343 14 0.819958
1344 14 0.133297
1345 14 0.299580
1346 14 0.106723
1347 14 0.102438
1348 14 0.205961
1349 14 0.146691
1350 14 0.239678
1351 14 0.152192
1352 14 0.130068
1353 14 0.062664
1354 14 0.217086
1355 14 0.237441
1356 14 0.316339
1357 14 0.140778
1358 14 0.264314
1359 14 0.256804
1360 14 0.209298
1361 14 0.140988
1362 14 0.158768
1363 14 0.202084
1364 14 0.138042
1365 14 0.187751
1366 14 0.191202
1367 14 0.124097
1368 14 0.090377
1369 14 0.140308
1370 14 0.156766
1371 14 0.206020
1372 14 0.144772
1373 14 0.076835
1374 14 0.219526
1375 14 0.172394
1376 14 0.174640
1377 14 0.107709
1378 14 0.191215
1379 14 0.193677
1380 14 0.211166
1381 14 0.167244
1382 14 0.155602
1383 14 0.183943
1384 14 0.115940
1385 14 0.240397
1386 14 0.201775
1387 14 0.120129
1388 14 0.241810
1389 14 0.649399
1390 14 0.145912
1391 14 0.112405
1392 14 0.069749
1393 14 0.175775
1394 14 0.159536
1395 14 0.297481
1396 14 0.367859
1397 14 0.033639
1398 14 0.116212
1399 14 0.135939
1400 15 0.160866
1401 15 0.164313
1402 15 0.192481
1403 15 0.201579
1404 15 0.098479
1405 15 0.140484
1406 15 0.248205
1407 15 0.219718
1408 15 0.205055
1409 15 0.304062
1410 15 0.122305
1411 15 0.193529
1412 15 0.160536
1413 15 0.162360
1414 15 0.098140
1415 15 0.134309
1416 15 0.184364
1417 15 0.123456
1418 15 0.030045
1419 15 0.168862
1420 15 0.194546
1421 15 0.095263
1422 15 0.130946
1423 15 0.126539
1424 15 0.123179
1425 15 0.601672
1426 15 0.131258
1427 15 0.103769
1428 15 0.109032
1429 15 0.180039
1430 15 0.105717
1431 15 0.159301
1432 15 0.173726
1433 15 0.026452
1434 15 0.119931
1435 15 0.136803
1436 15 0.592424
1437 15 0.164958
1438 15 0.140342
1439 15 0.239032
1440 15 0.159542
1441 15 0.090550
1442 15 0.115560
1443 15 0.190633
1444 15 0.103857
1445 15 0.176423
1446 15 0.122152
1447 15 0.239814
1448 15 0.150658
1449 15 0.062562
1450 15 0.267238
1451 15 0.170547
1452 15 0.159375
1453 15 0.274534
1454 15 0.122132
1455 15 0.255788
1456 15 0.097662
1457 15 0.029874
1458 15 0.026287
1459 15 0.251097
1460 15 0.152914
1461 15 0.048305
1462 15 0.083358
1463 15 0.110329
1464 15 0.169253
1465 15 0.158917
1466 15 0.238123
1467 15 0.763852
1468 15 0.123566
1469 15 0.122625
1470 15 0.185310
1471 15 0.895625
1472 15 0.163165
1473 15 0.215208
1474 15 0.166381
1475 15 0.212014
1476 15 0.228865
1477 15 0.218180
1478 15 0.233536
1479 15 0.288946
1480 15 0.241612
1481 15 0.186161
1482 15 0.167107
1483 15 0.167847
1484 15 0.101946
1485 15 0.186880
1486 15 0.182970
1487 15 0.140299
1488 15 0.033654
1489 15 0.209227
1490 15 0.201477
1491 15 0.120549
1492 15 0.276620
1493 15 0.268176
1494 15 0.214741
1495 15 0.178549
1496 15 0.151607
1497 15 0.200716
1498 15 0.313123
1499 15 0.131867
1500 16 0.186741
1501 16 0.155815
1502 16 0.220920
1503 16 0.097828
1504 16 0.182678
1505 16 0.197880
1506 16 0.019391
1507 16 0.132676
1508 16 0.218862
1509 16 0.227710
1510 16 0.572839
1511 16 0.149731
1512 16 0.187014
1513 16 0.136349
1514 16 0.123018
1515 16 0.263869
1516 16 0.191938
1517 16 0.204353
1518 16 0.122936
1519 16 0.207723
1520 16 0.191528
1521 16 0.226377
1522 16 0.178900
1523 16 0.226901
1524 16 0.133765
1525 16 0.123254
1526 16 0.213303
1527 16 0.178248
1528 16 0.196032
1529 16 0.105353
1530 16 0.098120
1531 16 0.086760
1532 16 0.061445
1533 16 0.109552
1534 16 0.062434
1535 16 0.227853
1536 16 0.278745
1537 16 0.791262
1538 16 0.033679
1539 16 0.132125
1540 16 0.264029
1541 16 0.171639
1542 16 0.271238
1543 16 0.158167
1544 16 0.149468
1545 16 0.198727
1546 16 0.174031
1547 16 0.200362
1548 16 0.150546
1549 16 0.176232
1550 16 0.223822
1551 16 0.175617
1552 16 0.109150
1553 16 0.090997
1554 16 0.764902
1555 16 0.159041
1556 16 0.174834
1557 16 0.029920
1558 16 0.112429
1559 16 0.119287
1560 16 0.148603
1561 16 0.157306
1562 16 0.076486
1563 16 0.198155
1564 16 0.048265
1565 16 0.199277
1566 16 0.188547
1567 16 0.119540
1568 16 0.112372
1569 16 0.283634
1570 16 0.203278
1571 16 0.173014
1572 16 0.101656
1573 16 0.096091
1574 16 0.030151
1575 16 0.215929
1576 16 0.151676
1577 16 0.176507
1578 16 0.239072
1579 16 0.135589
1580 16 0.114997
1581 16 0.215231
1582 16 0.250369
1583 16 0.026468
1584 16 0.194267
1585 16 0.122073
1586 16 0.164865
1587 16 0.161967
1588 16 0.270913
1589 16 0.162189
1590 16 0.189390
1591 16 0.058154
1592 16 0.083050
1593 16 0.121419
1594 16 0.131753
1595 16 0.624906
1596 16 0.187514
1597 16 0.161529
1598 16 0.135255
1599 16 0.170073
