# Batch convergence for: model=snn-ae encoding=direct architecture=dense v_th=0.5 alpha=0.99 run=3
batch_num epoch batch_loss
0 1 1.449807
1 1 1.362831
2 1 1.245769
3 1 1.198970
4 1 1.157707
5 1 1.136212
6 1 1.142407
7 1 1.112738
8 1 1.268726
9 1 1.083086
10 1 1.106745
11 1 1.174176
12 1 1.260217
13 1 1.196382
14 1 1.242922
15 1 1.169604
16 1 1.128730
17 1 1.255153
18 1 1.220272
19 1 1.063484
20 1 1.293276
21 1 1.210246
22 1 1.003676
23 1 1.095528
24 1 1.074025
25 1 1.047392
26 1 1.040707
27 1 1.087966
28 1 1.043331
29 1 1.117376
30 1 1.164583
31 1 1.088929
32 1 1.088333
33 1 1.190414
34 1 1.002061
35 1 1.108411
36 1 1.040925
37 1 1.024538
38 1 0.999747
39 1 1.012733
40 1 1.080046
41 1 1.080491
42 1 1.148005
43 1 1.013127
44 1 1.112881
45 1 1.149155
46 1 1.111839
47 1 1.016358
48 1 1.000146
49 1 0.999835
50 1 0.999710
51 1 1.032480
52 1 1.126415
53 1 1.071616
54 1 1.000375
55 1 1.071845
56 1 1.062756
57 1 1.114117
58 1 1.135149
59 1 1.051841
60 1 1.218918
61 1 0.999516
62 1 1.078126
63 1 1.079650
64 1 1.079870
65 1 1.058854
66 1 1.046319
67 1 1.184860
68 1 1.102343
69 1 1.053126
70 1 0.999417
71 1 1.074110
72 1 1.138428
73 1 1.188146
74 1 1.007541
75 1 1.027865
76 1 1.089135
77 1 1.013438
78 1 1.051426
79 1 1.204305
80 1 1.177454
81 1 1.119159
82 1 1.062276
83 1 1.093822
84 1 1.063671
85 1 1.150384
86 1 1.187932
87 1 1.109502
88 1 1.009863
89 1 1.000128
90 1 1.071054
91 1 1.000566
92 1 1.183748
93 1 1.118073
94 1 1.036572
95 1 0.999980
96 1 1.059966
97 1 1.125924
98 1 1.088294
99 1 1.088443
100 2 1.106987
101 2 1.071798
102 2 1.048884
103 2 1.038287
104 2 0.999952
105 2 0.999827
106 2 0.999625
107 2 1.044904
108 2 0.999711
109 2 0.999537
110 2 0.999783
111 2 0.999005
112 2 0.999266
113 2 1.000635
114 2 1.028590
115 2 1.000481
116 2 0.968093
117 2 1.155101
118 2 1.063721
119 2 1.088781
120 2 1.002170
121 2 1.201513
122 2 0.999869
123 2 1.048499
124 2 0.999853
125 2 1.055576
126 2 1.071485
127 2 1.229440
128 2 1.039372
129 2 1.000195
130 2 1.034352
131 2 1.078522
132 2 1.087948
133 2 1.076212
134 2 1.062168
135 2 1.201279
136 2 1.043183
137 2 1.171597
138 2 1.109310
139 2 1.222887
140 2 1.049392
141 2 1.058109
142 2 1.048267
143 2 1.088995
144 2 0.999358
145 2 0.999020
146 2 1.039691
147 2 1.079772
148 2 0.992203
149 2 1.051278
150 2 1.089659
151 2 1.037656
152 2 1.019824
153 2 1.035947
154 2 1.107264
155 2 1.097722
156 2 1.129366
157 2 0.998398
158 2 1.030138
159 2 1.021789
160 2 1.063585
161 2 1.000179
162 2 1.154281
163 2 0.999136
164 2 1.129521
165 2 1.061748
166 2 1.081115
167 2 0.998593
168 2 1.055923
169 2 1.182854
170 2 1.000503
171 2 1.047947
172 2 1.053645
173 2 1.043766
174 2 1.000151
175 2 1.012560
176 2 0.999242
177 2 1.070937
178 2 1.134249
179 2 1.113064
180 2 1.008470
181 2 1.079702
182 2 1.041666
183 2 1.074846
184 2 1.059520
185 2 0.998396
186 2 0.979666
187 2 1.110019
188 2 1.132200
189 2 0.999601
190 2 1.019408
191 2 1.048231
192 2 1.002652
193 2 1.010990
194 2 1.044784
195 2 1.001595
196 2 1.081447
197 2 1.068157
198 2 1.110933
199 2 1.054607
200 3 1.205042
201 3 0.999967
202 3 1.241993
203 3 1.066200
204 3 1.139920
205 3 1.131459
206 3 1.043135
207 3 0.999653
208 3 1.001075
209 3 0.994524
210 3 1.247042
211 3 1.000450
212 3 0.999082
213 3 1.112792
214 3 1.000827
215 3 1.000089
216 3 1.106438
217 3 0.999425
218 3 1.001065
219 3 0.958365
220 3 1.018249
221 3 1.235361
222 3 1.033796
223 3 1.038285
224 3 1.068349
225 3 1.127916
226 3 1.025408
227 3 1.057524
228 3 1.062237
229 3 1.056618
230 3 1.053920
231 3 1.050379
232 3 1.087875
233 3 1.051021
234 3 1.118825
235 3 0.999271
236 3 1.000788
237 3 1.121281
238 3 1.196792
239 3 1.047132
240 3 1.014466
241 3 0.999898
242 3 1.000220
243 3 1.023803
244 3 0.999625
245 3 0.999772
246 3 1.029641
247 3 0.999382
248 3 1.044175
249 3 1.054902
250 3 0.999181
251 3 0.998153
252 3 1.127816
253 3 1.020389
254 3 1.154401
255 3 1.019211
256 3 1.045321
257 3 1.001980
258 3 1.040795
259 3 1.044354
260 3 1.045195
261 3 1.000079
262 3 1.099620
263 3 0.998351
264 3 1.050033
265 3 1.066719
266 3 1.025946
267 3 1.000500
268 3 0.998385
269 3 0.998745
270 3 1.039322
271 3 1.076189
272 3 1.001403
273 3 1.000450
274 3 1.072490
275 3 1.201782
276 3 1.078839
277 3 0.998092
278 3 1.054324
279 3 1.027024
280 3 1.048014
281 3 1.035579
282 3 0.997738
283 3 0.998046
284 3 1.012984
285 3 1.019052
286 3 1.158426
287 3 0.999719
288 3 0.997328
289 3 1.039371
290 3 1.133469
291 3 1.094282
292 3 0.998946
293 3 1.028548
294 3 1.072654
295 3 1.081330
296 3 1.029628
297 3 1.137215
298 3 1.195538
299 3 1.000220
300 4 1.128368
301 4 1.088003
302 4 1.153626
303 4 0.997437
304 4 1.013663
305 4 1.093394
306 4 1.001571
307 4 1.027699
308 4 1.014073
309 4 0.999771
310 4 0.998988
311 4 1.001144
312 4 0.999281
313 4 0.996633
314 4 0.998682
315 4 1.027497
316 4 1.100812
317 4 1.104159
318 4 1.079295
319 4 1.106105
320 4 1.093966
321 4 1.051772
322 4 1.108531
323 4 1.001142
324 4 0.999787
325 4 1.027963
326 4 0.999488
327 4 1.040759
328 4 1.047184
329 4 0.997605
330 4 1.066797
331 4 1.067279
332 4 1.059489
333 4 0.997993
334 4 1.075211
335 4 1.091857
336 4 0.999249
337 4 1.028148
338 4 1.040372
339 4 1.125968
340 4 1.001824
341 4 1.008258
342 4 1.007897
343 4 1.058835
344 4 1.130991
345 4 1.054729
346 4 0.997283
347 4 0.999587
348 4 1.042533
349 4 1.090213
350 4 1.094241
351 4 1.123055
352 4 1.059596
353 4 1.066895
354 4 1.087192
355 4 1.090765
356 4 1.052246
357 4 1.107179
358 4 1.031217
359 4 1.039918
360 4 1.097880
361 4 1.025818
362 4 1.000180
363 4 1.037654
364 4 1.131714
365 4 1.085761
366 4 1.002178
367 4 0.992102
368 4 1.060083
369 4 1.052912
370 4 1.039382
371 4 0.996373
372 4 0.999499
373 4 1.189109
374 4 1.004995
375 4 1.134771
376 4 1.050504
377 4 1.000102
378 4 0.999123
379 4 1.081561
380 4 0.997225
381 4 1.049332
382 4 1.001952
383 4 1.001925
384 4 1.000233
385 4 1.012214
386 4 0.998299
387 4 1.000832
388 4 0.999727
389 4 0.998483
390 4 1.041977
391 4 1.077480
392 4 1.022946
393 4 0.998008
394 4 0.999941
395 4 1.001897
396 4 1.000126
397 4 1.026655
398 4 0.997830
399 4 1.028107
400 5 0.997468
401 5 1.064733
402 5 1.062669
403 5 1.024489
404 5 0.998331
405 5 1.000755
406 5 0.998272
407 5 0.998841
408 5 1.027316
409 5 1.100076
410 5 1.056919
411 5 1.183213
412 5 1.101553
413 5 1.184822
414 5 1.211615
415 5 1.024242
416 5 1.124758
417 5 1.088866
418 5 1.028072
419 5 1.010556
420 5 1.154977
421 5 0.979419
422 5 1.043927
423 5 1.042532
424 5 1.035074
425 5 1.033189
426 5 0.999310
427 5 1.252456
428 5 1.111462
429 5 0.995617
430 5 0.992352
431 5 1.171349
432 5 1.002871
433 5 1.110063
434 5 1.105693
435 5 1.042658
436 5 1.044848
437 5 1.113717
438 5 1.038994
439 5 1.127273
440 5 0.999052
441 5 1.078327
442 5 1.095330
443 5 1.064319
444 5 1.031949
445 5 0.998788
446 5 1.012797
447 5 1.045239
448 5 1.193965
449 5 1.000148
450 5 1.018257
451 5 1.007943
452 5 1.021288
453 5 1.087243
454 5 1.039440
455 5 0.999367
456 5 1.000589
457 5 1.006815
458 5 1.039437
459 5 1.177803
460 5 1.044244
461 5 0.999459
462 5 1.084397
463 5 1.021401
464 5 1.080921
465 5 1.048912
466 5 1.032163
467 5 1.003932
468 5 1.056610
469 5 1.105008
470 5 1.225830
471 5 0.996243
472 5 0.999346
473 5 0.998273
474 5 1.003854
475 5 0.999402
476 5 1.047914
477 5 1.000365
478 5 0.999205
479 5 0.996436
480 5 0.999359
481 5 1.002322
482 5 1.132910
483 5 1.043441
484 5 0.995356
485 5 1.028204
486 5 0.996741
487 5 1.000824
488 5 1.000054
489 5 0.999483
490 5 0.999694
491 5 0.997141
492 5 1.002409
493 5 1.002616
494 5 1.017108
495 5 1.002002
496 5 0.997654
497 5 1.042985
498 5 0.998885
499 5 0.997855
500 6 1.061903
501 6 0.996024
502 6 1.000334
503 6 1.061989
504 6 1.063047
505 6 1.046464
506 6 1.025884
507 6 0.999949
508 6 0.980918
509 6 1.069463
510 6 1.000005
511 6 1.115075
512 6 1.158167
513 6 1.001845
514 6 1.001096
515 6 1.001746
516 6 1.088793
517 6 0.996527
518 6 1.037273
519 6 1.078604
520 6 1.100760
521 6 1.014834
522 6 0.997701
523 6 0.966957
524 6 1.016901
525 6 1.108331
526 6 1.018920
527 6 1.139224
528 6 0.995031
529 6 1.103924
530 6 0.998766
531 6 0.999278
532 6 1.040519
533 6 1.054948
534 6 1.023960
535 6 1.002558
536 6 1.000116
537 6 1.039373
538 6 0.999406
539 6 0.997994
540 6 0.995110
541 6 0.999884
542 6 0.983074
543 6 1.010851
544 6 1.060400
545 6 0.998702
546 6 1.056065
547 6 1.003624
548 6 1.028722
549 6 1.076534
550 6 1.002169
551 6 0.995022
552 6 0.999648
553 6 1.037229
554 6 1.104357
555 6 1.000536
556 6 1.060990
557 6 1.000176
558 6 1.075943
559 6 0.995428
560 6 0.998360
561 6 0.999665
562 6 1.070682
563 6 0.998047
564 6 1.021577
565 6 0.995714
566 6 1.040797
567 6 1.091625
568 6 0.999565
569 6 1.003182
570 6 1.130486
571 6 1.061525
572 6 1.000535
573 6 0.995454
574 6 1.078305
575 6 1.027126
576 6 0.998897
577 6 1.098141
578 6 1.031514
579 6 1.017599
580 6 1.131468
581 6 1.026560
582 6 1.157526
583 6 0.999172
584 6 1.001057
585 6 0.999050
586 6 1.052892
587 6 1.013877
588 6 1.112046
589 6 1.002696
590 6 1.050941
591 6 0.999410
592 6 1.018496
593 6 1.051652
594 6 0.999049
595 6 1.013548
596 6 0.998809
597 6 1.019834
598 6 0.998898
599 6 1.056434
600 7 1.018026
601 7 1.000892
602 7 1.000404
603 7 1.100397
604 7 1.034724
605 7 1.000459
606 7 1.078993
607 7 1.105103
608 7 0.977477
609 7 1.126034
610 7 1.081961
611 7 1.040892
612 7 1.074941
613 7 1.036113
614 7 1.085326
615 7 1.055016
616 7 1.061018
617 7 0.997310
618 7 0.999148
619 7 1.058848
620 7 1.072894
621 7 0.995021
622 7 1.034380
623 7 0.998944
624 7 1.095518
625 7 0.998700
626 7 0.997210
627 7 0.994799
628 7 1.073265
629 7 1.257143
630 7 1.002100
631 7 0.997894
632 7 1.010734
633 7 1.128317
634 7 0.999267
635 7 1.076535
636 7 1.091232
637 7 1.099027
638 7 1.241222
639 7 0.999965
640 7 1.034946
641 7 0.995638
642 7 1.033745
643 7 1.041430
644 7 1.069669
645 7 1.092768
646 7 1.002186
647 7 0.997634
648 7 0.999656
649 7 0.994554
650 7 0.998254
651 7 1.010858
652 7 1.129579
653 7 0.999041
654 7 1.033700
655 7 1.058778
656 7 1.023675
657 7 0.998918
658 7 1.068772
659 7 1.001462
660 7 1.068173
661 7 0.999452
662 7 1.112429
663 7 0.997272
664 7 1.055869
665 7 1.155278
666 7 0.997570
667 7 0.995053
668 7 1.128035
669 7 1.000605
670 7 0.999696
671 7 0.999705
672 7 1.002809
673 7 1.002852
674 7 1.002624
675 7 0.997362
676 7 1.080422
677 7 1.005636
678 7 1.002647
679 7 1.004153
680 7 0.996982
681 7 1.104855
682 7 1.056660
683 7 1.003234
684 7 1.000083
685 7 0.996368
686 7 1.001855
687 7 0.995297
688 7 1.032037
689 7 1.003556
690 7 0.999049
691 7 1.041868
692 7 0.993251
693 7 1.099504
694 7 0.993605
695 7 1.035253
696 7 1.106460
697 7 1.024414
698 7 1.032556
699 7 0.999782
700 8 1.060704
701 8 1.048769
702 8 1.171437
703 8 1.098701
704 8 1.008459
705 8 1.099993
706 8 1.031828
707 8 0.997604
708 8 1.031356
709 8 1.085378
710 8 1.003119
711 8 1.018321
712 8 1.057330
713 8 0.994955
714 8 1.042866
715 8 1.118985
716 8 1.061322
717 8 1.013262
718 8 1.006793
719 8 0.998308
720 8 1.000234
721 8 1.037086
722 8 1.002537
723 8 0.987644
724 8 0.998950
725 8 1.042665
726 8 1.014862
727 8 1.102236
728 8 1.057036
729 8 1.048959
730 8 1.091840
731 8 0.998785
732 8 0.998894
733 8 1.004450
734 8 1.003926
735 8 1.098497
736 8 0.999044
737 8 0.997299
738 8 0.995222
739 8 0.993771
740 8 0.998968
741 8 0.997804
742 8 0.999201
743 8 1.000330
744 8 1.017697
745 8 0.999012
746 8 0.994117
747 8 1.018586
748 8 0.999687
749 8 1.000598
750 8 0.997373
751 8 1.000611
752 8 0.996840
753 8 0.995070
754 8 0.999581
755 8 0.997150
756 8 0.997866
757 8 1.037536
758 8 0.994819
759 8 1.004318
760 8 0.995872
761 8 1.000083
762 8 1.034795
763 8 1.015366
764 8 1.014504
765 8 0.998541
766 8 1.000283
767 8 1.089008
768 8 1.039033
769 8 1.035290
770 8 0.996812
771 8 0.975468
772 8 1.021383
773 8 1.039445
774 8 1.001166
775 8 1.086020
776 8 0.997755
777 8 1.019212
778 8 0.998762
779 8 1.006114
780 8 0.996020
781 8 1.050080
782 8 0.992542
783 8 0.993907
784 8 1.021855
785 8 0.993314
786 8 1.083268
787 8 1.031275
788 8 0.999789
789 8 1.057893
790 8 1.025109
791 8 0.998295
792 8 0.999602
793 8 1.157206
794 8 1.011020
795 8 1.057384
796 8 1.004029
797 8 1.000298
798 8 0.994920
799 8 1.018432
800 9 0.998495
801 9 1.009004
802 9 1.041847
803 9 1.118778
804 9 1.064388
805 9 0.999104
806 9 0.998972
807 9 0.997750
808 9 0.999625
809 9 0.993951
810 9 0.993977
811 9 1.000237
812 9 1.066051
813 9 1.024415
814 9 0.995572
815 9 1.023136
816 9 1.095802
817 9 1.051881
818 9 1.143735
819 9 1.020921
820 9 0.999023
821 9 1.183771
822 9 1.026205
823 9 0.997275
824 9 1.039891
825 9 1.014666
826 9 1.002138
827 9 0.998077
828 9 1.000417
829 9 1.039807
830 9 1.087999
831 9 1.002046
832 9 1.000274
833 9 0.995557
834 9 0.999615
835 9 0.993720
836 9 1.016477
837 9 0.996919
838 9 1.084532
839 9 1.009165
840 9 1.006489
841 9 1.006817
842 9 0.997297
843 9 1.019888
844 9 0.999372
845 9 0.992642
846 9 1.010784
847 9 1.025608
848 9 1.031499
849 9 1.140383
850 9 1.024158
851 9 1.005065
852 9 0.994596
853 9 0.999768
854 9 1.025660
855 9 0.996892
856 9 1.113803
857 9 1.088896
858 9 0.993442
859 9 1.022311
860 9 0.998260
861 9 1.042168
862 9 1.055429
863 9 1.052956
864 9 0.993025
865 9 0.997569
866 9 1.040892
867 9 0.996421
868 9 1.032849
869 9 1.107595
870 9 1.039593
871 9 1.000179
872 9 1.017277
873 9 1.061845
874 9 1.000510
875 9 0.996602
876 9 0.998393
877 9 0.991874
878 9 1.004083
879 9 0.994786
880 9 1.000739
881 9 0.996502
882 9 0.994418
883 9 1.019778
884 9 0.999899
885 9 0.996528
886 9 0.992921
887 9 0.998912
888 9 1.003417
889 9 0.998690
890 9 1.027464
891 9 1.003617
892 9 0.999065
893 9 1.058283
894 9 0.999942
895 9 1.026017
896 9 0.991267
897 9 0.993897
898 9 1.025796
899 9 0.999564
900 10 1.013258
901 10 0.998287
902 10 0.998524
903 10 1.027941
904 10 1.022262
905 10 1.031353
906 10 1.045776
907 10 1.004125
908 10 1.129114
909 10 0.980592
910 10 1.080504
911 10 1.074322
912 10 1.044334
913 10 1.047738
914 10 1.051591
915 10 1.051253
916 10 1.000139
917 10 1.065892
918 10 1.082828
919 10 1.079865
920 10 0.995955
921 10 0.996941
922 10 1.054602
923 10 1.014990
924 10 0.995605
925 10 1.101218
926 10 1.055447
927 10 1.049424
928 10 0.998795
929 10 1.036769
930 10 1.034969
931 10 1.072222
932 10 1.062213
933 10 1.006989
934 10 1.040445
935 10 0.995062
936 10 1.090759
937 10 1.001532
938 10 1.015952
939 10 1.031271
940 10 1.020409
941 10 0.995044
942 10 1.144932
943 10 1.079910
944 10 0.993777
945 10 1.036966
946 10 0.997799
947 10 1.039172
948 10 0.992686
949 10 0.995894
950 10 1.040525
951 10 1.003626
952 10 1.026407
953 10 0.997772
954 10 0.998517
955 10 1.131061
956 10 1.036492
957 10 1.085768
958 10 0.992959
959 10 0.999195
960 10 0.995756
961 10 1.052016
962 10 1.022677
963 10 1.095594
964 10 0.991770
965 10 0.989221
966 10 0.997194
967 10 0.998305
968 10 0.996851
969 10 1.051258
970 10 0.992423
971 10 0.998118
972 10 1.014145
973 10 0.959937
974 10 0.990005
975 10 1.000719
976 10 0.999619
977 10 1.004702
978 10 0.993247
979 10 1.002416
980 10 1.004613
981 10 1.026415
982 10 0.990476
983 10 1.048911
984 10 0.999077
985 10 0.993716
986 10 1.006663
987 10 0.991527
988 10 0.996900
989 10 1.009724
990 10 0.964653
991 10 0.998575
992 10 0.998210
993 10 1.040128
994 10 0.997824
995 10 0.999386
996 10 0.992649
997 10 1.001450
998 10 1.004023
999 10 1.049217
