# Batch convergence for: model=snn-ae encoding=direct architecture=conv1d v_th=1 alpha=0.9 run=3
batch_num epoch batch_loss
0 1 1.383922
1 1 1.155518
2 1 1.176419
3 1 0.586399
4 1 0.685279
5 1 1.089336
6 1 1.150632
7 1 1.029614
8 1 0.673527
9 1 1.058652
10 1 0.973422
11 1 1.011379
12 1 0.968280
13 1 0.873990
14 1 0.735856
15 1 1.027478
16 1 1.109061
17 1 0.997652
18 1 0.961697
19 1 0.980325
20 1 1.031075
21 1 0.774021
22 1 0.945164
23 1 1.069267
24 1 0.869780
25 1 1.015959
26 1 1.191944
27 1 1.027019
28 1 0.100203
29 1 1.056511
30 1 1.114094
31 1 0.992616
32 1 1.221885
33 1 1.057513
34 1 1.225163
35 1 0.069418
36 1 1.138883
37 1 0.957551
38 1 0.989144
39 1 0.157074
40 1 0.528082
41 1 1.100485
42 1 1.187450
43 1 1.069143
44 1 0.910756
45 1 0.875417
46 1 0.841037
47 1 0.872075
48 1 1.078776
49 1 1.062374
50 1 0.889240
51 1 1.079816
52 1 1.069705
53 1 0.821994
54 1 0.972943
55 1 0.947994
56 1 1.031043
57 1 1.047123
58 1 0.097028
59 1 1.258664
60 1 1.124961
61 1 1.041167
62 1 1.169548
63 1 0.994362
64 1 1.114908
65 1 1.095304
66 1 0.903099
67 1 0.683454
68 1 1.010317
69 1 1.052897
70 1 1.209805
71 1 0.705120
72 1 1.149966
73 1 1.232998
74 1 1.030578
75 1 0.935528
76 1 1.068535
77 1 1.053802
78 1 1.058901
79 1 1.024459
80 1 0.880885
81 1 1.001683
82 1 0.118715
83 1 1.142620
84 1 1.104605
85 1 1.153629
86 1 0.186172
87 1 0.939399
88 1 0.970458
89 1 1.091008
90 1 0.896512
91 1 1.159089
92 1 1.058096
93 1 1.117135
94 1 0.603612
95 1 1.080131
96 1 1.129554
97 1 0.976867
98 1 1.364807
99 1 1.007736
100 2 0.954562
101 2 0.037087
102 2 0.978983
103 2 1.084305
104 2 0.951796
105 2 1.091926
106 2 1.177125
107 2 1.096097
108 2 1.189874
109 2 1.014349
110 2 0.941036
111 2 1.116329
112 2 1.171392
113 2 1.123597
114 2 0.958772
115 2 1.028846
116 2 1.262193
117 2 1.262941
118 2 0.853874
119 2 1.128549
120 2 1.200935
121 2 0.816838
122 2 0.733950
123 2 1.210565
124 2 0.618978
125 2 0.936776
126 2 1.100812
127 2 0.913452
128 2 1.155664
129 2 0.881181
130 2 1.077727
131 2 0.961207
132 2 1.057945
133 2 0.605662
134 2 1.021551
135 2 1.231107
136 2 0.419379
137 2 0.757608
138 2 1.098570
139 2 0.995295
140 2 0.216870
141 2 0.979330
142 2 1.087390
143 2 1.063920
144 2 1.139517
145 2 1.048773
146 2 1.065315
147 2 0.069389
148 2 1.066983
149 2 0.972562
150 2 0.910677
151 2 1.010759
152 2 0.991421
153 2 0.521052
154 2 1.026784
155 2 0.867024
156 2 0.723592
157 2 1.145603
158 2 0.916686
159 2 1.046629
160 2 0.506678
161 2 0.911226
162 2 0.207864
163 2 1.083541
164 2 0.892484
165 2 0.958497
166 2 0.913569
167 2 1.204366
168 2 1.075880
169 2 1.092313
170 2 0.962908
171 2 0.684891
172 2 1.010323
173 2 0.917606
174 2 0.932873
175 2 1.059966
176 2 1.023998
177 2 0.898781
178 2 0.999777
179 2 1.128385
180 2 1.069725
181 2 1.133759
182 2 0.102079
183 2 1.007526
184 2 0.979716
185 2 0.830259
186 2 1.017431
187 2 1.093146
188 2 0.977444
189 2 1.168064
190 2 0.989383
191 2 0.822142
192 2 0.963887
193 2 1.120381
194 2 0.973496
195 2 0.993480
196 2 1.088388
197 2 1.187530
198 2 0.671632
199 2 1.038325
200 3 1.076063
201 3 0.967907
202 3 0.692192
203 3 0.980477
204 3 0.736655
205 3 0.996323
206 3 1.059568
207 3 0.679289
208 3 1.111401
209 3 0.803416
210 3 1.095128
211 3 1.116750
212 3 0.948074
213 3 0.964373
214 3 1.029034
215 3 0.097011
216 3 1.179147
217 3 0.118622
218 3 0.908497
219 3 0.741858
220 3 0.879781
221 3 0.037195
222 3 0.964612
223 3 1.323253
224 3 1.125179
225 3 0.804173
226 3 1.041735
227 3 1.241059
228 3 1.136552
229 3 0.826771
230 3 0.922126
231 3 0.983230
232 3 0.102037
233 3 0.992684
234 3 1.063687
235 3 1.059677
236 3 1.019354
237 3 1.046079
238 3 1.205158
239 3 1.132926
240 3 1.045653
241 3 1.082234
242 3 1.097268
243 3 1.022428
244 3 1.068283
245 3 0.917289
246 3 1.059742
247 3 1.023958
248 3 1.108843
249 3 0.465853
250 3 0.960227
251 3 1.081051
252 3 0.803951
253 3 0.973271
254 3 0.994527
255 3 1.073895
256 3 0.532826
257 3 1.124027
258 3 0.991044
259 3 0.923440
260 3 1.031344
261 3 1.035953
262 3 1.015148
263 3 1.126728
264 3 1.028412
265 3 1.123745
266 3 0.927549
267 3 0.862141
268 3 1.033768
269 3 0.993923
270 3 0.562296
271 3 0.892085
272 3 0.944834
273 3 1.032626
274 3 0.756864
275 3 1.028141
276 3 0.804198
277 3 0.866567
278 3 1.120462
279 3 0.860545
280 3 0.137711
281 3 1.067488
282 3 1.083401
283 3 1.166380
284 3 0.612471
285 3 0.957098
286 3 1.039505
287 3 1.040797
288 3 0.977180
289 3 0.216961
290 3 1.025940
291 3 1.064474
292 3 1.105303
293 3 0.653378
294 3 0.935798
295 3 0.838829
296 3 0.966426
297 3 1.056303
298 3 0.963936
299 3 1.112339
300 4 0.981350
301 4 0.998502
302 4 1.052023
303 4 0.949090
304 4 0.258936
305 4 0.912593
306 4 0.821718
307 4 1.193292
308 4 1.088318
309 4 0.895783
310 4 1.012174
311 4 0.906030
312 4 0.501660
313 4 0.982154
314 4 0.869657
315 4 0.822293
316 4 0.723889
317 4 0.854381
318 4 0.978643
319 4 0.802753
320 4 1.025824
321 4 1.107986
322 4 0.969816
323 4 0.970224
324 4 0.934284
325 4 1.274524
326 4 0.545077
327 4 1.075153
328 4 0.789862
329 4 0.964599
330 4 1.049478
331 4 0.947956
332 4 1.189161
333 4 1.089020
334 4 0.538103
335 4 0.959161
336 4 0.565818
337 4 1.050014
338 4 1.028099
339 4 0.069374
340 4 0.945106
341 4 0.838066
342 4 1.082018
343 4 0.750611
344 4 0.678815
345 4 0.994774
346 4 0.980148
347 4 0.710627
348 4 0.989812
349 4 0.965570
350 4 0.956546
351 4 0.584098
352 4 1.058086
353 4 1.066792
354 4 0.771818
355 4 0.037292
356 4 1.023109
357 4 0.941898
358 4 1.041810
359 4 0.752416
360 4 0.864126
361 4 0.952208
362 4 0.773724
363 4 1.255437
364 4 0.991661
365 4 1.010739
366 4 0.937936
367 4 1.237722
368 4 0.880474
369 4 1.208370
370 4 0.912398
371 4 0.996849
372 4 0.973323
373 4 1.153785
374 4 0.961566
375 4 1.204027
376 4 0.870563
377 4 1.010017
378 4 0.118554
379 4 1.339738
380 4 1.025220
381 4 0.935842
382 4 1.178984
383 4 0.924916
384 4 1.045307
385 4 1.059458
386 4 1.167495
387 4 1.121137
388 4 1.002750
389 4 1.021369
390 4 1.033510
391 4 1.037898
392 4 0.101993
393 4 1.121550
394 4 1.103595
395 4 1.113515
396 4 0.933522
397 4 1.163113
398 4 1.019762
399 4 0.146788
400 5 0.968470
401 5 0.959818
402 5 0.599262
403 5 0.950075
404 5 1.012970
405 5 1.004825
406 5 1.000059
407 5 0.660347
408 5 0.895006
409 5 1.001324
410 5 1.018306
411 5 1.009439
412 5 0.138551
413 5 0.746977
414 5 0.936112
415 5 1.070773
416 5 0.879874
417 5 0.915578
418 5 1.148920
419 5 1.075927
420 5 1.027893
421 5 0.833044
422 5 1.088837
423 5 1.153079
424 5 0.834894
425 5 0.909201
426 5 0.185897
427 5 1.121033
428 5 0.899501
429 5 0.877381
430 5 1.054468
431 5 0.987284
432 5 0.985167
433 5 1.104161
434 5 0.759172
435 5 1.012357
436 5 0.989741
437 5 0.540657
438 5 0.972960
439 5 0.656837
440 5 0.971715
441 5 0.990911
442 5 0.981555
443 5 0.983026
444 5 0.951075
445 5 1.242035
446 5 0.897901
447 5 0.952900
448 5 1.168192
449 5 1.054138
450 5 0.952013
451 5 1.068135
452 5 1.053423
453 5 0.857638
454 5 1.010913
455 5 0.069377
456 5 0.871919
457 5 1.013294
458 5 1.003994
459 5 1.078047
460 5 1.058327
461 5 1.129332
462 5 1.023782
463 5 1.071496
464 5 0.933774
465 5 0.957867
466 5 0.921818
467 5 0.445035
468 5 0.776682
469 5 1.090848
470 5 0.974200
471 5 0.972166
472 5 0.706379
473 5 1.135535
474 5 0.037367
475 5 0.709819
476 5 0.938922
477 5 0.896737
478 5 0.845900
479 5 1.072820
480 5 1.125905
481 5 1.028111
482 5 1.196391
483 5 1.035573
484 5 0.818610
485 5 1.051397
486 5 1.100795
487 5 0.968263
488 5 0.798164
489 5 0.999370
490 5 0.938035
491 5 1.125047
492 5 1.108304
493 5 0.944265
494 5 0.118561
495 5 1.028560
496 5 0.984433
497 5 0.154155
498 5 0.621334
499 5 0.876837
500 6 0.096963
501 6 0.961236
502 6 0.135465
503 6 0.345478
504 6 1.106767
505 6 0.920309
506 6 0.870759
507 6 1.046850
508 6 0.761207
509 6 1.076405
510 6 0.968749
511 6 1.065245
512 6 0.951346
513 6 0.906980
514 6 1.086386
515 6 1.317890
516 6 0.954863
517 6 1.096746
518 6 0.185844
519 6 1.001801
520 6 1.057259
521 6 0.907552
522 6 1.023839
523 6 0.972796
524 6 1.002899
525 6 0.955201
526 6 0.940987
527 6 1.095102
528 6 0.958141
529 6 0.890350
530 6 1.030953
531 6 0.097162
532 6 0.958069
533 6 0.557097
534 6 0.494359
535 6 0.945752
536 6 0.979223
537 6 0.938714
538 6 0.948271
539 6 0.940791
540 6 0.980652
541 6 0.957460
542 6 0.958107
543 6 1.077821
544 6 0.848602
545 6 0.996146
546 6 0.907978
547 6 0.940412
548 6 0.925946
549 6 0.661739
550 6 0.899503
551 6 0.830996
552 6 1.042826
553 6 0.848967
554 6 0.953620
555 6 0.870206
556 6 0.925726
557 6 1.025258
558 6 1.148332
559 6 0.748970
560 6 0.975179
561 6 1.079301
562 6 1.106907
563 6 0.962296
564 6 0.842056
565 6 0.965535
566 6 1.091196
567 6 1.093060
568 6 0.988696
569 6 1.032270
570 6 0.988366
571 6 1.096541
572 6 0.947185
573 6 1.104897
574 6 0.950365
575 6 0.799020
576 6 0.616298
577 6 0.956411
578 6 0.923054
579 6 0.933056
580 6 0.959739
581 6 1.038574
582 6 1.070173
583 6 0.037484
584 6 1.051213
585 6 0.661074
586 6 0.950328
587 6 1.103177
588 6 0.444793
589 6 0.720545
590 6 0.979250
591 6 0.940742
592 6 0.926043
593 6 1.107796
594 6 1.135249
595 6 0.888649
596 6 1.020241
597 6 0.996724
598 6 0.786547
599 6 1.082716
600 7 0.096947
601 7 1.034858
602 7 0.917382
603 7 1.081836
604 7 0.747942
605 7 0.941445
606 7 0.944702
607 7 0.966370
608 7 0.946519
609 7 0.824603
610 7 1.044717
611 7 0.915649
612 7 1.083970
613 7 0.954575
614 7 0.069416
615 7 0.923320
616 7 0.862721
617 7 0.770934
618 7 1.153553
619 7 0.185802
620 7 0.788645
621 7 0.925814
622 7 1.001948
623 7 0.037494
624 7 0.943657
625 7 0.921940
626 7 0.895289
627 7 1.015630
628 7 0.834942
629 7 0.911884
630 7 1.070722
631 7 0.947842
632 7 0.101927
633 7 0.990882
634 7 1.050364
635 7 0.565722
636 7 0.897138
637 7 1.035392
638 7 1.023814
639 7 0.903669
640 7 0.893764
641 7 0.892002
642 7 1.005856
643 7 0.118501
644 7 0.865648
645 7 0.464947
646 7 0.963872
647 7 1.096182
648 7 0.914138
649 7 0.797387
650 7 1.052285
651 7 0.611292
652 7 1.006788
653 7 0.807444
654 7 1.048778
655 7 0.934140
656 7 1.053038
657 7 1.028134
658 7 0.932624
659 7 1.084699
660 7 0.823606
661 7 0.956715
662 7 1.079657
663 7 0.938578
664 7 1.052200
665 7 1.041566
666 7 0.843601
667 7 1.001153
668 7 1.036651
669 7 0.913831
670 7 0.960609
671 7 0.959314
672 7 0.942264
673 7 0.994780
674 7 1.009650
675 7 0.990796
676 7 1.063542
677 7 0.913994
678 7 1.010654
679 7 1.038942
680 7 0.527659
681 7 0.961001
682 7 1.063692
683 7 1.073900
684 7 0.948849
685 7 0.945311
686 7 1.076651
687 7 0.929242
688 7 0.681769
689 7 1.030470
690 7 0.588166
691 7 0.984841
692 7 0.833919
693 7 0.857838
694 7 0.983577
695 7 1.072150
696 7 1.142757
697 7 0.464728
698 7 1.001926
699 7 0.854165
700 8 1.071510
701 8 0.096948
702 8 0.988698
703 8 0.816368
704 8 0.831698
705 8 0.834988
706 8 0.921789
707 8 1.004860
708 8 0.968746
709 8 0.886295
710 8 1.102213
711 8 1.055882
712 8 0.640657
713 8 0.950052
714 8 1.151294
715 8 1.092547
716 8 1.012822
717 8 0.978931
718 8 0.660417
719 8 0.974527
720 8 1.059798
721 8 1.045173
722 8 0.908996
723 8 1.115175
724 8 0.969274
725 8 1.151130
726 8 1.022758
727 8 0.920807
728 8 0.511330
729 8 0.907329
730 8 1.008984
731 8 0.037575
732 8 0.963805
733 8 0.941412
734 8 0.789766
735 8 0.444101
736 8 0.887186
737 8 0.915818
738 8 1.042845
739 8 0.956897
740 8 0.069452
741 8 0.992029
742 8 0.864381
743 8 0.966241
744 8 0.903561
745 8 0.997224
746 8 0.777431
747 8 0.941015
748 8 0.846478
749 8 0.859281
750 8 0.853131
751 8 0.989818
752 8 0.924948
753 8 0.944721
754 8 1.116469
755 8 1.014731
756 8 1.038949
757 8 0.971809
758 8 0.930490
759 8 0.951674
760 8 1.036311
761 8 1.024339
762 8 0.973914
763 8 0.525144
764 8 0.953176
765 8 0.796063
766 8 0.877063
767 8 0.993578
768 8 0.973139
769 8 0.911563
770 8 1.004357
771 8 0.941540
772 8 1.011195
773 8 0.941603
774 8 0.958591
775 8 0.930832
776 8 1.085958
777 8 0.579572
778 8 0.185789
779 8 0.647329
780 8 1.008011
781 8 0.118495
782 8 0.862759
783 8 0.757789
784 8 0.842053
785 8 1.129831
786 8 1.012174
787 8 1.032698
788 8 0.773552
789 8 0.746315
790 8 0.940806
791 8 1.019363
792 8 0.966824
793 8 0.954723
794 8 0.911443
795 8 0.771181
796 8 0.947041
797 8 0.199843
798 8 1.179404
799 8 1.007375
800 9 0.995316
801 9 0.925174
802 9 0.933635
803 9 0.923297
804 9 1.001211
805 9 0.878443
806 9 0.983635
807 9 0.532730
808 9 0.818476
809 9 0.793437
810 9 0.992045
811 9 0.978275
812 9 1.004513
813 9 0.944554
814 9 0.937699
815 9 0.885386
816 9 1.024177
817 9 1.083841
818 9 1.020465
819 9 0.511064
820 9 0.962086
821 9 0.118456
822 9 0.069457
823 9 0.962124
824 9 0.982506
825 9 1.105059
826 9 0.972110
827 9 0.986673
828 9 1.191681
829 9 0.954599
830 9 0.752771
831 9 0.941509
832 9 0.976409
833 9 0.443678
834 9 0.900527
835 9 0.781255
836 9 1.038161
837 9 0.985238
838 9 1.114022
839 9 0.863817
840 9 0.954596
841 9 0.918883
842 9 1.060398
843 9 0.868618
844 9 0.930513
845 9 0.797756
846 9 0.938224
847 9 1.020799
848 9 0.846419
849 9 1.001531
850 9 0.797018
851 9 0.938611
852 9 0.940321
853 9 1.108701
854 9 0.819971
855 9 0.958166
856 9 0.185750
857 9 1.016342
858 9 0.912507
859 9 1.060346
860 9 0.954955
861 9 1.022983
862 9 1.053510
863 9 1.007561
864 9 0.844421
865 9 1.013500
866 9 0.937248
867 9 0.971855
868 9 0.942388
869 9 0.037719
870 9 0.964989
871 9 0.101919
872 9 0.938456
873 9 0.908986
874 9 1.019087
875 9 1.018841
876 9 0.652902
877 9 1.051080
878 9 1.129683
879 9 1.038022
880 9 0.975102
881 9 0.979416
882 9 1.068447
883 9 0.962162
884 9 1.014703
885 9 1.045544
886 9 0.780994
887 9 0.706178
888 9 0.908844
889 9 0.519077
890 9 0.849789
891 9 0.983079
892 9 1.020540
893 9 0.594336
894 9 0.137568
895 9 0.748740
896 9 0.812991
897 9 1.023235
898 9 0.833171
899 9 1.025753
900 10 1.051492
901 10 0.655036
902 10 0.559321
903 10 0.773349
904 10 0.948402
905 10 0.961932
906 10 0.517833
907 10 0.824664
908 10 0.037722
909 10 1.079133
910 10 0.185694
911 10 1.057222
912 10 0.610502
913 10 1.104649
914 10 0.961218
915 10 0.911372
916 10 0.946567
917 10 0.947051
918 10 0.936797
919 10 0.948825
920 10 0.763354
921 10 1.037678
922 10 1.064088
923 10 1.043635
924 10 1.021225
925 10 0.892955
926 10 0.951831
927 10 1.019069
928 10 0.975093
929 10 0.823339
930 10 0.895091
931 10 1.054884
932 10 1.041039
933 10 0.069518
934 10 1.029288
935 10 0.475762
936 10 0.979990
937 10 1.082302
938 10 0.948338
939 10 0.817936
940 10 1.017962
941 10 0.937192
942 10 1.039883
943 10 0.744588
944 10 1.014894
945 10 1.034563
946 10 0.989406
947 10 0.941694
948 10 0.738693
949 10 0.974152
950 10 0.818021
951 10 0.901069
952 10 0.849993
953 10 0.959329
954 10 0.963224
955 10 0.997098
956 10 0.947126
957 10 0.599993
958 10 0.954176
959 10 0.839031
960 10 0.510738
961 10 0.968028
962 10 0.989256
963 10 0.942824
964 10 0.768647
965 10 0.951475
966 10 0.971406
967 10 0.858456
968 10 0.953815
969 10 0.994194
970 10 0.810766
971 10 0.822331
972 10 0.937971
973 10 0.869537
974 10 0.957769
975 10 0.873345
976 10 0.909239
977 10 0.970701
978 10 1.122352
979 10 1.142687
980 10 1.319662
981 10 0.118408
982 10 0.850906
983 10 0.743450
984 10 1.004081
985 10 1.105453
986 10 0.992674
987 10 1.028325
988 10 0.961730
989 10 1.128923
990 10 0.101880
991 10 0.803422
992 10 0.857274
993 10 0.096974
994 10 0.887863
995 10 1.029732
996 10 1.045648
997 10 1.070151
998 10 1.072879
999 10 1.107350
1000 11 0.855205
1001 11 0.871023
1002 11 1.011995
1003 11 0.946137
1004 11 0.910984
1005 11 0.770213
1006 11 0.738187
1007 11 0.929402
1008 11 0.947978
1009 11 0.971603
1010 11 0.942457
1011 11 1.067004
1012 11 0.817739
1013 11 0.966998
1014 11 0.037780
1015 11 0.995980
1016 11 0.991357
1017 11 0.753714
1018 11 1.043529
1019 11 0.923319
1020 11 0.949266
1021 11 0.971486
1022 11 0.979681
1023 11 1.031708
1024 11 0.951547
1025 11 0.977022
1026 11 0.931275
1027 11 0.933625
1028 11 0.971756
1029 11 0.942975
1030 11 0.973870
1031 11 1.016805
1032 11 0.986095
1033 11 1.019457
1034 11 0.886888
1035 11 0.873248
1036 11 0.901063
1037 11 0.747269
1038 11 0.652032
1039 11 0.967839
1040 11 0.823650
1041 11 1.016268
1042 11 1.013634
1043 11 1.078500
1044 11 1.250481
1045 11 0.239093
1046 11 0.472630
1047 11 1.011771
1048 11 1.019395
1049 11 1.018821
1050 11 0.742081
1051 11 1.063293
1052 11 0.069508
1053 11 0.953516
1054 11 0.911478
1055 11 0.101887
1056 11 1.119799
1057 11 0.549101
1058 11 1.006953
1059 11 0.767124
1060 11 0.933159
1061 11 0.822852
1062 11 1.017755
1063 11 1.111351
1064 11 0.586477
1065 11 1.029191
1066 11 1.138869
1067 11 0.980539
1068 11 0.995533
1069 11 1.019232
1070 11 0.799894
1071 11 0.945285
1072 11 0.966807
1073 11 0.977661
1074 11 0.989014
1075 11 0.213389
1076 11 0.961855
1077 11 1.139211
1078 11 0.953180
1079 11 1.059613
1080 11 0.916982
1081 11 0.820033
1082 11 0.965636
1083 11 0.953258
1084 11 0.872787
1085 11 0.610017
1086 11 0.903439
1087 11 0.096972
1088 11 1.064440
1089 11 1.048086
1090 11 0.463772
1091 11 0.931179
1092 11 0.963059
1093 11 0.987318
1094 11 0.982996
1095 11 1.039950
1096 11 0.958061
1097 11 1.076015
1098 11 0.609207
1099 11 0.936920
1100 12 0.903970
1101 12 0.932819
1102 12 1.118103
1103 12 0.998475
1104 12 0.923128
1105 12 0.037874
1106 12 0.957701
1107 12 0.139290
1108 12 0.961013
1109 12 1.016503
1110 12 0.974338
1111 12 1.011101
1112 12 0.842096
1113 12 1.004964
1114 12 0.894932
1115 12 1.067851
1116 12 0.835857
1117 12 0.978642
1118 12 1.042182
1119 12 1.084365
1120 12 1.039963
1121 12 0.262893
1122 12 0.904093
1123 12 0.930814
1124 12 0.848219
1125 12 0.795541
1126 12 1.012318
1127 12 1.014299
1128 12 0.983661
1129 12 0.941938
1130 12 0.912558
1131 12 0.912336
1132 12 1.045465
1133 12 0.951484
1134 12 1.013857
1135 12 0.983151
1136 12 0.958133
1137 12 0.822664
1138 12 0.609856
1139 12 0.527433
1140 12 0.986796
1141 12 0.973585
1142 12 0.973679
1143 12 0.913584
1144 12 0.855891
1145 12 0.811224
1146 12 0.909425
1147 12 0.978635
1148 12 0.673866
1149 12 0.961575
1150 12 1.029726
1151 12 1.088511
1152 12 0.726329
1153 12 0.923567
1154 12 0.096949
1155 12 0.501371
1156 12 1.063738
1157 12 0.958391
1158 12 0.787887
1159 12 1.029486
1160 12 0.896482
1161 12 1.091468
1162 12 0.069535
1163 12 1.032293
1164 12 0.959673
1165 12 1.143806
1166 12 0.556502
1167 12 0.970571
1168 12 0.957229
1169 12 0.799734
1170 12 0.943375
1171 12 0.992042
1172 12 0.972775
1173 12 0.742398
1174 12 0.963407
1175 12 1.074993
1176 12 0.983524
1177 12 0.898603
1178 12 0.789729
1179 12 0.905230
1180 12 0.880449
1181 12 1.055083
1182 12 1.019620
1183 12 0.558560
1184 12 0.920790
1185 12 1.023000
1186 12 0.814648
1187 12 1.033960
1188 12 0.934416
1189 12 0.924912
1190 12 0.975622
1191 12 1.016943
1192 12 1.045600
1193 12 0.463612
1194 12 0.118439
1195 12 0.864100
1196 12 0.885314
1197 12 0.910167
1198 12 1.116879
1199 12 0.995022
1200 13 0.881531
1201 13 1.054022
1202 13 1.077924
1203 13 0.500333
1204 13 0.972246
1205 13 0.932268
1206 13 0.955355
1207 13 0.939975
1208 13 0.984959
1209 13 1.163785
1210 13 0.994148
1211 13 0.969099
1212 13 0.997347
1213 13 0.992589
1214 13 0.984648
1215 13 1.059596
1216 13 0.953188
1217 13 0.907540
1218 13 0.801557
1219 13 0.942095
1220 13 0.898909
1221 13 1.002980
1222 13 0.807160
1223 13 0.816556
1224 13 1.096647
1225 13 0.748135
1226 13 0.990029
1227 13 1.018933
1228 13 1.050813
1229 13 0.185582
1230 13 1.022138
1231 13 0.800915
1232 13 0.137109
1233 13 1.003277
1234 13 1.024126
1235 13 1.016672
1236 13 0.573878
1237 13 0.925299
1238 13 0.908952
1239 13 1.054379
1240 13 1.070394
1241 13 0.991490
1242 13 0.881029
1243 13 0.069575
1244 13 0.900773
1245 13 0.736681
1246 13 0.975548
1247 13 0.989604
1248 13 0.920219
1249 13 0.888373
1250 13 1.079824
1251 13 1.185966
1252 13 1.040886
1253 13 0.615038
1254 13 0.949072
1255 13 1.094549
1256 13 1.028638
1257 13 1.042864
1258 13 1.001630
1259 13 0.609719
1260 13 0.910484
1261 13 0.890980
1262 13 0.907842
1263 13 0.983762
1264 13 0.773395
1265 13 1.030981
1266 13 0.615872
1267 13 0.930671
1268 13 0.910599
1269 13 1.066725
1270 13 0.954799
1271 13 1.023967
1272 13 1.008397
1273 13 0.924829
1274 13 0.829986
1275 13 0.982155
1276 13 1.007591
1277 13 1.023285
1278 13 0.965158
1279 13 0.976911
1280 13 0.935376
1281 13 0.969336
1282 13 0.909154
1283 13 0.845680
1284 13 1.081161
1285 13 0.866210
1286 13 0.948180
1287 13 0.038007
1288 13 0.504294
1289 13 0.930601
1290 13 0.734533
1291 13 0.097000
1292 13 0.905086
1293 13 0.510094
1294 13 0.856440
1295 13 1.115734
1296 13 0.947750
1297 13 0.134383
1298 13 0.817836
1299 13 0.769915
1300 14 0.949029
1301 14 0.994465
1302 14 1.019248
1303 14 0.964381
1304 14 0.441818
1305 14 0.993621
1306 14 0.881562
1307 14 0.614952
1308 14 0.984131
1309 14 1.098425
1310 14 1.079533
1311 14 0.897312
1312 14 0.038021
1313 14 0.936253
1314 14 1.045026
1315 14 0.948941
1316 14 0.948540
1317 14 0.069581
1318 14 0.975992
1319 14 0.752607
1320 14 0.816515
1321 14 0.853809
1322 14 0.814314
1323 14 0.739108
1324 14 0.798385
1325 14 1.128472
1326 14 0.974566
1327 14 0.955886
1328 14 1.011965
1329 14 1.115779
1330 14 1.041538
1331 14 0.938503
1332 14 1.066142
1333 14 0.952565
1334 14 0.913871
1335 14 0.897752
1336 14 0.987707
1337 14 0.783508
1338 14 0.940818
1339 14 1.027515
1340 14 0.557399
1341 14 0.784850
1342 14 0.500980
1343 14 0.931186
1344 14 0.997181
1345 14 0.938095
1346 14 0.961719
1347 14 0.922378
1348 14 0.817051
1349 14 0.958653
1350 14 0.931100
1351 14 0.945593
1352 14 0.962058
1353 14 0.984470
1354 14 0.993809
1355 14 1.017193
1356 14 0.998976
1357 14 1.037646
1358 14 0.972664
1359 14 0.972631
1360 14 1.056149
1361 14 0.879744
1362 14 1.080995
1363 14 0.990325
1364 14 0.937455
1365 14 0.860719
1366 14 0.941216
1367 14 0.899037
1368 14 0.097014
1369 14 0.118388
1370 14 0.931152
1371 14 1.023406
1372 14 0.955575
1373 14 0.966168
1374 14 0.942529
1375 14 0.949117
1376 14 0.857109
1377 14 0.925308
1378 14 0.509279
1379 14 1.104956
1380 14 0.942714
1381 14 1.152516
1382 14 0.825013
1383 14 0.144422
1384 14 1.000040
1385 14 0.993821
1386 14 1.109250
1387 14 0.357049
1388 14 0.998482
1389 14 0.663085
1390 14 0.672204
1391 14 0.978767
1392 14 0.781412
1393 14 0.929442
1394 14 0.938987
1395 14 0.960570
1396 14 1.054306
1397 14 0.794127
1398 14 1.056636
1399 14 0.893940
1400 15 1.026683
1401 15 0.885510
1402 15 0.038102
1403 15 0.976461
1404 15 0.441410
1405 15 0.798061
1406 15 1.078697
1407 15 0.937243
1408 15 0.972210
1409 15 1.035654
1410 15 0.779266
1411 15 0.766978
1412 15 0.949628
1413 15 0.962645
1414 15 0.934171
1415 15 0.538873
1416 15 0.509928
1417 15 0.979421
1418 15 0.811141
1419 15 0.932372
1420 15 0.957433
1421 15 1.041312
1422 15 1.036649
1423 15 0.988244
1424 15 0.974705
1425 15 0.746657
1426 15 0.119109
1427 15 0.689312
1428 15 1.062852
1429 15 0.987258
1430 15 0.805056
1431 15 0.969142
1432 15 0.147791
1433 15 0.734439
1434 15 0.222565
1435 15 0.932472
1436 15 0.684974
1437 15 1.008870
1438 15 0.953469
1439 15 0.957895
1440 15 0.858520
1441 15 0.978325
1442 15 1.019271
1443 15 1.054316
1444 15 0.926199
1445 15 1.001139
1446 15 0.874882
1447 15 0.973796
1448 15 0.949825
1449 15 0.949511
1450 15 1.000500
1451 15 0.936607
1452 15 0.965586
1453 15 1.006549
1454 15 0.819733
1455 15 0.989316
1456 15 0.565366
1457 15 0.778252
1458 15 0.742771
1459 15 1.104013
1460 15 0.925762
1461 15 0.829228
1462 15 0.097030
1463 15 0.787726
1464 15 1.011634
1465 15 0.967142
1466 15 0.942283
1467 15 0.956937
1468 15 0.981080
1469 15 0.994116
1470 15 1.036381
1471 15 0.865722
1472 15 0.906144
1473 15 1.014463
1474 15 1.072140
1475 15 0.968411
1476 15 1.105188
1477 15 1.053469
1478 15 1.056224
1479 15 1.019674
1480 15 0.999780
1481 15 0.807829
1482 15 0.771808
1483 15 1.008271
1484 15 0.949829
1485 15 0.897250
1486 15 0.069652
1487 15 0.883732
1488 15 0.793841
1489 15 0.966088
1490 15 0.956941
1491 15 0.894269
1492 15 1.057203
1493 15 1.012764
1494 15 0.795074
1495 15 0.938942
1496 15 0.961833
1497 15 1.106037
1498 15 0.934889
1499 15 0.463013
