# Batch convergence for: model=snn-ae encoding=direct architecture=conv1d v_th=1 alpha=0.8 run=3
batch_num epoch batch_loss
0 1 1.306138
1 1 1.186012
2 1 1.225771
3 1 0.804822
4 1 0.983178
5 1 1.272153
6 1 1.377262
7 1 0.961323
8 1 0.743756
9 1 1.101999
10 1 1.046513
11 1 1.339747
12 1 1.031636
13 1 1.004268
14 1 0.547771
15 1 1.045235
16 1 1.096619
17 1 0.926367
18 1 0.952763
19 1 1.090962
20 1 1.198024
21 1 0.748505
22 1 1.040248
23 1 1.049064
24 1 0.849813
25 1 1.071106
26 1 1.220181
27 1 1.099849
28 1 0.037506
29 1 1.144726
30 1 1.135884
31 1 0.971824
32 1 1.051369
33 1 1.000880
34 1 0.973503
35 1 0.136909
36 1 1.062983
37 1 0.940954
38 1 0.804256
39 1 0.101489
40 1 0.615739
41 1 1.184086
42 1 0.955997
43 1 1.271838
44 1 1.036163
45 1 0.947838
46 1 1.024301
47 1 0.971086
48 1 1.080172
49 1 1.021274
50 1 0.976378
51 1 1.034146
52 1 1.062426
53 1 0.843152
54 1 1.061466
55 1 0.907186
56 1 1.104953
57 1 1.157387
58 1 0.097445
59 1 0.970850
60 1 1.088485
61 1 1.169811
62 1 1.003235
63 1 0.896661
64 1 1.132428
65 1 1.056742
66 1 0.752855
67 1 0.701609
68 1 0.925417
69 1 0.996835
70 1 0.995983
71 1 0.685069
72 1 0.802274
73 1 1.054974
74 1 0.773942
75 1 1.041615
76 1 1.030043
77 1 0.913962
78 1 0.997835
79 1 1.068058
80 1 1.013443
81 1 1.032177
82 1 0.119116
83 1 0.872687
84 1 0.983271
85 1 0.988178
86 1 0.229918
87 1 1.033590
88 1 0.998144
89 1 0.898151
90 1 0.859188
91 1 1.070117
92 1 0.791483
93 1 0.954191
94 1 0.522350
95 1 1.067614
96 1 0.989839
97 1 0.823149
98 1 1.082330
99 1 1.139235
100 2 0.906007
101 2 0.037979
102 2 0.941866
103 2 1.075005
104 2 1.003563
105 2 0.982696
106 2 1.103369
107 2 1.057597
108 2 0.995086
109 2 1.077180
110 2 0.932916
111 2 0.798451
112 2 0.942204
113 2 0.943299
114 2 0.923573
115 2 1.214055
116 2 1.054904
117 2 1.027965
118 2 0.882625
119 2 1.006881
120 2 0.954193
121 2 0.857926
122 2 0.635857
123 2 1.132857
124 2 0.612840
125 2 0.930772
126 2 1.012443
127 2 0.850783
128 2 0.908672
129 2 0.901833
130 2 0.908708
131 2 0.978779
132 2 1.114923
133 2 0.537540
134 2 1.032950
135 2 1.016447
136 2 0.186785
137 2 0.767051
138 2 0.999636
139 2 0.935119
140 2 0.097357
141 2 1.063991
142 2 1.029429
143 2 1.097159
144 2 1.142293
145 2 1.038853
146 2 1.034174
147 2 0.069693
148 2 0.941032
149 2 0.957546
150 2 0.770651
151 2 0.953052
152 2 0.829000
153 2 0.462851
154 2 1.016232
155 2 0.728776
156 2 0.636128
157 2 0.909412
158 2 0.787643
159 2 0.947968
160 2 0.541126
161 2 0.902602
162 2 0.119313
163 2 0.962474
164 2 0.924275
165 2 1.028777
166 2 0.749552
167 2 1.135660
168 2 1.000080
169 2 0.962363
170 2 1.037681
171 2 0.704299
172 2 1.014049
173 2 1.044117
174 2 1.006037
175 2 0.989563
176 2 0.968123
177 2 0.739175
178 2 1.040439
179 2 1.051697
180 2 0.934461
181 2 0.859608
182 2 0.166770
183 2 1.136425
184 2 1.111494
185 2 0.727638
186 2 1.041281
187 2 0.927633
188 2 0.946076
189 2 1.021482
190 2 0.965499
191 2 0.764877
192 2 0.897624
193 2 1.040550
194 2 0.980172
195 2 1.169145
196 2 1.021357
197 2 0.995061
198 2 0.564042
199 2 0.984712
200 3 0.977170
201 3 0.902809
202 3 0.565923
203 3 0.916656
204 3 0.746574
205 3 0.944981
206 3 0.890328
207 3 0.696477
208 3 1.054120
209 3 0.924644
210 3 1.040594
211 3 0.986743
212 3 0.966133
213 3 0.929810
214 3 0.906938
215 3 0.097928
216 3 1.035058
217 3 0.119412
218 3 0.859204
219 3 0.729446
220 3 0.765644
221 3 0.039208
222 3 0.810900
223 3 1.061828
224 3 1.005711
225 3 0.833579
226 3 1.035121
227 3 1.001146
228 3 0.897648
229 3 0.747240
230 3 0.955396
231 3 0.777650
232 3 0.100728
233 3 0.896777
234 3 0.934662
235 3 0.921672
236 3 0.962900
237 3 1.035151
238 3 1.043164
239 3 0.982342
240 3 0.914979
241 3 1.040298
242 3 1.013752
243 3 1.010145
244 3 0.992164
245 3 0.882397
246 3 0.972688
247 3 0.934630
248 3 1.018494
249 3 0.462387
250 3 0.842397
251 3 0.990234
252 3 0.814859
253 3 0.969830
254 3 1.067226
255 3 0.985471
256 3 0.634361
257 3 0.951523
258 3 0.951244
259 3 0.822410
260 3 0.979507
261 3 0.952734
262 3 0.932243
263 3 0.915141
264 3 0.919637
265 3 1.023260
266 3 0.937218
267 3 0.928897
268 3 0.891717
269 3 0.954394
270 3 0.439065
271 3 0.898929
272 3 1.067793
273 3 1.023893
274 3 0.753756
275 3 0.904386
276 3 0.753876
277 3 0.747485
278 3 1.039617
279 3 0.866166
280 3 0.070265
281 3 0.965046
282 3 0.994279
283 3 0.942519
284 3 0.724995
285 3 0.949454
286 3 1.034140
287 3 1.105503
288 3 0.937748
289 3 0.187163
290 3 0.876759
291 3 0.921016
292 3 1.058729
293 3 0.517128
294 3 0.772559
295 3 0.839133
296 3 1.008552
297 3 0.988001
298 3 0.816491
299 3 0.982407
300 4 0.902371
301 4 0.906507
302 4 0.974229
303 4 0.956609
304 4 0.186910
305 4 0.912781
306 4 0.846383
307 4 0.977718
308 4 0.883623
309 4 0.965629
310 4 0.945450
311 4 0.983412
312 4 0.567980
313 4 0.879468
314 4 0.883780
315 4 0.762035
316 4 0.613372
317 4 0.750926
318 4 0.798550
319 4 0.779234
320 4 0.968904
321 4 0.961929
322 4 0.971513
323 4 0.980593
324 4 0.929451
325 4 0.956088
326 4 0.502733
327 4 0.936303
328 4 0.737215
329 4 1.011558
330 4 1.015348
331 4 0.995283
332 4 0.996612
333 4 0.959390
334 4 0.547227
335 4 0.824493
336 4 0.616714
337 4 0.965650
338 4 0.904567
339 4 0.069946
340 4 0.965328
341 4 0.774805
342 4 0.936352
343 4 0.719350
344 4 0.626739
345 4 1.044244
346 4 1.024216
347 4 0.709839
348 4 0.939339
349 4 0.910496
350 4 0.959646
351 4 0.493427
352 4 0.899946
353 4 0.898730
354 4 0.734769
355 4 0.040495
356 4 0.917930
357 4 0.962630
358 4 0.984310
359 4 0.751854
360 4 0.778835
361 4 1.003139
362 4 0.775419
363 4 0.996585
364 4 1.046457
365 4 0.914545
366 4 1.008991
367 4 0.976394
368 4 1.008590
369 4 0.961199
370 4 0.804740
371 4 0.705446
372 4 0.970877
373 4 0.984306
374 4 0.971341
375 4 1.012857
376 4 0.842980
377 4 1.003515
378 4 0.120219
379 4 0.964317
380 4 0.885219
381 4 0.905403
382 4 1.032153
383 4 0.891474
384 4 0.989347
385 4 0.961510
386 4 0.988412
387 4 1.020898
388 4 0.848771
389 4 0.955208
390 4 1.005260
391 4 0.945161
392 4 0.100858
393 4 1.056678
394 4 0.903533
395 4 1.053056
396 4 0.877789
397 4 0.994210
398 4 0.999883
399 4 0.099021
400 5 0.931116
401 5 0.952499
402 5 0.692520
403 5 0.864889
404 5 0.977100
405 5 0.975447
406 5 0.875914
407 5 0.664784
408 5 0.883448
409 5 0.910780
410 5 0.987126
411 5 0.946248
412 5 0.164465
413 5 0.727866
414 5 0.946933
415 5 0.902177
416 5 0.680624
417 5 0.978792
418 5 0.937883
419 5 0.973361
420 5 1.007948
421 5 0.617385
422 5 1.022141
423 5 0.846843
424 5 0.805485
425 5 0.924424
426 5 0.211794
427 5 0.999283
428 5 0.804032
429 5 0.705433
430 5 0.941114
431 5 0.919640
432 5 1.122549
433 5 0.905703
434 5 0.749891
435 5 0.855352
436 5 0.997023
437 5 0.588671
438 5 0.712001
439 5 0.543652
440 5 0.931552
441 5 0.950234
442 5 0.947752
443 5 0.885742
444 5 0.847211
445 5 0.939497
446 5 0.784109
447 5 1.004227
448 5 0.990366
449 5 0.941645
450 5 0.948059
451 5 0.920540
452 5 0.963661
453 5 0.708088
454 5 0.920755
455 5 0.070526
456 5 0.809538
457 5 0.999284
458 5 1.014747
459 5 1.026987
460 5 0.954666
461 5 0.942552
462 5 1.076339
463 5 0.987097
464 5 0.948313
465 5 0.883710
466 5 0.953830
467 5 0.432612
468 5 0.771816
469 5 0.960083
470 5 0.921901
471 5 0.911908
472 5 0.722693
473 5 1.007192
474 5 0.041265
475 5 0.683066
476 5 0.933478
477 5 0.843461
478 5 0.809422
479 5 0.945431
480 5 0.939141
481 5 1.148601
482 5 0.964052
483 5 0.966541
484 5 0.742933
485 5 0.944506
486 5 0.951927
487 5 1.011648
488 5 0.740313
489 5 0.913087
490 5 0.864713
491 5 0.960955
492 5 0.970426
493 5 0.987212
494 5 0.120893
495 5 0.992584
496 5 0.907845
497 5 0.101049
498 5 0.515600
499 5 0.769066
500 6 0.099174
501 6 0.576991
502 6 0.108522
503 6 0.120623
504 6 1.043724
505 6 0.895404
506 6 0.616406
507 6 0.884104
508 6 0.895443
509 6 0.934473
510 6 0.925444
511 6 1.008899
512 6 0.963456
513 6 1.075605
514 6 1.068125
515 6 1.051200
516 6 0.763069
517 6 0.978183
518 6 0.204808
519 6 0.900011
520 6 0.981139
521 6 1.019667
522 6 0.893076
523 6 0.892645
524 6 0.883245
525 6 0.897832
526 6 0.932346
527 6 0.930456
528 6 0.787970
529 6 0.887649
530 6 0.882271
531 6 0.098566
532 6 0.884730
533 6 0.503085
534 6 0.509066
535 6 0.987928
536 6 0.869556
537 6 0.964990
538 6 1.045560
539 6 0.986001
540 6 0.921597
541 6 0.902288
542 6 0.884510
543 6 1.012271
544 6 0.754934
545 6 0.960770
546 6 0.976306
547 6 1.011859
548 6 0.890677
549 6 0.502254
550 6 0.915993
551 6 0.755403
552 6 0.906425
553 6 0.651570
554 6 0.787592
555 6 0.817281
556 6 0.953718
557 6 0.931879
558 6 0.949327
559 6 0.581521
560 6 0.939784
561 6 0.961534
562 6 0.992757
563 6 0.934998
564 6 0.543569
565 6 0.934110
566 6 1.029693
567 6 1.078929
568 6 1.021360
569 6 0.968470
570 6 0.562151
571 6 0.950198
572 6 0.830361
573 6 0.913953
574 6 0.988813
575 6 0.828077
576 6 0.671911
577 6 0.954007
578 6 0.834332
579 6 0.857809
580 6 0.983696
581 6 0.987641
582 6 0.939732
583 6 0.042074
584 6 1.133635
585 6 0.635699
586 6 0.928559
587 6 1.048963
588 6 0.481083
589 6 0.625808
590 6 0.874056
591 6 0.912022
592 6 0.919563
593 6 0.921429
594 6 0.947024
595 6 0.941563
596 6 0.953323
597 6 0.911555
598 6 0.794312
599 6 0.928458
600 7 0.120402
601 7 1.025051
602 7 0.888207
603 7 0.912782
604 7 0.553821
605 7 0.900762
606 7 0.977428
607 7 0.787067
608 7 0.950768
609 7 0.814521
610 7 0.986507
611 7 1.002522
612 7 0.967751
613 7 1.010204
614 7 0.070955
615 7 0.937571
616 7 0.865741
617 7 0.644022
618 7 0.978867
619 7 0.224420
620 7 0.471475
621 7 0.865725
622 7 0.697462
623 7 0.042028
624 7 0.801015
625 7 0.728407
626 7 0.941834
627 7 0.998862
628 7 0.768567
629 7 0.810251
630 7 0.972027
631 7 0.980234
632 7 0.100706
633 7 0.941476
634 7 0.895732
635 7 0.586430
636 7 0.597557
637 7 0.938956
638 7 0.935419
639 7 0.900796
640 7 0.879761
641 7 0.937929
642 7 0.875012
643 7 0.121281
644 7 0.791304
645 7 0.495724
646 7 0.900589
647 7 0.866969
648 7 0.915047
649 7 0.435706
650 7 0.987339
651 7 0.662682
652 7 0.829621
653 7 0.673047
654 7 0.930783
655 7 0.907319
656 7 0.835582
657 7 0.913588
658 7 0.993002
659 7 1.072093
660 7 0.881753
661 7 0.896845
662 7 0.922537
663 7 0.903708
664 7 0.903098
665 7 0.966298
666 7 0.842785
667 7 0.794836
668 7 0.979756
669 7 0.862160
670 7 0.833354
671 7 0.822566
672 7 0.946822
673 7 0.929725
674 7 0.934270
675 7 0.980508
676 7 0.949360
677 7 0.890156
678 7 0.989287
679 7 0.937912
680 7 0.588464
681 7 0.940197
682 7 0.946135
683 7 0.852535
684 7 0.944626
685 7 0.917782
686 7 0.912491
687 7 0.865316
688 7 0.639266
689 7 0.787022
690 7 0.502858
691 7 0.905159
692 7 0.664553
693 7 0.441982
694 7 0.822312
695 7 1.013648
696 7 0.921398
697 7 0.534573
698 7 0.922694
699 7 0.789894
700 8 1.011958
701 8 0.099724
702 8 0.982759
703 8 0.728396
704 8 0.760011
705 8 0.923918
706 8 0.692289
707 8 1.007365
708 8 0.852088
709 8 0.799817
710 8 0.991808
711 8 0.945176
712 8 0.563783
713 8 0.845257
714 8 0.902961
715 8 1.031981
716 8 0.860953
717 8 0.880148
718 8 0.681835
719 8 0.942141
720 8 0.975545
721 8 0.859298
722 8 0.962476
723 8 0.972992
724 8 0.930860
725 8 0.909079
726 8 0.974545
727 8 0.736729
728 8 0.519377
729 8 0.905055
730 8 0.679218
731 8 0.042630
732 8 0.857432
733 8 0.973119
734 8 0.782041
735 8 0.452120
736 8 0.745307
737 8 0.845185
738 8 0.774516
739 8 0.901334
740 8 0.071330
741 8 0.960617
742 8 0.843077
743 8 1.100098
744 8 0.857282
745 8 0.963259
746 8 0.553351
747 8 0.847955
748 8 0.892178
749 8 0.852289
750 8 0.748603
751 8 0.932650
752 8 0.901990
753 8 0.854330
754 8 0.945985
755 8 0.775942
756 8 0.928890
757 8 0.830328
758 8 0.805923
759 8 0.899851
760 8 0.889558
761 8 1.001340
762 8 0.757325
763 8 0.496075
764 8 0.992864
765 8 0.833171
766 8 0.876118
767 8 0.904757
768 8 0.807328
769 8 0.674020
770 8 0.907483
771 8 0.822634
772 8 0.989543
773 8 0.872688
774 8 0.954000
775 8 0.966681
776 8 0.905941
777 8 0.516329
778 8 0.225568
779 8 0.602465
780 8 0.778712
781 8 0.125978
782 8 0.481070
783 8 0.368557
784 8 0.445503
785 8 0.817355
786 8 1.087664
787 8 0.932525
788 8 0.770681
789 8 0.522405
790 8 0.914930
791 8 0.923666
792 8 0.900441
793 8 0.902499
794 8 0.875323
795 8 0.753636
796 8 0.762178
797 8 0.101194
798 8 1.029400
799 8 1.048301
800 9 0.804746
801 9 0.906291
802 9 1.004303
803 9 0.985634
804 9 0.923149
805 9 0.716488
806 9 0.919622
807 9 0.507322
808 9 0.769065
809 9 0.792174
810 9 0.859567
811 9 0.912653
812 9 0.931147
813 9 0.893766
814 9 0.972364
815 9 0.795334
816 9 0.944880
817 9 0.880500
818 9 0.859539
819 9 0.552783
820 9 0.895427
821 9 0.121551
822 9 0.071265
823 9 0.953485
824 9 0.885800
825 9 0.825864
826 9 0.916255
827 9 0.996977
828 9 0.938786
829 9 0.955773
830 9 0.427528
831 9 0.985487
832 9 0.922671
833 9 0.444109
834 9 0.911278
835 9 0.440863
836 9 0.908800
837 9 0.867517
838 9 1.091921
839 9 0.902633
840 9 1.019764
841 9 0.950525
842 9 0.928460
843 9 0.742392
844 9 0.826868
845 9 0.608042
846 9 1.016980
847 9 1.023424
848 9 0.414041
849 9 0.942391
850 9 0.793973
851 9 0.983282
852 9 0.776276
853 9 0.861418
854 9 0.828524
855 9 0.893743
856 9 0.255624
857 9 0.961490
858 9 0.898231
859 9 0.746563
860 9 0.982918
861 9 0.862644
862 9 0.859836
863 9 0.946188
864 9 0.477023
865 9 1.027624
866 9 0.989326
867 9 0.909930
868 9 0.954451
869 9 0.043033
870 9 0.846790
871 9 0.103992
872 9 0.890021
873 9 0.758577
874 9 0.873294
875 9 0.971332
876 9 0.602567
877 9 0.753334
878 9 0.955991
879 9 0.883793
880 9 0.943586
881 9 0.900615
882 9 0.912971
883 9 0.851020
884 9 0.714350
885 9 0.992145
886 9 0.532100
887 9 0.701168
888 9 0.965332
889 9 0.503073
890 9 0.815419
891 9 0.946544
892 9 0.990590
893 9 0.632946
894 9 0.100430
895 9 0.653427
896 9 0.831084
897 9 0.864650
898 9 0.985686
899 9 0.939227
900 10 1.009962
901 10 0.562061
902 10 0.622992
903 10 0.716475
904 10 0.757999
905 10 0.901794
906 10 0.597086
907 10 0.825165
908 10 0.042904
909 10 0.924037
910 10 0.188019
911 10 0.975298
912 10 0.674393
913 10 0.992962
914 10 0.813929
915 10 0.939509
916 10 0.956717
917 10 0.786082
918 10 0.894621
919 10 0.732228
920 10 0.668963
921 10 0.815969
922 10 0.925562
923 10 0.995242
924 10 0.846561
925 10 0.925429
926 10 0.860635
927 10 0.970297
928 10 0.886285
929 10 0.813591
930 10 0.917186
931 10 0.833288
932 10 0.976612
933 10 0.071863
934 10 0.906157
935 10 0.575716
936 10 0.927228
937 10 0.780095
938 10 0.924084
939 10 0.766759
940 10 0.782276
941 10 0.872578
942 10 1.038664
943 10 0.485748
944 10 0.950100
945 10 0.922415
946 10 0.875049
947 10 0.904441
948 10 0.345336
949 10 0.881160
950 10 0.769445
951 10 0.954124
952 10 0.809408
953 10 0.916816
954 10 0.840642
955 10 0.958956
956 10 0.898831
957 10 0.627164
958 10 0.846380
959 10 0.883226
960 10 0.526964
961 10 0.901488
962 10 0.884337
963 10 0.944396
964 10 0.394957
965 10 0.700289
966 10 0.779684
967 10 0.786292
968 10 0.940375
969 10 0.970792
970 10 0.238707
971 10 0.642803
972 10 0.936731
973 10 0.292220
974 10 0.800149
975 10 0.891520
976 10 0.956675
977 10 0.772503
978 10 0.818157
979 10 0.747204
980 10 0.585024
981 10 0.145876
982 10 1.019307
983 10 0.495689
984 10 0.897708
985 10 0.771094
986 10 1.014757
987 10 0.909424
988 10 0.905713
989 10 0.939327
990 10 0.101347
991 10 0.677851
992 10 0.777492
993 10 0.100604
994 10 0.872807
995 10 0.799722
996 10 0.875156
997 10 0.956274
998 10 0.891982
999 10 0.810493
1000 11 0.813677
1001 11 0.700807
1002 11 0.819661
1003 11 0.911476
1004 11 0.899179
1005 11 0.745069
1006 11 0.353566
1007 11 0.861031
1008 11 0.863898
1009 11 0.788017
1010 11 0.765156
1011 11 0.843734
1012 11 0.791836
1013 11 0.934445
1014 11 0.042918
1015 11 0.786438
1016 11 0.789966
1017 11 0.525999
1018 11 0.931145
1019 11 0.787148
1020 11 0.790598
1021 11 0.828456
1022 11 1.003516
1023 11 0.773638
1024 11 0.741897
1025 11 0.820879
1026 11 0.787933
1027 11 0.852895
1028 11 0.914261
1029 11 0.949657
1030 11 0.774474
1031 11 0.934359
1032 11 0.870061
1033 11 0.718287
1034 11 0.744360
1035 11 0.864244
1036 11 0.731806
1037 11 0.574107
1038 11 0.610210
1039 11 0.838960
1040 11 0.823132
1041 11 0.951414
1042 11 0.903517
1043 11 0.918806
1044 11 0.916939
1045 11 0.122139
1046 11 0.586323
1047 11 0.610183
1048 11 0.757885
1049 11 0.966051
1050 11 0.569281
1051 11 1.030009
1052 11 0.071536
1053 11 0.743852
1054 11 0.860735
1055 11 0.101360
1056 11 0.959957
1057 11 0.703298
1058 11 1.000345
1059 11 0.713158
1060 11 0.702079
1061 11 0.719465
1062 11 0.989821
1063 11 0.899510
1064 11 0.519586
1065 11 0.527257
1066 11 0.949710
1067 11 0.893300
1068 11 0.989947
1069 11 0.555004
1070 11 0.523797
1071 11 0.784530
1072 11 0.718578
1073 11 0.828623
1074 11 0.858997
1075 11 0.188213
1076 11 0.901352
1077 11 0.855408
1078 11 0.756039
1079 11 0.919190
1080 11 0.826415
1081 11 0.470751
1082 11 0.895564
1083 11 0.873808
1084 11 0.803817
1085 11 0.620475
1086 11 0.690131
1087 11 0.100417
1088 11 0.878250
1089 11 0.772584
1090 11 0.487151
1091 11 0.940833
1092 11 0.988573
1093 11 0.947444
1094 11 0.901107
1095 11 0.935968
1096 11 0.927776
1097 11 0.924287
1098 11 0.566485
1099 11 1.011226
1100 12 0.712369
1101 12 0.691344
1102 12 0.823648
1103 12 0.712876
1104 12 0.961381
1105 12 0.043150
1106 12 0.860673
1107 12 0.100867
1108 12 0.940930
1109 12 0.892092
1110 12 0.813163
1111 12 0.773134
1112 12 0.816893
1113 12 0.632078
1114 12 0.904296
1115 12 0.831289
1116 12 0.341489
1117 12 0.862182
1118 12 0.811850
1119 12 1.018358
1120 12 0.805977
1121 12 0.225070
1122 12 0.744362
1123 12 0.760296
1124 12 0.353950
1125 12 0.577402
1126 12 0.608564
1127 12 0.965842
1128 12 1.082382
1129 12 0.890261
1130 12 0.811726
1131 12 0.783800
1132 12 0.893968
1133 12 0.907456
1134 12 0.807648
1135 12 0.790641
1136 12 1.010543
1137 12 0.597917
1138 12 0.598440
1139 12 0.497524
1140 12 0.851187
1141 12 0.828715
1142 12 0.793452
1143 12 0.879996
1144 12 0.832405
1145 12 0.690145
1146 12 0.941666
1147 12 0.770896
1148 12 0.664887
1149 12 0.980829
1150 12 0.873793
1151 12 0.713065
1152 12 0.535394
1153 12 0.792576
1154 12 0.100275
1155 12 0.482961
1156 12 0.827945
1157 12 1.035057
1158 12 0.268744
1159 12 0.912926
1160 12 0.921342
1161 12 0.959766
1162 12 0.071823
1163 12 0.854897
1164 12 0.804217
1165 12 0.789332
1166 12 0.469391
1167 12 0.899743
1168 12 0.925414
1169 12 0.778439
1170 12 0.655189
1171 12 1.107555
1172 12 0.772408
1173 12 0.541824
1174 12 0.996386
1175 12 0.767962
1176 12 0.891007
1177 12 0.867447
1178 12 0.773986
1179 12 0.899349
1180 12 0.816686
1181 12 0.841558
1182 12 0.865339
1183 12 0.616288
1184 12 0.861507
1185 12 0.951325
1186 12 0.637780
1187 12 1.020161
1188 12 0.803652
1189 12 0.742140
1190 12 0.679364
1191 12 1.057685
1192 12 0.755505
1193 12 0.531879
1194 12 0.137988
1195 12 1.024487
1196 12 0.823964
1197 12 0.941554
1198 12 0.610333
1199 12 1.002840
1200 13 0.444937
1201 13 0.497425
1202 13 0.686728
1203 13 0.461251
1204 13 0.890093
1205 13 0.678748
1206 13 0.851279
1207 13 0.960204
1208 13 0.906625
1209 13 0.868615
1210 13 0.963518
1211 13 0.824223
1212 13 0.942032
1213 13 0.787611
1214 13 0.931363
1215 13 0.883225
1216 13 0.870157
1217 13 0.834686
1218 13 0.761100
1219 13 0.715197
1220 13 0.856019
1221 13 0.865956
1222 13 0.782217
1223 13 0.557127
1224 13 0.790093
1225 13 0.333402
1226 13 0.792431
1227 13 0.823762
1228 13 0.798222
1229 13 0.187267
1230 13 0.864710
1231 13 0.342419
1232 13 0.133962
1233 13 1.021882
1234 13 0.843540
1235 13 0.864733
1236 13 0.518946
1237 13 1.014428
1238 13 0.784755
1239 13 0.779461
1240 13 0.893780
1241 13 0.746165
1242 13 0.789881
1243 13 0.071982
1244 13 0.836637
1245 13 0.244783
1246 13 0.853178
1247 13 0.840188
1248 13 0.789765
1249 13 0.388181
1250 13 0.521180
1251 13 0.520651
1252 13 0.849175
1253 13 0.700841
1254 13 0.583477
1255 13 0.963365
1256 13 0.879564
1257 13 0.776476
1258 13 0.755140
1259 13 0.770053
1260 13 0.966390
1261 13 0.913402
1262 13 1.010491
1263 13 0.897022
1264 13 0.566221
1265 13 0.856864
1266 13 0.577042
1267 13 0.633660
1268 13 0.737481
1269 13 0.795140
1270 13 0.862542
1271 13 0.898833
1272 13 0.930044
1273 13 0.827912
1274 13 0.759572
1275 13 0.950671
1276 13 0.763689
1277 13 0.856268
1278 13 0.947347
1279 13 0.932352
1280 13 0.923767
1281 13 0.846760
1282 13 0.843040
1283 13 0.762784
1284 13 0.802784
1285 13 0.930483
1286 13 0.739511
1287 13 0.043367
1288 13 0.415237
1289 13 0.924081
1290 13 0.663182
1291 13 0.100551
1292 13 0.852113
1293 13 0.497066
1294 13 0.754663
1295 13 0.729759
1296 13 0.828283
1297 13 0.141452
1298 13 0.725317
1299 13 0.462953
1300 14 0.985306
1301 14 0.700788
1302 14 0.877492
1303 14 0.941822
1304 14 0.434164
1305 14 0.916109
1306 14 0.829021
1307 14 0.630018
1308 14 0.719000
1309 14 0.997028
1310 14 0.835915
1311 14 0.803268
1312 14 0.043204
1313 14 0.697046
1314 14 0.690292
1315 14 0.563463
1316 14 0.725996
1317 14 0.071817
1318 14 0.833281
1319 14 0.252687
1320 14 0.436617
1321 14 0.819535
1322 14 0.232431
1323 14 0.673438
1324 14 0.194661
1325 14 0.794503
1326 14 0.778668
1327 14 0.898107
1328 14 0.752212
1329 14 1.028515
1330 14 0.830284
1331 14 0.876779
1332 14 0.883904
1333 14 0.843286
1334 14 0.816824
1335 14 0.880642
1336 14 0.701302
1337 14 0.763531
1338 14 0.855873
1339 14 0.925959
1340 14 0.503902
1341 14 0.295893
1342 14 0.563875
1343 14 0.848221
1344 14 0.887226
1345 14 0.863940
1346 14 0.754009
1347 14 1.139014
1348 14 0.814614
1349 14 0.965639
1350 14 0.856734
1351 14 0.783457
1352 14 0.920756
1353 14 0.835327
1354 14 0.739627
1355 14 0.868519
1356 14 0.935654
1357 14 0.871412
1358 14 0.799745
1359 14 1.020325
1360 14 0.778144
1361 14 0.971607
1362 14 0.907684
1363 14 0.666962
1364 14 0.922257
1365 14 0.835351
1366 14 0.673223
1367 14 0.878979
1368 14 0.100632
1369 14 0.122395
1370 14 0.715171
1371 14 0.945775
1372 14 0.782354
1373 14 0.852389
1374 14 0.810505
1375 14 0.508807
1376 14 0.671520
1377 14 0.866872
1378 14 0.481949
1379 14 0.772263
1380 14 0.912297
1381 14 0.909941
1382 14 0.817230
1383 14 0.100713
1384 14 0.675160
1385 14 0.815136
1386 14 0.761535
1387 14 0.248022
1388 14 0.901805
1389 14 0.685967
1390 14 0.559901
1391 14 0.822003
1392 14 0.350422
1393 14 0.689247
1394 14 0.748484
1395 14 0.781975
1396 14 0.851127
1397 14 0.479029
1398 14 0.899999
1399 14 0.959758
1400 15 0.680792
1401 15 0.611174
1402 15 0.043266
1403 15 0.777868
1404 15 0.417114
1405 15 0.692514
1406 15 0.848386
1407 15 0.877721
1408 15 0.871460
1409 15 0.610148
1410 15 0.743032
1411 15 0.751848
1412 15 0.947890
1413 15 0.936499
1414 15 0.821721
1415 15 0.528417
1416 15 0.503454
1417 15 0.686177
1418 15 0.276632
1419 15 0.794257
1420 15 0.571624
1421 15 0.962038
1422 15 0.913853
1423 15 0.873614
1424 15 0.910550
1425 15 0.647875
1426 15 0.100493
1427 15 0.609840
1428 15 0.738254
1429 15 0.879734
1430 15 0.485398
1431 15 0.913052
1432 15 0.217815
1433 15 0.198432
1434 15 0.258191
1435 15 0.707757
1436 15 0.604754
1437 15 0.703002
1438 15 0.748409
1439 15 0.699446
1440 15 0.785028
1441 15 0.547266
1442 15 0.886732
1443 15 0.814844
1444 15 0.677115
1445 15 0.979930
1446 15 0.684997
1447 15 0.998133
1448 15 0.852578
1449 15 0.835830
1450 15 0.823206
1451 15 0.949958
1452 15 0.705060
1453 15 0.989748
1454 15 0.852289
1455 15 0.891796
1456 15 0.587845
1457 15 0.249304
1458 15 0.225717
1459 15 0.835395
1460 15 0.890943
1461 15 0.670992
1462 15 0.113979
1463 15 0.160137
1464 15 0.850675
1465 15 0.949282
1466 15 0.783096
1467 15 0.886645
1468 15 0.885623
1469 15 1.000388
1470 15 0.936737
1471 15 0.678795
1472 15 0.891559
1473 15 0.594961
1474 15 0.840561
1475 15 0.933264
1476 15 0.774031
1477 15 0.841057
1478 15 1.002638
1479 15 0.686660
1480 15 0.964041
1481 15 0.740267
1482 15 0.786100
1483 15 0.872877
1484 15 0.846503
1485 15 0.871301
1486 15 0.072385
1487 15 0.852958
1488 15 0.352436
1489 15 0.922073
1490 15 0.771237
1491 15 0.936063
1492 15 0.790859
1493 15 0.943881
1494 15 0.758262
1495 15 0.931174
1496 15 0.888292
1497 15 0.890978
1498 15 0.750808
1499 15 0.499555
1500 16 0.786704
1501 16 0.216845
1502 16 0.720508
1503 16 1.058257
1504 16 0.527229
1505 16 0.043349
1506 16 0.358705
1507 16 0.727700
1508 16 0.732536
1509 16 0.100614
1510 16 0.674862
1511 16 0.703819
1512 16 0.726981
1513 16 0.673084
1514 16 0.716209
1515 16 0.914598
1516 16 0.798062
1517 16 1.013012
1518 16 0.868288
1519 16 0.888051
1520 16 0.072351
1521 16 0.758018
1522 16 0.773968
1523 16 0.454674
1524 16 0.561423
1525 16 0.838870
1526 16 0.813849
1527 16 0.884991
1528 16 0.122309
1529 16 0.609947
1530 16 0.495089
1531 16 0.825031
1532 16 0.464181
1533 16 0.180162
1534 16 0.858784
1535 16 0.778350
1536 16 0.641353
1537 16 0.817234
1538 16 0.591335
1539 16 0.877987
1540 16 0.673816
1541 16 0.845906
1542 16 0.922811
1543 16 0.825693
1544 16 0.733833
1545 16 0.609668
1546 16 0.785987
1547 16 0.752829
1548 16 0.812727
1549 16 0.858679
1550 16 0.597485
1551 16 0.778064
1552 16 0.579943
1553 16 0.720037
1554 16 0.842904
1555 16 0.900376
1556 16 0.711669
1557 16 0.536197
1558 16 0.511880
1559 16 0.672481
1560 16 1.034261
1561 16 0.803353
1562 16 0.936250
1563 16 0.842371
1564 16 0.525067
1565 16 0.978303
1566 16 0.982498
1567 16 0.855421
1568 16 0.808507
1569 16 0.747736
1570 16 0.915423
1571 16 0.964005
1572 16 0.920452
1573 16 0.740407
1574 16 0.505808
1575 16 0.981185
1576 16 0.810583
1577 16 0.804098
1578 16 0.866358
1579 16 0.889386
1580 16 0.618955
1581 16 0.986736
1582 16 0.865398
1583 16 0.613046
1584 16 0.680964
1585 16 0.856373
1586 16 0.652833
1587 16 0.937834
1588 16 0.733118
1589 16 0.928034
1590 16 0.700538
1591 16 0.298099
1592 16 0.121133
1593 16 0.707033
1594 16 0.625970
1595 16 0.617264
1596 16 0.840881
1597 16 0.825558
1598 16 0.812183
1599 16 0.841346
1600 17 0.214867
1601 17 0.738868
1602 17 0.784422
1603 17 0.922836
1604 17 0.586317
1605 17 1.049831
1606 17 0.891627
1607 17 0.594194
1608 17 0.689590
1609 17 0.793649
1610 17 0.881412
1611 17 0.676148
1612 17 0.902083
1613 17 0.593854
1614 17 0.663377
1615 17 0.609486
1616 17 0.720471
1617 17 0.832084
1618 17 0.917257
1619 17 0.638007
1620 17 0.861869
1621 17 0.852172
1622 17 0.864806
1623 17 0.726730
1624 17 0.868774
1625 17 0.072765
1626 17 0.666519
1627 17 0.918805
1628 17 0.915309
1629 17 0.778464
1630 17 0.589833
1631 17 0.737519
1632 17 0.459918
1633 17 0.695087
1634 17 0.680830
1635 17 0.915943
1636 17 0.764002
1637 17 0.786467
1638 17 0.751820
1639 17 0.776019
1640 17 0.940674
1641 17 0.863207
1642 17 0.567241
1643 17 0.043471
1644 17 0.791678
1645 17 0.100144
1646 17 0.770596
1647 17 0.900197
1648 17 0.779588
1649 17 0.897216
1650 17 0.661322
1651 17 0.715033
1652 17 0.502744
1653 17 0.763705
1654 17 0.553850
1655 17 0.898513
1656 17 0.569114
1657 17 0.810805
1658 17 0.694615
1659 17 0.764345
1660 17 0.717751
1661 17 0.771989
1662 17 0.807798
1663 17 0.842778
1664 17 0.875154
1665 17 0.487900
1666 17 0.270759
1667 17 0.727134
1668 17 0.805686
1669 17 0.677917
1670 17 0.528805
1671 17 0.566694
1672 17 0.782176
1673 17 0.975749
1674 17 0.720070
1675 17 0.887069
1676 17 0.696340
1677 17 0.934430
1678 17 0.789020
1679 17 0.131898
1680 17 1.054062
1681 17 0.546455
1682 17 0.627396
1683 17 0.919985
1684 17 0.731526
1685 17 0.791101
1686 17 0.903379
1687 17 0.137453
1688 17 0.517566
1689 17 0.870751
1690 17 0.747218
1691 17 0.880920
1692 17 0.771454
1693 17 0.211968
1694 17 0.688493
1695 17 0.199469
1696 17 0.701795
1697 17 0.920643
1698 17 0.775617
1699 17 0.838603
1700 18 0.072643
1701 18 0.710770
1702 18 0.813257
1703 18 0.780268
1704 18 0.852883
1705 18 0.700565
1706 18 0.764852
1707 18 0.579408
1708 18 0.655413
1709 18 0.678043
1710 18 0.800932
1711 18 0.950923
1712 18 0.121820
1713 18 0.896299
1714 18 0.762813
1715 18 0.950408
1716 18 0.933063
1717 18 0.890106
1718 18 0.585444
1719 18 0.806604
1720 18 0.646088
1721 18 0.676960
1722 18 0.505995
1723 18 0.783892
1724 18 0.795765
1725 18 0.759752
1726 18 0.237243
1727 18 0.681280
1728 18 0.879388
1729 18 0.607794
1730 18 0.859914
1731 18 0.508777
1732 18 0.794560
1733 18 0.928870
1734 18 0.683366
1735 18 0.286033
1736 18 0.806924
1737 18 0.478511
1738 18 0.266308
1739 18 0.914966
1740 18 0.944150
1741 18 0.823982
1742 18 0.198127
1743 18 0.122203
1744 18 0.930219
1745 18 0.838885
1746 18 1.078096
1747 18 0.767960
1748 18 0.843271
1749 18 0.996678
1750 18 0.939213
1751 18 0.823116
1752 18 0.857535
1753 18 0.765235
1754 18 0.657797
1755 18 0.121680
1756 18 0.639633
1757 18 0.795816
1758 18 0.803720
1759 18 0.568294
1760 18 0.620806
1761 18 0.584930
1762 18 1.060141
1763 18 0.799209
1764 18 0.713477
1765 18 0.587511
1766 18 0.763247
1767 18 0.815010
1768 18 0.977269
1769 18 0.635985
1770 18 0.820387
1771 18 0.752031
1772 18 0.817456
1773 18 0.539824
1774 18 0.955887
1775 18 0.980608
1776 18 0.832975
1777 18 0.802092
1778 18 0.706765
1779 18 0.490741
1780 18 0.866564
1781 18 0.812063
1782 18 0.532744
1783 18 0.864902
1784 18 0.864978
1785 18 0.419079
1786 18 0.043184
1787 18 0.718365
1788 18 0.914374
1789 18 0.881774
1790 18 0.953167
1791 18 0.767603
1792 18 0.449992
1793 18 0.384019
1794 18 0.598440
1795 18 0.503337
1796 18 0.198364
1797 18 0.517385
1798 18 0.881656
1799 18 0.798146
1800 19 0.917750
1801 19 0.789629
1802 19 0.826550
1803 19 0.829343
1804 19 0.501067
1805 19 0.750683
1806 19 0.616484
1807 19 0.815223
1808 19 0.854054
1809 19 0.860472
1810 19 0.185511
1811 19 0.593200
1812 19 0.894007
1813 19 0.539221
1814 19 0.796731
1815 19 0.502615
1816 19 0.728731
1817 19 0.740055
1818 19 0.488375
1819 19 0.701592
1820 19 0.596441
1821 19 1.030372
1822 19 0.653855
1823 19 0.364122
1824 19 0.890280
1825 19 0.843932
1826 19 0.575860
1827 19 0.843528
1828 19 0.764170
1829 19 0.918746
1830 19 0.710911
1831 19 0.995155
1832 19 0.746436
1833 19 0.683725
1834 19 0.825011
1835 19 0.297465
1836 19 0.545506
1837 19 0.499720
1838 19 0.772705
1839 19 0.904063
1840 19 0.771187
1841 19 0.666119
1842 19 0.831249
1843 19 0.928854
1844 19 0.577225
1845 19 0.072871
1846 19 0.870291
1847 19 0.883540
1848 19 0.043603
1849 19 0.809806
1850 19 0.969426
1851 19 0.176553
1852 19 0.556504
1853 19 0.743906
1854 19 0.743054
1855 19 0.712397
1856 19 0.717753
1857 19 0.761255
1858 19 0.881252
1859 19 0.893266
1860 19 0.871109
1861 19 0.635619
1862 19 0.901979
1863 19 0.654481
1864 19 0.817663
1865 19 0.556944
1866 19 0.704519
1867 19 0.585280
1868 19 1.067637
1869 19 0.934198
1870 19 0.823332
1871 19 0.870505
1872 19 0.122175
1873 19 0.860940
1874 19 1.022373
1875 19 0.880566
1876 19 0.849716
1877 19 0.518197
1878 19 0.616150
1879 19 0.932039
1880 19 0.807135
1881 19 0.451762
1882 19 0.356560
1883 19 0.585525
1884 19 0.910927
1885 19 0.775703
1886 19 0.964692
1887 19 0.864714
1888 19 0.120060
1889 19 0.638736
1890 19 0.561777
1891 19 0.657655
1892 19 0.986987
1893 19 1.055708
1894 19 0.849706
1895 19 0.100325
1896 19 0.914525
1897 19 0.657185
1898 19 0.400460
1899 19 0.410109
1900 20 0.781851
1901 20 0.747309
1902 20 0.090468
1903 20 0.577881
1904 20 0.863235
1905 20 0.833418
1906 20 0.112028
1907 20 0.719499
1908 20 0.733592
1909 20 0.940931
1910 20 0.847418
1911 20 0.283125
1912 20 0.930786
1913 20 0.121951
1914 20 0.845163
1915 20 0.770605
1916 20 0.938902
1917 20 0.792090
1918 20 0.943689
1919 20 0.347759
1920 20 0.680643
1921 20 0.669551
1922 20 0.512212
1923 20 0.768924
1924 20 0.933194
1925 20 0.935529
1926 20 0.721978
1927 20 0.816092
1928 20 0.731430
1929 20 0.821174
1930 20 0.646429
1931 20 0.820296
1932 20 0.484342
1933 20 0.757391
1934 20 0.873489
1935 20 0.822612
1936 20 0.766932
1937 20 0.445160
1938 20 0.849569
1939 20 0.865757
1940 20 0.673465
1941 20 0.691668
1942 20 0.721008
1943 20 0.680865
1944 20 0.175102
1945 20 0.237549
1946 20 0.713138
1947 20 0.495595
1948 20 0.820409
1949 20 0.857845
1950 20 0.551075
1951 20 0.644225
1952 20 0.673624
1953 20 0.792247
1954 20 0.696820
1955 20 0.613455
1956 20 0.498132
1957 20 0.775646
1958 20 0.419869
1959 20 0.707446
1960 20 0.937367
1961 20 0.354570
1962 20 0.775123
1963 20 0.168503
1964 20 0.808320
1965 20 0.716162
1966 20 0.100415
1967 20 0.648104
1968 20 0.537178
1969 20 0.704505
1970 20 0.941411
1971 20 0.867493
1972 20 0.592999
1973 20 0.728455
1974 20 0.907396
1975 20 0.720514
1976 20 0.907831
1977 20 0.731324
1978 20 0.697846
1979 20 0.732607
1980 20 0.576884
1981 20 0.974910
1982 20 0.656191
1983 20 0.649702
1984 20 0.827017
1985 20 0.831569
1986 20 0.879308
1987 20 0.453612
1988 20 0.892115
1989 20 0.825920
1990 20 0.880171
1991 20 0.043343
1992 20 0.857924
1993 20 0.422366
1994 20 0.853669
1995 20 0.864899
1996 20 0.653870
1997 20 0.651275
1998 20 0.500374
1999 20 0.755304
2000 21 0.810100
2001 21 0.799459
2002 21 0.575530
2003 21 0.672573
2004 21 0.941632
2005 21 0.704250
2006 21 0.499683
2007 21 0.743689
2008 21 0.146849
2009 21 0.852088
2010 21 0.801674
2011 21 0.801215
2012 21 0.918176
2013 21 0.811299
2014 21 0.813522
2015 21 0.680635
2016 21 0.422373
2017 21 0.948666
2018 21 0.872916
2019 21 0.899220
2020 21 0.861108
2021 21 0.900929
2022 21 0.848497
2023 21 0.702304
2024 21 0.678181
2025 21 0.828480
2026 21 0.862699
2027 21 0.699616
2028 21 0.817675
2029 21 0.461373
2030 21 0.555011
2031 21 0.689842
2032 21 0.708609
2033 21 0.738304
2034 21 0.895010
2035 21 0.756494
2036 21 0.633254
2037 21 0.184147
2038 21 0.958533
2039 21 0.457382
2040 21 0.962038
2041 21 0.043870
2042 21 0.444459
2043 21 0.531265
2044 21 0.475816
2045 21 0.756080
2046 21 0.568312
2047 21 0.758238
2048 21 0.596609
2049 21 0.905249
2050 21 0.793017
2051 21 0.340737
2052 21 0.100036
2053 21 0.868391
2054 21 0.799883
2055 21 0.423377
2056 21 0.920472
2057 21 0.780462
2058 21 0.190740
2059 21 0.639386
2060 21 0.652576
2061 21 0.290868
2062 21 0.741102
2063 21 0.596295
2064 21 0.920398
2065 21 0.623514
2066 21 1.130542
2067 21 0.752125
2068 21 0.702512
2069 21 0.469596
2070 21 0.965901
2071 21 0.907717
2072 21 0.581731
2073 21 0.894476
2074 21 0.761077
2075 21 0.865852
2076 21 0.627595
2077 21 0.806253
2078 21 0.906485
2079 21 0.570112
2080 21 0.902504
2081 21 0.641337
2082 21 0.885712
2083 21 0.686831
2084 21 0.401050
2085 21 0.652361
2086 21 0.932011
2087 21 0.973538
2088 21 0.708112
2089 21 0.691185
2090 21 0.195153
2091 21 0.202213
2092 21 0.739522
2093 21 0.674700
2094 21 0.138621
2095 21 0.613926
2096 21 0.897230
2097 21 0.744146
2098 21 0.855552
2099 21 0.116497
2100 22 0.865118
2101 22 0.865002
2102 22 0.864942
2103 22 0.700446
2104 22 0.647785
2105 22 0.695203
2106 22 0.832558
2107 22 0.817065
2108 22 0.868470
2109 22 0.579110
2110 22 0.741237
2111 22 0.833491
2112 22 0.216813
2113 22 0.877307
2114 22 0.119851
2115 22 0.671142
2116 22 0.663532
2117 22 0.610911
2118 22 0.764121
2119 22 0.562433
2120 22 0.837094
2121 22 0.890040
2122 22 0.746672
2123 22 0.436693
2124 22 0.493790
2125 22 0.566719
2126 22 1.200719
2127 22 0.475501
2128 22 0.901849
2129 22 0.903410
2130 22 0.099953
2131 22 0.922843
2132 22 0.488523
2133 22 0.727748
2134 22 0.784658
2135 22 0.633981
2136 22 0.615594
2137 22 0.803117
2138 22 0.559228
2139 22 0.627514
2140 22 0.833965
2141 22 0.666339
2142 22 0.533149
2143 22 0.705761
2144 22 0.918595
2145 22 0.072839
2146 22 0.808751
2147 22 0.605099
2148 22 0.786900
2149 22 0.589127
2150 22 0.678820
2151 22 0.121985
2152 22 0.727238
2153 22 0.534978
2154 22 0.610011
2155 22 0.269009
2156 22 0.506295
2157 22 0.838848
2158 22 0.829769
2159 22 0.599469
2160 22 0.692315
2161 22 0.827154
2162 22 0.800794
2163 22 0.694130
2164 22 0.814934
2165 22 0.808368
2166 22 0.721469
2167 22 0.816922
2168 22 0.787286
2169 22 0.696978
2170 22 0.678515
2171 22 0.776936
2172 22 0.590155
2173 22 0.659171
2174 22 0.831961
2175 22 0.769600
2176 22 0.860692
2177 22 0.522868
2178 22 0.611699
2179 22 0.763794
2180 22 0.702957
2181 22 0.664657
2182 22 0.987606
2183 22 0.859284
2184 22 0.541208
2185 22 0.752630
2186 22 0.838567
2187 22 0.905235
2188 22 0.637176
2189 22 0.746020
2190 22 0.804589
2191 22 0.043380
2192 22 0.659342
2193 22 0.855288
2194 22 0.236803
2195 22 0.099780
2196 22 0.629373
2197 22 0.727103
2198 22 0.810034
2199 22 0.184556
2200 23 0.648305
2201 23 0.837166
2202 23 0.828169
2203 23 1.021078
2204 23 0.842073
2205 23 0.655873
2206 23 0.200370
2207 23 0.302914
2208 23 0.859840
2209 23 0.755059
2210 23 0.043533
2211 23 0.401829
2212 23 0.492021
2213 23 1.024515
2214 23 0.885118
2215 23 0.794019
2216 23 0.797283
2217 23 0.662251
2218 23 0.847757
2219 23 0.731735
2220 23 0.971351
2221 23 0.808350
2222 23 0.612170
2223 23 0.592532
2224 23 0.141585
2225 23 0.758064
2226 23 0.638001
2227 23 0.806259
2228 23 0.710664
2229 23 0.331657
2230 23 0.592785
2231 23 0.653277
2232 23 0.987129
2233 23 0.815832
2234 23 0.602275
2235 23 0.592485
2236 23 0.873687
2237 23 0.928818
2238 23 0.400597
2239 23 0.559162
2240 23 0.796031
2241 23 0.716767
2242 23 0.869120
2243 23 0.541729
2244 23 0.672847
2245 23 0.582233
2246 23 0.910414
2247 23 0.974502
2248 23 0.794635
2249 23 0.207638
2250 23 0.690367
2251 23 0.773209
2252 23 0.641750
2253 23 0.855482
2254 23 0.783760
2255 23 0.484124
2256 23 0.846451
2257 23 0.482938
2258 23 0.634910
2259 23 0.978854
2260 23 0.823471
2261 23 0.828213
2262 23 0.596786
2263 23 0.796220
2264 23 0.876649
2265 23 0.781555
2266 23 0.660948
2267 23 0.792501
2268 23 0.462745
2269 23 0.759821
2270 23 0.913446
2271 23 0.099712
2272 23 0.722314
2273 23 0.888645
2274 23 0.779367
2275 23 0.684646
2276 23 0.107872
2277 23 0.625093
2278 23 0.852225
2279 23 0.833411
2280 23 0.789666
2281 23 0.443936
2282 23 0.714616
2283 23 0.787624
2284 23 0.607956
2285 23 0.626660
2286 23 0.755960
2287 23 0.783129
2288 23 0.990923
2289 23 0.862946
2290 23 0.560169
2291 23 0.827111
2292 23 0.915637
2293 23 0.555055
2294 23 0.534783
2295 23 0.115878
2296 23 0.728162
2297 23 0.147524
2298 23 0.261069
2299 23 0.459813
2300 24 0.783058
2301 24 0.549875
2302 24 1.031978
2303 24 0.753594
2304 24 0.828924
2305 24 0.840934
2306 24 0.646521
2307 24 0.735253
2308 24 0.868584
2309 24 0.670276
2310 24 0.690910
2311 24 0.797349
2312 24 0.849819
2313 24 0.728997
2314 24 0.715565
2315 24 0.906907
2316 24 0.854483
2317 24 0.692759
2318 24 0.426376
2319 24 0.529308
2320 24 0.043415
2321 24 0.526154
2322 24 0.425537
2323 24 0.654412
2324 24 0.696075
2325 24 0.199197
2326 24 0.669114
2327 24 0.744552
2328 24 0.746293
2329 24 0.897292
2330 24 0.923690
2331 24 0.121949
2332 24 0.186639
2333 24 0.589940
2334 24 0.672536
2335 24 0.491056
2336 24 1.045603
2337 24 0.759138
2338 24 0.624509
2339 24 0.577929
2340 24 0.802848
2341 24 0.811434
2342 24 0.762235
2343 24 0.841537
2344 24 0.694175
2345 24 0.900976
2346 24 0.675989
2347 24 0.845053
2348 24 0.538094
2349 24 1.021871
2350 24 0.813252
2351 24 0.618464
2352 24 0.833255
2353 24 0.640692
2354 24 0.556231
2355 24 0.609185
2356 24 0.512410
2357 24 0.936529
2358 24 0.722301
2359 24 0.678933
2360 24 0.883954
2361 24 0.923248
2362 24 0.183796
2363 24 0.546542
2364 24 0.705881
2365 24 0.523734
2366 24 0.831717
2367 24 0.838033
2368 24 0.584207
2369 24 0.971195
2370 24 0.881710
2371 24 0.873960
2372 24 0.819888
2373 24 0.696407
2374 24 0.594119
2375 24 0.876302
2376 24 0.381425
2377 24 0.788296
2378 24 0.073416
2379 24 0.784100
2380 24 0.769019
2381 24 0.207952
2382 24 0.690425
2383 24 0.781796
2384 24 0.521365
2385 24 0.861202
2386 24 0.120940
2387 24 0.753811
2388 24 0.140235
2389 24 0.801731
2390 24 0.524622
2391 24 0.760762
2392 24 0.718497
2393 24 0.687195
2394 24 0.127008
2395 24 0.905496
2396 24 0.564893
2397 24 0.760319
2398 24 0.099891
2399 24 0.613114
2400 25 0.620155
2401 25 0.406608
2402 25 0.806952
2403 25 0.757151
2404 25 0.869625
2405 25 0.543198
2406 25 0.567958
2407 25 0.744418
2408 25 0.705779
2409 25 0.637617
2410 25 0.903802
2411 25 0.673137
2412 25 0.694912
2413 25 0.701161
2414 25 0.783975
2415 25 0.721280
2416 25 0.349357
2417 25 0.483831
2418 25 0.564460
2419 25 0.705928
2420 25 0.886337
2421 25 0.608719
2422 25 0.175327
2423 25 0.635589
2424 25 0.685436
2425 25 0.808570
2426 25 0.443238
2427 25 0.130776
2428 25 0.616306
2429 25 0.933273
2430 25 0.501393
2431 25 0.121878
2432 25 0.198272
2433 25 0.858868
2434 25 0.598757
2435 25 0.903080
2436 25 0.571382
2437 25 0.572641
2438 25 0.660855
2439 25 0.720128
2440 25 0.735516
2441 25 0.972284
2442 25 0.868619
2443 25 0.789897
2444 25 0.859605
2445 25 0.708950
2446 25 0.182933
2447 25 0.073267
2448 25 0.851314
2449 25 0.595607
2450 25 0.406066
2451 25 0.757735
2452 25 0.638866
2453 25 0.884372
2454 25 0.473672
2455 25 0.961165
2456 25 0.728145
2457 25 0.571891
2458 25 0.779687
2459 25 0.473055
2460 25 0.638807
2461 25 0.886894
2462 25 0.573286
2463 25 0.537298
2464 25 0.710635
2465 25 0.825031
2466 25 0.756419
2467 25 0.680397
2468 25 0.870475
2469 25 0.720778
2470 25 0.781900
2471 25 0.804285
2472 25 0.700974
2473 25 0.537406
2474 25 0.848665
2475 25 0.113078
2476 25 0.831534
2477 25 0.099669
2478 25 0.703730
2479 25 0.496911
2480 25 0.757869
2481 25 0.562371
2482 25 0.475462
2483 25 0.043441
2484 25 0.523545
2485 25 0.494437
2486 25 0.722198
2487 25 0.751216
2488 25 0.841373
2489 25 0.887215
2490 25 0.673519
2491 25 0.589436
2492 25 0.826426
2493 25 0.721604
2494 25 0.607051
2495 25 0.770483
2496 25 0.544110
2497 25 0.770070
2498 25 0.772201
2499 25 0.193809
2500 26 0.788070
2501 26 0.705366
2502 26 0.679099
2503 26 0.628060
2504 26 0.147220
2505 26 0.401977
2506 26 0.712632
2507 26 0.121669
2508 26 0.701682
2509 26 0.642455
2510 26 0.497134
2511 26 0.188186
2512 26 0.798998
2513 26 0.823367
2514 26 0.825358
2515 26 0.736676
2516 26 0.762366
2517 26 0.095338
2518 26 0.843020
2519 26 0.842456
2520 26 0.811250
2521 26 0.819089
2522 26 0.615603
2523 26 0.622292
2524 26 0.926304
2525 26 0.924120
2526 26 0.704089
2527 26 0.550658
2528 26 0.489120
2529 26 0.644134
2530 26 0.848096
2531 26 0.626188
2532 26 0.589474
2533 26 0.611529
2534 26 0.568254
2535 26 0.600758
2536 26 0.594539
2537 26 0.775661
2538 26 0.043471
2539 26 0.859435
2540 26 0.731000
2541 26 0.812002
2542 26 0.227705
2543 26 0.647602
2544 26 0.575787
2545 26 0.704902
2546 26 0.679956
2547 26 0.273589
2548 26 0.767599
2549 26 0.647885
2550 26 0.439195
2551 26 0.123186
2552 26 0.650498
2553 26 0.653222
2554 26 0.791023
2555 26 1.118830
2556 26 0.969504
2557 26 0.480255
2558 26 0.932521
2559 26 0.777940
2560 26 0.686554
2561 26 0.686910
2562 26 0.581530
2563 26 0.645456
2564 26 1.013114
2565 26 0.814195
2566 26 0.573035
2567 26 0.839040
2568 26 0.845284
2569 26 0.555969
2570 26 0.709612
2571 26 0.718118
2572 26 0.719631
2573 26 0.957480
2574 26 0.535614
2575 26 0.711510
2576 26 0.785635
2577 26 0.125627
2578 26 0.762502
2579 26 0.726135
2580 26 0.626805
2581 26 0.899845
2582 26 1.046252
2583 26 0.593784
2584 26 0.530947
2585 26 0.549417
2586 26 0.791546
2587 26 0.470205
2588 26 0.511020
2589 26 0.444959
2590 26 0.086780
2591 26 0.480487
2592 26 0.230471
2593 26 0.826304
2594 26 0.757442
2595 26 0.674505
2596 26 1.117757
2597 26 0.599876
2598 26 0.677890
2599 26 0.907872
2600 27 0.729564
2601 27 0.945873
2602 27 0.969756
2603 27 1.014905
2604 27 0.073584
2605 27 0.764705
2606 27 0.326537
2607 27 0.481970
2608 27 0.770192
2609 27 0.818781
2610 27 0.519508
2611 27 0.636906
2612 27 0.475966
2613 27 0.818978
2614 27 0.950867
2615 27 0.810694
2616 27 0.874922
2617 27 0.496280
2618 27 0.654907
2619 27 0.638554
2620 27 0.697281
2621 27 0.966510
2622 27 0.952583
2623 27 0.632611
2624 27 0.684671
2625 27 0.281971
2626 27 0.832889
2627 27 0.784154
2628 27 0.686198
2629 27 0.752785
2630 27 0.969202
2631 27 0.850444
2632 27 0.549815
2633 27 0.417326
2634 27 0.639533
2635 27 0.675301
2636 27 0.614486
2637 27 0.389280
2638 27 0.597428
2639 27 0.759558
2640 27 0.771073
2641 27 0.772330
2642 27 0.876007
2643 27 0.749908
2644 27 0.758537
2645 27 0.802441
2646 27 0.799882
2647 27 0.465966
2648 27 0.206700
2649 27 0.557574
2650 27 0.985394
2651 27 0.879295
2652 27 0.782943
2653 27 0.578919
2654 27 0.694360
2655 27 0.647822
2656 27 0.626281
2657 27 0.421749
2658 27 0.768916
2659 27 0.722610
2660 27 0.646369
2661 27 0.690588
2662 27 0.846451
2663 27 0.766298
2664 27 0.446812
2665 27 0.761991
2666 27 0.417945
2667 27 0.541494
2668 27 0.774336
2669 27 0.098898
2670 27 0.574267
2671 27 0.798276
2672 27 0.875007
2673 27 0.505204
2674 27 0.275620
2675 27 0.513838
2676 27 0.582793
2677 27 0.613156
2678 27 0.110365
2679 27 0.563577
2680 27 0.832150
2681 27 0.481391
2682 27 0.658230
2683 27 0.800644
2684 27 0.428188
2685 27 0.749810
2686 27 0.686028
2687 27 0.640367
2688 27 0.767953
2689 27 0.753910
2690 27 0.959273
2691 27 0.603912
2692 27 0.201869
2693 27 0.796532
2694 27 0.668038
2695 27 0.043274
2696 27 0.717158
2697 27 0.729495
2698 27 0.169969
2699 27 0.842637
2700 28 0.669260
2701 28 0.098597
2702 28 0.462439
2703 28 0.765607
2704 28 0.656694
2705 28 0.492672
2706 28 0.627378
2707 28 0.716857
2708 28 0.596134
2709 28 0.939846
2710 28 0.540626
2711 28 0.681855
2712 28 0.692338
2713 28 0.145076
2714 28 0.120111
2715 28 0.507399
2716 28 0.841786
2717 28 0.838150
2718 28 0.094594
2719 28 0.653535
2720 28 0.829880
2721 28 0.519296
2722 28 0.565589
2723 28 0.860040
2724 28 0.187376
2725 28 0.968449
2726 28 0.672856
2727 28 0.449855
2728 28 0.578668
2729 28 0.674115
2730 28 0.907128
2731 28 0.121705
2732 28 0.485393
2733 28 0.944964
2734 28 0.829807
2735 28 0.562658
2736 28 0.777897
2737 28 0.453247
2738 28 0.419441
2739 28 0.171611
2740 28 0.599637
2741 28 0.529584
2742 28 0.777841
2743 28 0.992534
2744 28 0.824982
2745 28 0.760415
2746 28 0.854654
2747 28 0.809891
2748 28 0.872828
2749 28 0.810559
2750 28 0.917375
2751 28 0.053954
2752 28 0.628345
2753 28 0.728069
2754 28 0.200297
2755 28 0.193601
2756 28 0.594866
2757 28 0.784023
2758 28 0.643353
2759 28 0.448296
2760 28 0.843101
2761 28 0.782831
2762 28 0.733277
2763 28 0.691874
2764 28 0.836217
2765 28 0.762901
2766 28 0.236100
2767 28 0.490847
2768 28 0.602297
2769 28 0.524818
2770 28 0.618236
2771 28 0.568527
2772 28 0.748780
2773 28 0.580564
2774 28 0.839503
2775 28 0.584000
2776 28 0.854521
2777 28 0.955915
2778 28 0.475292
2779 28 0.583596
2780 28 0.877140
2781 28 0.752358
2782 28 0.396387
2783 28 0.526137
2784 28 0.461943
2785 28 0.542821
2786 28 0.745521
2787 28 0.603932
2788 28 0.632436
2789 28 0.789277
2790 28 0.661367
2791 28 0.755248
2792 28 0.674031
2793 28 0.883529
2794 28 0.514144
2795 28 0.938619
2796 28 0.851551
2797 28 0.788514
2798 28 0.838299
2799 28 1.074510
