# Batch convergence for: model=snn-ae encoding=latency architecture=recurrent v_th=1.5 alpha=0.99 run=2
batch_num epoch batch_loss
0 1 0.547163
1 1 0.712605
2 1 0.700946
3 1 0.516889
4 1 0.603679
5 1 0.616671
6 1 0.558465
7 1 0.577358
8 1 0.500980
9 1 0.519541
10 1 0.633882
11 1 0.532713
12 1 0.623471
13 1 0.695813
14 1 0.504324
15 1 0.501735
16 1 0.464176
17 1 0.434260
18 1 0.725642
19 1 0.542433
20 1 0.685968
21 1 0.104811
22 1 0.766684
23 1 0.367189
24 1 0.399617
25 1 0.516203
26 1 0.503814
27 1 0.484376
28 1 0.554902
29 1 0.632679
30 1 0.551333
31 1 0.427787
32 1 0.583684
33 1 0.504707
34 1 0.353326
35 1 0.549961
36 1 0.582673
37 1 0.360929
38 1 0.538330
39 1 0.600542
40 1 0.654439
41 1 0.364667
42 1 0.561970
43 1 0.458261
44 1 0.426868
45 1 0.322897
46 1 0.471338
47 1 0.472414
48 1 0.495789
49 1 0.657474
50 1 0.125481
51 1 0.518592
52 1 0.397040
53 1 0.175587
54 1 0.804466
55 1 0.485791
56 1 0.412543
57 1 0.574817
58 1 0.391727
59 1 0.482971
60 1 0.559247
61 1 0.632368
62 1 0.444404
63 1 0.471570
64 1 0.416152
65 1 0.433940
66 1 0.015528
67 1 0.520577
68 1 0.419743
69 1 0.545518
70 1 0.431486
71 1 0.392795
72 1 0.085927
73 1 0.380001
74 1 0.690135
75 1 0.587841
76 1 0.437697
77 1 0.531058
78 1 0.348627
79 1 0.324637
80 1 0.820235
81 1 0.392790
82 1 0.377747
83 1 0.452065
84 1 0.515226
85 1 0.412665
86 1 0.400389
87 1 0.567796
88 1 0.433127
89 1 0.466453
90 1 0.208650
91 1 0.454437
92 1 0.228740
93 1 0.457523
94 1 0.393681
95 1 0.412206
96 1 0.548820
97 1 0.321386
98 1 0.466107
99 1 0.445908
100 2 0.456559
101 2 0.358275
102 2 0.476085
103 2 0.362627
104 2 0.507103
105 2 0.484538
106 2 0.368489
107 2 0.407010
108 2 0.419467
109 2 0.518660
110 2 0.424266
111 2 0.099506
112 2 0.424302
113 2 0.792827
114 2 0.323113
115 2 0.383426
116 2 0.415275
117 2 0.508561
118 2 0.223011
119 2 0.365608
120 2 0.477761
121 2 0.463404
122 2 0.318187
123 2 0.477131
124 2 0.423073
125 2 0.396522
126 2 0.454257
127 2 0.459845
128 2 0.377783
129 2 0.470494
130 2 0.407937
131 2 0.356368
132 2 0.365727
133 2 0.408625
134 2 0.437433
135 2 0.501020
136 2 0.401563
137 2 0.335981
138 2 0.392676
139 2 0.592341
140 2 0.435138
141 2 0.467159
142 2 0.428730
143 2 0.363336
144 2 0.370716
145 2 0.330584
146 2 0.409110
147 2 0.420833
148 2 0.476060
149 2 0.361404
150 2 0.311191
151 2 0.510093
152 2 0.388963
153 2 0.354054
154 2 0.328738
155 2 0.015383
156 2 0.459058
157 2 0.515439
158 2 0.422860
159 2 0.311372
160 2 0.432003
161 2 0.370530
162 2 0.393787
163 2 0.411276
164 2 0.302141
165 2 0.345602
166 2 0.019213
167 2 0.374515
168 2 0.373384
169 2 0.502706
170 2 0.326778
171 2 0.464442
172 2 0.456777
173 2 0.431629
174 2 0.482485
175 2 0.381887
176 2 0.417053
177 2 0.162330
178 2 0.424688
179 2 0.422248
180 2 0.444649
181 2 0.379379
182 2 0.402113
183 2 0.411884
184 2 0.523042
185 2 0.099793
186 2 0.445987
187 2 0.400934
188 2 0.351390
189 2 0.446471
190 2 0.426119
191 2 0.290839
192 2 0.412714
193 2 0.405070
194 2 0.722358
195 2 0.416337
196 2 0.371581
197 2 0.388486
198 2 0.228608
199 2 0.457772
200 3 0.463859
201 3 0.448909
202 3 0.371330
203 3 0.374413
204 3 0.015311
205 3 0.454691
206 3 0.364756
207 3 0.258700
208 3 0.645479
209 3 0.473423
210 3 0.376385
211 3 0.317543
212 3 0.342071
213 3 0.387224
214 3 0.421888
215 3 0.299247
216 3 0.441212
217 3 0.382142
218 3 0.633838
219 3 0.077323
220 3 0.440907
221 3 0.424967
222 3 0.490902
223 3 0.456530
224 3 0.457256
225 3 0.303822
226 3 0.333218
227 3 0.370680
228 3 0.401897
229 3 0.247924
230 3 0.452172
231 3 0.180811
232 3 0.407432
233 3 0.415875
234 3 0.312443
235 3 0.458643
236 3 0.357342
237 3 0.410752
238 3 0.429999
239 3 0.383026
240 3 0.450060
241 3 0.290619
242 3 0.431148
243 3 0.386197
244 3 0.360999
245 3 0.405419
246 3 0.344760
247 3 0.399722
248 3 0.420850
249 3 0.321403
250 3 0.432350
251 3 0.406659
252 3 0.452617
253 3 0.409581
254 3 0.318833
255 3 0.372175
256 3 0.388123
257 3 0.311748
258 3 0.368259
259 3 0.440962
260 3 0.379160
261 3 0.407426
262 3 0.434348
263 3 0.419464
264 3 0.533345
265 3 0.437342
266 3 0.362721
267 3 0.352434
268 3 0.366602
269 3 0.472912
270 3 0.231028
271 3 0.284525
272 3 0.297051
273 3 0.416417
274 3 0.277422
275 3 0.339418
276 3 0.164701
277 3 0.147760
278 3 0.408153
279 3 0.456987
280 3 0.368784
281 3 0.357945
282 3 0.326909
283 3 0.341777
284 3 0.623111
285 3 0.493861
286 3 0.374509
287 3 0.397593
288 3 0.432527
289 3 0.365567
290 3 0.412367
291 3 0.478019
292 3 0.439145
293 3 0.389753
294 3 0.427269
295 3 0.355499
296 3 0.295821
297 3 0.355578
298 3 0.419573
299 3 0.435734
300 4 0.444004
301 4 0.320893
302 4 0.408931
303 4 0.466829
304 4 0.332922
305 4 0.427284
306 4 0.362369
307 4 0.359379
308 4 0.465377
309 4 0.458616
310 4 0.289454
311 4 0.449839
312 4 0.360249
313 4 0.471227
314 4 0.363127
315 4 0.376609
316 4 0.290359
317 4 0.275433
318 4 0.432076
319 4 0.474831
320 4 0.405736
321 4 0.274226
322 4 0.332917
323 4 0.433654
324 4 0.319060
325 4 0.445120
326 4 0.418102
327 4 0.419791
328 4 0.171347
329 4 0.373834
330 4 0.362687
331 4 0.329751
332 4 0.400856
333 4 0.390280
334 4 0.378554
335 4 0.445764
336 4 0.343928
337 4 0.462636
338 4 0.390922
339 4 0.385767
340 4 0.291988
341 4 0.391077
342 4 0.430734
343 4 0.015183
344 4 0.439586
345 4 0.331824
346 4 0.397852
347 4 0.472777
348 4 0.376254
349 4 0.330910
350 4 0.354779
351 4 0.224131
352 4 0.338425
353 4 0.367060
354 4 0.070939
355 4 0.422690
356 4 0.439907
357 4 0.434454
358 4 0.307442
359 4 0.083339
360 4 0.046552
361 4 0.315758
362 4 0.419232
363 4 0.407317
364 4 0.368059
365 4 0.477494
366 4 0.404190
367 4 0.438619
368 4 0.466890
369 4 0.338865
370 4 0.251015
371 4 0.299680
372 4 0.381130
373 4 0.502416
374 4 0.334440
375 4 0.328292
376 4 0.305320
377 4 0.331638
378 4 0.316270
379 4 0.340842
380 4 0.372660
381 4 0.370746
382 4 0.391358
383 4 0.616167
384 4 0.449470
385 4 0.412093
386 4 0.430212
387 4 0.425981
388 4 0.309964
389 4 0.309415
390 4 0.351136
391 4 0.324931
392 4 0.324156
393 4 0.402656
394 4 0.510196
395 4 0.614262
396 4 0.387178
397 4 0.382748
398 4 0.451096
399 4 0.288798
400 5 0.364040
401 5 0.436108
402 5 0.336038
403 5 0.385247
404 5 0.409748
405 5 0.308079
406 5 0.421061
407 5 0.457647
408 5 0.344649
409 5 0.343106
410 5 0.445309
411 5 0.662204
412 5 0.368532
413 5 0.044658
414 5 0.360894
415 5 0.417139
416 5 0.135917
417 5 0.347876
418 5 0.349299
419 5 0.264100
420 5 0.411917
421 5 0.167398
422 5 0.421744
423 5 0.421848
424 5 0.401844
425 5 0.408416
426 5 0.377446
427 5 0.307971
428 5 0.353196
429 5 0.199792
430 5 0.379229
431 5 0.353716
432 5 0.380587
433 5 0.364076
434 5 0.281005
435 5 0.431086
436 5 0.382932
437 5 0.335766
438 5 0.083095
439 5 0.380798
440 5 0.503622
441 5 0.414209
442 5 0.332949
443 5 0.295496
444 5 0.379941
445 5 0.443834
446 5 0.428485
447 5 0.323224
448 5 0.329538
449 5 0.395341
450 5 0.423152
451 5 0.343123
452 5 0.400553
453 5 0.046121
454 5 0.346961
455 5 0.356136
456 5 0.383223
457 5 0.297833
458 5 0.440718
459 5 0.354014
460 5 0.414009
461 5 0.327435
462 5 0.435073
463 5 0.316617
464 5 0.444769
465 5 0.381806
466 5 0.290842
467 5 0.259993
468 5 0.422386
469 5 0.322725
470 5 0.336152
471 5 0.372314
472 5 0.250033
473 5 0.392318
474 5 0.395775
475 5 0.397560
476 5 0.395804
477 5 0.315824
478 5 0.355996
479 5 0.302387
480 5 0.436677
481 5 0.635408
482 5 0.329893
483 5 0.423768
484 5 0.206865
485 5 0.463526
486 5 0.432610
487 5 0.410532
488 5 0.411910
489 5 0.331945
490 5 0.345527
491 5 0.329037
492 5 0.360655
493 5 0.427000
494 5 0.347165
495 5 0.362455
496 5 0.428515
497 5 0.318019
498 5 0.296107
499 5 0.433637
500 6 0.297711
501 6 0.044263
502 6 0.317626
503 6 0.297573
504 6 0.331604
505 6 0.365108
506 6 0.015133
507 6 0.461644
508 6 0.436083
509 6 0.426452
510 6 0.349129
511 6 0.455897
512 6 0.341725
513 6 0.386538
514 6 0.441774
515 6 0.440430
516 6 0.415885
517 6 0.290264
518 6 0.353033
519 6 0.383625
520 6 0.331303
521 6 0.378593
522 6 0.322154
523 6 0.445074
524 6 0.347019
525 6 0.306537
526 6 0.424518
527 6 0.433103
528 6 0.439081
529 6 0.432570
530 6 0.368069
531 6 0.419210
532 6 0.326746
533 6 0.328395
534 6 0.313170
535 6 0.318851
536 6 0.411762
537 6 0.378093
538 6 0.461283
539 6 0.345343
540 6 0.322907
541 6 0.419796
542 6 0.396733
543 6 0.343799
544 6 0.360369
545 6 0.400991
546 6 0.306351
547 6 0.380067
548 6 0.350408
549 6 0.393626
550 6 0.374033
551 6 0.242048
552 6 0.396690
553 6 0.208280
554 6 0.386227
555 6 0.344730
556 6 0.378309
557 6 0.360733
558 6 0.402106
559 6 0.018858
560 6 0.429786
561 6 0.304672
562 6 0.403070
563 6 0.336730
564 6 0.214618
565 6 0.494222
566 6 0.312128
567 6 0.385058
568 6 0.326178
569 6 0.375011
570 6 0.097115
571 6 0.418998
572 6 0.392855
573 6 0.321610
574 6 0.453302
575 6 0.305074
576 6 0.283925
577 6 0.313029
578 6 0.307527
579 6 0.293201
580 6 0.261942
581 6 0.635589
582 6 0.337127
583 6 0.452625
584 6 0.376590
585 6 0.280577
586 6 0.397513
587 6 0.441106
588 6 0.235588
589 6 0.419028
590 6 0.700362
591 6 0.306351
592 6 0.302644
593 6 0.307132
594 6 0.353714
595 6 0.428522
596 6 0.362713
597 6 0.409518
598 6 0.452044
599 6 0.386344
600 7 0.305745
601 7 0.365736
602 7 0.314490
603 7 0.416121
604 7 0.015158
605 7 0.368668
606 7 0.384706
607 7 0.415647
608 7 0.351898
609 7 0.381381
610 7 0.452011
611 7 0.416396
612 7 0.279707
613 7 0.369451
614 7 0.377542
615 7 0.351944
616 7 0.407474
617 7 0.215268
618 7 0.340520
619 7 0.337891
620 7 0.086578
621 7 0.291218
622 7 0.414071
623 7 0.340170
624 7 0.392902
625 7 0.314143
626 7 0.460127
627 7 0.342576
628 7 0.323163
629 7 0.412069
630 7 0.425633
631 7 0.394856
632 7 0.415251
633 7 0.330965
634 7 0.380615
635 7 0.278985
636 7 0.119719
637 7 0.374864
638 7 0.337272
639 7 0.415519
640 7 0.404228
641 7 0.382584
642 7 0.309463
643 7 0.369032
644 7 0.324152
645 7 0.216284
646 7 0.269695
647 7 0.361212
648 7 0.397588
649 7 0.139988
650 7 0.519788
651 7 0.417840
652 7 0.420298
653 7 0.431246
654 7 0.309499
655 7 0.332731
656 7 0.296273
657 7 0.434835
658 7 0.389169
659 7 0.321564
660 7 0.315407
661 7 0.301558
662 7 0.319742
663 7 0.294737
664 7 0.388722
665 7 0.447145
666 7 0.357567
667 7 0.387574
668 7 0.384703
669 7 0.360510
670 7 0.420853
671 7 0.412010
672 7 0.565351
673 7 0.607531
674 7 0.327068
675 7 0.365733
676 7 0.436740
677 7 0.350999
678 7 0.367154
679 7 0.409300
680 7 0.324140
681 7 0.314344
682 7 0.437470
683 7 0.378214
684 7 0.362053
685 7 0.317289
686 7 0.410823
687 7 0.369603
688 7 0.254194
689 7 0.296667
690 7 0.351086
691 7 0.358470
692 7 0.317482
693 7 0.018894
694 7 0.305434
695 7 0.359746
696 7 0.336917
697 7 0.324976
698 7 0.338456
699 7 0.362742
700 8 0.381573
701 8 0.288683
702 8 0.383382
703 8 0.416695
704 8 0.423548
705 8 0.270598
706 8 0.204366
707 8 0.393942
708 8 0.308883
709 8 0.374028
710 8 0.363167
711 8 0.379931
712 8 0.279594
713 8 0.375405
714 8 0.330207
715 8 0.425954
716 8 0.659487
717 8 0.372145
718 8 0.477153
719 8 0.401102
720 8 0.361168
721 8 0.433395
722 8 0.352917
723 8 0.325493
724 8 0.412273
725 8 0.312361
726 8 0.448571
727 8 0.353020
728 8 0.325375
729 8 0.367365
730 8 0.385334
731 8 0.346141
732 8 0.361443
733 8 0.378503
734 8 0.418849
735 8 0.272002
736 8 0.322030
737 8 0.379097
738 8 0.287301
739 8 0.308423
740 8 0.344818
741 8 0.362589
742 8 0.334607
743 8 0.382182
744 8 0.414548
745 8 0.487547
746 8 0.018939
747 8 0.312977
748 8 0.451741
749 8 0.418414
750 8 0.308546
751 8 0.318458
752 8 0.353068
753 8 0.311220
754 8 0.323921
755 8 0.328092
756 8 0.382401
757 8 0.347814
758 8 0.356349
759 8 0.245368
760 8 0.336743
761 8 0.391928
762 8 0.383501
763 8 0.324110
764 8 0.413915
765 8 0.285414
766 8 0.359578
767 8 0.392675
768 8 0.394366
769 8 0.089315
770 8 0.378331
771 8 0.352525
772 8 0.311590
773 8 0.397092
774 8 0.256777
775 8 0.308376
776 8 0.417232
777 8 0.371675
778 8 0.393144
779 8 0.290490
780 8 0.368780
781 8 0.292301
782 8 0.320372
783 8 0.087795
784 8 0.230016
785 8 0.401300
786 8 0.437861
787 8 0.313081
788 8 0.398861
789 8 0.015288
790 8 0.362140
791 8 0.355347
792 8 0.435323
793 8 0.579130
794 8 0.489647
795 8 0.397949
796 8 0.272079
797 8 0.372142
798 8 0.392862
799 8 0.376289
800 9 0.336052
801 9 0.354503
802 9 0.294782
803 9 0.295353
804 9 0.417021
805 9 0.318197
806 9 0.394216
807 9 0.329123
808 9 0.367889
809 9 0.279739
810 9 0.350815
811 9 0.369340
812 9 0.415499
813 9 0.438636
814 9 0.344251
815 9 0.403124
816 9 0.372793
817 9 0.359533
818 9 0.604477
819 9 0.300145
820 9 0.309355
821 9 0.312489
822 9 0.369709
823 9 0.329681
824 9 0.402391
825 9 0.292141
826 9 0.306252
827 9 0.337695
828 9 0.353622
829 9 0.412254
830 9 0.015334
831 9 0.398726
832 9 0.356669
833 9 0.279558
834 9 0.402307
835 9 0.068175
836 9 0.285696
837 9 0.344796
838 9 0.403297
839 9 0.337832
840 9 0.284344
841 9 0.301634
842 9 0.359914
843 9 0.428801
844 9 0.376007
845 9 0.209762
846 9 0.298510
847 9 0.383254
848 9 0.093082
849 9 0.353164
850 9 0.294161
851 9 0.378278
852 9 0.317085
853 9 0.419898
854 9 0.459319
855 9 0.276768
856 9 0.322836
857 9 0.329832
858 9 0.294761
859 9 0.298962
860 9 0.469555
861 9 0.284748
862 9 0.362337
863 9 0.380278
864 9 0.019046
865 9 0.346338
866 9 0.435025
867 9 0.313256
868 9 0.387642
869 9 0.393922
870 9 0.274521
871 9 0.296869
872 9 0.286503
873 9 0.386856
874 9 0.341558
875 9 0.365643
876 9 0.288879
877 9 0.348742
878 9 0.376029
879 9 0.328451
880 9 0.354167
881 9 0.372579
882 9 0.350334
883 9 0.258027
884 9 0.385327
885 9 0.382049
886 9 0.091825
887 9 0.400738
888 9 0.394184
889 9 0.395676
890 9 0.363914
891 9 0.652976
892 9 0.312272
893 9 0.319651
894 9 0.326209
895 9 0.456111
896 9 0.245295
897 9 0.314843
898 9 0.377833
899 9 0.272936
900 10 0.406877
901 10 0.246298
902 10 0.328648
903 10 0.391934
904 10 0.362059
905 10 0.321967
906 10 0.350335
907 10 0.274521
908 10 0.319054
909 10 0.369624
910 10 0.330408
911 10 0.367747
912 10 0.493533
913 10 0.367749
914 10 0.401551
915 10 0.330563
916 10 0.399616
917 10 0.375344
918 10 0.415355
919 10 0.334027
920 10 0.407171
921 10 0.381521
922 10 0.288609
923 10 0.394701
924 10 0.384075
925 10 0.268334
926 10 0.360207
927 10 0.319417
928 10 0.300729
929 10 0.373682
930 10 0.305149
931 10 0.324744
932 10 0.361803
933 10 0.376457
934 10 0.335435
935 10 0.324719
936 10 0.370164
937 10 0.297729
938 10 0.431310
939 10 0.276049
940 10 0.329704
941 10 0.264653
942 10 0.378030
943 10 0.044561
944 10 0.356009
945 10 0.303515
946 10 0.317609
947 10 0.344644
948 10 0.091234
949 10 0.314316
950 10 0.332531
951 10 0.337707
952 10 0.358194
953 10 0.310341
954 10 0.373982
955 10 0.535274
956 10 0.304917
957 10 0.301312
958 10 0.321951
959 10 0.322266
960 10 0.327931
961 10 0.300649
962 10 0.262614
963 10 0.412966
964 10 0.218719
965 10 0.327525
966 10 0.329381
967 10 0.347535
968 10 0.327020
969 10 0.342649
970 10 0.094875
971 10 0.319627
972 10 0.382304
973 10 0.102296
974 10 0.353932
975 10 0.275985
976 10 0.403570
977 10 0.241685
978 10 0.325332
979 10 0.431547
980 10 0.329329
981 10 0.303091
982 10 0.254185
983 10 0.116538
984 10 0.404456
985 10 0.330838
986 10 0.391264
987 10 0.321669
988 10 0.322281
989 10 0.310647
990 10 0.329019
991 10 0.403173
992 10 0.425743
993 10 0.296691
994 10 0.370510
995 10 0.340788
996 10 0.290651
997 10 0.406306
998 10 0.638260
999 10 0.254926
1000 11 0.616865
1001 11 0.277329
1002 11 0.352425
1003 11 0.348024
1004 11 0.401468
1005 11 0.266685
1006 11 0.151613
1007 11 0.438570
1008 11 0.326473
1009 11 0.347709
1010 11 0.411451
1011 11 0.265273
1012 11 0.355184
1013 11 0.540471
1014 11 0.323409
1015 11 0.339643
1016 11 0.334147
1017 11 0.129537
1018 11 0.361243
1019 11 0.309741
1020 11 0.341086
1021 11 0.376009
1022 11 0.391581
1023 11 0.390420
1024 11 0.361659
1025 11 0.338874
1026 11 0.295413
1027 11 0.298847
1028 11 0.472170
1029 11 0.377135
1030 11 0.420601
1031 11 0.334193
1032 11 0.310706
1033 11 0.383750
1034 11 0.289514
1035 11 0.291770
1036 11 0.350838
1037 11 0.112615
1038 11 0.264226
1039 11 0.368398
1040 11 0.298237
1041 11 0.401986
1042 11 0.398164
1043 11 0.314177
1044 11 0.352878
1045 11 0.282802
1046 11 0.250318
1047 11 0.272042
1048 11 0.315940
1049 11 0.364914
1050 11 0.019316
1051 11 0.309411
1052 11 0.416334
1053 11 0.281453
1054 11 0.373408
1055 11 0.316919
1056 11 0.352539
1057 11 0.321149
1058 11 0.342703
1059 11 0.355940
1060 11 0.293801
1061 11 0.374916
1062 11 0.241832
1063 11 0.341503
1064 11 0.344958
1065 11 0.364836
1066 11 0.280101
1067 11 0.281162
1068 11 0.412327
1069 11 0.304767
1070 11 0.074048
1071 11 0.377882
1072 11 0.310475
1073 11 0.270662
1074 11 0.354069
1075 11 0.285950
1076 11 0.280340
1077 11 0.352095
1078 11 0.259264
1079 11 0.370970
1080 11 0.333132
1081 11 0.246590
1082 11 0.386942
1083 11 0.337123
1084 11 0.349182
1085 11 0.410405
1086 11 0.362817
1087 11 0.321096
1088 11 0.282729
1089 11 0.378612
1090 11 0.326358
1091 11 0.333272
1092 11 0.333597
1093 11 0.381119
1094 11 0.400194
1095 11 0.338831
1096 11 0.335779
1097 11 0.339716
1098 11 0.265806
1099 11 0.319849
1100 12 0.314474
1101 12 0.275927
1102 12 0.297388
1103 12 0.294535
1104 12 0.297279
1105 12 0.333380
1106 12 0.372966
1107 12 0.344026
1108 12 0.381473
1109 12 0.280797
1110 12 0.293262
1111 12 0.308105
1112 12 0.298252
1113 12 0.259361
1114 12 0.363500
1115 12 0.265719
1116 12 0.140221
1117 12 0.398405
1118 12 0.408461
1119 12 0.346528
1120 12 0.385629
1121 12 0.313757
1122 12 0.302688
1123 12 0.340066
1124 12 0.164870
1125 12 0.244896
1126 12 0.406507
1127 12 0.323478
1128 12 0.366697
1129 12 0.311262
1130 12 0.342876
1131 12 0.315449
1132 12 0.364076
1133 12 0.300417
1134 12 0.353657
1135 12 0.276911
1136 12 0.377014
1137 12 0.229999
1138 12 0.406910
1139 12 0.330721
1140 12 0.339055
1141 12 0.310607
1142 12 0.319547
1143 12 0.332118
1144 12 0.274325
1145 12 0.432163
1146 12 0.347782
1147 12 0.306193
1148 12 0.307156
1149 12 0.291053
1150 12 0.428316
1151 12 0.369491
1152 12 0.036300
1153 12 0.339533
1154 12 0.318497
1155 12 0.338599
1156 12 0.374396
1157 12 0.356421
1158 12 0.077103
1159 12 0.308878
1160 12 0.277206
1161 12 0.340552
1162 12 0.311411
1163 12 0.438390
1164 12 0.329315
1165 12 0.378168
1166 12 0.335840
1167 12 0.444847
1168 12 0.325182
1169 12 0.357587
1170 12 0.351321
1171 12 0.343533
1172 12 0.300159
1173 12 0.101120
1174 12 0.257536
1175 12 0.248678
1176 12 0.297371
1177 12 0.323722
1178 12 0.255126
1179 12 0.380525
1180 12 0.367478
1181 12 0.344474
1182 12 0.315567
1183 12 0.265950
1184 12 0.555382
1185 12 0.360613
1186 12 0.108548
1187 12 0.312268
1188 12 0.360131
1189 12 0.317271
1190 12 0.304084
1191 12 0.348379
1192 12 0.348978
1193 12 0.294740
1194 12 0.258855
1195 12 0.262381
1196 12 0.353310
1197 12 0.341752
1198 12 0.313695
1199 12 0.328152
1200 13 0.306652
1201 13 0.328769
1202 13 0.344574
1203 13 0.385029
1204 13 0.400868
1205 13 0.319252
1206 13 0.391078
1207 13 0.371506
1208 13 0.379381
1209 13 0.338891
1210 13 0.319043
1211 13 0.330914
1212 13 0.327756
1213 13 0.251981
1214 13 0.351774
1215 13 0.252201
1216 13 0.305592
1217 13 0.316088
1218 13 0.268585
1219 13 0.302263
1220 13 0.308534
1221 13 0.262605
1222 13 0.366320
1223 13 0.286439
1224 13 0.329898
1225 13 0.019612
1226 13 0.241297
1227 13 0.300999
1228 13 0.365973
1229 13 0.306293
1230 13 0.245053
1231 13 0.113433
1232 13 0.324850
1233 13 0.326311
1234 13 0.260491
1235 13 0.329734
1236 13 0.293926
1237 13 0.313292
1238 13 0.361870
1239 13 0.390326
1240 13 0.264222
1241 13 0.282169
1242 13 0.280972
1243 13 0.302539
1244 13 0.354314
1245 13 0.097770
1246 13 0.239789
1247 13 0.331511
1248 13 0.322725
1249 13 0.180261
1250 13 0.308347
1251 13 0.348794
1252 13 0.412708
1253 13 0.266054
1254 13 0.291220
1255 13 0.252166
1256 13 0.276586
1257 13 0.311407
1258 13 0.336565
1259 13 0.406767
1260 13 0.322226
1261 13 0.328620
1262 13 0.344808
1263 13 0.361701
1264 13 0.392279
1265 13 0.350494
1266 13 0.236361
1267 13 0.344485
1268 13 0.321932
1269 13 0.322933
1270 13 0.309263
1271 13 0.387330
1272 13 0.309071
1273 13 0.271702
1274 13 0.297889
1275 13 0.347452
1276 13 0.310185
1277 13 0.401196
1278 13 0.361943
1279 13 0.291515
1280 13 0.315313
1281 13 0.269767
1282 13 0.306203
1283 13 0.314246
1284 13 0.341209
1285 13 0.323198
1286 13 0.278499
1287 13 0.253544
1288 13 0.213373
1289 13 0.345977
1290 13 0.303055
1291 13 0.300734
1292 13 0.321556
1293 13 0.282255
1294 13 0.544111
1295 13 0.488922
1296 13 0.313175
1297 13 0.286948
1298 13 0.015991
1299 13 0.152127
1300 14 0.255313
1301 14 0.558079
1302 14 0.288147
1303 14 0.325639
1304 14 0.311192
1305 14 0.296245
1306 14 0.333853
1307 14 0.266248
1308 14 0.296712
1309 14 0.348856
1310 14 0.292099
1311 14 0.293481
1312 14 0.312538
1313 14 0.356610
1314 14 0.256352
1315 14 0.282510
1316 14 0.330055
1317 14 0.319409
1318 14 0.377956
1319 14 0.079851
1320 14 0.271088
1321 14 0.257287
1322 14 0.170071
1323 14 0.370247
1324 14 0.104097
1325 14 0.325705
1326 14 0.327048
1327 14 0.299990
1328 14 0.296710
1329 14 0.329118
1330 14 0.345636
1331 14 0.327675
1332 14 0.332858
1333 14 0.290780
1334 14 0.328066
1335 14 0.326830
1336 14 0.333680
1337 14 0.309530
1338 14 0.332884
1339 14 0.324665
1340 14 0.355390
1341 14 0.132791
1342 14 0.305872
1343 14 0.494623
1344 14 0.248919
1345 14 0.432580
1346 14 0.303714
1347 14 0.284518
1348 14 0.268459
1349 14 0.268093
1350 14 0.308247
1351 14 0.290492
1352 14 0.267479
1353 14 0.288926
1354 14 0.409285
1355 14 0.338169
1356 14 0.292996
1357 14 0.300255
1358 14 0.311199
1359 14 0.286397
1360 14 0.294055
1361 14 0.298258
1362 14 0.279458
1363 14 0.291640
1364 14 0.250217
1365 14 0.338042
1366 14 0.295102
1367 14 0.303111
1368 14 0.291218
1369 14 0.248986
1370 14 0.319499
1371 14 0.367302
1372 14 0.256286
1373 14 0.312851
1374 14 0.343930
1375 14 0.348962
1376 14 0.363844
1377 14 0.271657
1378 14 0.308610
1379 14 0.360214
1380 14 0.305238
1381 14 0.297519
1382 14 0.366028
1383 14 0.290084
1384 14 0.276082
1385 14 0.319826
1386 14 0.335141
1387 14 0.299059
1388 14 0.298788
1389 14 0.422855
1390 14 0.308485
1391 14 0.278271
1392 14 0.016128
1393 14 0.318445
1394 14 0.350041
1395 14 0.378694
1396 14 0.356177
1397 14 0.257606
1398 14 0.379859
1399 14 0.261050
1400 15 0.310267
1401 15 0.264363
1402 15 0.289097
1403 15 0.392848
1404 15 0.210821
1405 15 0.327446
1406 15 0.359129
1407 15 0.332249
1408 15 0.280288
1409 15 0.278742
1410 15 0.294020
1411 15 0.402818
1412 15 0.271009
1413 15 0.290946
1414 15 0.279945
1415 15 0.301437
1416 15 0.283422
1417 15 0.344091
1418 15 0.043069
1419 15 0.271049
1420 15 0.329124
1421 15 0.285070
1422 15 0.245714
1423 15 0.238099
1424 15 0.274933
1425 15 0.399347
1426 15 0.297073
1427 15 0.225719
1428 15 0.312960
1429 15 0.304990
1430 15 0.243459
1431 15 0.313100
1432 15 0.271962
1433 15 0.052911
1434 15 0.235172
1435 15 0.297361
1436 15 0.369952
1437 15 0.244942
1438 15 0.311226
1439 15 0.278012
1440 15 0.293150
1441 15 0.286707
1442 15 0.214548
1443 15 0.296098
1444 15 0.274743
1445 15 0.346189
1446 15 0.302752
1447 15 0.330284
1448 15 0.289091
1449 15 0.295717
1450 15 0.363802
1451 15 0.300809
1452 15 0.244668
1453 15 0.262706
1454 15 0.298743
1455 15 0.275349
1456 15 0.255761
1457 15 0.169855
1458 15 0.262491
1459 15 0.272866
1460 15 0.323605
1461 15 0.306210
1462 15 0.306150
1463 15 0.106877
1464 15 0.268626
1465 15 0.321504
1466 15 0.311026
1467 15 0.422848
1468 15 0.259143
1469 15 0.301224
1470 15 0.273628
1471 15 0.519192
1472 15 0.349261
1473 15 0.305887
1474 15 0.361254
1475 15 0.309911
1476 15 0.280788
1477 15 0.392855
1478 15 0.389158
1479 15 0.368122
1480 15 0.286452
1481 15 0.260905
1482 15 0.258392
1483 15 0.303766
1484 15 0.271773
1485 15 0.313014
1486 15 0.274435
1487 15 0.276236
1488 15 0.285198
1489 15 0.298526
1490 15 0.334191
1491 15 0.264265
1492 15 0.370206
1493 15 0.311071
1494 15 0.343517
1495 15 0.309213
1496 15 0.251959
1497 15 0.283246
1498 15 0.302971
1499 15 0.277885
1500 16 0.287345
1501 16 0.274961
1502 16 0.327089
1503 16 0.313574
1504 16 0.221552
1505 16 0.283329
1506 16 0.107536
1507 16 0.301894
1508 16 0.337947
1509 16 0.345349
1510 16 0.307341
1511 16 0.276434
1512 16 0.280692
1513 16 0.250251
1514 16 0.312686
1515 16 0.319728
1516 16 0.292089
1517 16 0.313362
1518 16 0.335038
1519 16 0.278327
1520 16 0.256203
1521 16 0.404781
1522 16 0.263487
1523 16 0.336269
1524 16 0.358187
1525 16 0.283775
1526 16 0.283933
1527 16 0.314289
1528 16 0.300194
1529 16 0.301213
1530 16 0.235222
1531 16 0.276438
1532 16 0.297774
1533 16 0.265508
1534 16 0.370157
1535 16 0.305166
1536 16 0.307626
1537 16 0.505960
1538 16 0.197477
1539 16 0.268370
1540 16 0.356559
1541 16 0.307376
1542 16 0.316401
1543 16 0.257591
1544 16 0.306551
1545 16 0.244571
1546 16 0.271660
1547 16 0.332164
1548 16 0.282787
1549 16 0.329413
1550 16 0.284686
1551 16 0.322040
1552 16 0.270480
1553 16 0.260813
1554 16 0.483196
1555 16 0.284298
1556 16 0.244491
1557 16 0.141458
1558 16 0.273128
1559 16 0.284724
1560 16 0.313212
1561 16 0.269644
1562 16 0.308055
1563 16 0.279952
1564 16 0.322651
1565 16 0.282562
1566 16 0.289790
1567 16 0.305342
1568 16 0.298304
1569 16 0.354411
1570 16 0.362657
1571 16 0.301092
1572 16 0.252392
1573 16 0.239694
1574 16 0.090310
1575 16 0.273395
1576 16 0.326206
1577 16 0.238728
1578 16 0.337206
1579 16 0.232873
1580 16 0.225058
1581 16 0.283434
1582 16 0.260945
1583 16 0.230043
1584 16 0.297233
1585 16 0.314190
1586 16 0.295198
1587 16 0.317607
1588 16 0.371651
1589 16 0.318415
1590 16 0.272283
1591 16 0.049645
1592 16 0.298732
1593 16 0.271906
1594 16 0.321055
1595 16 0.363021
1596 16 0.328296
1597 16 0.314725
1598 16 0.244100
1599 16 0.235575
1600 17 0.115766
1601 17 0.290634
1602 17 0.289166
1603 17 0.310232
1604 17 0.267007
1605 17 0.295579
1606 17 0.215487
1607 17 0.264555
1608 17 0.395242
1609 17 0.298142
1610 17 0.324345
1611 17 0.327344
1612 17 0.309909
1613 17 0.352224
1614 17 0.431420
1615 17 0.092303
1616 17 0.295629
1617 17 0.332381
1618 17 0.230790
1619 17 0.288748
1620 17 0.294492
1621 17 0.287452
1622 17 0.277807
1623 17 0.285451
1624 17 0.271233
1625 17 0.314825
1626 17 0.305530
1627 17 0.369749
1628 17 0.337496
1629 17 0.300117
1630 17 0.297319
1631 17 0.352877
1632 17 0.227450
1633 17 0.262473
1634 17 0.293757
1635 17 0.306883
1636 17 0.251782
1637 17 0.235949
1638 17 0.319678
1639 17 0.326207
1640 17 0.297151
1641 17 0.281947
1642 17 0.274869
1643 17 0.214817
1644 17 0.343047
1645 17 0.265529
1646 17 0.298713
1647 17 0.279270
1648 17 0.300089
1649 17 0.226297
1650 17 0.262302
1651 17 0.254830
1652 17 0.287631
1653 17 0.368780
1654 17 0.297792
1655 17 0.322490
1656 17 0.016476
1657 17 0.334423
1658 17 0.256087
1659 17 0.244457
1660 17 0.488725
1661 17 0.334400
1662 17 0.274056
1663 17 0.258292
1664 17 0.261784
1665 17 0.049763
1666 17 0.205850
1667 17 0.296433
1668 17 0.301973
1669 17 0.270665
1670 17 0.211884
1671 17 0.223738
1672 17 0.294693
1673 17 0.245536
1674 17 0.360105
1675 17 0.334790
1676 17 0.291579
1677 17 0.227239
1678 17 0.267585
1679 17 0.251421
1680 17 0.312495
1681 17 0.232773
1682 17 0.248867
1683 17 0.337090
1684 17 0.278936
1685 17 0.260526
1686 17 0.328422
1687 17 0.254955
1688 17 0.257011
1689 17 0.314464
1690 17 0.329792
1691 17 0.319107
1692 17 0.283535
1693 17 0.118949
1694 17 0.252120
1695 17 0.285265
1696 17 0.252388
1697 17 0.281596
1698 17 0.256072
1699 17 0.239115
1700 18 0.308276
1701 18 0.289605
1702 18 0.309784
1703 18 0.297921
1704 18 0.320048
1705 18 0.511897
1706 18 0.295835
1707 18 0.322494
1708 18 0.299841
1709 18 0.250183
1710 18 0.281049
1711 18 0.229726
1712 18 0.289013
1713 18 0.217942
1714 18 0.297908
1715 18 0.281284
1716 18 0.272627
1717 18 0.287699
1718 18 0.250638
1719 18 0.222605
1720 18 0.280147
1721 18 0.315985
1722 18 0.337351
1723 18 0.336416
1724 18 0.274544
1725 18 0.238086
1726 18 0.245374
1727 18 0.279389
1728 18 0.278112
1729 18 0.250841
1730 18 0.255662
1731 18 0.260326
1732 18 0.306792
1733 18 0.266621
1734 18 0.315824
1735 18 0.246862
1736 18 0.303085
1737 18 0.295009
1738 18 0.245732
1739 18 0.339278
1740 18 0.362780
1741 18 0.259718
1742 18 0.069140
1743 18 0.231874
1744 18 0.241048
1745 18 0.246207
1746 18 0.220541
1747 18 0.248184
1748 18 0.315533
1749 18 0.376444
1750 18 0.289694
1751 18 0.280035
1752 18 0.330984
1753 18 0.295633
1754 18 0.362658
1755 18 0.263975
1756 18 0.240470
1757 18 0.297080
1758 18 0.265297
1759 18 0.258526
1760 18 0.282516
1761 18 0.241743
1762 18 0.293277
1763 18 0.267792
1764 18 0.273357
1765 18 0.270555
1766 18 0.339566
1767 18 0.258186
1768 18 0.259554
1769 18 0.255916
1770 18 0.436212
1771 18 0.248662
1772 18 0.315541
1773 18 0.016599
1774 18 0.290911
1775 18 0.224096
1776 18 0.341547
1777 18 0.334186
1778 18 0.270410
1779 18 0.277226
1780 18 0.294159
1781 18 0.302003
1782 18 0.251035
1783 18 0.220323
1784 18 0.262401
1785 18 0.253226
1786 18 0.335059
1787 18 0.270827
1788 18 0.297165
1789 18 0.285882
1790 18 0.286977
1791 18 0.278417
1792 18 0.286068
1793 18 0.116642
1794 18 0.276356
1795 18 0.257971
1796 18 0.083211
1797 18 0.234834
1798 18 0.275442
1799 18 0.268287
1800 19 0.336102
1801 19 0.293061
1802 19 0.258198
1803 19 0.260457
1804 19 0.241628
1805 19 0.327195
1806 19 0.230367
1807 19 0.272235
1808 19 0.233632
1809 19 0.257593
1810 19 0.218092
1811 19 0.267713
1812 19 0.221077
1813 19 0.270082
1814 19 0.255659
1815 19 0.264268
1816 19 0.297325
1817 19 0.313327
1818 19 0.250836
1819 19 0.291906
1820 19 0.289339
1821 19 0.284826
1822 19 0.297635
1823 19 0.095795
1824 19 0.267867
1825 19 0.255772
1826 19 0.292316
1827 19 0.305198
1828 19 0.298929
1829 19 0.279749
1830 19 0.270843
1831 19 0.277382
1832 19 0.265652
1833 19 0.281940
1834 19 0.272235
1835 19 0.169523
1836 19 0.240373
1837 19 0.191191
1838 19 0.261503
1839 19 0.357930
1840 19 0.296830
1841 19 0.331772
1842 19 0.248357
1843 19 0.266726
1844 19 0.266629
1845 19 0.261669
1846 19 0.256933
1847 19 0.290032
1848 19 0.233136
1849 19 0.334525
1850 19 0.233073
1851 19 0.097729
1852 19 0.231448
1853 19 0.262340
1854 19 0.325288
1855 19 0.193080
1856 19 0.362767
1857 19 0.250323
1858 19 0.241143
1859 19 0.239788
1860 19 0.264427
1861 19 0.249561
1862 19 0.260688
1863 19 0.295919
1864 19 0.215722
1865 19 0.255010
1866 19 0.332667
1867 19 0.233763
1868 19 0.293539
1869 19 0.256393
1870 19 0.263253
1871 19 0.414025
1872 19 0.269747
1873 19 0.313196
1874 19 0.283068
1875 19 0.338634
1876 19 0.363205
1877 19 0.302162
1878 19 0.495108
1879 19 0.251120
1880 19 0.275510
1881 19 0.252401
1882 19 0.222529
1883 19 0.238470
1884 19 0.275110
1885 19 0.260936
1886 19 0.273893
1887 19 0.274356
1888 19 0.295395
1889 19 0.231435
1890 19 0.311886
1891 19 0.252521
1892 19 0.241201
1893 19 0.232796
1894 19 0.306242
1895 19 0.266736
1896 19 0.237075
1897 19 0.263750
1898 19 0.111977
1899 19 0.225123
1900 20 0.299062
1901 20 0.244162
1902 20 0.287578
1903 20 0.252229
1904 20 0.190731
1905 20 0.262211
1906 20 0.280810
1907 20 0.239057
1908 20 0.300481
1909 20 0.241112
1910 20 0.172082
1911 20 0.257693
1912 20 0.283287
1913 20 0.231514
1914 20 0.229449
1915 20 0.318330
1916 20 0.250383
1917 20 0.248241
1918 20 0.294396
1919 20 0.154006
1920 20 0.286405
1921 20 0.210933
1922 20 0.341185
1923 20 0.239985
1924 20 0.237869
1925 20 0.245892
1926 20 0.360883
1927 20 0.296385
1928 20 0.275960
1929 20 0.249635
1930 20 0.477444
1931 20 0.271561
1932 20 0.324005
1933 20 0.237811
1934 20 0.245042
1935 20 0.289617
1936 20 0.314660
1937 20 0.016752
1938 20 0.238578
1939 20 0.243859
1940 20 0.259198
1941 20 0.259429
1942 20 0.255176
1943 20 0.344135
1944 20 0.177707
1945 20 0.176629
1946 20 0.239760
1947 20 0.224083
1948 20 0.257605
1949 20 0.325575
1950 20 0.279246
1951 20 0.298176
1952 20 0.255730
1953 20 0.252002
1954 20 0.292133
1955 20 0.260629
1956 20 0.233331
1957 20 0.243340
1958 20 0.284442
1959 20 0.286770
1960 20 0.271268
1961 20 0.112480
1962 20 0.326795
1963 20 0.049284
1964 20 0.231666
1965 20 0.258800
1966 20 0.262646
1967 20 0.218731
1968 20 0.202691
1969 20 0.261420
1970 20 0.251420
1971 20 0.258318
1972 20 0.277312
1973 20 0.258790
1974 20 0.211804
1975 20 0.287108
1976 20 0.283947
1977 20 0.384386
1978 20 0.265881
1979 20 0.239804
1980 20 0.333822
1981 20 0.241318
1982 20 0.238435
1983 20 0.479566
1984 20 0.279740
1985 20 0.250523
1986 20 0.190269
1987 20 0.211499
1988 20 0.291006
1989 20 0.275103
1990 20 0.260923
1991 20 0.249434
1992 20 0.278019
1993 20 0.207500
1994 20 0.221221
1995 20 0.322265
1996 20 0.282223
1997 20 0.252027
1998 20 0.243454
1999 20 0.271627
2000 21 0.308915
2001 21 0.242199
2002 21 0.290494
2003 21 0.270293
2004 21 0.212614
2005 21 0.270218
2006 21 0.245442
2007 21 0.244666
2008 21 0.248703
2009 21 0.287456
2010 21 0.254115
2011 21 0.204458
2012 21 0.273004
2013 21 0.239583
2014 21 0.248717
2015 21 0.238353
2016 21 0.244615
2017 21 0.221381
2018 21 0.412989
2019 21 0.320578
2020 21 0.322999
2021 21 0.332586
2022 21 0.306575
2023 21 0.251327
2024 21 0.235822
2025 21 0.289931
2026 21 0.245553
2027 21 0.197613
2028 21 0.269009
2029 21 0.236601
2030 21 0.264729
2031 21 0.244086
2032 21 0.307123
2033 21 0.243813
2034 21 0.206898
2035 21 0.287994
2036 21 0.234601
2037 21 0.056724
2038 21 0.221855
2039 21 0.260716
2040 21 0.225407
2041 21 0.277090
2042 21 0.195491
2043 21 0.296005
2044 21 0.228053
2045 21 0.314928
2046 21 0.348694
2047 21 0.317836
2048 21 0.340801
2049 21 0.262164
2050 21 0.271211
2051 21 0.154972
2052 21 0.225655
2053 21 0.244443
2054 21 0.283798
2055 21 0.204097
2056 21 0.302666
2057 21 0.218897
2058 21 0.044979
2059 21 0.263133
2060 21 0.229159
2061 21 0.238276
2062 21 0.221444
2063 21 0.237182
2064 21 0.199100
2065 21 0.354058
2066 21 0.303043
2067 21 0.299734
2068 21 0.274196
2069 21 0.267575
2070 21 0.243005
2071 21 0.245289
2072 21 0.216283
2073 21 0.272561
2074 21 0.237314
2075 21 0.265112
2076 21 0.228388
2077 21 0.252926
2078 21 0.302868
2079 21 0.262105
2080 21 0.231668
2081 21 0.234604
2082 21 0.244247
2083 21 0.240201
2084 21 0.082234
2085 21 0.163077
2086 21 0.275350
2087 21 0.275041
2088 21 0.246605
2089 21 0.235843
2090 21 0.101739
2091 21 0.226995
2092 21 0.449167
2093 21 0.331028
2094 21 0.278550
2095 21 0.200137
2096 21 0.239445
2097 21 0.273140
2098 21 0.222038
2099 21 0.246629
2100 22 0.267690
2101 22 0.261418
2102 22 0.265952
2103 22 0.309373
2104 22 0.267917
2105 22 0.243910
2106 22 0.283233
2107 22 0.234632
2108 22 0.248868
2109 22 0.043402
2110 22 0.287051
2111 22 0.235335
2112 22 0.186835
2113 22 0.233581
2114 22 0.068732
2115 22 0.333329
2116 22 0.342070
2117 22 0.218440
2118 22 0.229964
2119 22 0.232897
2120 22 0.154211
2121 22 0.205019
2122 22 0.253815
2123 22 0.193432
2124 22 0.213482
2125 22 0.250776
2126 22 0.273222
2127 22 0.209268
2128 22 0.264804
2129 22 0.192960
2130 22 0.247908
2131 22 0.285135
2132 22 0.272954
2133 22 0.314374
2134 22 0.240243
2135 22 0.316724
2136 22 0.266088
2137 22 0.270222
2138 22 0.245655
2139 22 0.225645
2140 22 0.286778
2141 22 0.244112
2142 22 0.211037
2143 22 0.228417
2144 22 0.256549
2145 22 0.230409
2146 22 0.215892
2147 22 0.240064
2148 22 0.445478
2149 22 0.234293
2150 22 0.274872
2151 22 0.215756
2152 22 0.282293
2153 22 0.254930
2154 22 0.247934
2155 22 0.194493
2156 22 0.199828
2157 22 0.250466
2158 22 0.262677
2159 22 0.254761
2160 22 0.248759
2161 22 0.261364
2162 22 0.237136
2163 22 0.221419
2164 22 0.269738
2165 22 0.234412
2166 22 0.421960
2167 22 0.250926
2168 22 0.249434
2169 22 0.212558
2170 22 0.328640
2171 22 0.238493
2172 22 0.283455
2173 22 0.299662
2174 22 0.273851
2175 22 0.219287
2176 22 0.253719
2177 22 0.072167
2178 22 0.235298
2179 22 0.230379
2180 22 0.283732
2181 22 0.283985
2182 22 0.218536
2183 22 0.274524
2184 22 0.263075
2185 22 0.274109
2186 22 0.241514
2187 22 0.243517
2188 22 0.295875
2189 22 0.218598
2190 22 0.237158
2191 22 0.227047
2192 22 0.239060
2193 22 0.281492
2194 22 0.126738
2195 22 0.228863
2196 22 0.222947
2197 22 0.223340
2198 22 0.250766
2199 22 0.212983
2200 23 0.275137
2201 23 0.277983
2202 23 0.254385
2203 23 0.268318
2204 23 0.288973
2205 23 0.273309
2206 23 0.208745
2207 23 0.202007
2208 23 0.191666
2209 23 0.296219
2210 23 0.212713
2211 23 0.189080
2212 23 0.240830
2213 23 0.328675
2214 23 0.236547
2215 23 0.360809
2216 23 0.250090
2217 23 0.233216
2218 23 0.305477
2219 23 0.260309
2220 23 0.257975
2221 23 0.204993
2222 23 0.276123
2223 23 0.218049
2224 23 0.218753
2225 23 0.300771
2226 23 0.223703
2227 23 0.223921
2228 23 0.272418
2229 23 0.016956
2230 23 0.225351
2231 23 0.272062
2232 23 0.252488
2233 23 0.222181
2234 23 0.279389
2235 23 0.281033
2236 23 0.189947
2237 23 0.257933
2238 23 0.205604
2239 23 0.175994
2240 23 0.214892
2241 23 0.275800
2242 23 0.226863
2243 23 0.247215
2244 23 0.238052
2245 23 0.268048
2246 23 0.213347
2247 23 0.272281
2248 23 0.245524
2249 23 0.103092
2250 23 0.261321
2251 23 0.305542
2252 23 0.251060
2253 23 0.229625
2254 23 0.233932
2255 23 0.252718
2256 23 0.200991
2257 23 0.272203
2258 23 0.226523
2259 23 0.215033
2260 23 0.255471
2261 23 0.268702
2262 23 0.199674
2263 23 0.235238
2264 23 0.241199
2265 23 0.283270
2266 23 0.239502
2267 23 0.251343
2268 23 0.259370
2269 23 0.220960
2270 23 0.220618
2271 23 0.222925
2272 23 0.211727
2273 23 0.272718
2274 23 0.297908
2275 23 0.235338
2276 23 0.249692
2277 23 0.456420
2278 23 0.234771
2279 23 0.265487
2280 23 0.245708
2281 23 0.084496
2282 23 0.421531
2283 23 0.229949
2284 23 0.202508
2285 23 0.321807
2286 23 0.168240
2287 23 0.285292
2288 23 0.227871
2289 23 0.224273
2290 23 0.285927
2291 23 0.264823
2292 23 0.223747
2293 23 0.260551
2294 23 0.237358
2295 23 0.021061
2296 23 0.266685
2297 23 0.117684
2298 23 0.236232
2299 23 0.269743
2300 24 0.221344
2301 24 0.211384
2302 24 0.240055
2303 24 0.278843
2304 24 0.425983
2305 24 0.242540
2306 24 0.237281
2307 24 0.261639
2308 24 0.270376
2309 24 0.221927
2310 24 0.245433
2311 24 0.273353
2312 24 0.261423
2313 24 0.293349
2314 24 0.210928
2315 24 0.266621
2316 24 0.218896
2317 24 0.280974
2318 24 0.218409
2319 24 0.230479
2320 24 0.205358
2321 24 0.251424
2322 24 0.207478
2323 24 0.293574
2324 24 0.235017
2325 24 0.021077
2326 24 0.253394
2327 24 0.197126
2328 24 0.297772
2329 24 0.228013
2330 24 0.254496
2331 24 0.252752
2332 24 0.194319
2333 24 0.215543
2334 24 0.266597
2335 24 0.238652
2336 24 0.298909
2337 24 0.247996
2338 24 0.281883
2339 24 0.266782
2340 24 0.252504
2341 24 0.243618
2342 24 0.375486
2343 24 0.286671
2344 24 0.212628
2345 24 0.267402
2346 24 0.299408
2347 24 0.214294
2348 24 0.332209
2349 24 0.231747
2350 24 0.221334
2351 24 0.174968
2352 24 0.254377
2353 24 0.272939
2354 24 0.244774
2355 24 0.209005
2356 24 0.246499
2357 24 0.281159
2358 24 0.261691
2359 24 0.211379
2360 24 0.249254
2361 24 0.291195
2362 24 0.200581
2363 24 0.197472
2364 24 0.265856
2365 24 0.234115
2366 24 0.232743
2367 24 0.297035
2368 24 0.206557
2369 24 0.216492
2370 24 0.198240
2371 24 0.209579
2372 24 0.282338
2373 24 0.239521
2374 24 0.209487
2375 24 0.227463
2376 24 0.227074
2377 24 0.250479
2378 24 0.286491
2379 24 0.219528
2380 24 0.251202
2381 24 0.247477
2382 24 0.263472
2383 24 0.236786
2384 24 0.224302
2385 24 0.225779
2386 24 0.075300
2387 24 0.270924
2388 24 0.094062
2389 24 0.297617
2390 24 0.224669
2391 24 0.235587
2392 24 0.228342
2393 24 0.263042
2394 24 0.070790
2395 24 0.199200
2396 24 0.275001
2397 24 0.218462
2398 24 0.261357
2399 24 0.208901
2400 25 0.243883
2401 25 0.255548
2402 25 0.238378
2403 25 0.274819
2404 25 0.275132
2405 25 0.218758
2406 25 0.230043
2407 25 0.206812
2408 25 0.235326
2409 25 0.286521
2410 25 0.224123
2411 25 0.281013
2412 25 0.275189
2413 25 0.289859
2414 25 0.233716
2415 25 0.210272
2416 25 0.084076
2417 25 0.147636
2418 25 0.249211
2419 25 0.285030
2420 25 0.255601
2421 25 0.283246
2422 25 0.082111
2423 25 0.228780
2424 25 0.259666
2425 25 0.248345
2426 25 0.226232
2427 25 0.064238
2428 25 0.249328
2429 25 0.242340
2430 25 0.291950
2431 25 0.266308
2432 25 0.199311
2433 25 0.230967
2434 25 0.284038
2435 25 0.212363
2436 25 0.237997
2437 25 0.295395
2438 25 0.222286
2439 25 0.391918
2440 25 0.254782
2441 25 0.197937
2442 25 0.284639
2443 25 0.246152
2444 25 0.234754
2445 25 0.238567
2446 25 0.017038
2447 25 0.219682
2448 25 0.235906
2449 25 0.241870
2450 25 0.214550
2451 25 0.268185
2452 25 0.180753
2453 25 0.263110
2454 25 0.181598
2455 25 0.242327
2456 25 0.226801
2457 25 0.234510
2458 25 0.258112
2459 25 0.235006
2460 25 0.333871
2461 25 0.242012
2462 25 0.287935
2463 25 0.227830
2464 25 0.242333
2465 25 0.350609
2466 25 0.285084
2467 25 0.284728
2468 25 0.189744
2469 25 0.211142
2470 25 0.296860
2471 25 0.233952
2472 25 0.230770
2473 25 0.203163
2474 25 0.284469
2475 25 0.266800
2476 25 0.241146
2477 25 0.248986
2478 25 0.287373
2479 25 0.193799
2480 25 0.254757
2481 25 0.323352
2482 25 0.250592
2483 25 0.197223
2484 25 0.242749
2485 25 0.280355
2486 25 0.194162
2487 25 0.258224
2488 25 0.302368
2489 25 0.230876
2490 25 0.297561
2491 25 0.221978
2492 25 0.234285
2493 25 0.244859
2494 25 0.269955
2495 25 0.265987
2496 25 0.174373
2497 25 0.257101
2498 25 0.225200
2499 25 0.190612
2500 26 0.259362
2501 26 0.295037
2502 26 0.210318
2503 26 0.223851
2504 26 0.092806
2505 26 0.186562
2506 26 0.287856
2507 26 0.243764
2508 26 0.262638
2509 26 0.207544
2510 26 0.256422
2511 26 0.242035
2512 26 0.219038
2513 26 0.163883
2514 26 0.223739
2515 26 0.271123
2516 26 0.161894
2517 26 0.252258
2518 26 0.239278
2519 26 0.300359
2520 26 0.287611
2521 26 0.220547
2522 26 0.208638
2523 26 0.205861
2524 26 0.258991
2525 26 0.231004
2526 26 0.270572
2527 26 0.238141
2528 26 0.211979
2529 26 0.262308
2530 26 0.201923
2531 26 0.254674
2532 26 0.222958
2533 26 0.198657
2534 26 0.264882
2535 26 0.284154
2536 26 0.249238
2537 26 0.254368
2538 26 0.204928
2539 26 0.241339
2540 26 0.238473
2541 26 0.181540
2542 26 0.044183
2543 26 0.240286
2544 26 0.198808
2545 26 0.212596
2546 26 0.222248
2547 26 0.186643
2548 26 0.262969
2549 26 0.257268
2550 26 0.217881
2551 26 0.150981
2552 26 0.218119
2553 26 0.184789
2554 26 0.246187
2555 26 0.251223
2556 26 0.233684
2557 26 0.244963
2558 26 0.229085
2559 26 0.318193
2560 26 0.219172
2561 26 0.176668
2562 26 0.254344
2563 26 0.203765
2564 26 0.244939
2565 26 0.209050
2566 26 0.287102
2567 26 0.236999
2568 26 0.223858
2569 26 0.266940
2570 26 0.300591
2571 26 0.233789
2572 26 0.227179
2573 26 0.266204
2574 26 0.151740
2575 26 0.283737
2576 26 0.250101
2577 26 0.117819
2578 26 0.213920
2579 26 0.250195
2580 26 0.196603
2581 26 0.298054
2582 26 0.226830
2583 26 0.204498
2584 26 0.178745
2585 26 0.228835
2586 26 0.261762
2587 26 0.249220
2588 26 0.226119
2589 26 0.242073
2590 26 0.186058
2591 26 0.248751
2592 26 0.021214
2593 26 0.227255
2594 26 0.408099
2595 26 0.289033
2596 26 0.191298
2597 26 0.239197
2598 26 0.415062
2599 26 0.241206
2600 27 0.255125
2601 27 0.355966
2602 27 0.241756
2603 27 0.285252
2604 27 0.210172
2605 27 0.251248
2606 27 0.177452
2607 27 0.243289
2608 27 0.204821
2609 27 0.230658
2610 27 0.215841
2611 27 0.225821
2612 27 0.255817
2613 27 0.285430
2614 27 0.253158
2615 27 0.250376
2616 27 0.230272
2617 27 0.271199
2618 27 0.228802
2619 27 0.205829
2620 27 0.207384
2621 27 0.234849
2622 27 0.229431
2623 27 0.284930
2624 27 0.216105
2625 27 0.255142
2626 27 0.185121
2627 27 0.206040
2628 27 0.212616
2629 27 0.223895
2630 27 0.184688
2631 27 0.241684
2632 27 0.239723
2633 27 0.185065
2634 27 0.250505
2635 27 0.282090
2636 27 0.256496
2637 27 0.175069
2638 27 0.284972
2639 27 0.193385
2640 27 0.211355
2641 27 0.238243
2642 27 0.200221
2643 27 0.236050
2644 27 0.245768
2645 27 0.194196
2646 27 0.241550
2647 27 0.222224
2648 27 0.063702
2649 27 0.255688
2650 27 0.162215
2651 27 0.295196
2652 27 0.227872
2653 27 0.209422
2654 27 0.315281
2655 27 0.304406
2656 27 0.287212
2657 27 0.235356
2658 27 0.206793
2659 27 0.173195
2660 27 0.270430
2661 27 0.244597
2662 27 0.207926
2663 27 0.225090
2664 27 0.276737
2665 27 0.219345
2666 27 0.017111
2667 27 0.245652
2668 27 0.474718
2669 27 0.239315
2670 27 0.263229
2671 27 0.248264
2672 27 0.217708
2673 27 0.215971
2674 27 0.143483
2675 27 0.211404
2676 27 0.223439
2677 27 0.216443
2678 27 0.237678
2679 27 0.225757
2680 27 0.216324
2681 27 0.235112
2682 27 0.179888
2683 27 0.240398
2684 27 0.044244
2685 27 0.200660
2686 27 0.216050
2687 27 0.193147
2688 27 0.233223
2689 27 0.188384
2690 27 0.193874
2691 27 0.181862
2692 27 0.064822
2693 27 0.249232
2694 27 0.188454
2695 27 0.192491
2696 27 0.267484
2697 27 0.208726
2698 27 0.237877
2699 27 0.189520
2700 28 0.240796
2701 28 0.194360
2702 28 0.197396
2703 28 0.220891
2704 28 0.248441
2705 28 0.181351
2706 28 0.209139
2707 28 0.219287
2708 28 0.132434
2709 28 0.278044
2710 28 0.228070
2711 28 0.247385
2712 28 0.283108
2713 28 0.017107
2714 28 0.157408
2715 28 0.251764
2716 28 0.205632
2717 28 0.236173
2718 28 0.200261
2719 28 0.208370
2720 28 0.250750
2721 28 0.239742
2722 28 0.219025
2723 28 0.214930
2724 28 0.119150
2725 28 0.205248
2726 28 0.222188
2727 28 0.239141
2728 28 0.306582
2729 28 0.294616
2730 28 0.195346
2731 28 0.220848
2732 28 0.180486
2733 28 0.252771
2734 28 0.268973
2735 28 0.406391
2736 28 0.201858
2737 28 0.239614
2738 28 0.232453
2739 28 0.209186
2740 28 0.221598
2741 28 0.271283
2742 28 0.257634
2743 28 0.224974
2744 28 0.230864
2745 28 0.257521
2746 28 0.215903
2747 28 0.232856
2748 28 0.273829
2749 28 0.243793
2750 28 0.205585
2751 28 0.217782
2752 28 0.181689
2753 28 0.182233
2754 28 0.201488
2755 28 0.221647
2756 28 0.223716
2757 28 0.201239
2758 28 0.242738
2759 28 0.194982
2760 28 0.252980
2761 28 0.237592
2762 28 0.216310
2763 28 0.220594
2764 28 0.184466
2765 28 0.244573
2766 28 0.021275
2767 28 0.225120
2768 28 0.310884
2769 28 0.227004
2770 28 0.250209
2771 28 0.214448
2772 28 0.208858
2773 28 0.230732
2774 28 0.187059
2775 28 0.263363
2776 28 0.253369
2777 28 0.186387
2778 28 0.277911
2779 28 0.352643
2780 28 0.253411
2781 28 0.247488
2782 28 0.191658
2783 28 0.218025
2784 28 0.258585
2785 28 0.187642
2786 28 0.212823
2787 28 0.252746
2788 28 0.263090
2789 28 0.261758
2790 28 0.208248
2791 28 0.242198
2792 28 0.191425
2793 28 0.190431
2794 28 0.234966
2795 28 0.250079
2796 28 0.225114
2797 28 0.200434
2798 28 0.205810
2799 28 0.261267
2800 29 0.185600
2801 29 0.168526
2802 29 0.217658
2803 29 0.235077
2804 29 0.181037
2805 29 0.175544
2806 29 0.247149
2807 29 0.243369
2808 29 0.229256
2809 29 0.207062
2810 29 0.222266
2811 29 0.254538
2812 29 0.203493
2813 29 0.207479
2814 29 0.211221
2815 29 0.241814
2816 29 0.277308
2817 29 0.294177
2818 29 0.235907
2819 29 0.196095
2820 29 0.277215
2821 29 0.189366
2822 29 0.387111
2823 29 0.222835
2824 29 0.249005
2825 29 0.214989
2826 29 0.243557
2827 29 0.241328
2828 29 0.223984
2829 29 0.237050
2830 29 0.210270
2831 29 0.243781
2832 29 0.229259
2833 29 0.198856
2834 29 0.198038
2835 29 0.201779
2836 29 0.249431
2837 29 0.172163
2838 29 0.231688
2839 29 0.253853
2840 29 0.274421
2841 29 0.239495
2842 29 0.179672
2843 29 0.205817
2844 29 0.189089
2845 29 0.225388
2846 29 0.309384
2847 29 0.176210
2848 29 0.231945
2849 29 0.204206
2850 29 0.378058
2851 29 0.221774
2852 29 0.288881
2853 29 0.221189
2854 29 0.218041
2855 29 0.264761
2856 29 0.231468
2857 29 0.225761
2858 29 0.238857
2859 29 0.238997
2860 29 0.208157
2861 29 0.202584
2862 29 0.047644
2863 29 0.193616
2864 29 0.261734
2865 29 0.192009
2866 29 0.258671
2867 29 0.218084
2868 29 0.264939
2869 29 0.204569
2870 29 0.216981
2871 29 0.250083
2872 29 0.172608
2873 29 0.202496
2874 29 0.252115
2875 29 0.210515
2876 29 0.266446
2877 29 0.232542
2878 29 0.232866
2879 29 0.205254
2880 29 0.262093
2881 29 0.237101
2882 29 0.253966
2883 29 0.214441
2884 29 0.255350
2885 29 0.168479
2886 29 0.188019
2887 29 0.288485
2888 29 0.232917
2889 29 0.206296
2890 29 0.235627
2891 29 0.213939
2892 29 0.193990
2893 29 0.084079
2894 29 0.168043
2895 29 0.241674
2896 29 0.264512
2897 29 0.263112
2898 29 0.104621
2899 29 0.184258
2900 30 0.045755
2901 30 0.190779
2902 30 0.169187
2903 30 0.237951
2904 30 0.225263
2905 30 0.198005
2906 30 0.242768
2907 30 0.246359
2908 30 0.236906
2909 30 0.235037
2910 30 0.200010
2911 30 0.242997
2912 30 0.224922
2913 30 0.199054
2914 30 0.218083
2915 30 0.233835
2916 30 0.197217
2917 30 0.286782
2918 30 0.250301
2919 30 0.237685
2920 30 0.181119
2921 30 0.191811
2922 30 0.280686
2923 30 0.253610
2924 30 0.226297
2925 30 0.268323
2926 30 0.226039
2927 30 0.223416
2928 30 0.063501
2929 30 0.199622
2930 30 0.213447
2931 30 0.199748
2932 30 0.221857
2933 30 0.260889
2934 30 0.188391
2935 30 0.258042
2936 30 0.237556
2937 30 0.192506
2938 30 0.197993
2939 30 0.093991
2940 30 0.199878
2941 30 0.230310
2942 30 0.227484
2943 30 0.227462
2944 30 0.208665
2945 30 0.246919
2946 30 0.195428
2947 30 0.345127
2948 30 0.211878
2949 30 0.191391
2950 30 0.308704
2951 30 0.241474
2952 30 0.376400
2953 30 0.081390
2954 30 0.197237
2955 30 0.188733
2956 30 0.298832
2957 30 0.202864
2958 30 0.200107
2959 30 0.174046
2960 30 0.315860
2961 30 0.218086
2962 30 0.237912
2963 30 0.228421
2964 30 0.238637
2965 30 0.219462
2966 30 0.249185
2967 30 0.227998
2968 30 0.170858
2969 30 0.230510
2970 30 0.226798
2971 30 0.177826
2972 30 0.217905
2973 30 0.199777
2974 30 0.221737
2975 30 0.249573
2976 30 0.207545
2977 30 0.300205
2978 30 0.130895
2979 30 0.246396
2980 30 0.236487
2981 30 0.192793
2982 30 0.256733
2983 30 0.182251
2984 30 0.200737
2985 30 0.229568
2986 30 0.214309
2987 30 0.223512
2988 30 0.195765
2989 30 0.290523
2990 30 0.259281
2991 30 0.226042
2992 30 0.218556
2993 30 0.296406
2994 30 0.214507
2995 30 0.244517
2996 30 0.269621
2997 30 0.205605
2998 30 0.228562
2999 30 0.232307
