# Batch convergence for: model=snn-ae encoding=poisson architecture=dense v_th=1 alpha=0.99 run=1
batch_num epoch batch_loss
0 1 0.085938
1 1 0.148433
2 1 0.450970
3 1 0.117176
4 1 0.960786
5 1 0.325835
6 1 0.422701
7 1 0.273360
8 1 0.188752
9 1 0.253087
10 1 0.221608
11 1 0.327043
12 1 0.225377
13 1 0.366819
14 1 0.302075
15 1 0.278376
16 1 0.348839
17 1 0.286676
18 1 0.329657
19 1 0.124919
20 1 0.325929
21 1 0.023413
22 1 0.238883
23 1 0.167757
24 1 0.141507
25 1 0.548703
26 1 0.267205
27 1 0.209343
28 1 0.223083
29 1 0.319383
30 1 0.249091
31 1 0.262056
32 1 0.302978
33 1 0.183405
34 1 0.181466
35 1 0.329574
36 1 0.120922
37 1 0.136465
38 1 0.166668
39 1 0.379912
40 1 0.235395
41 1 0.394706
42 1 0.165482
43 1 0.128324
44 1 0.128599
45 1 0.115062
46 1 0.217480
47 1 0.176989
48 1 0.301302
49 1 0.320106
50 1 0.057891
51 1 0.257115
52 1 0.281114
53 1 0.089849
54 1 1.166159
55 1 0.170598
56 1 0.355885
57 1 0.189246
58 1 0.152954
59 1 0.515107
60 1 0.211592
61 1 0.527495
62 1 0.280447
63 1 0.177500
64 1 0.269599
65 1 0.201589
66 1 0.023354
67 1 0.932064
68 1 0.208584
69 1 0.199181
70 1 0.206593
71 1 0.061796
72 1 0.034963
73 1 0.272634
74 1 0.387507
75 1 0.198343
76 1 0.189636
77 1 0.322507
78 1 0.224708
79 1 0.158389
80 1 1.223090
81 1 0.170984
82 1 0.276657
83 1 0.220257
84 1 0.273460
85 1 0.527380
86 1 0.146927
87 1 0.468703
88 1 0.351726
89 1 0.315228
90 1 0.046546
91 1 0.420556
92 1 0.129960
93 1 0.222541
94 1 0.126997
95 1 0.429283
96 1 0.251608
97 1 0.162679
98 1 0.182753
99 1 0.250169
100 2 0.188348
101 2 0.180093
102 2 0.097011
103 2 0.260708
104 2 0.284959
105 2 0.157539
106 2 0.382555
107 2 0.216356
108 2 0.133334
109 2 0.238096
110 2 0.273156
111 2 0.030967
112 2 0.290094
113 2 1.011855
114 2 0.142309
115 2 0.199759
116 2 0.144879
117 2 0.194187
118 2 0.129446
119 2 0.221335
120 2 0.209341
121 2 0.126124
122 2 0.061280
123 2 0.234973
124 2 0.092906
125 2 0.252529
126 2 0.277886
127 2 0.182262
128 2 0.262729
129 2 0.256699
130 2 0.289295
131 2 0.224419
132 2 0.284542
133 2 0.233208
134 2 0.304390
135 2 0.120322
136 2 0.242224
137 2 0.124077
138 2 0.347622
139 2 0.335827
140 2 0.197350
141 2 0.290391
142 2 0.365680
143 2 0.141639
144 2 0.182602
145 2 0.158835
146 2 0.299785
147 2 0.270903
148 2 0.159068
149 2 0.335508
150 2 0.046456
151 2 0.135051
152 2 0.135652
153 2 0.126095
154 2 0.201946
155 2 0.123278
156 2 0.754073
157 2 0.156459
158 2 0.254898
159 2 0.198969
160 2 0.226464
161 2 0.180407
162 2 0.239270
163 2 0.373236
164 2 0.100984
165 2 0.158462
166 2 0.034689
167 2 0.205934
168 2 0.351881
169 2 0.216638
170 2 0.282554
171 2 0.761062
172 2 0.418291
173 2 0.286741
174 2 0.191853
175 2 0.327733
176 2 0.127712
177 2 0.069767
178 2 0.248044
179 2 0.100649
180 2 0.312293
181 2 0.164176
182 2 0.171419
183 2 0.288665
184 2 0.263732
185 2 0.023171
186 2 0.333675
187 2 0.251964
188 2 0.240999
189 2 0.279957
190 2 0.284386
191 2 0.241473
192 2 0.194148
193 2 0.315278
194 2 1.161683
195 2 0.224832
196 2 0.254651
197 2 0.099746
198 2 0.170844
199 2 0.144298
200 3 0.277886
201 3 0.352735
202 3 0.184280
203 3 0.252955
204 3 0.057593
205 3 0.374287
206 3 0.258294
207 3 0.026966
208 3 1.151630
209 3 0.081262
210 3 0.178555
211 3 0.160550
212 3 0.176671
213 3 0.297437
214 3 0.165974
215 3 0.134918
216 3 0.360441
217 3 0.150239
218 3 1.134325
219 3 0.034538
220 3 0.284528
221 3 0.190995
222 3 0.156755
223 3 0.180267
224 3 0.275473
225 3 0.185519
226 3 0.084850
227 3 0.134847
228 3 0.260679
229 3 0.064170
230 3 0.256111
231 3 0.054882
232 3 0.162696
233 3 0.197306
234 3 0.198583
235 3 0.174665
236 3 0.149770
237 3 0.223425
238 3 0.227662
239 3 0.323792
240 3 0.158226
241 3 0.219216
242 3 0.156953
243 3 0.248788
244 3 0.229452
245 3 0.242119
246 3 0.176973
247 3 0.115414
248 3 0.146588
249 3 0.211774
250 3 0.195858
251 3 0.273835
252 3 0.743042
253 3 0.242435
254 3 0.225973
255 3 0.073230
256 3 0.177252
257 3 0.170067
258 3 0.162127
259 3 0.107677
260 3 0.303732
261 3 0.239303
262 3 0.321291
263 3 0.216487
264 3 0.223951
265 3 0.367963
266 3 0.198543
267 3 0.163818
268 3 0.235612
269 3 0.287709
270 3 0.175233
271 3 0.140309
272 3 0.161783
273 3 0.297566
274 3 0.170724
275 3 0.250610
276 3 0.023047
277 3 0.030561
278 3 0.320181
279 3 0.149664
280 3 0.210068
281 3 0.132247
282 3 0.326998
283 3 0.161690
284 3 0.737169
285 3 0.273096
286 3 0.267088
287 3 0.152087
288 3 0.115776
289 3 0.155364
290 3 0.183224
291 3 0.357151
292 3 0.126802
293 3 0.175268
294 3 0.170823
295 3 0.045813
296 3 0.134218
297 3 0.263847
298 3 0.189987
299 3 0.293023
300 4 0.239702
301 4 0.299528
302 4 0.147993
303 4 0.244597
304 4 0.142903
305 4 0.221085
306 4 0.164807
307 4 0.245708
308 4 0.268003
309 4 0.227040
310 4 0.153041
311 4 0.206561
312 4 0.126406
313 4 0.141830
314 4 0.217659
315 4 0.297369
316 4 0.026807
317 4 0.122746
318 4 0.272681
319 4 0.145909
320 4 0.218336
321 4 0.199708
322 4 0.164969
323 4 0.312262
324 4 0.163776
325 4 0.244916
326 4 0.242451
327 4 0.176063
328 4 0.097885
329 4 0.124066
330 4 0.177266
331 4 0.168415
332 4 0.202671
333 4 0.284394
334 4 0.192528
335 4 0.138150
336 4 0.091611
337 4 0.222083
338 4 0.101998
339 4 0.173579
340 4 0.122666
341 4 0.134198
342 4 0.260916
343 4 0.022992
344 4 0.715915
345 4 0.218434
346 4 0.274985
347 4 0.670984
348 4 0.152466
349 4 0.227452
350 4 0.250496
351 4 0.180537
352 4 0.240650
353 4 0.218423
354 4 0.062448
355 4 0.161701
356 4 0.183200
357 4 0.327011
358 4 0.264095
359 4 0.022973
360 4 0.034228
361 4 0.256954
362 4 0.244688
363 4 0.290723
364 4 0.215166
365 4 0.206160
366 4 0.244169
367 4 0.099568
368 4 0.084295
369 4 0.084169
370 4 0.045605
371 4 0.075219
372 4 0.137617
373 4 0.118651
374 4 0.110653
375 4 0.122027
376 4 0.099487
377 4 0.114497
378 4 0.247675
379 4 0.221626
380 4 0.133281
381 4 0.117889
382 4 0.331545
383 4 1.057931
384 4 0.228292
385 4 0.171565
386 4 0.241955
387 4 0.273851
388 4 0.159126
389 4 0.149118
390 4 0.156288
391 4 0.212207
392 4 0.179005
393 4 0.297750
394 4 0.157061
395 4 1.057104
396 4 0.193648
397 4 0.300501
398 4 0.301839
399 4 0.163222
400 5 0.359154
401 5 0.278147
402 5 0.112172
403 5 0.103943
404 5 0.143540
405 5 0.135961
406 5 0.216519
407 5 0.784051
408 5 0.256989
409 5 0.340917
410 5 0.373883
411 5 0.992317
412 5 0.174662
413 5 0.022897
414 5 0.183686
415 5 0.250767
416 5 0.030322
417 5 0.212899
418 5 0.102336
419 5 0.150351
420 5 0.254192
421 5 0.030288
422 5 0.257346
423 5 0.106433
424 5 0.273933
425 5 0.230752
426 5 0.117951
427 5 0.121395
428 5 0.125743
429 5 0.045402
430 5 0.246865
431 5 0.300967
432 5 0.221046
433 5 0.095093
434 5 0.142356
435 5 0.106565
436 5 0.210332
437 5 0.151524
438 5 0.022890
439 5 0.247714
440 5 0.220107
441 5 0.113947
442 5 0.233240
443 5 0.099145
444 5 0.144275
445 5 0.126095
446 5 0.214929
447 5 0.193662
448 5 0.190598
449 5 0.191319
450 5 0.245004
451 5 0.248231
452 5 0.189411
453 5 0.034014
454 5 0.214785
455 5 0.239041
456 5 0.160500
457 5 0.169862
458 5 0.274749
459 5 0.125164
460 5 0.217063
461 5 0.083803
462 5 0.343230
463 5 0.121822
464 5 0.278502
465 5 0.132604
466 5 0.144624
467 5 0.114256
468 5 0.144676
469 5 0.144767
470 5 0.210482
471 5 0.190187
472 5 0.026613
473 5 0.258205
474 5 0.194213
475 5 0.658537
476 5 0.248616
477 5 0.142182
478 5 0.193951
479 5 0.087156
480 5 0.148258
481 5 0.911294
482 5 0.247927
483 5 0.117864
484 5 0.045535
485 5 0.160902
486 5 0.319750
487 5 0.278454
488 5 0.189571
489 5 0.194774
490 5 0.182079
491 5 0.197359
492 5 0.367286
493 5 0.193531
494 5 0.174447
495 5 0.177509
496 5 0.249452
497 5 0.137100
498 5 0.138590
499 5 0.132992
500 6 0.219628
501 6 0.022816
502 6 0.137045
503 6 0.274462
504 6 0.284046
505 6 0.212228
506 6 0.022838
507 6 0.248869
508 6 0.656312
509 6 0.203112
510 6 0.139203
511 6 0.188172
512 6 0.197403
513 6 0.200347
514 6 0.266493
515 6 0.264555
516 6 0.083580
517 6 0.098707
518 6 0.117373
519 6 0.188539
520 6 0.265229
521 6 0.309809
522 6 0.221089
523 6 0.143604
524 6 0.132090
525 6 0.195494
526 6 0.211080
527 6 0.270886
528 6 0.071947
529 6 0.239810
530 6 0.249336
531 6 0.151717
532 6 0.236803
533 6 0.222057
534 6 0.106039
535 6 0.132811
536 6 0.244753
537 6 0.132427
538 6 0.267553
539 6 0.124952
540 6 0.193533
541 6 0.264813
542 6 0.109210
543 6 0.083484
544 6 0.188871
545 6 0.272968
546 6 0.198374
547 6 0.192497
548 6 0.143619
549 6 0.219246
550 6 0.239215
551 6 0.045401
552 6 0.128644
553 6 0.045087
554 6 0.157736
555 6 0.132646
556 6 0.187616
557 6 0.173695
558 6 0.234020
559 6 0.033829
560 6 0.124402
561 6 0.195384
562 6 0.072091
563 6 0.120404
564 6 0.030053
565 6 0.111599
566 6 0.218321
567 6 0.284528
568 6 0.189335
569 6 0.143678
570 6 0.030068
571 6 0.290311
572 6 0.113108
573 6 0.118533
574 6 0.290054
575 6 0.121011
576 6 0.026499
577 6 0.143934
578 6 0.184558
579 6 0.109194
580 6 0.151414
581 6 0.978125
582 6 0.139553
583 6 0.187425
584 6 0.256238
585 6 0.120212
586 6 0.207012
587 6 0.250125
588 6 0.159169
589 6 0.700218
590 6 1.067302
591 6 0.132201
592 6 0.161225
593 6 0.296612
594 6 0.173223
595 6 0.242998
596 6 0.197905
597 6 0.120692
598 6 0.143651
599 6 0.269424
600 7 0.190055
601 7 0.319292
602 7 0.098237
603 7 0.335049
604 7 0.022771
605 7 0.224808
606 7 0.242043
607 7 0.259406
608 7 0.223814
609 7 0.185466
610 7 0.191702
611 7 0.283899
612 7 0.214241
613 7 0.154134
614 7 0.183835
615 7 0.259292
616 7 0.131410
617 7 0.045233
618 7 0.139097
619 7 0.133428
620 7 0.029980
621 7 0.094149
622 7 0.096511
623 7 0.135615
624 7 0.083114
625 7 0.220567
626 7 0.257441
627 7 0.289968
628 7 0.120543
629 7 0.191494
630 7 0.247982
631 7 0.119896
632 7 0.247570
633 7 0.172759
634 7 0.153835
635 7 0.121859
636 7 0.022705
637 7 0.112730
638 7 0.195104
639 7 0.257389
640 7 0.210717
641 7 0.168904
642 7 0.255574
643 7 0.146370
644 7 0.124319
645 7 0.113220
646 7 0.105430
647 7 0.233627
648 7 0.244343
649 7 0.029961
650 7 0.158215
651 7 0.793503
652 7 0.218027
653 7 0.647502
654 7 0.131348
655 7 0.309623
656 7 0.086235
657 7 0.152476
658 7 0.226128
659 7 0.168665
660 7 0.102159
661 7 0.154510
662 7 0.140337
663 7 0.186211
664 7 0.222372
665 7 0.236564
666 7 0.157921
667 7 0.208712
668 7 0.157412
669 7 0.196475
670 7 0.207969
671 7 0.105288
672 7 0.916267
673 7 0.979032
674 7 0.205053
675 7 0.275874
676 7 0.281361
677 7 0.222345
678 7 0.191808
679 7 0.158790
680 7 0.184242
681 7 0.085528
682 7 0.116555
683 7 0.301382
684 7 0.198882
685 7 0.131385
686 7 0.270284
687 7 0.141954
688 7 0.148909
689 7 0.120319
690 7 0.248214
691 7 0.188118
692 7 0.098541
693 7 0.033630
694 7 0.097807
695 7 0.242064
696 7 0.102744
697 7 0.105162
698 7 0.071633
699 7 0.211932
700 8 0.254163
701 8 0.149894
702 8 0.158339
703 8 0.636219
704 8 0.142748
705 8 0.189624
706 8 0.045065
707 8 0.270850
708 8 0.216404
709 8 0.131540
710 8 0.279387
711 8 0.238770
712 8 0.089593
713 8 0.085957
714 8 0.161143
715 8 0.323343
716 8 0.941565
717 8 0.323080
718 8 0.765787
719 8 0.253553
720 8 0.112162
721 8 0.274757
722 8 0.175906
723 8 0.113483
724 8 0.212299
725 8 0.119182
726 8 0.209160
727 8 0.189543
728 8 0.185727
729 8 0.161858
730 8 0.090361
731 8 0.112314
732 8 0.171656
733 8 0.201884
734 8 0.145334
735 8 0.139739
736 8 0.123635
737 8 0.157186
738 8 0.097545
739 8 0.164036
740 8 0.149965
741 8 0.252590
742 8 0.131015
743 8 0.184909
744 8 0.266521
745 8 0.119636
746 8 0.061341
747 8 0.225535
748 8 0.104813
749 8 0.097499
750 8 0.153703
751 8 0.209720
752 8 0.167308
753 8 0.117311
754 8 0.187250
755 8 0.221765
756 8 0.215392
757 8 0.183531
758 8 0.107785
759 8 0.104774
760 8 0.233772
761 8 0.246080
762 8 0.184293
763 8 0.104777
764 8 0.185606
765 8 0.120250
766 8 0.183007
767 8 0.262078
768 8 0.301589
769 8 0.022676
770 8 0.123301
771 8 0.147630
772 8 0.104173
773 8 0.271760
774 8 0.130405
775 8 0.115993
776 8 0.211348
777 8 0.172184
778 8 0.144348
779 8 0.026395
780 8 0.244619
781 8 0.145124
782 8 0.044566
783 8 0.029850
784 8 0.029817
785 8 0.207555
786 8 0.361745
787 8 0.107352
788 8 0.186343
789 8 0.022708
790 8 0.142241
791 8 0.112114
792 8 0.220380
793 8 0.890096
794 8 0.235784
795 8 0.110605
796 8 0.151789
797 8 0.151101
798 8 0.115845
799 8 0.203165
800 9 0.171054
801 9 0.147202
802 9 0.177326
803 9 0.136488
804 9 0.256539
805 9 0.146844
806 9 0.150468
807 9 0.104577
808 9 0.186078
809 9 0.161396
810 9 0.220477
811 9 0.145088
812 9 0.306140
813 9 0.118629
814 9 0.242485
815 9 0.141944
816 9 0.196165
817 9 0.114363
818 9 0.880794
819 9 0.185897
820 9 0.130551
821 9 0.153393
822 9 0.171122
823 9 0.196585
824 9 0.115646
825 9 0.119509
826 9 0.229127
827 9 0.111918
828 9 0.345394
829 9 0.244413
830 9 0.022691
831 9 0.271350
832 9 0.132135
833 9 0.127139
834 9 0.219875
835 9 0.056779
836 9 0.163148
837 9 0.152258
838 9 0.256451
839 9 0.156404
840 9 0.189161
841 9 0.254286
842 9 0.235997
843 9 0.210884
844 9 0.253598
845 9 0.044800
846 9 0.220335
847 9 0.326804
848 9 0.063607
849 9 0.221378
850 9 0.119162
851 9 0.273973
852 9 0.130839
853 9 0.215380
854 9 0.191763
855 9 0.211740
856 9 0.115262
857 9 0.103746
858 9 0.253373
859 9 0.203771
860 9 0.214814
861 9 0.082320
862 9 0.104296
863 9 0.129624
864 9 0.033403
865 9 0.130935
866 9 0.234105
867 9 0.141080
868 9 0.250141
869 9 0.111662
870 9 0.084607
871 9 0.204548
872 9 0.093051
873 9 0.153062
874 9 0.208541
875 9 0.205432
876 9 0.084772
877 9 0.070702
878 9 0.334073
879 9 0.166586
880 9 0.096965
881 9 0.254802
882 9 0.207442
883 9 0.192909
884 9 0.199854
885 9 0.122660
886 9 0.029742
887 9 0.657537
888 9 0.190611
889 9 0.190018
890 9 0.147881
891 9 0.897059
892 9 0.137027
893 9 0.088837
894 9 0.129761
895 9 0.727563
896 9 0.073406
897 9 0.126393
898 9 0.078909
899 9 0.208601
900 10 0.264842
901 10 0.026342
902 10 0.171121
903 10 0.255843
904 10 0.144400
905 10 0.336564
906 10 0.162083
907 10 0.078856
908 10 0.111437
909 10 0.182103
910 10 0.138376
911 10 0.214718
912 10 0.646752
913 10 0.071014
914 10 0.070564
915 10 0.294502
916 10 0.111097
917 10 0.230963
918 10 0.200070
919 10 0.240980
920 10 0.108075
921 10 0.267497
922 10 0.082152
923 10 0.166135
924 10 0.252457
925 10 0.146826
926 10 0.159242
927 10 0.226509
928 10 0.169579
929 10 0.103936
930 10 0.212082
931 10 0.205296
932 10 0.302893
933 10 0.148618
934 10 0.122367
935 10 0.128657
936 10 0.219700
937 10 0.103305
938 10 0.159170
939 10 0.118676
940 10 0.223042
941 10 0.170191
942 10 0.243547
943 10 0.022688
944 10 0.114926
945 10 0.244035
946 10 0.222693
947 10 0.240924
948 10 0.029719
949 10 0.167398
950 10 0.155496
951 10 0.159249
952 10 0.130070
953 10 0.111308
954 10 0.181078
955 10 0.889608
956 10 0.259363
957 10 0.163029
958 10 0.170351
959 10 0.122487
960 10 0.146822
961 10 0.129118
962 10 0.109651
963 10 0.204882
964 10 0.044640
965 10 0.139954
966 10 0.135936
967 10 0.159216
968 10 0.151351
969 10 0.169956
970 10 0.033321
971 10 0.174293
972 10 0.150461
973 10 0.029662
974 10 0.290481
975 10 0.128737
976 10 0.152329
977 10 0.118746
978 10 0.113952
979 10 0.271379
980 10 0.276695
981 10 0.143639
982 10 0.076409
983 10 0.022617
984 10 0.118355
985 10 0.124920
986 10 0.142321
987 10 0.179146
988 10 0.225980
989 10 0.136347
990 10 0.133798
991 10 0.619334
992 10 0.143350
993 10 0.129088
994 10 0.213341
995 10 0.220108
996 10 0.092559
997 10 0.290988
998 10 0.885772
999 10 0.203491
1000 11 0.891924
1001 11 0.122241
1002 11 0.121948
1003 11 0.276690
1004 11 0.224254
1005 11 0.177346
1006 11 0.029657
1007 11 0.213058
1008 11 0.128646
1009 11 0.117371
1010 11 0.151052
1011 11 0.128760
1012 11 0.154927
1013 11 0.841544
1014 11 0.138148
1015 11 0.136046
1016 11 0.169066
1017 11 0.029619
1018 11 0.299995
1019 11 0.254980
1020 11 0.139503
1021 11 0.241808
1022 11 0.142713
1023 11 0.136364
1024 11 0.216455
1025 11 0.176114
1026 11 0.106223
1027 11 0.163012
1028 11 0.266785
1029 11 0.201384
1030 11 0.213284
1031 11 0.143416
1032 11 0.169293
1033 11 0.244315
1034 11 0.076786
1035 11 0.096233
1036 11 0.231429
1037 11 0.022672
1038 11 0.090147
1039 11 0.138711
1040 11 0.078497
1041 11 0.249222
1042 11 0.190393
1043 11 0.202188
1044 11 0.139490
1045 11 0.154377
1046 11 0.111058
1047 11 0.118357
1048 11 0.192384
1049 11 0.126309
1050 11 0.062096
1051 11 0.199706
1052 11 0.147748
1053 11 0.083796
1054 11 0.255598
1055 11 0.154902
1056 11 0.272806
1057 11 0.169770
1058 11 0.284967
1059 11 0.601605
1060 11 0.229898
1061 11 0.081553
1062 11 0.210134
1063 11 0.214082
1064 11 0.216468
1065 11 0.296612
1066 11 0.208491
1067 11 0.127598
1068 11 0.144777
1069 11 0.104565
1070 11 0.022624
1071 11 0.293043
1072 11 0.238970
1073 11 0.096130
1074 11 0.194833
1075 11 0.166062
1076 11 0.102580
1077 11 0.250076
1078 11 0.136827
1079 11 0.203251
1080 11 0.149973
1081 11 0.076364
1082 11 0.138919
1083 11 0.215309
1084 11 0.196883
1085 11 0.643930
1086 11 0.151521
1087 11 0.242842
1088 11 0.107320
1089 11 0.248421
1090 11 0.103312
1091 11 0.164623
1092 11 0.157642
1093 11 0.151894
1094 11 0.327317
1095 11 0.150074
1096 11 0.228819
1097 11 0.070584
1098 11 0.087980
1099 11 0.120866
1100 12 0.185424
1101 12 0.230539
1102 12 0.164184
1103 12 0.306664
1104 12 0.151243
1105 12 0.135350
1106 12 0.172457
1107 12 0.206859
1108 12 0.217173
1109 12 0.102430
1110 12 0.083617
1111 12 0.193600
1112 12 0.124308
1113 12 0.150319
1114 12 0.196405
1115 12 0.228371
1116 12 0.029617
1117 12 0.212416
1118 12 0.270232
1119 12 0.081642
1120 12 0.138272
1121 12 0.113784
1122 12 0.212391
1123 12 0.151261
1124 12 0.044430
1125 12 0.129497
1126 12 0.217678
1127 12 0.138252
1128 12 0.325669
1129 12 0.146539
1130 12 0.142810
1131 12 0.185065
1132 12 0.181902
1133 12 0.193441
1134 12 0.233490
1135 12 0.128017
1136 12 0.120654
1137 12 0.043908
1138 12 0.644729
1139 12 0.169204
1140 12 0.258615
1141 12 0.188823
1142 12 0.176658
1143 12 0.242458
1144 12 0.170191
1145 12 0.612864
1146 12 0.216415
1147 12 0.167986
1148 12 0.026363
1149 12 0.230896
1150 12 0.248003
1151 12 0.277175
1152 12 0.022704
1153 12 0.069860
1154 12 0.148545
1155 12 0.110611
1156 12 0.197401
1157 12 0.179712
1158 12 0.033181
1159 12 0.205520
1160 12 0.078253
1161 12 0.192992
1162 12 0.157035
1163 12 0.354541
1164 12 0.217623
1165 12 0.156622
1166 12 0.145207
1167 12 0.884534
1168 12 0.118921
1169 12 0.081276
1170 12 0.243142
1171 12 0.185940
1172 12 0.149924
1173 12 0.052053
1174 12 0.176315
1175 12 0.118492
1176 12 0.231380
1177 12 0.188639
1178 12 0.117350
1179 12 0.232939
1180 12 0.151369
1181 12 0.167605
1182 12 0.223780
1183 12 0.087664
1184 12 0.900678
1185 12 0.226549
1186 12 0.029586
1187 12 0.159542
1188 12 0.262079
1189 12 0.180620
1190 12 0.121335
1191 12 0.240255
1192 12 0.149407
1193 12 0.136565
1194 12 0.165420
1195 12 0.128264
1196 12 0.102729
1197 12 0.124687
1198 12 0.196479
1199 12 0.207548
1200 13 0.043813
1201 13 0.069719
1202 13 0.227889
1203 13 0.102874
1204 13 0.293977
1205 13 0.203991
1206 13 0.218371
1207 13 0.167977
1208 13 0.191660
1209 13 0.247127
1210 13 0.120229
1211 13 0.248277
1212 13 0.208483
1213 13 0.095604
1214 13 0.142682
1215 13 0.134688
1216 13 0.212532
1217 13 0.346001
1218 13 0.117133
1219 13 0.083803
1220 13 0.163552
1221 13 0.081401
1222 13 0.139373
1223 13 0.133081
1224 13 0.281777
1225 13 0.033137
1226 13 0.193514
1227 13 0.251418
1228 13 0.192252
1229 13 0.113288
1230 13 0.215433
1231 13 0.022672
1232 13 0.182049
1233 13 0.157788
1234 13 0.151564
1235 13 0.203654
1236 13 0.183787
1237 13 0.202740
1238 13 0.173788
1239 13 0.116129
1240 13 0.156045
1241 13 0.226053
1242 13 0.092327
1243 13 0.194278
1244 13 0.149555
1245 13 0.029584
1246 13 0.101866
1247 13 0.169557
1248 13 0.161517
1249 13 0.044291
1250 13 0.326380
1251 13 0.233404
1252 13 0.175595
1253 13 0.026365
1254 13 0.117457
1255 13 0.083120
1256 13 0.133346
1257 13 0.228022
1258 13 0.210481
1259 13 0.653118
1260 13 0.232228
1261 13 0.127891
1262 13 0.223020
1263 13 0.308503
1264 13 0.217519
1265 13 0.247055
1266 13 0.087404
1267 13 0.108485
1268 13 0.137885
1269 13 0.257006
1270 13 0.200790
1271 13 0.243822
1272 13 0.109495
1273 13 0.148894
1274 13 0.153126
1275 13 0.246911
1276 13 0.279455
1277 13 0.274009
1278 13 0.232062
1279 13 0.180674
1280 13 0.129837
1281 13 0.091553
1282 13 0.171971
1283 13 0.128339
1284 13 0.070198
1285 13 0.120943
1286 13 0.105040
1287 13 0.144108
1288 13 0.110126
1289 13 0.230616
1290 13 0.607851
1291 13 0.127237
1292 13 0.185373
1293 13 0.144345
1294 13 0.805169
1295 13 0.847536
1296 13 0.138990
1297 13 0.193661
1298 13 0.022743
1299 13 0.029551
1300 14 0.173421
1301 14 0.832164
1302 14 0.257862
1303 14 0.194218
1304 14 0.125241
1305 14 0.144949
1306 14 0.095235
1307 14 0.090787
1308 14 0.337929
1309 14 0.202573
1310 14 0.203091
1311 14 0.165131
1312 14 0.211409
1313 14 0.080837
1314 14 0.159949
1315 14 0.128029
1316 14 0.170488
1317 14 0.145994
1318 14 0.355171
1319 14 0.081178
1320 14 0.043681
1321 14 0.145409
1322 14 0.029591
1323 14 0.631889
1324 14 0.066848
1325 14 0.112930
1326 14 0.139253
1327 14 0.095257
1328 14 0.167427
1329 14 0.198060
1330 14 0.199569
1331 14 0.109189
1332 14 0.184417
1333 14 0.195131
1334 14 0.152441
1335 14 0.162697
1336 14 0.206495
1337 14 0.138750
1338 14 0.174388
1339 14 0.138721
1340 14 0.204781
1341 14 0.029535
1342 14 0.102376
1343 14 0.842099
1344 14 0.145130
1345 14 0.234415
1346 14 0.138793
1347 14 0.154262
1348 14 0.293089
1349 14 0.109610
1350 14 0.257599
1351 14 0.198135
1352 14 0.082786
1353 14 0.118561
1354 14 0.215740
1355 14 0.209512
1356 14 0.268666
1357 14 0.120173
1358 14 0.209129
1359 14 0.257169
1360 14 0.138605
1361 14 0.127357
1362 14 0.149658
1363 14 0.204640
1364 14 0.081159
1365 14 0.127862
1366 14 0.183960
1367 14 0.077919
1368 14 0.126738
1369 14 0.189500
1370 14 0.148192
1371 14 0.225938
1372 14 0.091251
1373 14 0.133624
1374 14 0.194771
1375 14 0.094957
1376 14 0.181051
1377 14 0.120664
1378 14 0.229085
1379 14 0.247311
1380 14 0.148131
1381 14 0.221669
1382 14 0.177553
1383 14 0.131597
1384 14 0.120509
1385 14 0.260109
1386 14 0.260417
1387 14 0.208183
1388 14 0.226741
1389 14 0.617553
1390 14 0.157564
1391 14 0.133612
1392 14 0.022792
1393 14 0.149581
1394 14 0.172627
1395 14 0.209588
1396 14 0.267056
1397 14 0.115486
1398 14 0.141081
1399 14 0.139694
1400 15 0.165870
1401 15 0.120416
1402 15 0.142626
1403 15 0.241066
1404 15 0.132381
1405 15 0.190456
1406 15 0.266075
1407 15 0.262212
1408 15 0.217429
1409 15 0.148406
1410 15 0.161030
1411 15 0.182926
1412 15 0.232041
1413 15 0.231546
1414 15 0.091108
1415 15 0.185721
1416 15 0.143436
1417 15 0.121684
1418 15 0.051155
1419 15 0.239856
1420 15 0.275842
1421 15 0.196969
1422 15 0.174093
1423 15 0.176548
1424 15 0.133384
1425 15 0.636777
1426 15 0.131386
1427 15 0.058350
1428 15 0.209711
1429 15 0.144975
1430 15 0.144862
1431 15 0.140135
1432 15 0.247228
1433 15 0.033062
1434 15 0.112357
1435 15 0.204366
1436 15 0.631969
1437 15 0.174510
1438 15 0.163517
1439 15 0.216723
1440 15 0.210006
1441 15 0.092603
1442 15 0.116657
1443 15 0.210470
1444 15 0.102489
1445 15 0.190326
1446 15 0.141362
1447 15 0.220230
1448 15 0.170165
1449 15 0.069887
1450 15 0.313656
1451 15 0.119118
1452 15 0.173598
1453 15 0.206405
1454 15 0.101789
1455 15 0.237181
1456 15 0.114379
1457 15 0.029534
1458 15 0.029551
1459 15 0.234007
1460 15 0.108685
1461 15 0.080526
1462 15 0.203212
1463 15 0.022812
1464 15 0.202815
1465 15 0.348144
1466 15 0.179052
1467 15 0.813708
1468 15 0.097373
1469 15 0.115052
1470 15 0.214496
1471 15 0.828291
1472 15 0.155564
1473 15 0.279001
1474 15 0.187130
1475 15 0.255315
1476 15 0.201574
1477 15 0.145771
1478 15 0.262446
1479 15 0.270085
1480 15 0.267804
1481 15 0.043494
1482 15 0.127385
1483 15 0.154092
1484 15 0.226744
1485 15 0.193039
1486 15 0.145120
1487 15 0.126810
1488 15 0.044094
1489 15 0.222743
1490 15 0.178860
1491 15 0.167689
1492 15 0.232034
1493 15 0.232576
1494 15 0.139878
1495 15 0.184981
1496 15 0.100824
1497 15 0.165580
1498 15 0.210945
1499 15 0.165417
1500 16 0.249954
1501 16 0.112073
1502 16 0.234346
1503 16 0.090906
1504 16 0.198201
1505 16 0.132989
1506 16 0.054213
1507 16 0.120821
1508 16 0.249840
1509 16 0.239265
1510 16 0.572988
1511 16 0.251964
1512 16 0.077728
1513 16 0.276648
1514 16 0.112152
1515 16 0.329514
1516 16 0.238510
1517 16 0.155184
1518 16 0.162710
1519 16 0.165865
1520 16 0.144913
1521 16 0.278267
1522 16 0.137717
1523 16 0.197960
1524 16 0.210265
1525 16 0.153255
1526 16 0.201096
1527 16 0.192065
1528 16 0.161266
1529 16 0.130159
1530 16 0.109260
1531 16 0.156406
1532 16 0.043464
1533 16 0.059537
1534 16 0.069729
1535 16 0.195751
1536 16 0.246288
1537 16 0.756669
1538 16 0.060416
1539 16 0.125810
1540 16 0.269381
1541 16 0.235990
1542 16 0.298020
1543 16 0.173362
1544 16 0.119917
1545 16 0.086568
1546 16 0.175595
1547 16 0.222976
1548 16 0.167514
1549 16 0.224205
1550 16 0.203066
1551 16 0.193079
1552 16 0.068909
1553 16 0.103846
1554 16 0.771090
1555 16 0.140984
1556 16 0.260307
1557 16 0.059661
1558 16 0.117741
1559 16 0.164758
1560 16 0.165315
1561 16 0.187666
1562 16 0.082698
1563 16 0.259593
1564 16 0.128794
1565 16 0.144595
1566 16 0.126457
1567 16 0.137161
1568 16 0.137720
1569 16 0.207323
1570 16 0.243184
1571 16 0.182409
1572 16 0.184438
1573 16 0.100534
1574 16 0.022849
1575 16 0.214637
1576 16 0.272668
1577 16 0.082148
1578 16 0.208000
1579 16 0.101512
1580 16 0.116141
1581 16 0.153953
1582 16 0.161021
1583 16 0.026538
1584 16 0.249831
1585 16 0.140785
1586 16 0.183271
1587 16 0.206085
1588 16 0.257201
1589 16 0.136414
1590 16 0.210648
1591 16 0.033020
1592 16 0.125582
1593 16 0.218496
1594 16 0.132476
1595 16 0.598180
1596 16 0.209716
1597 16 0.174318
1598 16 0.124511
1599 16 0.198261
1600 17 0.029541
1601 17 0.230588
1602 17 0.157329
1603 17 0.129339
1604 17 0.101550
1605 17 0.183539
1606 17 0.189273
1607 17 0.209314
1608 17 0.339175
1609 17 0.147369
1610 17 0.119196
1611 17 0.620883
1612 17 0.197160
1613 17 0.307863
1614 17 0.792959
1615 17 0.022869
1616 17 0.111737
1617 17 0.350562
1618 17 0.152643
1619 17 0.127849
1620 17 0.190178
1621 17 0.160822
1622 17 0.182020
1623 17 0.137453
1624 17 0.181276
1625 17 0.207281
1626 17 0.249974
1627 17 0.108062
1628 17 0.115342
1629 17 0.094311
1630 17 0.068755
1631 17 0.201985
1632 17 0.108976
1633 17 0.189177
1634 17 0.086343
1635 17 0.154474
1636 17 0.178048
1637 17 0.180801
1638 17 0.370348
1639 17 0.167343
1640 17 0.126096
1641 17 0.204978
1642 17 0.119570
1643 17 0.108484
1644 17 0.283409
1645 17 0.185407
1646 17 0.157241
1647 17 0.226426
1648 17 0.255027
1649 17 0.248401
1650 17 0.129572
1651 17 0.126730
1652 17 0.181961
1653 17 0.595958
1654 17 0.164061
1655 17 0.130670
1656 17 0.022957
1657 17 0.125136
1658 17 0.229281
1659 17 0.202258
1660 17 0.737526
1661 17 0.101070
1662 17 0.194742
1663 17 0.090575
1664 17 0.160487
1665 17 0.033028
1666 17 0.200418
1667 17 0.192656
1668 17 0.150562
1669 17 0.229163
1670 17 0.074839
1671 17 0.026596
1672 17 0.081909
1673 17 0.108617
1674 17 0.234703
1675 17 0.302341
1676 17 0.148055
1677 17 0.257333
1678 17 0.140769
1679 17 0.174925
1680 17 0.362401
1681 17 0.182105
1682 17 0.115846
1683 17 0.224279
1684 17 0.181472
1685 17 0.272736
1686 17 0.123557
1687 17 0.139190
1688 17 0.175127
1689 17 0.195481
1690 17 0.215645
1691 17 0.207525
1692 17 0.131927
1693 17 0.029590
1694 17 0.153953
1695 17 0.160299
1696 17 0.082356
1697 17 0.207711
1698 17 0.123815
1699 17 0.120570
