# Batch convergence for: model=snn-ae encoding=latency architecture=dense v_th=1 alpha=0.8 run=2
batch_num epoch batch_loss
0 1 0.566680
1 1 0.686490
2 1 0.714496
3 1 0.674549
4 1 0.794894
5 1 0.627247
6 1 0.765306
7 1 0.809094
8 1 0.768280
9 1 0.679901
10 1 0.931671
11 1 0.687536
12 1 0.563194
13 1 0.813678
14 1 0.688270
15 1 0.723117
16 1 0.893538
17 1 0.704014
18 1 0.846997
19 1 0.611399
20 1 0.725039
21 1 0.077842
22 1 0.876543
23 1 0.667323
24 1 0.650764
25 1 0.725729
26 1 0.572197
27 1 0.907410
28 1 0.665406
29 1 0.813233
30 1 0.523175
31 1 0.679853
32 1 0.674262
33 1 0.791598
34 1 0.615275
35 1 0.691628
36 1 0.783024
37 1 0.688571
38 1 0.861119
39 1 0.615811
40 1 0.595625
41 1 0.611962
42 1 0.640802
43 1 0.603474
44 1 0.699774
45 1 0.483024
46 1 0.662487
47 1 0.557618
48 1 0.671125
49 1 0.696422
50 1 0.145598
51 1 0.769598
52 1 0.699078
53 1 0.176875
54 1 1.051302
55 1 0.586547
56 1 0.666583
57 1 0.684376
58 1 0.539904
59 1 0.694660
60 1 0.695087
61 1 0.647883
62 1 0.714611
63 1 0.675985
64 1 0.577997
65 1 0.487164
66 1 0.030950
67 1 0.758796
68 1 0.575234
69 1 0.598028
70 1 0.588718
71 1 0.536317
72 1 0.061313
73 1 0.652489
74 1 0.706322
75 1 0.672407
76 1 0.575963
77 1 0.746403
78 1 0.549962
79 1 0.498170
80 1 1.060011
81 1 0.549679
82 1 0.476239
83 1 0.739397
84 1 0.681573
85 1 0.654065
86 1 0.591375
87 1 0.778472
88 1 0.595806
89 1 0.593667
90 1 0.340855
91 1 0.727955
92 1 0.349323
93 1 0.539422
94 1 0.558026
95 1 0.640506
96 1 0.623909
97 1 0.511081
98 1 0.515947
99 1 0.567938
100 2 0.580905
101 2 0.727576
102 2 0.501890
103 2 0.572111
104 2 0.745632
105 2 0.606377
106 2 0.534468
107 2 0.658167
108 2 0.557698
109 2 0.591264
110 2 0.537491
111 2 0.200710
112 2 0.530907
113 2 1.031650
114 2 0.469145
115 2 0.650952
116 2 0.536342
117 2 0.572752
118 2 0.361275
119 2 0.554973
120 2 0.599866
121 2 0.638758
122 2 0.541788
123 2 0.631499
124 2 0.549961
125 2 0.603707
126 2 0.611292
127 2 0.658818
128 2 0.639293
129 2 0.570992
130 2 0.515052
131 2 0.524434
132 2 0.473083
133 2 0.650065
134 2 0.552640
135 2 0.665719
136 2 0.628184
137 2 0.503347
138 2 0.703704
139 2 0.734135
140 2 0.468172
141 2 0.559920
142 2 0.617014
143 2 0.491339
144 2 0.569243
145 2 0.556103
146 2 0.562213
147 2 0.648650
148 2 0.668317
149 2 0.625905
150 2 0.288846
151 2 0.667212
152 2 0.514390
153 2 0.486856
154 2 0.513971
155 2 0.030588
156 2 0.771294
157 2 0.525828
158 2 0.705873
159 2 0.603127
160 2 0.576918
161 2 0.470304
162 2 0.473027
163 2 0.717869
164 2 0.453023
165 2 0.507953
166 2 0.034325
167 2 0.510039
168 2 0.541368
169 2 0.626992
170 2 0.417455
171 2 0.721195
172 2 0.703012
173 2 0.504626
174 2 0.780953
175 2 0.630288
176 2 0.554918
177 2 0.144022
178 2 0.577035
179 2 0.563428
180 2 0.667127
181 2 0.516879
182 2 0.551719
183 2 0.643980
184 2 0.704669
185 2 0.075792
186 2 0.693870
187 2 0.556861
188 2 0.464106
189 2 0.577703
190 2 0.571288
191 2 0.459909
192 2 0.556076
193 2 0.617641
194 2 0.943801
195 2 0.554719
196 2 0.487953
197 2 0.585634
198 2 0.401684
199 2 0.613298
200 3 0.460479
201 3 0.591290
202 3 0.455732
203 3 0.523259
204 3 0.030421
205 3 0.671178
206 3 0.493805
207 3 0.440088
208 3 0.908244
209 3 0.470074
210 3 0.497478
211 3 0.438427
212 3 0.473844
213 3 0.502664
214 3 0.617416
215 3 0.499036
216 3 0.719446
217 3 0.466674
218 3 0.901979
219 3 0.034105
220 3 0.573581
221 3 0.559930
222 3 0.649023
223 3 0.661537
224 3 0.615038
225 3 0.507213
226 3 0.495259
227 3 0.530010
228 3 0.564381
229 3 0.312866
230 3 0.517271
231 3 0.171877
232 3 0.519621
233 3 0.574243
234 3 0.536785
235 3 0.477539
236 3 0.572569
237 3 0.612089
238 3 0.622251
239 3 0.611571
240 3 0.644027
241 3 0.407311
242 3 0.529859
243 3 0.602587
244 3 0.609057
245 3 0.572286
246 3 0.536339
247 3 0.500854
248 3 0.499889
249 3 0.482339
250 3 0.620411
251 3 0.566445
252 3 0.615457
253 3 0.474426
254 3 0.502946
255 3 0.554878
256 3 0.556363
257 3 0.541383
258 3 0.513830
259 3 0.624874
260 3 0.505085
261 3 0.564864
262 3 0.598741
263 3 0.541208
264 3 0.482439
265 3 0.622123
266 3 0.581165
267 3 0.488249
268 3 0.550825
269 3 0.607845
270 3 0.368523
271 3 0.436431
272 3 0.457162
273 3 0.575966
274 3 0.531166
275 3 0.522636
276 3 0.074795
277 3 0.147706
278 3 0.552767
279 3 0.675269
280 3 0.574867
281 3 0.450752
282 3 0.587165
283 3 0.491397
284 3 0.689629
285 3 0.529507
286 3 0.498517
287 3 0.562390
288 3 0.572895
289 3 0.525358
290 3 0.580899
291 3 0.595183
292 3 0.559863
293 3 0.500091
294 3 0.553016
295 3 0.395391
296 3 0.465470
297 3 0.506269
298 3 0.610564
299 3 0.531918
300 4 0.527208
301 4 0.536426
302 4 0.555365
303 4 0.465132
304 4 0.505828
305 4 0.652949
306 4 0.418561
307 4 0.497273
308 4 0.571548
309 4 0.509739
310 4 0.482762
311 4 0.556720
312 4 0.424542
313 4 0.537806
314 4 0.588192
315 4 0.442062
316 4 0.441425
317 4 0.489193
318 4 0.635204
319 4 0.607519
320 4 0.524894
321 4 0.472925
322 4 0.498814
323 4 0.564515
324 4 0.433851
325 4 0.592249
326 4 0.536683
327 4 0.476853
328 4 0.156253
329 4 0.475212
330 4 0.506144
331 4 0.661592
332 4 0.518207
333 4 0.520732
334 4 0.511158
335 4 0.539280
336 4 0.437216
337 4 0.554193
338 4 0.533734
339 4 0.474057
340 4 0.454020
341 4 0.516607
342 4 0.544282
343 4 0.030087
344 4 0.611588
345 4 0.546886
346 4 0.480140
347 4 0.611621
348 4 0.510914
349 4 0.455186
350 4 0.555020
351 4 0.338894
352 4 0.501323
353 4 0.488810
354 4 0.114361
355 4 0.536911
356 4 0.488654
357 4 0.691027
358 4 0.462486
359 4 0.073974
360 4 0.098050
361 4 0.463874
362 4 0.517321
363 4 0.497057
364 4 0.536635
365 4 0.524532
366 4 0.540229
367 4 0.472536
368 4 0.630618
369 4 0.524048
370 4 0.401790
371 4 0.268106
372 4 0.500088
373 4 0.566626
374 4 0.429170
375 4 0.467743
376 4 0.479119
377 4 0.465703
378 4 0.501833
379 4 0.551552
380 4 0.472021
381 4 0.455383
382 4 0.507863
383 4 0.805856
384 4 0.493727
385 4 0.464366
386 4 0.525656
387 4 0.528219
388 4 0.538998
389 4 0.451980
390 4 0.425213
391 4 0.435202
392 4 0.548701
393 4 0.537282
394 4 0.572839
395 4 0.835742
396 4 0.522847
397 4 0.516827
398 4 0.563270
399 4 0.402756
400 5 0.482394
401 5 0.631837
402 5 0.451797
403 5 0.411732
404 5 0.527858
405 5 0.377165
406 5 0.472728
407 5 0.720618
408 5 0.524329
409 5 0.475001
410 5 0.542863
411 5 0.811024
412 5 0.428171
413 5 0.073505
414 5 0.477427
415 5 0.502448
416 5 0.113428
417 5 0.472103
418 5 0.452178
419 5 0.484438
420 5 0.517061
421 5 0.177042
422 5 0.510288
423 5 0.473727
424 5 0.496020
425 5 0.603230
426 5 0.459393
427 5 0.420290
428 5 0.454901
429 5 0.330815
430 5 0.582645
431 5 0.524853
432 5 0.517803
433 5 0.468492
434 5 0.431720
435 5 0.498637
436 5 0.486977
437 5 0.433482
438 5 0.029957
439 5 0.465639
440 5 0.514380
441 5 0.485426
442 5 0.429140
443 5 0.437622
444 5 0.442399
445 5 0.472861
446 5 0.577185
447 5 0.492114
448 5 0.404774
449 5 0.528006
450 5 0.462646
451 5 0.442537
452 5 0.447707
453 5 0.033482
454 5 0.485702
455 5 0.441046
456 5 0.504261
457 5 0.487879
458 5 0.557371
459 5 0.478189
460 5 0.487956
461 5 0.450057
462 5 0.516481
463 5 0.411951
464 5 0.549170
465 5 0.463704
466 5 0.369969
467 5 0.446193
468 5 0.497213
469 5 0.439685
470 5 0.570652
471 5 0.414388
472 5 0.468039
473 5 0.495736
474 5 0.455761
475 5 0.617919
476 5 0.522763
477 5 0.391583
478 5 0.375661
479 5 0.500889
480 5 0.454494
481 5 0.765968
482 5 0.433916
483 5 0.549314
484 5 0.379659
485 5 0.458980
486 5 0.512450
487 5 0.480991
488 5 0.518427
489 5 0.386435
490 5 0.495468
491 5 0.396032
492 5 0.447461
493 5 0.513139
494 5 0.422662
495 5 0.412731
496 5 0.488914
497 5 0.408516
498 5 0.409374
499 5 0.561674
500 6 0.399068
501 6 0.072861
502 6 0.377137
503 6 0.417406
504 6 0.404293
505 6 0.478752
506 6 0.029934
507 6 0.478610
508 6 0.496125
509 6 0.468344
510 6 0.450797
511 6 0.536866
512 6 0.386693
513 6 0.430896
514 6 0.547106
515 6 0.494157
516 6 0.530943
517 6 0.548061
518 6 0.401489
519 6 0.487220
520 6 0.436732
521 6 0.426517
522 6 0.421732
523 6 0.395147
524 6 0.401971
525 6 0.473997
526 6 0.471458
527 6 0.441245
528 6 0.441343
529 6 0.449170
530 6 0.468185
531 6 0.453111
532 6 0.404558
533 6 0.453639
534 6 0.350356
535 6 0.410842
536 6 0.429679
537 6 0.407042
538 6 0.503759
539 6 0.456454
540 6 0.475835
541 6 0.390591
542 6 0.528367
543 6 0.411257
544 6 0.477740
545 6 0.430907
546 6 0.393861
547 6 0.514023
548 6 0.422347
549 6 0.415646
550 6 0.515753
551 6 0.360356
552 6 0.436111
553 6 0.339133
554 6 0.402630
555 6 0.428660
556 6 0.411771
557 6 0.390537
558 6 0.459001
559 6 0.033408
560 6 0.475088
561 6 0.418027
562 6 0.455268
563 6 0.407152
564 6 0.187126
565 6 0.412278
566 6 0.376919
567 6 0.434285
568 6 0.386923
569 6 0.473348
570 6 0.129162
571 6 0.450122
572 6 0.385732
573 6 0.338497
574 6 0.480873
575 6 0.420152
576 6 0.327239
577 6 0.439855
578 6 0.384016
579 6 0.330577
580 6 0.418426
581 6 0.688923
582 6 0.402104
583 6 0.419836
584 6 0.443640
585 6 0.367429
586 6 0.418135
587 6 0.427381
588 6 0.328423
589 6 0.560802
590 6 0.670529
591 6 0.381650
592 6 0.321541
593 6 0.378727
594 6 0.417485
595 6 0.420764
596 6 0.460497
597 6 0.359285
598 6 0.470275
599 6 0.468628
600 7 0.367041
601 7 0.458194
602 7 0.467499
603 7 0.468597
604 7 0.029970
605 7 0.411380
606 7 0.369448
607 7 0.390120
608 7 0.405291
609 7 0.380878
610 7 0.442475
611 7 0.450037
612 7 0.383558
613 7 0.343291
614 7 0.400338
615 7 0.391888
616 7 0.345043
617 7 0.292860
618 7 0.359855
619 7 0.380821
620 7 0.136036
621 7 0.315143
622 7 0.366652
623 7 0.321423
624 7 0.462073
625 7 0.459236
626 7 0.417335
627 7 0.375864
628 7 0.343457
629 7 0.374461
630 7 0.442427
631 7 0.366734
632 7 0.408788
633 7 0.372772
634 7 0.300284
635 7 0.324595
636 7 0.072132
637 7 0.369224
638 7 0.365493
639 7 0.366464
640 7 0.359837
641 7 0.449834
642 7 0.434350
643 7 0.296804
644 7 0.386162
645 7 0.313659
646 7 0.353452
647 7 0.404175
648 7 0.464156
649 7 0.134875
650 7 0.381334
651 7 0.551117
652 7 0.507115
653 7 0.464631
654 7 0.337833
655 7 0.442848
656 7 0.369963
657 7 0.369852
658 7 0.444346
659 7 0.344712
660 7 0.314583
661 7 0.345648
662 7 0.394547
663 7 0.362323
664 7 0.417603
665 7 0.399879
666 7 0.421390
667 7 0.334515
668 7 0.356788
669 7 0.406283
670 7 0.404712
671 7 0.404733
672 7 0.667861
673 7 0.652924
674 7 0.395181
675 7 0.368963
676 7 0.347921
677 7 0.420806
678 7 0.326011
679 7 0.363836
680 7 0.351954
681 7 0.337822
682 7 0.382978
683 7 0.367288
684 7 0.336684
685 7 0.399178
686 7 0.396360
687 7 0.376896
688 7 0.412946
689 7 0.285026
690 7 0.387885
691 7 0.343761
692 7 0.282440
693 7 0.124694
694 7 0.339240
695 7 0.333029
696 7 0.341664
697 7 0.293613
698 7 0.329831
699 7 0.352013
700 8 0.401505
701 8 0.330695
702 8 0.312025
703 8 0.391755
704 8 0.374390
705 8 0.307150
706 8 0.348985
707 8 0.331171
708 8 0.369034
709 8 0.280595
710 8 0.325957
711 8 0.459496
712 8 0.332779
713 8 0.336638
714 8 0.387382
715 8 0.354878
716 8 0.581671
717 8 0.492845
718 8 0.431957
719 8 0.455345
720 8 0.302370
721 8 0.334144
722 8 0.345608
723 8 0.337191
724 8 0.287986
725 8 0.382889
726 8 0.333313
727 8 0.305232
728 8 0.338656
729 8 0.318657
730 8 0.307454
731 8 0.322480
732 8 0.340689
733 8 0.339083
734 8 0.415542
735 8 0.325983
736 8 0.328899
737 8 0.374340
738 8 0.343850
739 8 0.366669
740 8 0.328605
741 8 0.311176
742 8 0.372725
743 8 0.438348
744 8 0.312453
745 8 0.301648
746 8 0.033449
747 8 0.327405
748 8 0.393030
749 8 0.379289
750 8 0.353885
751 8 0.368310
752 8 0.396432
753 8 0.256738
754 8 0.370855
755 8 0.311476
756 8 0.238930
757 8 0.343086
758 8 0.257490
759 8 0.346448
760 8 0.323644
761 8 0.299333
762 8 0.326878
763 8 0.279513
764 8 0.413337
765 8 0.355085
766 8 0.332710
767 8 0.330388
768 8 0.403648
769 8 0.096547
770 8 0.390945
771 8 0.280417
772 8 0.365651
773 8 0.324030
774 8 0.337975
775 8 0.328731
776 8 0.377897
777 8 0.295038
778 8 0.352719
779 8 0.350659
780 8 0.400429
781 8 0.315832
782 8 0.250166
783 8 0.199105
784 8 0.156959
785 8 0.301632
786 8 0.400006
787 8 0.310916
788 8 0.360925
789 8 0.030193
790 8 0.299124
791 8 0.338194
792 8 0.364860
793 8 0.590635
794 8 0.391290
795 8 0.395955
796 8 0.334673
797 8 0.306806
798 8 0.334769
799 8 0.350834
800 9 0.284701
801 9 0.312583
802 9 0.300986
803 9 0.335412
804 9 0.347811
805 9 0.351892
806 9 0.289476
807 9 0.249526
808 9 0.319618
809 9 0.348718
810 9 0.273603
811 9 0.320633
812 9 0.345758
813 9 0.312065
814 9 0.316341
815 9 0.303431
816 9 0.290767
817 9 0.404926
818 9 0.546893
819 9 0.318763
820 9 0.310823
821 9 0.359998
822 9 0.308428
823 9 0.327637
824 9 0.289794
825 9 0.252548
826 9 0.294147
827 9 0.280885
828 9 0.361289
829 9 0.265487
830 9 0.030267
831 9 0.357460
832 9 0.271798
833 9 0.277130
834 9 0.326799
835 9 0.080785
836 9 0.348257
837 9 0.288186
838 9 0.347576
839 9 0.297603
840 9 0.282895
841 9 0.306760
842 9 0.294331
843 9 0.352782
844 9 0.391403
845 9 0.261476
846 9 0.298594
847 9 0.312352
848 9 0.134186
849 9 0.309338
850 9 0.391582
851 9 0.372664
852 9 0.236189
853 9 0.305623
854 9 0.360656
855 9 0.267894
856 9 0.298317
857 9 0.303446
858 9 0.277459
859 9 0.302434
860 9 0.370529
861 9 0.294453
862 9 0.323226
863 9 0.301185
864 9 0.033532
865 9 0.291232
866 9 0.416612
867 9 0.278023
868 9 0.356694
869 9 0.247579
870 9 0.242748
871 9 0.291599
872 9 0.251606
873 9 0.291523
874 9 0.348978
875 9 0.345723
876 9 0.268661
877 9 0.260634
878 9 0.261017
879 9 0.277110
880 9 0.265693
881 9 0.361800
882 9 0.276442
883 9 0.333503
884 9 0.290672
885 9 0.316242
886 9 0.109188
887 9 0.297036
888 9 0.368649
889 9 0.364839
890 9 0.250643
891 9 0.487414
892 9 0.349385
893 9 0.246354
894 9 0.286710
895 9 0.393865
896 9 0.244154
897 9 0.258238
898 9 0.255066
899 9 0.351597
900 10 0.353254
901 10 0.228381
902 10 0.240726
903 10 0.325832
904 10 0.303260
905 10 0.355905
906 10 0.195118
907 10 0.218761
908 10 0.314381
909 10 0.337385
910 10 0.248652
911 10 0.356153
912 10 0.349307
913 10 0.248292
914 10 0.230469
915 10 0.310529
916 10 0.219701
917 10 0.292013
918 10 0.334757
919 10 0.280632
920 10 0.244459
921 10 0.342441
922 10 0.239989
923 10 0.283811
924 10 0.277073
925 10 0.408799
926 10 0.256028
927 10 0.292140
928 10 0.271283
929 10 0.319032
930 10 0.362725
931 10 0.282326
932 10 0.313061
933 10 0.241123
934 10 0.260157
935 10 0.280977
936 10 0.257669
937 10 0.317428
938 10 0.277388
939 10 0.281589
940 10 0.314223
941 10 0.236342
942 10 0.336328
943 10 0.030444
944 10 0.267018
945 10 0.306153
946 10 0.356721
947 10 0.260156
948 10 0.108946
949 10 0.321064
950 10 0.290304
951 10 0.294209
952 10 0.265022
953 10 0.276522
954 10 0.254193
955 10 0.498321
956 10 0.342677
957 10 0.261625
958 10 0.236223
959 10 0.262291
960 10 0.262564
961 10 0.290382
962 10 0.277291
963 10 0.310684
964 10 0.250058
965 10 0.297092
966 10 0.303705
967 10 0.242303
968 10 0.245216
969 10 0.253141
970 10 0.033637
971 10 0.303945
972 10 0.240504
973 10 0.133608
974 10 0.317842
975 10 0.259736
976 10 0.333560
977 10 0.237727
978 10 0.280099
979 10 0.335347
980 10 0.297377
981 10 0.298870
982 10 0.249688
983 10 0.139615
984 10 0.220454
985 10 0.288964
986 10 0.245420
987 10 0.342603
988 10 0.251171
989 10 0.250587
990 10 0.257531
991 10 0.275232
992 10 0.337999
993 10 0.292219
994 10 0.304258
995 10 0.381023
996 10 0.252687
997 10 0.291013
998 10 0.480724
999 10 0.252418
1000 11 0.472242
1001 11 0.332850
1002 11 0.200431
1003 11 0.298902
1004 11 0.277055
1005 11 0.321238
1006 11 0.141375
1007 11 0.265557
1008 11 0.212677
1009 11 0.280994
1010 11 0.263332
1011 11 0.260692
1012 11 0.228529
1013 11 0.403231
1014 11 0.216028
1015 11 0.294135
1016 11 0.326367
1017 11 0.133377
1018 11 0.267372
1019 11 0.236326
1020 11 0.239744
1021 11 0.282696
1022 11 0.230235
1023 11 0.220544
1024 11 0.242867
1025 11 0.281005
1026 11 0.274298
1027 11 0.189433
1028 11 0.273594
1029 11 0.288421
1030 11 0.288100
1031 11 0.366940
1032 11 0.251742
1033 11 0.305404
1034 11 0.234331
1035 11 0.291182
1036 11 0.251810
1037 11 0.030537
1038 11 0.263534
1039 11 0.226376
1040 11 0.201925
1041 11 0.277009
1042 11 0.283463
1043 11 0.226968
1044 11 0.257742
1045 11 0.277853
1046 11 0.277987
1047 11 0.291644
1048 11 0.207041
1049 11 0.193080
1050 11 0.033672
1051 11 0.251187
1052 11 0.269852
1053 11 0.275312
1054 11 0.272691
1055 11 0.262774
1056 11 0.382588
1057 11 0.265823
1058 11 0.316052
1059 11 0.324431
1060 11 0.303123
1061 11 0.266706
1062 11 0.333670
1063 11 0.300380
1064 11 0.242587
1065 11 0.344490
1066 11 0.248738
1067 11 0.279417
1068 11 0.219457
1069 11 0.198808
1070 11 0.071190
1071 11 0.262276
1072 11 0.313092
1073 11 0.193527
1074 11 0.230374
1075 11 0.256850
1076 11 0.257430
1077 11 0.248840
1078 11 0.302468
1079 11 0.257583
1080 11 0.239305
1081 11 0.301127
1082 11 0.187493
1083 11 0.216496
1084 11 0.241326
1085 11 0.337951
1086 11 0.297674
1087 11 0.226243
1088 11 0.220854
1089 11 0.259101
1090 11 0.218658
1091 11 0.255160
1092 11 0.195251
1093 11 0.282816
1094 11 0.306113
1095 11 0.215957
1096 11 0.201336
1097 11 0.215859
1098 11 0.238835
1099 11 0.300389
1100 12 0.203750
1101 12 0.259347
1102 12 0.244353
1103 12 0.238547
1104 12 0.213915
1105 12 0.187345
1106 12 0.276257
1107 12 0.241172
1108 12 0.224233
1109 12 0.231783
1110 12 0.290090
1111 12 0.329853
1112 12 0.265662
1113 12 0.206604
1114 12 0.278175
1115 12 0.324375
1116 12 0.108331
1117 12 0.259585
1118 12 0.251834
1119 12 0.289240
1120 12 0.205831
1121 12 0.214110
1122 12 0.214474
1123 12 0.288328
1124 12 0.251945
1125 12 0.327246
1126 12 0.281204
1127 12 0.217626
1128 12 0.241251
1129 12 0.166913
1130 12 0.260109
1131 12 0.240222
1132 12 0.270794
1133 12 0.279297
1134 12 0.231465
1135 12 0.273776
1136 12 0.306941
1137 12 0.247344
1138 12 0.318626
1139 12 0.237147
1140 12 0.217537
1141 12 0.248200
1142 12 0.246672
1143 12 0.309396
1144 12 0.209923
1145 12 0.215214
1146 12 0.359947
1147 12 0.254321
1148 12 0.190931
1149 12 0.330073
1150 12 0.266918
1151 12 0.258785
1152 12 0.030672
1153 12 0.173978
1154 12 0.230779
1155 12 0.224745
1156 12 0.193049
1157 12 0.224643
1158 12 0.033742
1159 12 0.264279
1160 12 0.187077
1161 12 0.252962
1162 12 0.207912
1163 12 0.239902
1164 12 0.250975
1165 12 0.224123
1166 12 0.221412
1167 12 0.443384
1168 12 0.240424
1169 12 0.219209
1170 12 0.241120
1171 12 0.274641
1172 12 0.293706
1173 12 0.100873
1174 12 0.289783
1175 12 0.215751
1176 12 0.248243
1177 12 0.247274
1178 12 0.250970
1179 12 0.254043
1180 12 0.218828
1181 12 0.289328
1182 12 0.279429
1183 12 0.234637
1184 12 0.387651
1185 12 0.254122
1186 12 0.163594
1187 12 0.195485
1188 12 0.263777
1189 12 0.182295
1190 12 0.210830
1191 12 0.219470
1192 12 0.227888
1193 12 0.193234
1194 12 0.289875
1195 12 0.246863
1196 12 0.247940
1197 12 0.162145
1198 12 0.264229
1199 12 0.265434
1200 13 0.234011
1201 13 0.168428
1202 13 0.289668
1203 13 0.212053
1204 13 0.275334
1205 13 0.232525
1206 13 0.261744
1207 13 0.370663
1208 13 0.260654
1209 13 0.279423
1210 13 0.305004
1211 13 0.264287
1212 13 0.306069
1213 13 0.211449
1214 13 0.202653
1215 13 0.223060
1216 13 0.290624
1217 13 0.208678
1218 13 0.232264
1219 13 0.233764
1220 13 0.248260
1221 13 0.228257
1222 13 0.230967
1223 13 0.253238
1224 13 0.241472
1225 13 0.033777
1226 13 0.200842
1227 13 0.244364
1228 13 0.249139
1229 13 0.199915
1230 13 0.280553
1231 13 0.099705
1232 13 0.196843
1233 13 0.260380
1234 13 0.257441
1235 13 0.251134
1236 13 0.214143
1237 13 0.226632
1238 13 0.238256
1239 13 0.297967
1240 13 0.246053
1241 13 0.217292
1242 13 0.178719
1243 13 0.204851
1244 13 0.211415
1245 13 0.108040
1246 13 0.329423
1247 13 0.201074
1248 13 0.239322
1249 13 0.253089
1250 13 0.209490
1251 13 0.305109
1252 13 0.188796
1253 13 0.212336
1254 13 0.229364
1255 13 0.210743
1256 13 0.230747
1257 13 0.264398
1258 13 0.228173
1259 13 0.274810
1260 13 0.251257
1261 13 0.224990
1262 13 0.315534
1263 13 0.268775
1264 13 0.241095
1265 13 0.310329
1266 13 0.263553
1267 13 0.219012
1268 13 0.290589
1269 13 0.220055
1270 13 0.207552
1271 13 0.216755
1272 13 0.214312
1273 13 0.200652
1274 13 0.212524
1275 13 0.227761
1276 13 0.297638
1277 13 0.252306
1278 13 0.262330
1279 13 0.226208
1280 13 0.251894
1281 13 0.153142
1282 13 0.216085
1283 13 0.262807
1284 13 0.167025
1285 13 0.187045
1286 13 0.180257
1287 13 0.192092
1288 13 0.244582
1289 13 0.222919
1290 13 0.294664
1291 13 0.241171
1292 13 0.229324
1293 13 0.204937
1294 13 0.394690
1295 13 0.441980
1296 13 0.289673
1297 13 0.197511
1298 13 0.030798
1299 13 0.131803
1300 14 0.195058
1301 14 0.382546
1302 14 0.284594
1303 14 0.263241
1304 14 0.271629
1305 14 0.217611
1306 14 0.260007
1307 14 0.180166
1308 14 0.352089
1309 14 0.279227
1310 14 0.237225
1311 14 0.240361
1312 14 0.225540
1313 14 0.170005
1314 14 0.267047
1315 14 0.215004
1316 14 0.238094
1317 14 0.178929
1318 14 0.269083
1319 14 0.093168
1320 14 0.213433
1321 14 0.245368
1322 14 0.107876
1323 14 0.201253
1324 14 0.033800
1325 14 0.219156
1326 14 0.233033
1327 14 0.187078
1328 14 0.198188
1329 14 0.264138
1330 14 0.230024
1331 14 0.161241
1332 14 0.215225
1333 14 0.227683
1334 14 0.207178
1335 14 0.235567
1336 14 0.210973
1337 14 0.229509
1338 14 0.196035
1339 14 0.209493
1340 14 0.251833
1341 14 0.132534
1342 14 0.168822
1343 14 0.365424
1344 14 0.217927
1345 14 0.256251
1346 14 0.261411
1347 14 0.195670
1348 14 0.222018
1349 14 0.211334
1350 14 0.242013
1351 14 0.316974
1352 14 0.271679
1353 14 0.161422
1354 14 0.235635
1355 14 0.289576
1356 14 0.255886
1357 14 0.201405
1358 14 0.201923
1359 14 0.315393
1360 14 0.249469
1361 14 0.288854
1362 14 0.327442
1363 14 0.204194
1364 14 0.226838
1365 14 0.223089
1366 14 0.195371
1367 14 0.188940
1368 14 0.242947
1369 14 0.209107
1370 14 0.191274
1371 14 0.174820
1372 14 0.166776
1373 14 0.278804
1374 14 0.207131
1375 14 0.203266
1376 14 0.245059
1377 14 0.175559
1378 14 0.217851
1379 14 0.298447
1380 14 0.196027
1381 14 0.204994
1382 14 0.175959
1383 14 0.168687
1384 14 0.227697
1385 14 0.294635
1386 14 0.213027
1387 14 0.189144
1388 14 0.230762
1389 14 0.230875
1390 14 0.264967
1391 14 0.275519
1392 14 0.030844
1393 14 0.189056
1394 14 0.172829
1395 14 0.252223
1396 14 0.302054
1397 14 0.271562
1398 14 0.220297
1399 14 0.267265
1400 15 0.239308
1401 15 0.205594
1402 15 0.185528
1403 15 0.213551
1404 15 0.263726
1405 15 0.172947
1406 15 0.277847
1407 15 0.235607
1408 15 0.238748
1409 15 0.254729
1410 15 0.246917
1411 15 0.227432
1412 15 0.260134
1413 15 0.204098
1414 15 0.220956
1415 15 0.223958
1416 15 0.220784
1417 15 0.207956
1418 15 0.070898
1419 15 0.243198
1420 15 0.234973
1421 15 0.229517
1422 15 0.253547
1423 15 0.252516
1424 15 0.250262
1425 15 0.213782
1426 15 0.199317
1427 15 0.167501
1428 15 0.158630
1429 15 0.239639
1430 15 0.238544
1431 15 0.190181
1432 15 0.293390
1433 15 0.126263
1434 15 0.151533
1435 15 0.363859
1436 15 0.240975
1437 15 0.212760
1438 15 0.198939
1439 15 0.176921
1440 15 0.203119
1441 15 0.170158
1442 15 0.247752
1443 15 0.195183
1444 15 0.164522
1445 15 0.232753
1446 15 0.206490
1447 15 0.231244
1448 15 0.212877
1449 15 0.213340
1450 15 0.229493
1451 15 0.254012
1452 15 0.203392
1453 15 0.273748
1454 15 0.214302
1455 15 0.238184
1456 15 0.233705
1457 15 0.174258
1458 15 0.168957
1459 15 0.225191
1460 15 0.198761
1461 15 0.153693
1462 15 0.176742
1463 15 0.030871
1464 15 0.165529
1465 15 0.244976
1466 15 0.224114
1467 15 0.393397
1468 15 0.225992
1469 15 0.199255
1470 15 0.264771
1471 15 0.390769
1472 15 0.276563
1473 15 0.244630
1474 15 0.207041
1475 15 0.238373
1476 15 0.213529
1477 15 0.212350
1478 15 0.210041
1479 15 0.253330
1480 15 0.239848
1481 15 0.278942
1482 15 0.200938
1483 15 0.180863
1484 15 0.182070
1485 15 0.211136
1486 15 0.169657
1487 15 0.184669
1488 15 0.260661
1489 15 0.234060
1490 15 0.226296
1491 15 0.238145
1492 15 0.205133
1493 15 0.219817
1494 15 0.213926
1495 15 0.227115
1496 15 0.209640
1497 15 0.173636
1498 15 0.248681
1499 15 0.201497
1500 16 0.244879
1501 16 0.155711
1502 16 0.209815
1503 16 0.153383
1504 16 0.214274
1505 16 0.173354
1506 16 0.058065
1507 16 0.145937
1508 16 0.190357
1509 16 0.157848
1510 16 0.218713
1511 16 0.217193
1512 16 0.222845
1513 16 0.200720
1514 16 0.211475
1515 16 0.238062
1516 16 0.147954
1517 16 0.313988
1518 16 0.177180
1519 16 0.208354
1520 16 0.154273
1521 16 0.248659
1522 16 0.227494
1523 16 0.219659
1524 16 0.239893
1525 16 0.180638
1526 16 0.172696
1527 16 0.215158
1528 16 0.194036
1529 16 0.280247
1530 16 0.272237
1531 16 0.178584
1532 16 0.221620
1533 16 0.132337
1534 16 0.131206
1535 16 0.171468
1536 16 0.238489
1537 16 0.367529
1538 16 0.235923
1539 16 0.208972
1540 16 0.233014
1541 16 0.209770
1542 16 0.280123
1543 16 0.186958
1544 16 0.210175
1545 16 0.176382
1546 16 0.172308
1547 16 0.255709
1548 16 0.277992
1549 16 0.175875
1550 16 0.246436
1551 16 0.218698
1552 16 0.150542
1553 16 0.163102
1554 16 0.393088
1555 16 0.244650
1556 16 0.157022
1557 16 0.132211
1558 16 0.192283
1559 16 0.208251
1560 16 0.181739
1561 16 0.159836
1562 16 0.277785
1563 16 0.203710
1564 16 0.182315
1565 16 0.207883
1566 16 0.185274
1567 16 0.218240
1568 16 0.192590
1569 16 0.270828
1570 16 0.240050
1571 16 0.214500
1572 16 0.185083
1573 16 0.199161
1574 16 0.070748
1575 16 0.193234
1576 16 0.205862
1577 16 0.186128
1578 16 0.242034
1579 16 0.223807
1580 16 0.197714
1581 16 0.278588
1582 16 0.200450
1583 16 0.171699
1584 16 0.184409
1585 16 0.204919
1586 16 0.230951
1587 16 0.184382
1588 16 0.250923
1589 16 0.182642
1590 16 0.198440
1591 16 0.033824
1592 16 0.224145
1593 16 0.161177
1594 16 0.207689
1595 16 0.256562
1596 16 0.216272
1597 16 0.211098
1598 16 0.236683
1599 16 0.276417
1600 17 0.132128
1601 17 0.198936
1602 17 0.287420
1603 17 0.264093
1604 17 0.182311
1605 17 0.315111
1606 17 0.262404
1607 17 0.186588
1608 17 0.217204
1609 17 0.222139
1610 17 0.178992
1611 17 0.184676
1612 17 0.214326
1613 17 0.307378
1614 17 0.370632
1615 17 0.070678
1616 17 0.162950
1617 17 0.216238
1618 17 0.146919
1619 17 0.222594
1620 17 0.182795
1621 17 0.163013
1622 17 0.205115
1623 17 0.174657
1624 17 0.234797
1625 17 0.183089
1626 17 0.184972
1627 17 0.200976
1628 17 0.193993
1629 17 0.139831
1630 17 0.142747
1631 17 0.210930
1632 17 0.225129
1633 17 0.201016
1634 17 0.221197
1635 17 0.228666
1636 17 0.218972
1637 17 0.142858
1638 17 0.228354
1639 17 0.167787
1640 17 0.223917
1641 17 0.306437
1642 17 0.165508
1643 17 0.175228
1644 17 0.202301
1645 17 0.209299
1646 17 0.233426
1647 17 0.228783
1648 17 0.217816
1649 17 0.138809
1650 17 0.216317
1651 17 0.198496
1652 17 0.219752
1653 17 0.211628
1654 17 0.170269
1655 17 0.227137
1656 17 0.030909
1657 17 0.171747
1658 17 0.161521
1659 17 0.280979
1660 17 0.366923
1661 17 0.263716
1662 17 0.196881
1663 17 0.119522
1664 17 0.217305
1665 17 0.033816
1666 17 0.238538
1667 17 0.191126
1668 17 0.251015
1669 17 0.183790
1670 17 0.289919
1671 17 0.178463
1672 17 0.201468
1673 17 0.240789
1674 17 0.224138
1675 17 0.238728
1676 17 0.233412
1677 17 0.241031
1678 17 0.236411
1679 17 0.171430
1680 17 0.214434
1681 17 0.331300
1682 17 0.204880
1683 17 0.190931
1684 17 0.192569
1685 17 0.217520
1686 17 0.250503
1687 17 0.171226
1688 17 0.187285
1689 17 0.250684
1690 17 0.245346
1691 17 0.241533
1692 17 0.180979
1693 17 0.155554
1694 17 0.159279
1695 17 0.131431
1696 17 0.231957
1697 17 0.206679
1698 17 0.185589
1699 17 0.207381
1700 18 0.159843
1701 18 0.161819
1702 18 0.214921
1703 18 0.267299
1704 18 0.195780
1705 18 0.361910
1706 18 0.204917
1707 18 0.247043
1708 18 0.148533
1709 18 0.140851
1710 18 0.243312
1711 18 0.185179
1712 18 0.228555
1713 18 0.139217
1714 18 0.169239
1715 18 0.214225
1716 18 0.190277
1717 18 0.254149
1718 18 0.180586
1719 18 0.155580
1720 18 0.204566
1721 18 0.193526
1722 18 0.219145
1723 18 0.228257
1724 18 0.168767
1725 18 0.194686
1726 18 0.180261
1727 18 0.194896
1728 18 0.190339
1729 18 0.218005
1730 18 0.221614
1731 18 0.258047
1732 18 0.167709
1733 18 0.291645
1734 18 0.190377
1735 18 0.174354
1736 18 0.169115
1737 18 0.161153
1738 18 0.228851
1739 18 0.189079
1740 18 0.195132
1741 18 0.118244
1742 18 0.070577
1743 18 0.188912
1744 18 0.119728
1745 18 0.265061
1746 18 0.233892
1747 18 0.168125
1748 18 0.210576
1749 18 0.225405
1750 18 0.171100
1751 18 0.361481
1752 18 0.159011
1753 18 0.268132
1754 18 0.133841
1755 18 0.156736
1756 18 0.147011
1757 18 0.196189
1758 18 0.199671
1759 18 0.271218
1760 18 0.261208
1761 18 0.186223
1762 18 0.186195
1763 18 0.203769
1764 18 0.128795
1765 18 0.199298
1766 18 0.232327
1767 18 0.166435
1768 18 0.187130
1769 18 0.280394
1770 18 0.390892
1771 18 0.214555
1772 18 0.212282
1773 18 0.030912
1774 18 0.133160
1775 18 0.196694
1776 18 0.185374
1777 18 0.180802
1778 18 0.239612
1779 18 0.204681
1780 18 0.182299
1781 18 0.198452
1782 18 0.136547
1783 18 0.203660
1784 18 0.213028
1785 18 0.262159
1786 18 0.143148
1787 18 0.143336
1788 18 0.227411
1789 18 0.217304
1790 18 0.236428
1791 18 0.154807
1792 18 0.239263
1793 18 0.125807
1794 18 0.189382
1795 18 0.134876
1796 18 0.033776
1797 18 0.167623
1798 18 0.216316
1799 18 0.173997
1800 19 0.248233
1801 19 0.165325
1802 19 0.143220
1803 19 0.211159
1804 19 0.216691
1805 19 0.232143
1806 19 0.181458
1807 19 0.169411
1808 19 0.195947
1809 19 0.289169
1810 19 0.182895
1811 19 0.140858
1812 19 0.162007
1813 19 0.190239
1814 19 0.251708
1815 19 0.169695
1816 19 0.180180
1817 19 0.244467
1818 19 0.190934
1819 19 0.168930
1820 19 0.285358
1821 19 0.270624
1822 19 0.227457
1823 19 0.030898
1824 19 0.190733
1825 19 0.206038
1826 19 0.161598
1827 19 0.208008
1828 19 0.249683
1829 19 0.229060
1830 19 0.193164
1831 19 0.198737
1832 19 0.176773
1833 19 0.160449
1834 19 0.204614
1835 19 0.070463
1836 19 0.208989
1837 19 0.242081
1838 19 0.192781
1839 19 0.166117
1840 19 0.168670
1841 19 0.203520
1842 19 0.213508
1843 19 0.252397
1844 19 0.292892
1845 19 0.172679
1846 19 0.194069
1847 19 0.135045
1848 19 0.146125
1849 19 0.210643
1850 19 0.160568
1851 19 0.033744
1852 19 0.163552
1853 19 0.212387
1854 19 0.169634
1855 19 0.268754
1856 19 0.177645
1857 19 0.185918
1858 19 0.174668
1859 19 0.186665
1860 19 0.179404
1861 19 0.172363
1862 19 0.167000
1863 19 0.262450
1864 19 0.199154
1865 19 0.202077
1866 19 0.167176
1867 19 0.209375
1868 19 0.209982
1869 19 0.171736
1870 19 0.168021
1871 19 0.370076
1872 19 0.180374
1873 19 0.200072
1874 19 0.214613
1875 19 0.178825
1876 19 0.187089
1877 19 0.178824
1878 19 0.408746
1879 19 0.170838
1880 19 0.187060
1881 19 0.129716
1882 19 0.107050
1883 19 0.184499
1884 19 0.223278
1885 19 0.189422
1886 19 0.194281
1887 19 0.178860
1888 19 0.152216
1889 19 0.214704
1890 19 0.244127
1891 19 0.219163
1892 19 0.168050
1893 19 0.242291
1894 19 0.175860
1895 19 0.169784
1896 19 0.229501
1897 19 0.181039
1898 19 0.131644
1899 19 0.180939
1900 20 0.168401
1901 20 0.194587
1902 20 0.156047
1903 20 0.190693
1904 20 0.216887
1905 20 0.241458
1906 20 0.138788
1907 20 0.188721
1908 20 0.216626
1909 20 0.160984
1910 20 0.165713
1911 20 0.161069
1912 20 0.182780
1913 20 0.175934
1914 20 0.221021
1915 20 0.221216
1916 20 0.213458
1917 20 0.192200
1918 20 0.244378
1919 20 0.106972
1920 20 0.219410
1921 20 0.206457
1922 20 0.176302
1923 20 0.169837
1924 20 0.189028
1925 20 0.182574
1926 20 0.186011
1927 20 0.184197
1928 20 0.178547
1929 20 0.167105
1930 20 0.368929
1931 20 0.258195
1932 20 0.194885
1933 20 0.229842
1934 20 0.179869
1935 20 0.162737
1936 20 0.177765
1937 20 0.030868
1938 20 0.272496
1939 20 0.160741
1940 20 0.197033
1941 20 0.197039
1942 20 0.127207
1943 20 0.176891
1944 20 0.131529
1945 20 0.219394
1946 20 0.223987
1947 20 0.184078
1948 20 0.172332
1949 20 0.199285
1950 20 0.144652
1951 20 0.189262
1952 20 0.198319
1953 20 0.113501
1954 20 0.127506
1955 20 0.230080
1956 20 0.162876
1957 20 0.223909
1958 20 0.208587
1959 20 0.193277
1960 20 0.213144
1961 20 0.070280
1962 20 0.181969
1963 20 0.033705
1964 20 0.159340
1965 20 0.178963
1966 20 0.182302
1967 20 0.186348
1968 20 0.176354
1969 20 0.282600
1970 20 0.181372
1971 20 0.150163
1972 20 0.214345
1973 20 0.140367
1974 20 0.229975
1975 20 0.158216
1976 20 0.185228
1977 20 0.244966
1978 20 0.285646
1979 20 0.138333
1980 20 0.295080
1981 20 0.168616
1982 20 0.235466
1983 20 0.343564
1984 20 0.183549
1985 20 0.197661
1986 20 0.144163
1987 20 0.207941
1988 20 0.172026
1989 20 0.219643
1990 20 0.205445
1991 20 0.197740
1992 20 0.219448
1993 20 0.254319
1994 20 0.212062
1995 20 0.233687
1996 20 0.219535
1997 20 0.174530
1998 20 0.175930
1999 20 0.146767
2000 21 0.266138
2001 21 0.215655
2002 21 0.182096
2003 21 0.244382
2004 21 0.189531
2005 21 0.166820
2006 21 0.191505
2007 21 0.157709
2008 21 0.203473
2009 21 0.193205
2010 21 0.184912
2011 21 0.177176
2012 21 0.304888
2013 21 0.180759
2014 21 0.201781
2015 21 0.167743
2016 21 0.255489
2017 21 0.223879
2018 21 0.360876
2019 21 0.208349
2020 21 0.188293
2021 21 0.204980
2022 21 0.296997
2023 21 0.162224
2024 21 0.122064
2025 21 0.203544
2026 21 0.162883
2027 21 0.170019
2028 21 0.165211
2029 21 0.239070
2030 21 0.121277
2031 21 0.214518
2032 21 0.217653
2033 21 0.251291
2034 21 0.156000
2035 21 0.261380
2036 21 0.172146
2037 21 0.070212
2038 21 0.180389
2039 21 0.098130
2040 21 0.190411
2041 21 0.195985
2042 21 0.199549
2043 21 0.201067
2044 21 0.143418
2045 21 0.215228
2046 21 0.147894
2047 21 0.224642
2048 21 0.260088
2049 21 0.170298
2050 21 0.094207
2051 21 0.106780
2052 21 0.215861
2053 21 0.207407
2054 21 0.258772
2055 21 0.158887
2056 21 0.225837
2057 21 0.195689
2058 21 0.033671
2059 21 0.154001
2060 21 0.115909
2061 21 0.275141
2062 21 0.127516
2063 21 0.242447
2064 21 0.206688
2065 21 0.208462
2066 21 0.229984
2067 21 0.201292
2068 21 0.220208
2069 21 0.253047
2070 21 0.156920
2071 21 0.180094
2072 21 0.211048
2073 21 0.203728
2074 21 0.207660
2075 21 0.183152
2076 21 0.188219
2077 21 0.195142
2078 21 0.197311
2079 21 0.208703
2080 21 0.146024
2081 21 0.248792
2082 21 0.174242
2083 21 0.175867
2084 21 0.030829
2085 21 0.181444
2086 21 0.173599
2087 21 0.136950
2088 21 0.170642
2089 21 0.228491
2090 21 0.131241
2091 21 0.132551
2092 21 0.342747
2093 21 0.288940
2094 21 0.197174
2095 21 0.183347
2096 21 0.130508
2097 21 0.184329
2098 21 0.189686
2099 21 0.181345
2100 22 0.199761
2101 22 0.163506
2102 22 0.174331
2103 22 0.144978
2104 22 0.266377
2105 22 0.312845
2106 22 0.156165
2107 22 0.231655
2108 22 0.164008
2109 22 0.030811
2110 22 0.167309
2111 22 0.145478
2112 22 0.231364
2113 22 0.215453
2114 22 0.033632
2115 22 0.179568
2116 22 0.150684
2117 22 0.212248
2118 22 0.248774
2119 22 0.165657
2120 22 0.107461
2121 22 0.212409
2122 22 0.207761
2123 22 0.189866
2124 22 0.160358
2125 22 0.214638
2126 22 0.234993
2127 22 0.250720
2128 22 0.173080
2129 22 0.144344
2130 22 0.144842
2131 22 0.183514
2132 22 0.202857
2133 22 0.219138
2134 22 0.175205
2135 22 0.209689
2136 22 0.200095
2137 22 0.207996
2138 22 0.143234
2139 22 0.300353
2140 22 0.153917
2141 22 0.141193
2142 22 0.171147
2143 22 0.142712
2144 22 0.203879
2145 22 0.176530
2146 22 0.213836
2147 22 0.183841
2148 22 0.355521
2149 22 0.222000
2150 22 0.147242
2151 22 0.263392
2152 22 0.154954
2153 22 0.133858
2154 22 0.288308
2155 22 0.106597
2156 22 0.167616
2157 22 0.157509
2158 22 0.192293
2159 22 0.175076
2160 22 0.159358
2161 22 0.106414
2162 22 0.173159
2163 22 0.158356
2164 22 0.305216
2165 22 0.138896
2166 22 0.378294
2167 22 0.232731
2168 22 0.132834
2169 22 0.327178
2170 22 0.145528
2171 22 0.145053
2172 22 0.206989
2173 22 0.218236
2174 22 0.140647
2175 22 0.143798
2176 22 0.191008
2177 22 0.070026
2178 22 0.165078
2179 22 0.180380
2180 22 0.207321
2181 22 0.179406
2182 22 0.174470
2183 22 0.171920
2184 22 0.208402
2185 22 0.204607
2186 22 0.215940
2187 22 0.224268
2188 22 0.190698
2189 22 0.202339
2190 22 0.174388
2191 22 0.153491
2192 22 0.137788
2193 22 0.209140
2194 22 0.131049
2195 22 0.166272
2196 22 0.134344
2197 22 0.213743
2198 22 0.222782
2199 22 0.121342
2200 23 0.206396
2201 23 0.177125
2202 23 0.223338
2203 23 0.165237
2204 23 0.211320
2205 23 0.164655
2206 23 0.161928
2207 23 0.290222
2208 23 0.133468
2209 23 0.209179
2210 23 0.159061
2211 23 0.184361
2212 23 0.175372
2213 23 0.275960
2214 23 0.157661
2215 23 0.254191
2216 23 0.147625
2217 23 0.282088
2218 23 0.194015
2219 23 0.172486
2220 23 0.214903
2221 23 0.238206
2222 23 0.231280
2223 23 0.205091
2224 23 0.183309
2225 23 0.200402
2226 23 0.137518
2227 23 0.232776
2228 23 0.162305
2229 23 0.030751
2230 23 0.202866
2231 23 0.174953
2232 23 0.218335
2233 23 0.127980
2234 23 0.218086
2235 23 0.191431
2236 23 0.151734
2237 23 0.255698
2238 23 0.186414
2239 23 0.186599
2240 23 0.181172
2241 23 0.186249
2242 23 0.211815
2243 23 0.132921
2244 23 0.216962
2245 23 0.227716
2246 23 0.163061
2247 23 0.197560
2248 23 0.176000
2249 23 0.151986
2250 23 0.220732
2251 23 0.126241
2252 23 0.220664
2253 23 0.177998
2254 23 0.134311
2255 23 0.168224
2256 23 0.166833
2257 23 0.118856
2258 23 0.218713
2259 23 0.213767
2260 23 0.184853
2261 23 0.087380
2262 23 0.238533
2263 23 0.169186
2264 23 0.135554
2265 23 0.207900
2266 23 0.204586
2267 23 0.170963
2268 23 0.165004
2269 23 0.222108
2270 23 0.127761
2271 23 0.173696
2272 23 0.246561
2273 23 0.139531
2274 23 0.152151
2275 23 0.157051
2276 23 0.127800
2277 23 0.385137
2278 23 0.158794
2279 23 0.214616
2280 23 0.174921
2281 23 0.106392
2282 23 0.316470
2283 23 0.117001
2284 23 0.199064
2285 23 0.211279
2286 23 0.150163
2287 23 0.246151
2288 23 0.204709
2289 23 0.173126
2290 23 0.146068
2291 23 0.235484
2292 23 0.199258
2293 23 0.147765
2294 23 0.173629
2295 23 0.052184
2296 23 0.185381
2297 23 0.069878
2298 23 0.163230
2299 23 0.199387
2300 24 0.219856
2301 24 0.216943
2302 24 0.271628
2303 24 0.178151
2304 24 0.340805
2305 24 0.220831
2306 24 0.201658
2307 24 0.178031
2308 24 0.173381
2309 24 0.305274
2310 24 0.158463
2311 24 0.190378
2312 24 0.177865
2313 24 0.226646
2314 24 0.188007
2315 24 0.144274
2316 24 0.275582
2317 24 0.164183
2318 24 0.267712
2319 24 0.243179
2320 24 0.133713
2321 24 0.179728
2322 24 0.183227
2323 24 0.110816
2324 24 0.146838
2325 24 0.033518
2326 24 0.189167
2327 24 0.145148
2328 24 0.159910
2329 24 0.105460
2330 24 0.187483
2331 24 0.169846
2332 24 0.147954
2333 24 0.207902
2334 24 0.203901
2335 24 0.189388
2336 24 0.234192
2337 24 0.183367
2338 24 0.166424
2339 24 0.203754
2340 24 0.235710
2341 24 0.104892
2342 24 0.317333
2343 24 0.205969
2344 24 0.218402
2345 24 0.262542
2346 24 0.228799
2347 24 0.181139
2348 24 0.269327
2349 24 0.116189
2350 24 0.144878
2351 24 0.182013
2352 24 0.150235
2353 24 0.178788
2354 24 0.121925
2355 24 0.175871
2356 24 0.160082
2357 24 0.221936
2358 24 0.251793
2359 24 0.186205
2360 24 0.171373
2361 24 0.166162
2362 24 0.149428
2363 24 0.154129
2364 24 0.123523
2365 24 0.237204
2366 24 0.128927
2367 24 0.175854
2368 24 0.207977
2369 24 0.177031
2370 24 0.140396
2371 24 0.199252
2372 24 0.159432
2373 24 0.146251
2374 24 0.111435
2375 24 0.236843
2376 24 0.120581
2377 24 0.145820
2378 24 0.150056
2379 24 0.195953
2380 24 0.205950
2381 24 0.140986
2382 24 0.149679
2383 24 0.148173
2384 24 0.210434
2385 24 0.173968
2386 24 0.030689
2387 24 0.216993
2388 24 0.130654
2389 24 0.125445
2390 24 0.140142
2391 24 0.144603
2392 24 0.187926
2393 24 0.343237
2394 24 0.069733
2395 24 0.191058
2396 24 0.191510
2397 24 0.253818
2398 24 0.175716
2399 24 0.162803
2400 25 0.137123
2401 25 0.217031
2402 25 0.342791
2403 25 0.149779
2404 25 0.156105
2405 25 0.235568
2406 25 0.173724
2407 25 0.153200
2408 25 0.134859
2409 25 0.222595
2410 25 0.190384
2411 25 0.144035
2412 25 0.159808
2413 25 0.207381
2414 25 0.208429
2415 25 0.167753
2416 25 0.106108
2417 25 0.171812
2418 25 0.220356
2419 25 0.139716
2420 25 0.189050
2421 25 0.137201
2422 25 0.091188
2423 25 0.187902
2424 25 0.133749
2425 25 0.213422
2426 25 0.172732
2427 25 0.033438
2428 25 0.125355
2429 25 0.128748
2430 25 0.185533
2431 25 0.199667
2432 25 0.138353
2433 25 0.206765
2434 25 0.231175
2435 25 0.108190
2436 25 0.176630
2437 25 0.192852
2438 25 0.173856
2439 25 0.380720
2440 25 0.198324
2441 25 0.242940
2442 25 0.200023
2443 25 0.204196
2444 25 0.289448
2445 25 0.145927
2446 25 0.030621
2447 25 0.143241
2448 25 0.159956
2449 25 0.151828
2450 25 0.215389
2451 25 0.161166
2452 25 0.179292
2453 25 0.190116
2454 25 0.260716
2455 25 0.189186
2456 25 0.191201
2457 25 0.125611
2458 25 0.146133
2459 25 0.192093
2460 25 0.211520
2461 25 0.141093
2462 25 0.206733
2463 25 0.156870
2464 25 0.213288
2465 25 0.299695
2466 25 0.178934
2467 25 0.270174
2468 25 0.208951
2469 25 0.161590
2470 25 0.194863
2471 25 0.231899
2472 25 0.155569
2473 25 0.153478
2474 25 0.183674
2475 25 0.155768
2476 25 0.171799
2477 25 0.141502
2478 25 0.248574
2479 25 0.146958
2480 25 0.195914
2481 25 0.156002
2482 25 0.195767
2483 25 0.119186
2484 25 0.225021
2485 25 0.162861
2486 25 0.176818
2487 25 0.152677
2488 25 0.112176
2489 25 0.167879
2490 25 0.209499
2491 25 0.153590
2492 25 0.198094
2493 25 0.122747
2494 25 0.211223
2495 25 0.245941
2496 25 0.176708
2497 25 0.218833
2498 25 0.131766
2499 25 0.127354
2500 26 0.157542
2501 26 0.187583
2502 26 0.125597
2503 26 0.197564
2504 26 0.149029
2505 26 0.169877
2506 26 0.160034
2507 26 0.159039
2508 26 0.178487
2509 26 0.175452
2510 26 0.118599
2511 26 0.147408
2512 26 0.205505
2513 26 0.138253
2514 26 0.178083
2515 26 0.176704
2516 26 0.193422
2517 26 0.125352
2518 26 0.257971
2519 26 0.213377
2520 26 0.141099
2521 26 0.204028
2522 26 0.173566
2523 26 0.203568
2524 26 0.217674
2525 26 0.157827
2526 26 0.190416
2527 26 0.152390
2528 26 0.207831
2529 26 0.114671
2530 26 0.168069
2531 26 0.175077
2532 26 0.183823
2533 26 0.157153
2534 26 0.220582
2535 26 0.214192
2536 26 0.161571
2537 26 0.172839
2538 26 0.147185
2539 26 0.167606
2540 26 0.206196
2541 26 0.180359
2542 26 0.069490
2543 26 0.146427
2544 26 0.198546
2545 26 0.148381
2546 26 0.154804
2547 26 0.117292
2548 26 0.215272
2549 26 0.139569
2550 26 0.146842
2551 26 0.030588
2552 26 0.205698
2553 26 0.152810
2554 26 0.175626
2555 26 0.249756
2556 26 0.215233
2557 26 0.193395
2558 26 0.175314
2559 26 0.202778
2560 26 0.114854
2561 26 0.187227
2562 26 0.198247
2563 26 0.134055
2564 26 0.193699
2565 26 0.124504
2566 26 0.145334
2567 26 0.167872
2568 26 0.173636
2569 26 0.150142
2570 26 0.227391
2571 26 0.161226
2572 26 0.176312
2573 26 0.219551
2574 26 0.283282
2575 26 0.135964
2576 26 0.220172
2577 26 0.130228
2578 26 0.137060
2579 26 0.188090
2580 26 0.269898
2581 26 0.156118
2582 26 0.204197
2583 26 0.137936
2584 26 0.178396
2585 26 0.137633
2586 26 0.143752
2587 26 0.227114
2588 26 0.185982
2589 26 0.191042
2590 26 0.136378
2591 26 0.278985
2592 26 0.033349
2593 26 0.175047
2594 26 0.322921
2595 26 0.197850
2596 26 0.220606
2597 26 0.197594
2598 26 0.390837
2599 26 0.104912
2600 27 0.233411
2601 27 0.324229
2602 27 0.129694
2603 27 0.187869
2604 27 0.136061
2605 27 0.173316
2606 27 0.226192
2607 27 0.176837
2608 27 0.271065
2609 27 0.117684
2610 27 0.156793
2611 27 0.184833
2612 27 0.199757
2613 27 0.165885
2614 27 0.312222
2615 27 0.129168
2616 27 0.114085
2617 27 0.188313
2618 27 0.157209
2619 27 0.162165
2620 27 0.200506
2621 27 0.179495
2622 27 0.207232
2623 27 0.199571
2624 27 0.219021
2625 27 0.138209
2626 27 0.133441
2627 27 0.147579
2628 27 0.164068
2629 27 0.150561
2630 27 0.169811
2631 27 0.189574
2632 27 0.165046
2633 27 0.176138
2634 27 0.137533
2635 27 0.151848
2636 27 0.244781
2637 27 0.214155
2638 27 0.179337
2639 27 0.214898
2640 27 0.165399
2641 27 0.138845
2642 27 0.222068
2643 27 0.157765
2644 27 0.120493
2645 27 0.188966
2646 27 0.190899
2647 27 0.130202
2648 27 0.033334
2649 27 0.142215
2650 27 0.207696
2651 27 0.194624
2652 27 0.136533
2653 27 0.184189
2654 27 0.198729
2655 27 0.107107
2656 27 0.176921
2657 27 0.086120
2658 27 0.219416
2659 27 0.128576
2660 27 0.172397
2661 27 0.211328
2662 27 0.175874
2663 27 0.212811
2664 27 0.190090
2665 27 0.125336
2666 27 0.030545
2667 27 0.188551
2668 27 0.336829
2669 27 0.123673
2670 27 0.177354
2671 27 0.215496
2672 27 0.153511
2673 27 0.177869
2674 27 0.130095
2675 27 0.139694
2676 27 0.158732
2677 27 0.149497
2678 27 0.166843
2679 27 0.193624
2680 27 0.165872
2681 27 0.203084
2682 27 0.144854
2683 27 0.163164
2684 27 0.069320
2685 27 0.125757
2686 27 0.200975
2687 27 0.112191
2688 27 0.250612
2689 27 0.208081
2690 27 0.265732
2691 27 0.162491
2692 27 0.120059
2693 27 0.176398
2694 27 0.113180
2695 27 0.137696
2696 27 0.119907
2697 27 0.189752
2698 27 0.157656
2699 27 0.103052
2700 28 0.156655
2701 28 0.122460
2702 28 0.164404
2703 28 0.181559
2704 28 0.204225
2705 28 0.199159
2706 28 0.138984
2707 28 0.193524
2708 28 0.173261
2709 28 0.161563
2710 28 0.139388
2711 28 0.185470
2712 28 0.181601
2713 28 0.030494
2714 28 0.105606
2715 28 0.167131
2716 28 0.155337
2717 28 0.264620
2718 28 0.126812
2719 28 0.224030
2720 28 0.125247
2721 28 0.330434
2722 28 0.197602
2723 28 0.158963
2724 28 0.088398
2725 28 0.144962
2726 28 0.143293
2727 28 0.210081
2728 28 0.183690
2729 28 0.151085
2730 28 0.174510
2731 28 0.160077
2732 28 0.216039
2733 28 0.181556
2734 28 0.119814
2735 28 0.315659
2736 28 0.151165
2737 28 0.125859
2738 28 0.089872
2739 28 0.129815
2740 28 0.130548
2741 28 0.197999
2742 28 0.213268
2743 28 0.113130
2744 28 0.207216
2745 28 0.175502
2746 28 0.144128
2747 28 0.187772
2748 28 0.271976
2749 28 0.171415
2750 28 0.166267
2751 28 0.192223
2752 28 0.110510
2753 28 0.191325
2754 28 0.153767
2755 28 0.136946
2756 28 0.137659
2757 28 0.245609
2758 28 0.127200
2759 28 0.233647
2760 28 0.157338
2761 28 0.243322
2762 28 0.163031
2763 28 0.145857
2764 28 0.149870
2765 28 0.152866
2766 28 0.050882
2767 28 0.124016
2768 28 0.166451
2769 28 0.210870
2770 28 0.200240
2771 28 0.201550
2772 28 0.142572
2773 28 0.141643
2774 28 0.134136
2775 28 0.222293
2776 28 0.170683
2777 28 0.284153
2778 28 0.188161
2779 28 0.314427
2780 28 0.258428
2781 28 0.103487
2782 28 0.220243
2783 28 0.135773
2784 28 0.202573
2785 28 0.128481
2786 28 0.162576
2787 28 0.199597
2788 28 0.150008
2789 28 0.134592
2790 28 0.177316
2791 28 0.078375
2792 28 0.225663
2793 28 0.166333
2794 28 0.219596
2795 28 0.203881
2796 28 0.168407
2797 28 0.173284
2798 28 0.092161
2799 28 0.209129
2800 29 0.192215
2801 29 0.135633
2802 29 0.156863
2803 29 0.095921
2804 29 0.138483
2805 29 0.136528
2806 29 0.157390
2807 29 0.185569
2808 29 0.147559
2809 29 0.160577
2810 29 0.136476
2811 29 0.243665
2812 29 0.215191
2813 29 0.153760
2814 29 0.128692
2815 29 0.198360
2816 29 0.180461
2817 29 0.201035
2818 29 0.149713
2819 29 0.151705
2820 29 0.191003
2821 29 0.211667
2822 29 0.288796
2823 29 0.177377
2824 29 0.193274
2825 29 0.139726
2826 29 0.227844
2827 29 0.210768
2828 29 0.076107
2829 29 0.151632
2830 29 0.179663
2831 29 0.165671
2832 29 0.183474
2833 29 0.184611
2834 29 0.141997
2835 29 0.151124
2836 29 0.155578
2837 29 0.183666
2838 29 0.148061
2839 29 0.115917
2840 29 0.221323
2841 29 0.294754
2842 29 0.158878
2843 29 0.175552
2844 29 0.146990
2845 29 0.188415
2846 29 0.168273
2847 29 0.115521
2848 29 0.184538
2849 29 0.033209
2850 29 0.388330
2851 29 0.214262
2852 29 0.189371
2853 29 0.107921
2854 29 0.149371
2855 29 0.195073
2856 29 0.171897
2857 29 0.183541
2858 29 0.116907
2859 29 0.195555
2860 29 0.126277
2861 29 0.137861
2862 29 0.030436
2863 29 0.261280
2864 29 0.168545
2865 29 0.176480
2866 29 0.175855
2867 29 0.157695
2868 29 0.193726
2869 29 0.088198
2870 29 0.233157
2871 29 0.113035
2872 29 0.172859
2873 29 0.140187
2874 29 0.132090
2875 29 0.152075
2876 29 0.182552
2877 29 0.101414
2878 29 0.195917
2879 29 0.127672
2880 29 0.168592
2881 29 0.179169
2882 29 0.174691
2883 29 0.129327
2884 29 0.189571
2885 29 0.152510
2886 29 0.149893
2887 29 0.158726
2888 29 0.181281
2889 29 0.210170
2890 29 0.147093
2891 29 0.171188
2892 29 0.200957
2893 29 0.069025
2894 29 0.204656
2895 29 0.145214
2896 29 0.212539
2897 29 0.190583
2898 29 0.129549
2899 29 0.212618
2900 30 0.033159
2901 30 0.156236
2902 30 0.159194
2903 30 0.141835
2904 30 0.244712
2905 30 0.114770
2906 30 0.160408
2907 30 0.171078
2908 30 0.196951
2909 30 0.143920
2910 30 0.125062
2911 30 0.146004
2912 30 0.181623
2913 30 0.129793
2914 30 0.199021
2915 30 0.128584
2916 30 0.205674
2917 30 0.196870
2918 30 0.181287
2919 30 0.175784
2920 30 0.191090
2921 30 0.178263
2922 30 0.149301
2923 30 0.179261
2924 30 0.211431
2925 30 0.158670
2926 30 0.229515
2927 30 0.191472
2928 30 0.068901
2929 30 0.158327
2930 30 0.175157
2931 30 0.213445
2932 30 0.178512
2933 30 0.199165
2934 30 0.134229
2935 30 0.174284
2936 30 0.206753
2937 30 0.232414
2938 30 0.135431
2939 30 0.030341
2940 30 0.086477
2941 30 0.136417
2942 30 0.205814
2943 30 0.162183
2944 30 0.160289
2945 30 0.112801
2946 30 0.168175
2947 30 0.292110
2948 30 0.162708
2949 30 0.135318
2950 30 0.208402
2951 30 0.201097
2952 30 0.338333
2953 30 0.129348
2954 30 0.156654
2955 30 0.116255
2956 30 0.224586
2957 30 0.179896
2958 30 0.227888
2959 30 0.098211
2960 30 0.200747
2961 30 0.191715
2962 30 0.102108
2963 30 0.158184
2964 30 0.115420
2965 30 0.155986
2966 30 0.149548
2967 30 0.131638
2968 30 0.131164
2969 30 0.161305
2970 30 0.159472
2971 30 0.169959
2972 30 0.182796
2973 30 0.196130
2974 30 0.229775
2975 30 0.206938
2976 30 0.163121
2977 30 0.166845
2978 30 0.118938
2979 30 0.130868
2980 30 0.183080
2981 30 0.145412
2982 30 0.153241
2983 30 0.136887
2984 30 0.169496
2985 30 0.130240
2986 30 0.162632
2987 30 0.162810
2988 30 0.224075
2989 30 0.159971
2990 30 0.174477
2991 30 0.151782
2992 30 0.129038
2993 30 0.163290
2994 30 0.199896
2995 30 0.156191
2996 30 0.191852
2997 30 0.167488
2998 30 0.110656
2999 30 0.137087
