# Batch convergence for: model=snn-ae encoding=direct architecture=dense v_th=1.5 alpha=0.99 run=3
batch_num epoch batch_loss
0 1 1.205782
1 1 1.347794
2 1 1.109717
3 1 1.229274
4 1 1.605095
5 1 1.232345
6 1 1.102874
7 1 1.405442
8 1 1.200705
9 1 1.181146
10 1 1.203657
11 1 1.170866
12 1 1.179929
13 1 1.271987
14 1 1.230889
15 1 1.176196
16 1 1.138939
17 1 1.124816
18 1 1.253893
19 1 1.229807
20 1 1.052549
21 1 1.044937
22 1 1.005733
23 1 1.043057
24 1 1.044784
25 1 1.036447
26 1 1.080996
27 1 1.053765
28 1 1.096159
29 1 1.120287
30 1 1.048893
31 1 1.180649
32 1 1.067467
33 1 1.059409
34 1 1.031524
35 1 1.012677
36 1 1.147324
37 1 1.130117
38 1 0.999835
39 1 1.000048
40 1 0.992034
41 1 0.999787
42 1 1.157985
43 1 1.094717
44 1 1.177849
45 1 1.075175
46 1 1.085276
47 1 1.021433
48 1 1.000243
49 1 1.141930
50 1 1.193171
51 1 1.000268
52 1 1.072666
53 1 1.103206
54 1 1.000199
55 1 0.999672
56 1 1.226407
57 1 1.274192
58 1 1.258990
59 1 1.152703
60 1 1.000239
61 1 1.177860
62 1 1.070831
63 1 1.316583
64 1 1.267907
65 1 1.017480
66 1 1.190049
67 1 1.247893
68 1 1.048726
69 1 1.132707
70 1 1.070343
71 1 1.061262
72 1 1.306131
73 1 1.252396
74 1 1.044405
75 1 1.103278
76 1 1.256803
77 1 1.091810
78 1 1.052152
79 1 1.086086
80 1 1.044277
81 1 1.149173
82 1 1.092069
83 1 1.193444
84 1 1.180398
85 1 1.077976
86 1 1.095441
87 1 1.196948
88 1 0.999936
89 1 1.068098
90 1 0.988203
91 1 1.000622
92 1 0.999355
93 1 1.019966
94 1 1.079985
95 1 1.232211
96 1 1.030020
97 1 1.132608
98 1 1.033830
99 1 1.050590
100 2 1.062700
101 2 1.026609
102 2 1.029390
103 2 1.011658
104 2 1.000153
105 2 1.063642
106 2 1.028137
107 2 1.000494
108 2 0.999585
109 2 1.131406
110 2 0.999559
111 2 0.999203
112 2 0.999392
113 2 1.000377
114 2 1.022457
115 2 1.018792
116 2 1.100603
117 2 1.008882
118 2 1.103648
119 2 1.127951
120 2 1.178077
121 2 1.034593
122 2 1.000091
123 2 1.150329
124 2 1.047659
125 2 1.038864
126 2 1.199735
127 2 1.153816
128 2 1.040026
129 2 1.036165
130 2 1.024874
131 2 1.119311
132 2 1.261117
133 2 1.053664
134 2 1.199483
135 2 1.186265
136 2 1.080121
137 2 0.999761
138 2 1.157560
139 2 1.089435
140 2 1.299097
141 2 1.023557
142 2 1.112536
143 2 1.097110
144 2 0.999760
145 2 1.057701
146 2 1.054749
147 2 0.999763
148 2 1.026853
149 2 1.022045
150 2 1.040580
151 2 1.035872
152 2 1.060486
153 2 1.054767
154 2 0.998513
155 2 1.041802
156 2 1.121363
157 2 1.240070
158 2 0.989026
159 2 0.999944
160 2 1.019593
161 2 1.348834
162 2 1.064705
163 2 1.284018
164 2 1.360659
165 2 1.024940
166 2 1.042298
167 2 1.098843
168 2 1.159113
169 2 1.170559
170 2 1.059844
171 2 1.033265
172 2 0.999892
173 2 1.059947
174 2 1.073229
175 2 1.091961
176 2 1.148678
177 2 1.133526
178 2 1.170914
179 2 1.206625
180 2 1.347944
181 2 1.212445
182 2 1.135949
183 2 1.156691
184 2 1.000552
185 2 1.148079
186 2 1.000029
187 2 1.060912
188 2 0.999378
189 2 1.110279
190 2 1.029495
191 2 0.993035
192 2 1.019327
193 2 1.168252
194 2 1.175825
195 2 1.037657
196 2 1.175989
197 2 1.038990
198 2 1.179788
199 2 1.045478
200 3 1.180810
201 3 1.072847
202 3 0.999673
203 3 1.121507
204 3 0.998389
205 3 1.034247
206 3 1.123502
207 3 0.980954
208 3 1.059294
209 3 1.000424
210 3 1.105875
211 3 1.044176
212 3 0.999581
213 3 0.999329
214 3 1.045389
215 3 1.013299
216 3 1.000592
217 3 1.071233
218 3 1.000670
219 3 1.074254
220 3 0.999490
221 3 0.996598
222 3 0.998972
223 3 1.065647
224 3 1.067750
225 3 1.152418
226 3 1.034932
227 3 1.079385
228 3 1.000250
229 3 0.998136
230 3 1.049482
231 3 0.998278
232 3 1.096125
233 3 1.048168
234 3 1.129144
235 3 1.137670
236 3 1.000793
237 3 1.028012
238 3 1.066755
239 3 1.001094
240 3 1.000055
241 3 1.017068
242 3 1.000206
243 3 1.064655
244 3 1.068930
245 3 1.058520
246 3 1.043999
247 3 1.187967
248 3 1.150146
249 3 1.049617
250 3 1.118668
251 3 1.050135
252 3 1.017408
253 3 1.147859
254 3 1.027623
255 3 1.169974
256 3 1.130324
257 3 1.090777
258 3 1.143357
259 3 1.092612
260 3 1.122545
261 3 1.000543
262 3 1.079131
263 3 1.127581
264 3 1.155640
265 3 1.005160
266 3 1.163418
267 3 1.188712
268 3 1.141915
269 3 1.197301
270 3 1.055515
271 3 1.000419
272 3 1.001296
273 3 1.042139
274 3 0.999543
275 3 1.079859
276 3 0.997929
277 3 1.120147
278 3 0.999229
279 3 1.058619
280 3 1.056156
281 3 1.089889
282 3 1.024073
283 3 1.157036
284 3 1.035206
285 3 1.100852
286 3 1.191155
287 3 1.001545
288 3 1.102918
289 3 1.119528
290 3 0.999551
291 3 1.038886
292 3 1.075561
293 3 1.035464
294 3 1.027000
295 3 1.080767
296 3 0.998388
297 3 1.120540
298 3 1.323964
299 3 1.040366
300 4 1.216459
301 4 0.996988
302 4 1.065736
303 4 0.998102
304 4 1.093678
305 4 1.106776
306 4 1.027804
307 4 1.117145
308 4 0.999688
309 4 1.000103
310 4 1.021103
311 4 1.070580
312 4 1.122360
313 4 1.162902
314 4 0.999066
315 4 1.104828
316 4 1.148471
317 4 1.232814
318 4 1.127002
319 4 1.012784
320 4 1.022776
321 4 1.030236
322 4 0.998509
323 4 1.066950
324 4 1.034297
325 4 1.034538
326 4 1.154601
327 4 1.057577
328 4 1.052649
329 4 0.997505
330 4 0.999422
331 4 1.103352
332 4 1.060976
333 4 0.999760
334 4 1.039969
335 4 1.116680
336 4 1.040879
337 4 1.237464
338 4 1.072267
339 4 1.036821
340 4 1.119877
341 4 1.000406
342 4 1.030832
343 4 0.997459
344 4 0.998255
345 4 1.025841
346 4 1.079665
347 4 1.046502
348 4 0.998129
349 4 0.999961
350 4 1.102641
351 4 0.998629
352 4 1.196797
353 4 1.208875
354 4 1.154621
355 4 1.019352
356 4 1.209205
357 4 1.019098
358 4 0.985651
359 4 1.066607
360 4 1.055921
361 4 1.092868
362 4 0.999421
363 4 1.144018
364 4 1.012915
365 4 1.028310
366 4 1.001630
367 4 0.983654
368 4 1.054418
369 4 1.084077
370 4 1.074998
371 4 1.107627
372 4 1.000750
373 4 1.044216
374 4 1.000377
375 4 1.082290
376 4 1.028710
377 4 1.000230
378 4 0.994090
379 4 1.000766
380 4 1.212569
381 4 1.159998
382 4 1.002422
383 4 1.001402
384 4 1.000233
385 4 1.014236
386 4 0.998292
387 4 1.000705
388 4 1.097702
389 4 0.978504
390 4 1.023076
391 4 1.135716
392 4 1.017846
393 4 0.998766
394 4 0.999906
395 4 1.090559
396 4 0.999457
397 4 1.037488
398 4 0.998300
399 4 1.067496
400 5 1.070068
401 5 1.016291
402 5 1.002324
403 5 1.117805
404 5 1.017538
405 5 1.051146
406 5 1.042182
407 5 1.087192
408 5 0.997395
409 5 0.984525
410 5 1.077612
411 5 1.001259
412 5 1.026773
413 5 0.996881
414 5 1.045849
415 5 0.999793
416 5 0.996885
417 5 0.997458
418 5 1.085289
419 5 0.997650
420 5 1.046063
421 5 1.018695
422 5 1.081717
423 5 1.139390
424 5 1.148114
425 5 1.083887
426 5 1.069159
427 5 1.088372
428 5 1.237346
429 5 1.144192
430 5 1.099806
431 5 1.120414
432 5 1.218374
433 5 1.152649
434 5 1.055397
435 5 0.993603
436 5 1.088092
437 5 1.029951
438 5 0.995842
439 5 1.057617
440 5 0.999606
441 5 1.068049
442 5 1.201397
443 5 1.074383
444 5 1.117519
445 5 1.218854
446 5 1.102139
447 5 1.264495
448 5 1.019985
449 5 0.990514
450 5 1.070744
451 5 1.116688
452 5 1.136528
453 5 1.116137
454 5 1.093347
455 5 0.999090
456 5 1.013560
457 5 1.101164
458 5 1.001444
459 5 0.997788
460 5 0.998309
461 5 1.056815
462 5 1.024229
463 5 1.002216
464 5 0.997952
465 5 0.997136
466 5 1.022247
467 5 1.057354
468 5 1.053564
469 5 1.119176
470 5 1.002175
471 5 0.997365
472 5 0.999981
473 5 0.999038
474 5 1.000030
475 5 1.105279
476 5 1.125805
477 5 0.999869
478 5 1.049818
479 5 0.996323
480 5 1.000888
481 5 1.040465
482 5 1.077926
483 5 0.997330
484 5 0.990242
485 5 1.002358
486 5 0.996538
487 5 1.000651
488 5 0.995827
489 5 1.150495
490 5 0.998653
491 5 0.997873
492 5 1.054199
493 5 1.047093
494 5 1.102436
495 5 1.002031
496 5 1.036008
497 5 0.999717
498 5 1.090327
499 5 1.020025
500 6 1.025637
501 6 1.117643
502 6 0.999631
503 6 1.028074
504 6 1.075075
505 6 0.998426
506 6 1.001243
507 6 1.154220
508 6 1.079076
509 6 0.996529
510 6 1.189580
511 6 1.069058
512 6 1.035351
513 6 1.053228
514 6 1.012914
515 6 1.051883
516 6 1.036592
517 6 0.996698
518 6 1.032842
519 6 1.087048
520 6 1.111923
521 6 1.075417
522 6 1.016120
523 6 1.100560
524 6 1.013228
525 6 0.997650
526 6 0.976137
527 6 1.088334
528 6 1.010478
529 6 1.039828
530 6 1.147015
531 6 0.998962
532 6 0.989816
533 6 0.997781
534 6 0.997797
535 6 1.059804
536 6 1.213361
537 6 0.997572
538 6 1.127528
539 6 1.123368
540 6 1.027897
541 6 1.085877
542 6 1.028512
543 6 1.092277
544 6 0.998637
545 6 1.022801
546 6 1.000590
547 6 1.166980
548 6 1.123397
549 6 1.040151
550 6 1.002470
551 6 1.038405
552 6 0.999130
553 6 1.061172
554 6 1.041009
555 6 1.000390
556 6 1.007493
557 6 1.118769
558 6 1.091274
559 6 1.052246
560 6 1.060689
561 6 1.015007
562 6 0.997606
563 6 0.998930
564 6 1.074804
565 6 1.049070
566 6 1.071838
567 6 1.000727
568 6 1.107238
569 6 1.032662
570 6 1.042017
571 6 0.998744
572 6 0.999982
573 6 1.043541
574 6 1.066086
575 6 1.011132
576 6 0.979621
577 6 0.999266
578 6 1.050487
579 6 1.043339
580 6 0.997213
581 6 1.001938
582 6 1.027917
583 6 1.025792
584 6 1.034644
585 6 1.015941
586 6 0.977712
587 6 0.998176
588 6 1.048869
589 6 0.997354
590 6 1.001903
591 6 1.077402
592 6 1.000134
593 6 1.052543
594 6 1.022495
595 6 0.999328
596 6 1.071904
597 6 1.004229
598 6 1.012910
599 6 0.997452
600 7 1.024736
601 7 1.034005
602 7 1.033170
603 7 1.024098
604 7 1.041130
605 7 1.061737
606 7 1.087115
607 7 1.173418
608 7 1.001123
609 7 1.045216
610 7 1.217546
611 7 1.050009
612 7 1.013155
613 7 1.098994
614 7 0.998744
615 7 0.994350
616 7 0.996277
617 7 0.998560
618 7 0.988268
619 7 1.173651
620 7 1.029897
621 7 1.041370
622 7 1.268971
623 7 0.999925
624 7 1.110696
625 7 1.069152
626 7 1.133920
627 7 0.999908
628 7 1.071816
629 7 1.106104
630 7 1.001191
631 7 1.082478
632 7 1.092945
633 7 0.998723
634 7 1.028564
635 7 0.999080
636 7 0.998038
637 7 1.000357
638 7 1.030380
639 7 0.999724
640 7 1.018934
641 7 1.048986
642 7 0.997101
643 7 0.998939
644 7 1.084797
645 7 1.081043
646 7 1.000772
647 7 1.010350
648 7 0.999617
649 7 1.018033
650 7 1.027985
651 7 1.089547
652 7 1.024627
653 7 1.092345
654 7 1.065510
655 7 0.999219
656 7 1.285474
657 7 1.051599
658 7 1.163215
659 7 1.074807
660 7 1.082352
661 7 1.042470
662 7 0.998357
663 7 0.996135
664 7 1.122862
665 7 1.101357
666 7 1.240926
667 7 1.022290
668 7 1.116650
669 7 1.000388
670 7 1.032229
671 7 1.076142
672 7 1.002220
673 7 1.111840
674 7 1.002961
675 7 1.054905
676 7 1.078782
677 7 1.003560
678 7 1.058489
679 7 1.003182
680 7 1.008615
681 7 0.995331
682 7 1.073403
683 7 1.003797
684 7 1.032567
685 7 1.062000
686 7 1.051479
687 7 0.999745
688 7 1.011296
689 7 1.003017
690 7 1.067019
691 7 0.986530
692 7 1.044368
693 7 0.980627
694 7 0.995754
695 7 1.006511
696 7 0.998918
697 7 1.084466
698 7 1.041783
699 7 0.998722
700 8 1.059948
701 8 1.002274
702 8 1.059436
703 8 0.997422
704 8 1.069679
705 8 1.001972
706 8 1.014241
707 8 1.124296
708 8 1.005059
709 8 1.000246
710 8 1.047353
711 8 0.998156
712 8 1.028502
713 8 1.038985
714 8 1.003094
715 8 1.000476
716 8 1.039970
717 8 0.997806
718 8 0.996811
719 8 1.013549
720 8 1.000403
721 8 1.071244
722 8 1.002630
723 8 1.010693
724 8 1.011689
725 8 0.998671
726 8 0.995537
727 8 1.035830
728 8 1.000611
729 8 1.063554
730 8 1.023235
731 8 1.159754
732 8 1.036571
733 8 1.229832
734 8 1.014590
735 8 1.024969
736 8 1.020021
737 8 0.997794
738 8 1.176497
739 8 1.019103
740 8 1.034072
741 8 0.996758
742 8 1.184837
743 8 1.031622
744 8 1.087148
745 8 1.090151
746 8 0.994479
747 8 1.023537
748 8 0.999079
749 8 0.999839
750 8 0.998266
751 8 1.000055
752 8 1.082594
753 8 0.994003
754 8 1.076625
755 8 0.998990
756 8 1.065318
757 8 1.026429
758 8 0.995439
759 8 1.037547
760 8 1.022846
761 8 1.000079
762 8 0.999601
763 8 1.111243
764 8 1.029410
765 8 1.117381
766 8 0.999117
767 8 0.999555
768 8 1.047918
769 8 0.994526
770 8 1.016885
771 8 1.020604
772 8 1.036402
773 8 1.001904
774 8 0.995993
775 8 0.998832
776 8 0.996622
777 8 0.993670
778 8 1.111971
779 8 1.029625
780 8 0.996822
781 8 1.016535
782 8 1.106891
783 8 1.140208
784 8 1.007382
785 8 0.992969
786 8 1.038328
787 8 0.992351
788 8 0.994452
789 8 0.994234
790 8 1.054876
791 8 1.041143
792 8 1.016366
793 8 1.002502
794 8 0.994280
795 8 0.996894
796 8 1.011104
797 8 1.006495
798 8 0.986819
799 8 1.050538
800 9 1.087951
801 9 1.012683
802 9 1.077550
803 9 1.000880
804 9 1.002641
805 9 1.058237
806 9 1.003757
807 9 1.077397
808 9 0.993719
809 9 1.032968
810 9 0.995477
811 9 1.080211
812 9 1.000730
813 9 1.142589
814 9 0.996645
815 9 1.079666
816 9 1.052406
817 9 1.083184
818 9 1.062788
819 9 1.024080
820 9 1.062304
821 9 1.113474
822 9 0.998485
823 9 1.046626
824 9 1.035688
825 9 1.042211
826 9 0.992108
827 9 1.208650
828 9 1.000682
829 9 1.023776
830 9 0.993981
831 9 1.055640
832 9 1.000514
833 9 1.051498
834 9 1.028738
835 9 0.980650
836 9 0.992422
837 9 1.010545
838 9 1.001705
839 9 0.986256
840 9 1.035826
841 9 0.998843
842 9 0.996263
843 9 0.996640
844 9 1.119943
845 9 1.064752
846 9 1.025609
847 9 1.001587
848 9 1.023628
849 9 1.021427
850 9 0.997878
851 9 1.019613
852 9 0.994873
853 9 0.996231
854 9 0.997097
855 9 1.068649
856 9 1.031541
857 9 0.993893
858 9 0.994155
859 9 0.996033
860 9 0.999216
861 9 0.998685
862 9 0.998934
863 9 1.092230
864 9 0.993409
865 9 1.017382
866 9 1.015620
867 9 1.248915
868 9 1.146478
869 9 1.093587
870 9 1.046326
871 9 1.041285
872 9 0.993129
873 9 0.999360
874 9 1.047124
875 9 0.997803
876 9 0.999314
877 9 1.015934
878 9 1.021974
879 9 0.994500
880 9 1.000007
881 9 1.012384
882 9 1.052036
883 9 0.988489
884 9 0.999655
885 9 0.996922
886 9 0.959466
887 9 1.051620
888 9 1.003522
889 9 0.998233
890 9 0.978188
891 9 1.023350
892 9 1.022271
893 9 1.011286
894 9 1.023705
895 9 1.066108
896 9 1.045461
897 9 1.043481
898 9 1.114809
899 9 1.061994
900 10 1.057935
901 10 1.031164
902 10 1.030211
903 10 1.057053
904 10 0.998893
905 10 1.038229
906 10 0.983847
907 10 1.061275
908 10 0.999829
909 10 1.031848
910 10 1.042776
911 10 0.996135
912 10 1.041914
913 10 0.996156
914 10 1.047986
915 10 1.084034
916 10 1.023897
917 10 0.992658
918 10 1.077863
919 10 1.074675
920 10 1.047938
921 10 1.080252
922 10 0.998528
923 10 1.087678
924 10 0.996836
925 10 1.000957
926 10 1.077750
927 10 1.131830
928 10 1.101350
929 10 0.998709
930 10 1.012434
931 10 1.055740
932 10 1.001126
933 10 0.998369
934 10 1.025134
935 10 0.996150
936 10 1.068339
937 10 1.000143
938 10 0.994042
939 10 0.997611
940 10 0.995630
941 10 0.996105
942 10 1.002039
943 10 0.993258
944 10 0.994544
945 10 1.036765
946 10 1.085827
947 10 1.027727
948 10 1.029725
949 10 1.023668
950 10 0.996360
951 10 1.004030
952 10 1.050266
953 10 0.997507
954 10 0.997148
955 10 1.070251
956 10 1.000143
957 10 1.048168
958 10 0.994352
959 10 1.041625
960 10 1.060611
961 10 1.069877
962 10 1.030674
963 10 1.016822
964 10 1.051299
965 10 1.048817
966 10 0.994248
967 10 1.070323
968 10 0.998876
969 10 1.002132
970 10 0.992793
971 10 0.984411
972 10 1.033671
973 10 1.022192
974 10 1.084661
975 10 0.999945
976 10 1.048961
977 10 1.061785
978 10 1.112965
979 10 1.002263
980 10 1.102030
981 10 1.097277
982 10 1.012674
983 10 1.087435
984 10 1.022302
985 10 0.977101
986 10 1.045226
987 10 1.076543
988 10 0.996880
989 10 1.014530
990 10 0.999185
991 10 0.996848
992 10 0.996681
993 10 1.083771
994 10 0.998794
995 10 0.997338
996 10 1.015741
997 10 1.062834
998 10 1.088780
999 10 0.997531
1000 11 1.003148
1001 11 1.098264
1002 11 1.006007
1003 11 1.125622
1004 11 1.036246
1005 11 0.971202
1006 11 1.089745
1007 11 1.006919
1008 11 1.037044
1009 11 0.998301
1010 11 1.090846
1011 11 1.047446
1012 11 1.190893
1013 11 1.057920
1014 11 1.099095
1015 11 1.055889
1016 11 1.163049
1017 11 0.995139
1018 11 1.001022
1019 11 1.054850
1020 11 1.021475
1021 11 0.957129
1022 11 1.089871
1023 11 1.015244
1024 11 1.001029
1025 11 1.054216
1026 11 1.059844
1027 11 1.048487
1028 11 1.085045
1029 11 1.133752
1030 11 0.995617
1031 11 1.103721
1032 11 1.001858
1033 11 0.980340
1034 11 0.993418
1035 11 0.999941
1036 11 0.998150
1037 11 1.067657
1038 11 1.028809
1039 11 1.137602
1040 11 1.106777
1041 11 0.995220
1042 11 1.045006
1043 11 0.994023
1044 11 1.031936
1045 11 0.998052
1046 11 1.077138
1047 11 1.004313
1048 11 0.991860
1049 11 1.033731
1050 11 0.992074
1051 11 0.997574
1052 11 0.998241
1053 11 0.992721
1054 11 0.998365
1055 11 0.999035
1056 11 1.004319
1057 11 1.072809
1058 11 1.145857
1059 11 0.996614
1060 11 0.995307
1061 11 1.086391
1062 11 0.998881
1063 11 0.997504
1064 11 1.034149
1065 11 1.005327
1066 11 1.032865
1067 11 1.001291
1068 11 1.001478
1069 11 1.092153
1070 11 1.012933
1071 11 1.165745
1072 11 0.997280
1073 11 1.041306
1074 11 0.999968
1075 11 1.027106
1076 11 1.033566
1077 11 1.082883
1078 11 0.995146
1079 11 0.998514
1080 11 0.997233
1081 11 0.991246
1082 11 1.000717
1083 11 1.000136
1084 11 1.055618
1085 11 1.088991
1086 11 0.999619
1087 11 1.032907
1088 11 1.046742
1089 11 0.995751
1090 11 1.078183
1091 11 1.027911
1092 11 1.062774
1093 11 0.997540
1094 11 0.999547
1095 11 1.112034
1096 11 0.993299
1097 11 1.061580
1098 11 0.998552
1099 11 0.995635
1100 12 1.041833
1101 12 1.006768
1102 12 1.018520
1103 12 0.997214
1104 12 1.084592
1105 12 1.095687
1106 12 1.020385
1107 12 0.998879
1108 12 1.064728
1109 12 1.000052
1110 12 1.042190
1111 12 0.989977
1112 12 0.999817
1113 12 1.004527
1114 12 1.000352
1115 12 1.171428
1116 12 0.976840
1117 12 0.992897
1118 12 1.084117
1119 12 1.067656
1120 12 1.129380
1121 12 0.996442
1122 12 0.997846
1123 12 1.019181
1124 12 0.996628
1125 12 1.047205
1126 12 1.105370
1127 12 1.015529
1128 12 1.006050
1129 12 0.990975
1130 12 1.038149
1131 12 0.996163
1132 12 0.985649
1133 12 1.054522
1134 12 1.021443
1135 12 0.994081
1136 12 0.995418
1137 12 0.999594
1138 12 1.108972
1139 12 1.040644
1140 12 1.041077
1141 12 1.029755
1142 12 0.992901
1143 12 0.999394
1144 12 1.000569
1145 12 1.033745
1146 12 1.147537
1147 12 1.100195
1148 12 0.987525
1149 12 1.024722
1150 12 1.001199
1151 12 1.002568
1152 12 1.018040
1153 12 1.035626
1154 12 1.008050
1155 12 1.031089
1156 12 1.031857
1157 12 1.016895
1158 12 0.961143
1159 12 0.999026
1160 12 1.003570
1161 12 1.022619
1162 12 0.998061
1163 12 1.004818
1164 12 0.998099
1165 12 1.160263
1166 12 0.995136
1167 12 1.003545
1168 12 1.000708
1169 12 0.995690
1170 12 0.998200
1171 12 1.004491
1172 12 0.998532
1173 12 0.991438
1174 12 1.001511
1175 12 0.998622
1176 12 0.992138
1177 12 0.992861
1178 12 0.997117
1179 12 0.998834
1180 12 0.992941
1181 12 1.085224
1182 12 1.002540
1183 12 1.020149
1184 12 1.003681
1185 12 1.018905
1186 12 0.992581
1187 12 1.089476
1188 12 0.994779
1189 12 0.987149
1190 12 1.086151
1191 12 1.002438
1192 12 0.993545
1193 12 0.995696
1194 12 1.037550
1195 12 1.030875
1196 12 1.027164
1197 12 1.073539
1198 12 1.008153
1199 12 1.089577
1200 13 1.040863
1201 13 1.038054
1202 13 1.013681
1203 13 0.995570
1204 13 1.002352
1205 13 1.015471
1206 13 0.994874
1207 13 1.002395
1208 13 1.004902
1209 13 1.001043
1210 13 1.020955
1211 13 0.998444
1212 13 0.996882
1213 13 0.992854
1214 13 0.995775
1215 13 1.055136
1216 13 0.999952
1217 13 1.028834
1218 13 1.007105
1219 13 0.999988
1220 13 0.992434
1221 13 1.073799
1222 13 1.110401
1223 13 1.030667
1224 13 1.039641
1225 13 1.032854
1226 13 0.996660
1227 13 1.025297
1228 13 1.088762
1229 13 1.019211
1230 13 0.996153
1231 13 1.002955
1232 13 0.998808
1233 13 1.030875
1234 13 1.064651
1235 13 1.046406
1236 13 0.997434
1237 13 1.005592
1238 13 1.114905
1239 13 1.066445
1240 13 0.997839
1241 13 0.984084
1242 13 1.040423
1243 13 1.023616
1244 13 0.992316
1245 13 1.173794
1246 13 1.143348
1247 13 1.012318
1248 13 1.021479
1249 13 1.081334
1250 13 1.006653
1251 13 1.123370
1252 13 1.113913
1253 13 0.993333
1254 13 1.091473
1255 13 1.179098
1256 13 1.031599
1257 13 0.997636
1258 13 0.994321
1259 13 1.040659
1260 13 1.065527
1261 13 0.977724
1262 13 0.999648
1263 13 0.961262
1264 13 0.997944
1265 13 1.032642
1266 13 0.998477
1267 13 1.065833
1268 13 0.991481
1269 13 1.028158
1270 13 1.073629
1271 13 0.994096
1272 13 1.000955
1273 13 0.998953
1274 13 1.043748
1275 13 1.046874
1276 13 1.092201
1277 13 1.002625
1278 13 1.000403
1279 13 0.989991
1280 13 0.996944
1281 13 0.990010
1282 13 0.999524
1283 13 1.085022
1284 13 1.065676
1285 13 0.999690
1286 13 1.013747
1287 13 1.062865
1288 13 1.025432
1289 13 1.093378
1290 13 0.996167
1291 13 0.998363
1292 13 0.998593
1293 13 0.994658
1294 13 1.058062
1295 13 1.003873
1296 13 1.121672
1297 13 1.024008
1298 13 0.990658
1299 13 0.991969
1300 14 1.163132
1301 14 1.036817
1302 14 1.022012
1303 14 1.000407
1304 14 0.997335
1305 14 1.057535
1306 14 0.999774
1307 14 1.027544
1308 14 1.006705
1309 14 1.005263
1310 14 0.994304
1311 14 0.960476
1312 14 1.030870
1313 14 1.045879
1314 14 0.998200
1315 14 1.075039
1316 14 1.005917
1317 14 1.002600
1318 14 1.001415
1319 14 0.990604
1320 14 1.048112
1321 14 0.996663
1322 14 1.085154
1323 14 1.050577
1324 14 1.071056
1325 14 1.016558
1326 14 1.038155
1327 14 0.974424
1328 14 1.038123
1329 14 1.027903
1330 14 0.996594
1331 14 1.000859
1332 14 1.005079
1333 14 1.037239
1334 14 0.998485
1335 14 1.010169
1336 14 0.994478
1337 14 1.038888
1338 14 0.991867
1339 14 1.124936
1340 14 1.019658
1341 14 0.977049
1342 14 1.138106
1343 14 1.050003
1344 14 1.105326
1345 14 0.994118
1346 14 1.012015
1347 14 0.992743
1348 14 0.977734
1349 14 0.996636
1350 14 0.999178
1351 14 1.004259
1352 14 0.991464
1353 14 0.988137
1354 14 1.002881
1355 14 0.998376
1356 14 1.072864
1357 14 1.036725
1358 14 1.029844
1359 14 1.046439
1360 14 1.102558
1361 14 1.035426
1362 14 0.994762
1363 14 0.989425
1364 14 1.011379
1365 14 1.129883
1366 14 0.996654
1367 14 1.067660
1368 14 1.087648
1369 14 1.014108
1370 14 0.992683
1371 14 0.993658
1372 14 1.094221
1373 14 1.045357
1374 14 0.999563
1375 14 0.985623
1376 14 0.997771
1377 14 0.991627
1378 14 0.994370
1379 14 0.991520
1380 14 1.071583
1381 14 1.036258
1382 14 0.995543
1383 14 1.001600
1384 14 0.999724
1385 14 1.002994
1386 14 1.020332
1387 14 1.030512
1388 14 1.067249
1389 14 1.038019
1390 14 0.998053
1391 14 1.098683
1392 14 0.998479
1393 14 1.049784
1394 14 1.004481
1395 14 1.004419
1396 14 1.001339
1397 14 1.030905
1398 14 0.998672
1399 14 1.001782
1400 15 0.999357
1401 15 1.035280
1402 15 1.033636
1403 15 1.028895
1404 15 1.020061
1405 15 1.018452
1406 15 1.001197
1407 15 1.064027
1408 15 1.000016
1409 15 0.974962
1410 15 1.065809
1411 15 1.095347
1412 15 1.035738
1413 15 1.031461
1414 15 1.069595
1415 15 0.997075
1416 15 0.983014
1417 15 1.075796
1418 15 0.989887
1419 15 1.024415
1420 15 0.999408
1421 15 1.042795
1422 15 1.046735
1423 15 1.031715
1424 15 1.042106
1425 15 0.995701
1426 15 0.998640
1427 15 0.998610
1428 15 1.011926
1429 15 1.005586
1430 15 0.996860
1431 15 1.010566
1432 15 1.076532
1433 15 1.043529
1434 15 1.049161
1435 15 1.046942
1436 15 1.040157
1437 15 1.026812
1438 15 1.062260
1439 15 1.033840
1440 15 1.037553
1441 15 0.988360
1442 15 1.094917
1443 15 0.996699
1444 15 1.067963
1445 15 1.039033
1446 15 1.038676
1447 15 1.002979
1448 15 0.999248
1449 15 1.008975
1450 15 1.048604
1451 15 0.994632
1452 15 0.992946
1453 15 0.996258
1454 15 1.038256
1455 15 1.002883
1456 15 1.026764
1457 15 0.991026
1458 15 0.989657
1459 15 1.088307
1460 15 1.000821
1461 15 0.994474
1462 15 1.081005
1463 15 0.989485
1464 15 1.040231
1465 15 1.005305
1466 15 1.008831
1467 15 1.008481
1468 15 0.998063
1469 15 0.997703
1470 15 1.005915
1471 15 1.004500
1472 15 0.992039
1473 15 1.041141
1474 15 0.992154
1475 15 0.999365
1476 15 0.991276
1477 15 0.989405
1478 15 1.006604
1479 15 1.007642
1480 15 1.071203
1481 15 0.985988
1482 15 1.045251
1483 15 1.014164
1484 15 1.016597
1485 15 1.018399
1486 15 0.997646
1487 15 0.996260
1488 15 0.990255
1489 15 0.999687
1490 15 0.995224
1491 15 1.002107
1492 15 0.993515
1493 15 0.994036
1494 15 0.995170
1495 15 1.038574
1496 15 1.032762
1497 15 0.998650
1498 15 0.996087
1499 15 0.994824
1500 16 0.999978
1501 16 0.995479
1502 16 0.999368
1503 16 0.988294
1504 16 0.993813
1505 16 0.999565
1506 16 0.972156
1507 16 1.076626
1508 16 1.023510
1509 16 1.011601
1510 16 0.995492
1511 16 0.971616
1512 16 1.004750
1513 16 0.993187
1514 16 0.991632
1515 16 1.002897
1516 16 0.999581
1517 16 1.005996
1518 16 0.998501
1519 16 1.002949
1520 16 0.997498
1521 16 1.001940
1522 16 0.997460
1523 16 0.996003
1524 16 1.063207
1525 16 0.997955
1526 16 1.075950
1527 16 0.993019
1528 16 0.997136
1529 16 1.047996
1530 16 0.995499
1531 16 1.057682
1532 16 1.003413
1533 16 1.046182
1534 16 1.019247
1535 16 1.045140
1536 16 1.037680
1537 16 1.055670
1538 16 0.968429
1539 16 0.992262
1540 16 0.997978
1541 16 0.999174
1542 16 0.996136
1543 16 0.993945
1544 16 0.999675
1545 16 0.996849
1546 16 1.106172
1547 16 1.032035
1548 16 1.063901
1549 16 1.113725
1550 16 0.993519
1551 16 1.070031
1552 16 1.036724
1553 16 0.997345
1554 16 1.216771
1555 16 1.151467
1556 16 1.059607
1557 16 0.990403
1558 16 1.087726
1559 16 1.051951
1560 16 1.021015
1561 16 0.992759
1562 16 1.049122
1563 16 0.997920
1564 16 1.000876
1565 16 0.970012
1566 16 1.036285
1567 16 1.126879
1568 16 1.006848
1569 16 0.993209
1570 16 0.994994
1571 16 1.061777
1572 16 1.027387
1573 16 0.987339
1574 16 0.988838
1575 16 1.037383
1576 16 1.025591
1577 16 1.037869
1578 16 0.993642
1579 16 1.002133
1580 16 1.090575
1581 16 0.999983
1582 16 1.023771
1583 16 0.998439
1584 16 1.088492
1585 16 1.046813
1586 16 0.997829
1587 16 1.031594
1588 16 1.001222
1589 16 0.994699
1590 16 0.996375
1591 16 0.988371
1592 16 1.093423
1593 16 1.036164
1594 16 0.998143
1595 16 1.047508
1596 16 1.038524
1597 16 0.987900
1598 16 1.026475
1599 16 1.011445
1600 17 1.038588
1601 17 1.051312
1602 17 1.028932
1603 17 0.993932
1604 17 1.030476
1605 17 1.000620
1606 17 1.011362
1607 17 0.995618
1608 17 1.001231
1609 17 1.099174
1610 17 1.038749
1611 17 1.020563
1612 17 0.992597
1613 17 1.008468
1614 17 1.004604
1615 17 1.036231
1616 17 0.991201
1617 17 1.017989
1618 17 0.968886
1619 17 1.037564
1620 17 1.068060
1621 17 0.990050
1622 17 1.006048
1623 17 1.030965
1624 17 1.161553
1625 17 0.997292
1626 17 0.999562
1627 17 1.001109
1628 17 1.104363
1629 17 0.993633
1630 17 0.974859
1631 17 0.994598
1632 17 1.085145
1633 17 0.994884
1634 17 1.046678
1635 17 1.048850
1636 17 0.991048
1637 17 0.990593
1638 17 1.011446
1639 17 0.994751
1640 17 0.995885
1641 17 1.025964
1642 17 1.066876
1643 17 1.041078
1644 17 1.003593
1645 17 1.016039
1646 17 0.986003
1647 17 0.992885
1648 17 1.000314
1649 17 1.007664
1650 17 0.980968
1651 17 1.091807
1652 17 1.058808
1653 17 1.120433
1654 17 0.996829
1655 17 1.003420
1656 17 0.988346
1657 17 0.988225
1658 17 1.033497
1659 17 1.096238
1660 17 1.117726
1661 17 1.040366
1662 17 0.998364
1663 17 0.987179
1664 17 1.082415
1665 17 0.987965
1666 17 1.089362
1667 17 0.997633
1668 17 0.994572
1669 17 1.003176
1670 17 0.981607
1671 17 0.998297
1672 17 1.008938
1673 17 1.022812
1674 17 1.008396
1675 17 1.029359
1676 17 0.999042
1677 17 1.083394
1678 17 1.166001
1679 17 0.998549
1680 17 1.003388
1681 17 0.998010
1682 17 1.007072
1683 17 1.007488
1684 17 0.996228
1685 17 0.992504
1686 17 1.000025
1687 17 0.996925
1688 17 1.034219
1689 17 1.016745
1690 17 0.993188
1691 17 1.030616
1692 17 0.997900
1693 17 0.988123
1694 17 1.005404
1695 17 0.995180
1696 17 0.988966
1697 17 1.057621
1698 17 0.995876
1699 17 1.002313
1700 18 1.036165
1701 18 1.004813
1702 18 1.020139
1703 18 1.028476
1704 18 1.010572
1705 18 1.025608
1706 18 1.114348
1707 18 1.008788
1708 18 1.006064
1709 18 1.004650
1710 18 0.998155
1711 18 0.991729
1712 18 0.997861
1713 18 0.990790
1714 18 0.998321
1715 18 1.088066
1716 18 1.010932
1717 18 1.048813
1718 18 1.041571
1719 18 1.053786
1720 18 0.998305
1721 18 1.019133
1722 18 0.999227
1723 18 0.994035
1724 18 1.015741
1725 18 1.037065
1726 18 1.099321
1727 18 1.022732
1728 18 1.007292
1729 18 1.162093
1730 18 1.062856
1731 18 1.131313
1732 18 1.027340
1733 18 1.043959
1734 18 1.109134
1735 18 1.051405
1736 18 0.989265
1737 18 1.085060
1738 18 1.007437
1739 18 0.996794
1740 18 1.080277
1741 18 0.993303
1742 18 0.971981
1743 18 1.102242
1744 18 0.989489
1745 18 0.997589
1746 18 0.997571
1747 18 1.038980
1748 18 1.034893
1749 18 1.129400
1750 18 1.049762
1751 18 1.030006
1752 18 1.050839
1753 18 1.036890
1754 18 1.042563
1755 18 0.998432
1756 18 0.990217
1757 18 1.003386
1758 18 0.992519
1759 18 0.997725
1760 18 1.089434
1761 18 1.001380
1762 18 1.093340
1763 18 1.008718
1764 18 1.025318
1765 18 1.033018
1766 18 1.022307
1767 18 1.006039
1768 18 1.002205
1769 18 1.043171
1770 18 1.004956
1771 18 0.997462
1772 18 0.994247
1773 18 0.987578
1774 18 1.046490
1775 18 1.007044
1776 18 1.031273
1777 18 0.970031
1778 18 0.984730
1779 18 1.003510
1780 18 1.016844
1781 18 1.000185
1782 18 0.993942
1783 18 0.995976
1784 18 0.995617
1785 18 0.992531
1786 18 0.983917
1787 18 0.989242
1788 18 0.989615
1789 18 1.094337
1790 18 1.053969
1791 18 0.989444
1792 18 0.995427
1793 18 0.987576
1794 18 0.992952
1795 18 0.986228
1796 18 0.987076
1797 18 1.001283
1798 18 0.997744
1799 18 1.000596
1800 19 1.032980
1801 19 1.110681
1802 19 1.034549
1803 19 0.989389
1804 19 1.048034
1805 19 0.992708
1806 19 1.049880
1807 19 1.045220
1808 19 1.041651
1809 19 0.997571
1810 19 0.994755
1811 19 1.060509
1812 19 0.998404
1813 19 0.997751
1814 19 1.037272
1815 19 1.100134
1816 19 1.018468
1817 19 1.082834
1818 19 1.023892
1819 19 1.032879
1820 19 1.158675
1821 19 1.114043
1822 19 0.986016
1823 19 1.031160
1824 19 0.989871
1825 19 0.997877
1826 19 1.022261
1827 19 1.047659
1828 19 1.070090
1829 19 1.011407
1830 19 0.998921
1831 19 1.006948
1832 19 1.019518
1833 19 0.994125
1834 19 1.024499
1835 19 0.975596
1836 19 1.068262
1837 19 0.972745
1838 19 0.999950
1839 19 1.047433
1840 19 0.984066
1841 19 0.994767
1842 19 0.997735
1843 19 0.983954
1844 19 0.973852
1845 19 0.997049
1846 19 1.041681
1847 19 0.993103
1848 19 0.999575
1849 19 1.067407
1850 19 0.997604
1851 19 0.987787
1852 19 1.031516
1853 19 1.052573
1854 19 1.008574
1855 19 1.007569
1856 19 1.007854
1857 19 1.009549
1858 19 1.012873
1859 19 1.020175
1860 19 1.047997
1861 19 0.998117
1862 19 1.075113
1863 19 1.047045
1864 19 0.990985
1865 19 0.992099
1866 19 0.999549
1867 19 1.008015
1868 19 1.002201
1869 19 1.007162
1870 19 0.980476
1871 19 1.012104
1872 19 1.068604
1873 19 0.992265
1874 19 1.003986
1875 19 0.995371
1876 19 0.993920
1877 19 1.011874
1878 19 1.005850
1879 19 0.985668
1880 19 1.001960
1881 19 1.073359
1882 19 0.986923
1883 19 0.989860
1884 19 1.035278
1885 19 0.997072
1886 19 1.003904
1887 19 1.023873
1888 19 0.980463
1889 19 0.988870
1890 19 1.004022
1891 19 0.997780
1892 19 0.995407
1893 19 1.044744
1894 19 1.014971
1895 19 0.997958
1896 19 1.038293
1897 19 0.997451
1898 19 0.988614
1899 19 0.982390
1900 20 0.992664
1901 20 1.017054
1902 20 0.996940
1903 20 1.001330
1904 20 1.010960
1905 20 1.022425
1906 20 0.998316
1907 20 0.989326
1908 20 1.031441
1909 20 1.082412
1910 20 1.007746
1911 20 0.994546
1912 20 1.001137
1913 20 1.064865
1914 20 0.999887
1915 20 0.992435
1916 20 1.002376
1917 20 0.992888
1918 20 0.988853
1919 20 0.986709
1920 20 0.991584
1921 20 0.997697
1922 20 0.999305
1923 20 1.036297
1924 20 1.000355
1925 20 0.999341
1926 20 1.001399
1927 20 0.992188
1928 20 1.010346
1929 20 0.998010
1930 20 1.056628
1931 20 1.026295
1932 20 1.010808
1933 20 1.063789
1934 20 1.019002
1935 20 0.978885
1936 20 1.014352
1937 20 1.007314
1938 20 1.052178
1939 20 1.042393
1940 20 1.066194
1941 20 1.084511
1942 20 0.962797
1943 20 1.054464
1944 20 0.946072
1945 20 0.984247
1946 20 1.010573
1947 20 0.982524
1948 20 1.004070
1949 20 0.993897
1950 20 1.027303
1951 20 1.049303
1952 20 1.072491
1953 20 1.002485
1954 20 1.028664
1955 20 1.033285
1956 20 1.084496
1957 20 1.044895
1958 20 1.050833
1959 20 0.984963
1960 20 1.142811
1961 20 0.986333
1962 20 1.030339
1963 20 0.951300
1964 20 0.997268
1965 20 1.000412
1966 20 1.116983
1967 20 1.013192
1968 20 0.999982
1969 20 1.035402
1970 20 0.998366
1971 20 1.005129
1972 20 1.029307
1973 20 1.014499
1974 20 0.997600
1975 20 0.994754
1976 20 0.996593
1977 20 1.038097
1978 20 1.018517
1979 20 0.984567
1980 20 1.054463
1981 20 1.008412
1982 20 0.987266
1983 20 1.005584
1984 20 0.997882
1985 20 0.997375
1986 20 0.989498
1987 20 1.027977
1988 20 0.991447
1989 20 1.026885
1990 20 0.995263
1991 20 0.999635
1992 20 0.999249
1993 20 1.005208
1994 20 1.007879
1995 20 0.993118
1996 20 1.010491
1997 20 1.006598
1998 20 0.996286
1999 20 1.047931
2000 21 0.991937
2001 21 1.048759
2002 21 0.997125
2003 21 0.982955
2004 21 1.048354
2005 21 1.021267
2006 21 1.024888
2007 21 0.988672
2008 21 1.040461
2009 21 1.049579
2010 21 1.008350
2011 21 1.015818
2012 21 0.994905
2013 21 1.050692
2014 21 1.024823
2015 21 0.989080
2016 21 0.979173
2017 21 1.065135
2018 21 1.037633
2019 21 1.041390
2020 21 0.993436
2021 21 1.000012
2022 21 1.000520
2023 21 0.996396
2024 21 0.997114
2025 21 0.993328
2026 21 0.994951
2027 21 1.004153
2028 21 0.979154
2029 21 1.026676
2030 21 0.992914
2031 21 1.063468
2032 21 1.085847
2033 21 0.994992
2034 21 0.989237
2035 21 0.993502
2036 21 0.999058
2037 21 0.985860
2038 21 1.000726
2039 21 1.035784
2040 21 0.998021
2041 21 0.999486
2042 21 0.991898
2043 21 1.038078
2044 21 0.993013
2045 21 1.033263
2046 21 1.065400
2047 21 1.023727
2048 21 1.092508
2049 21 0.999385
2050 21 1.037413
2051 21 0.971330
2052 21 1.102509
2053 21 0.988065
2054 21 1.012597
2055 21 0.999765
2056 21 1.002360
2057 21 1.057149
2058 21 0.985252
2059 21 1.107515
2060 21 1.088278
2061 21 1.034769
2062 21 1.108947
2063 21 1.105545
2064 21 1.063852
2065 21 1.096667
2066 21 1.056507
2067 21 0.998065
2068 21 0.994426
2069 21 0.991190
2070 21 0.976311
2071 21 1.008020
2072 21 0.997462
2073 21 0.997439
2074 21 0.997381
2075 21 0.994968
2076 21 0.996283
2077 21 1.023730
2078 21 1.029292
2079 21 0.991726
2080 21 0.985649
2081 21 1.028067
2082 21 0.990192
2083 21 0.997856
2084 21 0.985511
2085 21 0.997786
2086 21 0.991010
2087 21 0.992973
2088 21 0.998241
2089 21 0.999025
2090 21 0.987460
2091 21 0.994356
2092 21 1.049721
2093 21 1.070829
2094 21 0.996881
2095 21 1.026449
2096 21 1.001203
2097 21 1.033951
2098 21 0.992722
2099 21 1.061015
2100 22 1.010743
2101 22 0.990862
2102 22 1.006764
2103 22 1.044022
2104 22 1.082745
2105 22 1.048489
2106 22 0.999278
2107 22 1.095639
2108 22 1.008443
2109 22 0.985354
2110 22 1.010187
2111 22 1.116810
2112 22 1.003744
2113 22 1.072531
2114 22 1.075844
2115 22 1.110580
2116 22 1.013851
2117 22 1.131206
2118 22 1.094616
2119 22 0.997761
2120 22 1.022929
2121 22 0.992143
2122 22 1.014219
2123 22 0.991338
2124 22 0.976027
2125 22 1.032326
2126 22 1.004293
2127 22 0.963332
2128 22 1.000566
2129 22 0.983885
2130 22 0.998164
2131 22 1.008141
2132 22 0.991630
2133 22 1.018895
2134 22 0.995030
2135 22 1.005691
2136 22 1.002928
2137 22 0.993310
2138 22 0.993003
2139 22 0.997273
2140 22 0.998592
2141 22 1.082353
2142 22 0.995929
2143 22 0.997306
2144 22 1.063388
2145 22 0.996740
2146 22 1.035278
2147 22 0.996034
2148 22 1.056869
2149 22 0.997410
2150 22 1.038941
2151 22 0.996149
2152 22 0.988647
2153 22 0.992435
2154 22 1.000461
2155 22 0.985178
2156 22 0.997741
2157 22 0.987260
2158 22 0.994915
2159 22 1.027063
2160 22 1.071224
2161 22 0.991960
2162 22 0.994978
2163 22 1.002856
2164 22 0.989719
2165 22 1.034455
2166 22 1.006169
2167 22 0.979966
2168 22 0.999489
2169 22 1.068061
2170 22 1.018549
2171 22 0.993110
2172 22 1.004406
2173 22 0.997700
2174 22 1.001166
2175 22 1.013072
2176 22 1.079140
2177 22 0.947325
2178 22 1.021599
2179 22 1.045592
2180 22 1.038952
2181 22 0.974761
2182 22 1.129985
2183 22 1.055909
2184 22 1.041969
2185 22 0.991516
2186 22 1.056985
2187 22 0.994752
2188 22 1.002225
2189 22 1.047914
2190 22 1.000242
2191 22 1.023125
2192 22 0.975205
2193 22 0.986741
2194 22 1.017834
2195 22 1.076950
2196 22 0.987849
2197 22 0.967807
2198 22 1.093782
2199 22 1.060868
2200 23 1.047737
2201 23 1.186682
2202 23 1.011312
2203 23 0.998868
2204 23 1.004341
2205 23 0.994042
2206 23 0.994040
2207 23 0.980176
2208 23 0.988341
2209 23 1.039060
2210 23 1.021709
2211 23 1.082914
2212 23 1.046986
2213 23 1.025568
2214 23 1.032317
2215 23 1.003564
2216 23 1.014693
2217 23 1.040463
2218 23 1.009078
2219 23 1.080493
2220 23 1.045870
2221 23 0.995909
2222 23 1.003071
2223 23 1.025288
2224 23 0.996022
2225 23 1.056720
2226 23 1.020673
2227 23 1.145957
2228 23 0.998718
2229 23 0.963726
2230 23 0.999674
2231 23 1.010038
2232 23 1.009424
2233 23 1.045098
2234 23 1.103494
2235 23 0.992766
2236 23 1.020733
2237 23 0.992373
2238 23 0.984491
2239 23 1.172556
2240 23 1.011254
2241 23 0.979107
2242 23 1.057634
2243 23 1.035637
2244 23 1.022754
2245 23 0.990400
2246 23 1.062080
2247 23 1.074738
2248 23 1.002406
2249 23 1.012231
2250 23 0.987273
2251 23 0.992748
2252 23 0.991339
2253 23 0.990428
2254 23 1.001159
2255 23 1.012405
2256 23 1.031548
2257 23 0.983267
2258 23 1.075314
2259 23 1.013793
2260 23 1.050521
2261 23 1.119681
2262 23 0.997891
2263 23 1.036754
2264 23 0.982929
2265 23 0.999048
2266 23 1.007438
2267 23 0.999314
2268 23 1.029991
2269 23 1.045793
2270 23 0.965886
2271 23 0.997724
2272 23 1.035923
2273 23 0.988061
2274 23 1.020986
2275 23 0.992210
2276 23 0.996660
2277 23 1.007135
2278 23 0.994877
2279 23 1.000107
2280 23 0.986423
2281 23 0.967261
2282 23 1.006642
2283 23 0.987639
2284 23 1.004686
2285 23 0.998434
2286 23 1.015396
2287 23 1.013140
2288 23 1.008634
2289 23 0.987226
2290 23 1.059305
2291 23 0.986184
2292 23 1.026194
2293 23 1.021240
2294 23 1.024480
2295 23 0.992513
2296 23 1.102959
2297 23 0.969260
2298 23 1.073327
2299 23 0.999436
2300 24 1.004543
2301 24 0.989939
2302 24 1.011885
2303 24 1.013009
2304 24 1.007058
2305 24 1.026251
2306 24 0.990981
2307 24 0.997185
2308 24 0.994457
2309 24 0.992412
2310 24 1.009636
2311 24 0.992643
2312 24 0.994793
2313 24 1.000784
2314 24 1.055573
2315 24 1.142496
2316 24 1.007658
2317 24 0.986636
2318 24 0.982787
2319 24 1.082947
2320 24 1.023932
2321 24 1.050602
2322 24 1.084102
2323 24 1.269775
2324 24 0.992250
2325 24 0.983757
2326 24 1.039416
2327 24 0.997894
2328 24 0.992469
2329 24 0.991344
2330 24 1.030057
2331 24 1.060978
2332 24 0.984300
2333 24 1.072240
2334 24 1.007604
2335 24 0.995961
2336 24 1.081485
2337 24 1.000530
2338 24 0.985569
2339 24 1.001398
2340 24 1.016229
2341 24 1.049759
2342 24 1.106699
2343 24 1.098689
2344 24 0.978859
2345 24 1.040695
2346 24 0.992495
2347 24 1.081568
2348 24 1.038880
2349 24 0.976150
2350 24 1.005614
2351 24 1.009351
2352 24 0.990153
2353 24 0.998581
2354 24 0.996993
2355 24 0.986307
2356 24 1.004709
2357 24 0.989085
2358 24 1.027412
2359 24 1.000757
2360 24 1.023929
2361 24 1.013069
2362 24 1.025063
2363 24 1.037808
2364 24 1.018536
2365 24 1.036546
2366 24 1.001446
2367 24 1.075904
2368 24 1.007825
2369 24 0.994466
2370 24 0.987723
2371 24 0.984005
2372 24 1.100291
2373 24 1.052371
2374 24 0.996809
2375 24 0.990378
2376 24 1.062870
2377 24 1.068247
2378 24 1.027078
2379 24 0.996988
2380 24 1.012894
2381 24 1.014704
2382 24 1.008037
2383 24 0.989734
2384 24 1.039820
2385 24 0.997284
2386 24 1.000322
2387 24 1.096664
2388 24 0.943143
2389 24 0.992744
2390 24 0.999742
2391 24 1.001245
2392 24 1.016848
2393 24 1.015734
2394 24 1.010044
2395 24 0.993487
2396 24 1.017420
2397 24 1.009927
2398 24 1.008713
2399 24 0.996036
2400 25 1.029290
2401 25 0.994003
2402 25 1.006049
2403 25 0.999918
2404 25 0.978350
2405 25 0.989799
2406 25 1.023028
2407 25 0.994275
2408 25 1.001263
2409 25 1.001661
2410 25 0.992452
2411 25 0.992131
2412 25 1.019848
2413 25 1.072828
2414 25 1.030483
2415 25 1.000605
2416 25 0.994045
2417 25 1.030974
2418 25 0.997417
2419 25 1.007844
2420 25 1.000675
2421 25 1.001918
2422 25 0.983493
2423 25 0.995916
2424 25 0.993634
2425 25 1.033655
2426 25 1.055910
2427 25 0.937876
2428 25 0.996985
2429 25 1.029192
2430 25 1.088772
2431 25 0.995740
2432 25 0.973281
2433 25 1.053265
2434 25 1.029811
2435 25 1.042520
2436 25 0.987195
2437 25 1.003812
2438 25 1.065842
2439 25 1.007644
2440 25 0.994534
2441 25 1.021734
2442 25 1.049775
2443 25 0.986370
2444 25 0.999231
2445 25 1.037515
2446 25 0.947973
2447 25 0.996372
2448 25 0.998966
2449 25 0.998317
2450 25 0.976058
2451 25 1.036812
2452 25 1.021673
2453 25 1.036793
2454 25 0.985983
2455 25 1.012492
2456 25 0.994162
2457 25 1.019317
2458 25 1.039479
2459 25 1.061977
2460 25 1.018427
2461 25 1.041264
2462 25 0.992416
2463 25 0.981764
2464 25 1.027604
2465 25 1.007030
2466 25 1.004389
2467 25 0.982307
2468 25 0.997143
2469 25 1.069851
2470 25 0.992311
2471 25 0.994048
2472 25 0.996027
2473 25 1.007311
2474 25 1.076706
2475 25 1.013829
2476 25 0.996098
2477 25 1.017329
2478 25 1.066384
2479 25 0.995464
2480 25 0.997043
2481 25 1.030612
2482 25 0.989717
2483 25 1.049053
2484 25 1.118458
2485 25 1.044239
2486 25 1.005496
2487 25 0.969666
2488 25 0.990838
2489 25 0.994283
2490 25 0.998823
2491 25 1.001016
2492 25 1.022048
2493 25 0.998740
2494 25 0.992260
2495 25 1.066114
2496 25 0.997116
2497 25 1.003654
2498 25 0.995220
2499 25 0.993546
2500 26 0.990325
2501 26 0.975488
2502 26 1.020439
2503 26 0.982285
2504 26 0.962026
2505 26 1.003854
2506 26 1.003287
2507 26 1.213085
2508 26 1.087547
2509 26 1.039521
2510 26 1.024917
2511 26 1.067500
2512 26 1.000995
2513 26 0.987109
2514 26 0.996880
2515 26 0.998908
2516 26 0.998924
2517 26 1.014603
2518 26 1.022659
2519 26 1.005024
2520 26 1.058679
2521 26 0.994004
2522 26 0.999546
2523 26 1.042494
2524 26 0.969932
2525 26 1.009713
2526 26 0.993475
2527 26 0.991924
2528 26 0.990234
2529 26 1.013149
2530 26 0.994212
2531 26 0.988229
2532 26 1.066646
2533 26 1.034471
2534 26 1.003974
2535 26 0.992199
2536 26 1.003971
2537 26 1.000711
2538 26 1.005337
2539 26 1.036054
2540 26 1.054558
2541 26 1.017099
2542 26 0.991989
2543 26 1.008396
2544 26 0.998410
2545 26 0.997183
2546 26 1.049964
2547 26 1.045117
2548 26 1.114377
2549 26 1.078055
2550 26 1.044686
2551 26 0.986126
2552 26 1.038677
2553 26 1.010404
2554 26 1.033390
2555 26 1.001982
2556 26 0.985425
2557 26 1.111281
2558 26 0.985793
2559 26 1.005467
2560 26 0.990777
2561 26 1.032824
2562 26 0.997634
2563 26 0.986731
2564 26 0.989426
2565 26 0.986308
2566 26 1.004753
2567 26 1.005184
2568 26 1.010520
2569 26 0.996999
2570 26 0.990100
2571 26 0.998872
2572 26 0.997158
2573 26 1.115695
2574 26 0.980907
2575 26 1.063985
2576 26 0.989842
2577 26 0.984979
2578 26 0.997813
2579 26 0.980715
2580 26 0.999023
2581 26 1.009680
2582 26 1.033167
2583 26 0.995764
2584 26 0.997222
2585 26 0.996592
2586 26 0.996585
2587 26 1.027462
2588 26 1.013451
2589 26 0.999496
2590 26 0.996285
2591 26 0.989344
2592 26 1.004576
2593 26 0.995539
2594 26 1.072137
2595 26 1.029885
2596 26 1.052494
2597 26 0.989240
2598 26 1.027712
2599 26 0.981034
