# Batch convergence for: model=snn-ae encoding=latency architecture=recurrent v_th=1.5 alpha=0.9 run=1
batch_num epoch batch_loss
0 1 0.327050
1 1 0.569881
2 1 0.358615
3 1 0.340415
4 1 0.521450
5 1 0.362637
6 1 0.521785
7 1 0.445468
8 1 0.397680
9 1 0.512768
10 1 0.467185
11 1 0.400477
12 1 0.524973
13 1 0.509238
14 1 0.479186
15 1 0.452714
16 1 0.342290
17 1 0.582380
18 1 0.583694
19 1 0.292061
20 1 0.546898
21 1 0.221746
22 1 0.384158
23 1 0.448045
24 1 0.368104
25 1 0.575335
26 1 0.613428
27 1 0.541215
28 1 0.510991
29 1 0.494979
30 1 0.457490
31 1 0.573005
32 1 0.444516
33 1 0.388282
34 1 0.390743
35 1 0.429615
36 1 0.594090
37 1 0.422461
38 1 0.561261
39 1 0.402288
40 1 0.464386
41 1 0.342334
42 1 0.413514
43 1 0.361560
44 1 0.466143
45 1 0.432493
46 1 0.415947
47 1 0.374265
48 1 0.373634
49 1 0.586211
50 1 0.062104
51 1 0.359369
52 1 0.559463
53 1 0.101084
54 1 0.765014
55 1 0.424529
56 1 0.421812
57 1 0.386492
58 1 0.349699
59 1 0.396583
60 1 0.412034
61 1 0.494018
62 1 0.448285
63 1 0.410944
64 1 0.260064
65 1 0.329659
66 1 0.067317
67 1 0.499972
68 1 0.320712
69 1 0.439988
70 1 0.468028
71 1 0.406585
72 1 0.015508
73 1 0.481768
74 1 0.369933
75 1 0.349798
76 1 0.440859
77 1 0.462570
78 1 0.375999
79 1 0.334853
80 1 0.727640
81 1 0.287507
82 1 0.378154
83 1 0.441313
84 1 0.373328
85 1 0.359006
86 1 0.386778
87 1 0.463306
88 1 0.370882
89 1 0.437028
90 1 0.349529
91 1 0.430580
92 1 0.276847
93 1 0.301063
94 1 0.378547
95 1 0.424690
96 1 0.402942
97 1 0.342664
98 1 0.458478
99 1 0.314355
100 2 0.351569
101 2 0.282371
102 2 0.327177
103 2 0.370515
104 2 0.429213
105 2 0.363501
106 2 0.287577
107 2 0.375196
108 2 0.341750
109 2 0.539289
110 2 0.313563
111 2 0.061660
112 2 0.451507
113 2 0.601215
114 2 0.360366
115 2 0.369420
116 2 0.392710
117 2 0.355962
118 2 0.294605
119 2 0.366756
120 2 0.339159
121 2 0.380033
122 2 0.260096
123 2 0.420052
124 2 0.319341
125 2 0.413174
126 2 0.350187
127 2 0.520160
128 2 0.391659
129 2 0.347283
130 2 0.317562
131 2 0.287823
132 2 0.342087
133 2 0.315062
134 2 0.435990
135 2 0.482521
136 2 0.351799
137 2 0.379605
138 2 0.386917
139 2 0.467874
140 2 0.376797
141 2 0.343379
142 2 0.399682
143 2 0.294257
144 2 0.458304
145 2 0.277387
146 2 0.312017
147 2 0.491246
148 2 0.382543
149 2 0.333125
150 2 0.275658
151 2 0.405361
152 2 0.433874
153 2 0.359970
154 2 0.283711
155 2 0.015400
156 2 0.462129
157 2 0.395693
158 2 0.460345
159 2 0.325588
160 2 0.474323
161 2 0.276072
162 2 0.303481
163 2 0.384486
164 2 0.348363
165 2 0.278519
166 2 0.015378
167 2 0.355905
168 2 0.403385
169 2 0.359402
170 2 0.389694
171 2 0.429708
172 2 0.382411
173 2 0.374484
174 2 0.420992
175 2 0.276871
176 2 0.327875
177 2 0.154550
178 2 0.405667
179 2 0.391225
180 2 0.342150
181 2 0.353852
182 2 0.305326
183 2 0.347965
184 2 0.496059
185 2 0.137627
186 2 0.396872
187 2 0.373857
188 2 0.293668
189 2 0.326858
190 2 0.468508
191 2 0.341324
192 2 0.324397
193 2 0.398118
194 2 0.553014
195 2 0.318788
196 2 0.319016
197 2 0.400802
198 2 0.298069
199 2 0.377101
200 3 0.413735
201 3 0.393740
202 3 0.282043
203 3 0.294136
204 3 0.015339
205 3 0.434775
206 3 0.369833
207 3 0.273012
208 3 0.621392
209 3 0.345111
210 3 0.285377
211 3 0.272776
212 3 0.319376
213 3 0.408571
214 3 0.393859
215 3 0.280799
216 3 0.507088
217 3 0.268256
218 3 0.611190
219 3 0.015322
220 3 0.368071
221 3 0.339676
222 3 0.400774
223 3 0.425502
224 3 0.446147
225 3 0.290608
226 3 0.351736
227 3 0.303011
228 3 0.342668
229 3 0.224682
230 3 0.449323
231 3 0.091096
232 3 0.417946
233 3 0.391881
234 3 0.397220
235 3 0.262362
236 3 0.297522
237 3 0.369512
238 3 0.374762
239 3 0.450490
240 3 0.409770
241 3 0.368092
242 3 0.314603
243 3 0.378790
244 3 0.361332
245 3 0.295135
246 3 0.327715
247 3 0.332480
248 3 0.324090
249 3 0.338669
250 3 0.448095
251 3 0.297290
252 3 0.423976
253 3 0.273281
254 3 0.284118
255 3 0.374754
256 3 0.341620
257 3 0.278390
258 3 0.380975
259 3 0.319761
260 3 0.305373
261 3 0.382195
262 3 0.379043
263 3 0.375733
264 3 0.305037
265 3 0.403382
266 3 0.277073
267 3 0.345502
268 3 0.311088
269 3 0.362895
270 3 0.246309
271 3 0.380302
272 3 0.376632
273 3 0.476417
274 3 0.254756
275 3 0.365872
276 3 0.037872
277 3 0.103889
278 3 0.371882
279 3 0.522680
280 3 0.347649
281 3 0.292949
282 3 0.463358
283 3 0.344200
284 3 0.502755
285 3 0.439335
286 3 0.285886
287 3 0.317019
288 3 0.339966
289 3 0.346698
290 3 0.362259
291 3 0.379650
292 3 0.349445
293 3 0.340927
294 3 0.312324
295 3 0.221520
296 3 0.283686
297 3 0.450732
298 3 0.508357
299 3 0.374876
300 4 0.349711
301 4 0.367988
302 4 0.367058
303 4 0.315796
304 4 0.349397
305 4 0.348725
306 4 0.264604
307 4 0.345552
308 4 0.484392
309 4 0.361216
310 4 0.226852
311 4 0.310074
312 4 0.316092
313 4 0.312634
314 4 0.325793
315 4 0.276921
316 4 0.456933
317 4 0.336430
318 4 0.444477
319 4 0.357539
320 4 0.288401
321 4 0.272758
322 4 0.311549
323 4 0.314659
324 4 0.334587
325 4 0.399546
326 4 0.468459
327 4 0.310143
328 4 0.075507
329 4 0.358805
330 4 0.278503
331 4 0.278222
332 4 0.412279
333 4 0.245283
334 4 0.375128
335 4 0.371607
336 4 0.302693
337 4 0.384626
338 4 0.440343
339 4 0.422335
340 4 0.302248
341 4 0.482080
342 4 0.338595
343 4 0.015222
344 4 0.429663
345 4 0.550197
346 4 0.282330
347 4 0.381260
348 4 0.356855
349 4 0.384533
350 4 0.289893
351 4 0.232682
352 4 0.271669
353 4 0.295954
354 4 0.059990
355 4 0.372139
356 4 0.333792
357 4 0.500679
358 4 0.309929
359 4 0.037586
360 4 0.015221
361 4 0.322628
362 4 0.416555
363 4 0.218915
364 4 0.366430
365 4 0.380353
366 4 0.316374
367 4 0.306243
368 4 0.459805
369 4 0.362635
370 4 0.190121
371 4 0.236755
372 4 0.406430
373 4 0.435126
374 4 0.222047
375 4 0.350138
376 4 0.313196
377 4 0.384823
378 4 0.295466
379 4 0.352946
380 4 0.369588
381 4 0.283993
382 4 0.461545
383 4 0.545780
384 4 0.331710
385 4 0.338677
386 4 0.422344
387 4 0.333626
388 4 0.292297
389 4 0.327760
390 4 0.267994
391 4 0.306262
392 4 0.472467
393 4 0.339806
394 4 0.427092
395 4 0.698985
396 4 0.326604
397 4 0.350865
398 4 0.374175
399 4 0.310446
400 5 0.319686
401 5 0.357748
402 5 0.259412
403 5 0.394362
404 5 0.351859
405 5 0.263514
406 5 0.286854
407 5 0.435696
408 5 0.357632
409 5 0.276991
410 5 0.348163
411 5 0.560947
412 5 0.354424
413 5 0.037406
414 5 0.298041
415 5 0.307451
416 5 0.059603
417 5 0.254342
418 5 0.318964
419 5 0.269667
420 5 0.377252
421 5 0.093454
422 5 0.392069
423 5 0.332724
424 5 0.321118
425 5 0.363749
426 5 0.396119
427 5 0.290166
428 5 0.359981
429 5 0.200061
430 5 0.367865
431 5 0.473154
432 5 0.312070
433 5 0.330465
434 5 0.233871
435 5 0.352294
436 5 0.280593
437 5 0.352444
438 5 0.015180
439 5 0.383509
440 5 0.474883
441 5 0.376787
442 5 0.277007
443 5 0.304081
444 5 0.367787
445 5 0.328893
446 5 0.419339
447 5 0.245394
448 5 0.288847
449 5 0.423128
450 5 0.328719
451 5 0.315083
452 5 0.379129
453 5 0.015199
454 5 0.363262
455 5 0.325894
456 5 0.345574
457 5 0.328956
458 5 0.471448
459 5 0.262561
460 5 0.430278
461 5 0.266628
462 5 0.416660
463 5 0.355878
464 5 0.433986
465 5 0.384458
466 5 0.220127
467 5 0.353219
468 5 0.378055
469 5 0.382817
470 5 0.288679
471 5 0.338759
472 5 0.226501
473 5 0.344079
474 5 0.316904
475 5 0.401576
476 5 0.357837
477 5 0.238148
478 5 0.294599
479 5 0.304802
480 5 0.352282
481 5 0.504105
482 5 0.356171
483 5 0.407157
484 5 0.213776
485 5 0.310994
486 5 0.364475
487 5 0.381889
488 5 0.299790
489 5 0.334300
490 5 0.247421
491 5 0.378668
492 5 0.391879
493 5 0.332001
494 5 0.260197
495 5 0.304970
496 5 0.422367
497 5 0.357720
498 5 0.275368
499 5 0.347366
500 6 0.294467
501 6 0.062467
502 6 0.357138
503 6 0.350125
504 6 0.318252
505 6 0.346316
506 6 0.015175
507 6 0.368695
508 6 0.413932
509 6 0.301827
510 6 0.357253
511 6 0.362316
512 6 0.307946
513 6 0.289590
514 6 0.437512
515 6 0.341273
516 6 0.419098
517 6 0.295727
518 6 0.286485
519 6 0.442890
520 6 0.260598
521 6 0.320067
522 6 0.366582
523 6 0.382910
524 6 0.439885
525 6 0.317092
526 6 0.399448
527 6 0.357525
528 6 0.351058
529 6 0.354807
530 6 0.375775
531 6 0.342769
532 6 0.311245
533 6 0.403923
534 6 0.253536
535 6 0.318689
536 6 0.385378
537 6 0.325023
538 6 0.354424
539 6 0.326749
540 6 0.287377
541 6 0.344397
542 6 0.335491
543 6 0.263888
544 6 0.328737
545 6 0.271746
546 6 0.210421
547 6 0.420944
548 6 0.275789
549 6 0.322472
550 6 0.325413
551 6 0.172677
552 6 0.387491
553 6 0.165296
554 6 0.377056
555 6 0.331910
556 6 0.341512
557 6 0.384012
558 6 0.335348
559 6 0.015199
560 6 0.264618
561 6 0.261681
562 6 0.330381
563 6 0.346812
564 6 0.073863
565 6 0.338270
566 6 0.287966
567 6 0.444463
568 6 0.257299
569 6 0.336885
570 6 0.058736
571 6 0.363670
572 6 0.330158
573 6 0.300817
574 6 0.371563
575 6 0.251437
576 6 0.278978
577 6 0.326360
578 6 0.332208
579 6 0.258538
580 6 0.259016
581 6 0.506694
582 6 0.279490
583 6 0.384352
584 6 0.328761
585 6 0.291641
586 6 0.332957
587 6 0.353751
588 6 0.195880
589 6 0.410481
590 6 0.705192
591 6 0.276689
592 6 0.284921
593 6 0.307277
594 6 0.298141
595 6 0.384085
596 6 0.391829
597 6 0.305932
598 6 0.370977
599 6 0.397230
600 7 0.285727
601 7 0.307105
602 7 0.280825
603 7 0.304430
604 7 0.015195
605 7 0.309795
606 7 0.273531
607 7 0.283213
608 7 0.319817
609 7 0.389214
610 7 0.370384
611 7 0.430578
612 7 0.234684
613 7 0.283860
614 7 0.389234
615 7 0.296072
616 7 0.414306
617 7 0.183157
618 7 0.328676
619 7 0.279015
620 7 0.073574
621 7 0.344719
622 7 0.369626
623 7 0.356037
624 7 0.373551
625 7 0.264312
626 7 0.330685
627 7 0.340723
628 7 0.304154
629 7 0.453951
630 7 0.306336
631 7 0.295057
632 7 0.381621
633 7 0.286220
634 7 0.345823
635 7 0.277820
636 7 0.063115
637 7 0.350451
638 7 0.247319
639 7 0.318014
640 7 0.341786
641 7 0.309452
642 7 0.282596
643 7 0.233943
644 7 0.271661
645 7 0.239566
646 7 0.244620
647 7 0.378654
648 7 0.364030
649 7 0.058334
650 7 0.296821
651 7 0.368788
652 7 0.368738
653 7 0.340569
654 7 0.304550
655 7 0.352779
656 7 0.353840
657 7 0.351770
658 7 0.368357
659 7 0.238563
660 7 0.362835
661 7 0.293412
662 7 0.347982
663 7 0.287461
664 7 0.362720
665 7 0.371332
666 7 0.319588
667 7 0.313986
668 7 0.322311
669 7 0.302746
670 7 0.430174
671 7 0.370424
672 7 0.522619
673 7 0.633041
674 7 0.285896
675 7 0.370321
676 7 0.319496
677 7 0.322514
678 7 0.285352
679 7 0.322914
680 7 0.289869
681 7 0.281754
682 7 0.378263
683 7 0.417639
684 7 0.323569
685 7 0.314358
686 7 0.401335
687 7 0.298977
688 7 0.258045
689 7 0.292892
690 7 0.318071
691 7 0.314511
692 7 0.203838
693 7 0.015270
694 7 0.284973
695 7 0.313741
696 7 0.277679
697 7 0.268966
698 7 0.298526
699 7 0.470158
700 8 0.325870
701 8 0.295597
702 8 0.350342
703 8 0.351488
704 8 0.398804
705 8 0.347224
706 8 0.200293
707 8 0.356464
708 8 0.271881
709 8 0.379039
710 8 0.370659
711 8 0.367889
712 8 0.235667
713 8 0.299009
714 8 0.289996
715 8 0.316419
716 8 0.578762
717 8 0.281026
718 8 0.374570
719 8 0.287763
720 8 0.339226
721 8 0.372435
722 8 0.354788
723 8 0.289250
724 8 0.277453
725 8 0.282529
726 8 0.313350
727 8 0.271576
728 8 0.314371
729 8 0.350313
730 8 0.290014
731 8 0.352900
732 8 0.280196
733 8 0.350891
734 8 0.365497
735 8 0.296949
736 8 0.264126
737 8 0.398900
738 8 0.257497
739 8 0.317817
740 8 0.334536
741 8 0.278260
742 8 0.328041
743 8 0.443295
744 8 0.360882
745 8 0.395961
746 8 0.015308
747 8 0.248776
748 8 0.312496
749 8 0.310078
750 8 0.319110
751 8 0.261826
752 8 0.308347
753 8 0.260258
754 8 0.290482
755 8 0.413899
756 8 0.287336
757 8 0.293453
758 8 0.321690
759 8 0.384595
760 8 0.258855
761 8 0.371459
762 8 0.457467
763 8 0.305912
764 8 0.392967
765 8 0.260675
766 8 0.344423
767 8 0.342969
768 8 0.399182
769 8 0.036551
770 8 0.300981
771 8 0.296936
772 8 0.294045
773 8 0.375173
774 8 0.289089
775 8 0.293561
776 8 0.264089
777 8 0.296520
778 8 0.314792
779 8 0.291049
780 8 0.420577
781 8 0.267127
782 8 0.218979
783 8 0.071528
784 8 0.127236
785 8 0.351833
786 8 0.356080
787 8 0.322756
788 8 0.339743
789 8 0.015308
790 8 0.318761
791 8 0.276717
792 8 0.318801
793 8 0.577809
794 8 0.423177
795 8 0.428552
796 8 0.244276
797 8 0.409332
798 8 0.403419
799 8 0.282317
800 9 0.317273
801 9 0.305029
802 9 0.304001
803 9 0.284494
804 9 0.423842
805 9 0.245297
806 9 0.301516
807 9 0.281353
808 9 0.336983
809 9 0.313841
810 9 0.278117
811 9 0.307228
812 9 0.307165
813 9 0.295915
814 9 0.270948
815 9 0.360939
816 9 0.281052
817 9 0.346263
818 9 0.485781
819 9 0.288031
820 9 0.233853
821 9 0.373266
822 9 0.411554
823 9 0.304940
824 9 0.380858
825 9 0.257429
826 9 0.360712
827 9 0.290754
828 9 0.375089
829 9 0.342516
830 9 0.015352
831 9 0.477612
832 9 0.266933
833 9 0.220499
834 9 0.290893
835 9 0.110163
836 9 0.312959
837 9 0.287656
838 9 0.272388
839 9 0.360661
840 9 0.250906
841 9 0.381964
842 9 0.324624
843 9 0.382361
844 9 0.292687
845 9 0.200063
846 9 0.304057
847 9 0.307147
848 9 0.090092
849 9 0.300605
850 9 0.302557
851 9 0.330940
852 9 0.281456
853 9 0.459160
854 9 0.412998
855 9 0.279850
856 9 0.268701
857 9 0.315570
858 9 0.282160
859 9 0.257721
860 9 0.383834
861 9 0.372562
862 9 0.389662
863 9 0.362739
864 9 0.040743
865 9 0.283091
866 9 0.401642
867 9 0.294396
868 9 0.341571
869 9 0.340957
870 9 0.231003
871 9 0.312788
872 9 0.237909
873 9 0.419093
874 9 0.375062
875 9 0.389219
876 9 0.278709
877 9 0.321167
878 9 0.358626
879 9 0.240098
880 9 0.312536
881 9 0.319280
882 9 0.399753
883 9 0.319640
884 9 0.304567
885 9 0.294787
886 9 0.083466
887 9 0.358985
888 9 0.290618
889 9 0.310409
890 9 0.281841
891 9 0.558772
892 9 0.256178
893 9 0.274396
894 9 0.322634
895 9 0.354530
896 9 0.219347
897 9 0.295265
898 9 0.328816
899 9 0.265816
900 10 0.285930
901 10 0.204901
902 10 0.290686
903 10 0.379365
904 10 0.325094
905 10 0.431503
906 10 0.258318
907 10 0.301843
908 10 0.300325
909 10 0.386954
910 10 0.261884
911 10 0.441258
912 10 0.365257
913 10 0.390243
914 10 0.347535
915 10 0.403500
916 10 0.411803
917 10 0.351421
918 10 0.354444
919 10 0.327108
920 10 0.341246
921 10 0.296979
922 10 0.334610
923 10 0.275714
924 10 0.377136
925 10 0.276651
926 10 0.262740
927 10 0.319906
928 10 0.278472
929 10 0.333054
930 10 0.320506
931 10 0.334927
932 10 0.444655
933 10 0.325317
934 10 0.336604
935 10 0.252892
936 10 0.331380
937 10 0.232295
938 10 0.342680
939 10 0.259050
940 10 0.236807
941 10 0.248685
942 10 0.363506
943 10 0.015489
944 10 0.379883
945 10 0.208741
946 10 0.327926
947 10 0.295942
948 10 0.057123
949 10 0.293869
950 10 0.359470
951 10 0.300558
952 10 0.338660
953 10 0.297158
954 10 0.331397
955 10 0.487166
956 10 0.329422
957 10 0.274613
958 10 0.271494
959 10 0.260097
960 10 0.322255
961 10 0.330840
962 10 0.358650
963 10 0.299404
964 10 0.198861
965 10 0.270386
966 10 0.375484
967 10 0.341017
968 10 0.306674
969 10 0.299877
970 10 0.015548
971 10 0.243964
972 10 0.327764
973 10 0.071937
974 10 0.331159
975 10 0.306717
976 10 0.427119
977 10 0.323086
978 10 0.277714
979 10 0.385628
980 10 0.320518
981 10 0.261621
982 10 0.174438
983 10 0.091656
984 10 0.332518
985 10 0.334331
986 10 0.296941
987 10 0.401012
988 10 0.339598
989 10 0.313754
990 10 0.262275
991 10 0.393405
992 10 0.394876
993 10 0.252110
994 10 0.360545
995 10 0.278872
996 10 0.328147
997 10 0.350762
998 10 0.521739
999 10 0.272891
1000 11 0.502353
1001 11 0.330676
1002 11 0.280424
1003 11 0.348819
1004 11 0.373786
1005 11 0.260390
1006 11 0.107521
1007 11 0.368254
1008 11 0.484619
1009 11 0.332891
1010 11 0.388701
1011 11 0.307342
1012 11 0.296741
1013 11 0.559365
1014 11 0.357305
1015 11 0.258315
1016 11 0.311937
1017 11 0.097306
1018 11 0.399075
1019 11 0.319142
1020 11 0.329788
1021 11 0.324270
1022 11 0.270355
1023 11 0.301004
1024 11 0.239773
1025 11 0.248345
1026 11 0.357395
1027 11 0.346136
1028 11 0.381636
1029 11 0.309956
1030 11 0.323698
1031 11 0.334266
1032 11 0.292740
1033 11 0.362395
1034 11 0.265145
1035 11 0.229566
1036 11 0.340046
1037 11 0.015605
1038 11 0.213634
1039 11 0.358805
1040 11 0.376738
1041 11 0.363284
1042 11 0.265312
1043 11 0.291448
1044 11 0.386761
1045 11 0.265856
1046 11 0.245025
1047 11 0.258308
1048 11 0.244790
1049 11 0.310900
1050 11 0.015661
1051 11 0.318757
1052 11 0.351393
1053 11 0.244490
1054 11 0.319195
1055 11 0.396250
1056 11 0.373615
1057 11 0.308304
1058 11 0.348086
1059 11 0.380430
1060 11 0.254348
1061 11 0.341302
1062 11 0.210145
1063 11 0.331512
1064 11 0.336561
1065 11 0.365091
1066 11 0.229936
1067 11 0.244824
1068 11 0.340666
1069 11 0.376527
1070 11 0.036226
1071 11 0.334682
1072 11 0.293007
1073 11 0.245242
1074 11 0.347684
1075 11 0.300964
1076 11 0.237020
1077 11 0.275550
1078 11 0.255475
1079 11 0.248222
1080 11 0.323895
1081 11 0.252446
1082 11 0.291349
1083 11 0.253981
1084 11 0.328036
1085 11 0.485635
1086 11 0.409290
1087 11 0.226472
1088 11 0.330987
1089 11 0.353518
1090 11 0.227010
1091 11 0.292196
1092 11 0.323807
1093 11 0.373673
1094 11 0.350864
1095 11 0.380668
1096 11 0.349160
1097 11 0.309459
1098 11 0.238172
1099 11 0.337567
1100 12 0.324347
1101 12 0.287138
1102 12 0.262799
1103 12 0.271000
1104 12 0.301102
1105 12 0.306080
1106 12 0.316264
1107 12 0.304751
1108 12 0.324739
1109 12 0.291397
1110 12 0.241803
1111 12 0.323072
1112 12 0.266598
1113 12 0.277812
1114 12 0.296856
1115 12 0.265057
1116 12 0.056630
1117 12 0.357030
1118 12 0.356487
1119 12 0.312452
1120 12 0.370234
1121 12 0.282922
1122 12 0.395582
1123 12 0.338938
1124 12 0.300368
1125 12 0.290150
1126 12 0.302950
1127 12 0.283213
1128 12 0.327566
1129 12 0.267525
1130 12 0.304622
1131 12 0.296499
1132 12 0.337823
1133 12 0.311597
1134 12 0.375154
1135 12 0.301463
1136 12 0.275224
1137 12 0.157193
1138 12 0.350169
1139 12 0.314256
1140 12 0.329382
1141 12 0.311410
1142 12 0.402316
1143 12 0.329871
1144 12 0.278220
1145 12 0.351075
1146 12 0.313010
1147 12 0.292821
1148 12 0.249282
1149 12 0.338209
1150 12 0.285483
1151 12 0.407977
1152 12 0.015794
1153 12 0.288705
1154 12 0.260360
1155 12 0.231596
1156 12 0.279509
1157 12 0.322323
1158 12 0.015810
1159 12 0.356131
1160 12 0.329844
1161 12 0.283556
1162 12 0.315638
1163 12 0.319889
1164 12 0.265353
1165 12 0.395780
1166 12 0.257751
1167 12 0.478710
1168 12 0.321860
1169 12 0.339541
1170 12 0.327972
1171 12 0.298370
1172 12 0.310722
1173 12 0.091750
1174 12 0.274446
1175 12 0.249301
1176 12 0.342665
1177 12 0.261968
1178 12 0.321717
1179 12 0.401143
1180 12 0.365603
1181 12 0.315015
1182 12 0.336207
1183 12 0.302749
1184 12 0.487640
1185 12 0.361676
1186 12 0.090414
1187 12 0.287193
1188 12 0.408052
1189 12 0.256569
1190 12 0.278607
1191 12 0.342984
1192 12 0.254688
1193 12 0.287237
1194 12 0.251206
1195 12 0.282467
1196 12 0.330513
1197 12 0.258056
1198 12 0.304862
1199 12 0.262767
1200 13 0.156573
1201 13 0.301880
1202 13 0.317471
1203 13 0.272054
1204 13 0.421095
1205 13 0.298253
1206 13 0.349329
1207 13 0.358781
1208 13 0.341113
1209 13 0.318878
1210 13 0.292156
1211 13 0.334781
1212 13 0.366335
1213 13 0.239558
1214 13 0.302389
1215 13 0.259033
1216 13 0.260420
1217 13 0.295749
1218 13 0.245957
1219 13 0.267157
1220 13 0.349445
1221 13 0.362927
1222 13 0.376609
1223 13 0.261623
1224 13 0.365006
1225 13 0.015921
1226 13 0.246960
1227 13 0.306580
1228 13 0.313295
1229 13 0.277472
1230 13 0.275025
1231 13 0.158748
1232 13 0.320414
1233 13 0.325482
1234 13 0.281516
1235 13 0.308124
1236 13 0.453802
1237 13 0.295839
1238 13 0.326358
1239 13 0.353546
1240 13 0.300233
1241 13 0.287401
1242 13 0.340235
1243 13 0.277140
1244 13 0.287214
1245 13 0.121368
1246 13 0.306433
1247 13 0.337051
1248 13 0.316579
1249 13 0.219862
1250 13 0.323543
1251 13 0.294845
1252 13 0.385022
1253 13 0.208024
1254 13 0.335031
1255 13 0.303658
1256 13 0.255334
1257 13 0.282675
1258 13 0.342945
1259 13 0.352481
1260 13 0.278512
1261 13 0.308864
1262 13 0.336474
1263 13 0.394604
1264 13 0.298300
1265 13 0.279814
1266 13 0.240533
1267 13 0.350913
1268 13 0.293847
1269 13 0.259423
1270 13 0.319543
1271 13 0.366580
1272 13 0.306873
1273 13 0.321343
1274 13 0.321508
1275 13 0.381334
1276 13 0.295792
1277 13 0.345267
1278 13 0.387054
1279 13 0.318578
1280 13 0.265540
1281 13 0.308059
1282 13 0.339771
1283 13 0.295142
1284 13 0.362400
1285 13 0.250007
1286 13 0.340418
1287 13 0.287529
1288 13 0.267300
1289 13 0.281282
1290 13 0.316803
1291 13 0.279259
1292 13 0.417459
1293 13 0.267590
1294 13 0.520128
1295 13 0.549983
1296 13 0.270663
1297 13 0.234654
1298 13 0.042984
1299 13 0.100112
1300 14 0.244110
1301 14 0.570727
1302 14 0.338000
1303 14 0.370093
1304 14 0.235418
1305 14 0.346544
1306 14 0.324926
1307 14 0.252285
1308 14 0.314634
1309 14 0.285001
1310 14 0.274795
1311 14 0.257234
1312 14 0.300566
1313 14 0.374720
1314 14 0.233894
1315 14 0.256685
1316 14 0.268673
1317 14 0.279278
1318 14 0.339086
1319 14 0.130218
1320 14 0.174389
1321 14 0.272188
1322 14 0.080551
1323 14 0.342683
1324 14 0.136071
1325 14 0.336314
1326 14 0.287363
1327 14 0.284957
1328 14 0.283800
1329 14 0.280753
1330 14 0.274457
1331 14 0.331188
1332 14 0.374837
1333 14 0.290232
1334 14 0.342640
1335 14 0.368089
1336 14 0.290958
1337 14 0.312442
1338 14 0.327702
1339 14 0.281949
1340 14 0.294055
1341 14 0.148196
1342 14 0.251337
1343 14 0.488799
1344 14 0.293450
1345 14 0.319646
1346 14 0.252858
1347 14 0.283958
1348 14 0.308590
1349 14 0.361176
1350 14 0.374805
1351 14 0.270289
1352 14 0.226256
1353 14 0.280129
1354 14 0.308039
1355 14 0.432229
1356 14 0.325085
1357 14 0.294291
1358 14 0.313925
1359 14 0.287962
1360 14 0.255060
1361 14 0.338786
1362 14 0.240971
1363 14 0.345865
1364 14 0.285722
1365 14 0.351060
1366 14 0.304822
1367 14 0.247365
1368 14 0.272387
1369 14 0.240660
1370 14 0.254170
1371 14 0.277789
1372 14 0.337568
1373 14 0.328673
1374 14 0.284108
1375 14 0.306169
1376 14 0.279953
1377 14 0.310595
1378 14 0.258308
1379 14 0.296412
1380 14 0.279657
1381 14 0.320427
1382 14 0.367473
1383 14 0.282967
1384 14 0.229830
1385 14 0.345363
1386 14 0.353217
1387 14 0.284639
1388 14 0.277804
1389 14 0.360458
1390 14 0.224493
1391 14 0.258022
1392 14 0.016213
1393 14 0.357930
1394 14 0.303816
1395 14 0.339931
1396 14 0.330287
1397 14 0.222310
1398 14 0.287628
1399 14 0.302789
1400 15 0.287999
1401 15 0.270909
1402 15 0.259624
1403 15 0.309524
1404 15 0.202925
1405 15 0.311511
1406 15 0.356763
1407 15 0.435215
1408 15 0.262496
1409 15 0.314777
1410 15 0.292959
1411 15 0.368689
1412 15 0.337987
1413 15 0.363794
1414 15 0.272025
1415 15 0.365527
1416 15 0.277444
1417 15 0.353459
1418 15 0.097456
1419 15 0.293511
1420 15 0.341010
1421 15 0.345443
1422 15 0.248155
1423 15 0.268506
1424 15 0.281402
1425 15 0.315374
1426 15 0.362765
1427 15 0.231315
1428 15 0.264010
1429 15 0.284721
1430 15 0.241969
1431 15 0.310908
1432 15 0.254801
1433 15 0.016260
1434 15 0.308887
1435 15 0.267545
1436 15 0.375054
1437 15 0.269487
1438 15 0.314354
1439 15 0.272615
1440 15 0.295993
1441 15 0.309385
1442 15 0.331760
1443 15 0.301734
1444 15 0.235008
1445 15 0.319729
1446 15 0.281591
1447 15 0.441916
1448 15 0.357426
1449 15 0.255389
1450 15 0.286712
1451 15 0.228953
1452 15 0.293571
1453 15 0.289550
1454 15 0.347453
1455 15 0.327142
1456 15 0.258965
1457 15 0.070993
1458 15 0.085402
1459 15 0.238342
1460 15 0.298815
1461 15 0.306136
1462 15 0.239963
1463 15 0.016340
1464 15 0.246099
1465 15 0.325794
1466 15 0.276090
1467 15 0.442261
1468 15 0.324398
1469 15 0.267110
1470 15 0.323432
1471 15 0.453049
1472 15 0.293755
1473 15 0.299334
1474 15 0.280399
1475 15 0.422415
1476 15 0.324251
1477 15 0.317619
1478 15 0.301578
1479 15 0.291806
1480 15 0.348633
1481 15 0.166511
1482 15 0.272153
1483 15 0.289042
1484 15 0.259535
1485 15 0.247670
1486 15 0.314101
1487 15 0.231959
1488 15 0.240831
1489 15 0.355283
1490 15 0.294462
1491 15 0.270176
1492 15 0.300130
1493 15 0.332122
1494 15 0.347320
1495 15 0.297255
1496 15 0.230000
1497 15 0.296945
1498 15 0.276981
1499 15 0.240804
1500 16 0.250859
1501 16 0.304207
1502 16 0.313214
1503 16 0.234738
1504 16 0.306105
1505 16 0.316795
1506 16 0.016417
1507 16 0.310679
1508 16 0.309207
1509 16 0.283405
1510 16 0.324362
1511 16 0.283957
1512 16 0.248492
1513 16 0.270489
1514 16 0.381207
1515 16 0.330838
1516 16 0.283861
1517 16 0.322535
1518 16 0.251019
1519 16 0.328062
1520 16 0.326062
1521 16 0.303628
1522 16 0.274861
1523 16 0.314489
1524 16 0.284867
1525 16 0.255034
1526 16 0.334987
1527 16 0.336691
1528 16 0.258205
1529 16 0.244508
1530 16 0.194222
1531 16 0.343271
1532 16 0.186516
1533 16 0.101679
1534 16 0.330161
1535 16 0.351202
1536 16 0.335497
1537 16 0.513994
1538 16 0.226151
1539 16 0.268482
1540 16 0.331941
1541 16 0.312458
1542 16 0.332387
1543 16 0.293944
1544 16 0.273287
1545 16 0.280224
1546 16 0.391733
1547 16 0.323722
1548 16 0.272786
1549 16 0.277835
1550 16 0.278690
1551 16 0.313916
1552 16 0.306730
1553 16 0.355545
1554 16 0.515246
1555 16 0.289776
1556 16 0.254297
1557 16 0.100289
1558 16 0.305880
1559 16 0.323299
1560 16 0.284462
1561 16 0.344296
1562 16 0.315672
1563 16 0.354160
1564 16 0.354896
1565 16 0.263614
1566 16 0.327371
1567 16 0.306967
1568 16 0.299081
1569 16 0.293222
1570 16 0.341008
1571 16 0.305530
1572 16 0.266960
1573 16 0.262944
1574 16 0.102567
1575 16 0.248312
1576 16 0.319420
1577 16 0.230388
1578 16 0.420423
1579 16 0.212450
1580 16 0.217782
1581 16 0.287261
1582 16 0.257581
1583 16 0.237756
1584 16 0.309850
1585 16 0.340541
1586 16 0.327783
1587 16 0.359257
1588 16 0.304064
1589 16 0.274888
1590 16 0.320484
1591 16 0.016528
1592 16 0.246991
1593 16 0.283271
1594 16 0.214368
1595 16 0.316634
1596 16 0.308100
1597 16 0.314908
1598 16 0.225658
1599 16 0.210355
1600 17 0.070921
1601 17 0.255180
1602 17 0.269871
1603 17 0.289970
1604 17 0.255755
1605 17 0.286770
1606 17 0.221176
1607 17 0.299596
1608 17 0.336350
1609 17 0.325984
1610 17 0.282944
1611 17 0.322028
1612 17 0.319981
1613 17 0.378998
1614 17 0.456420
1615 17 0.061458
1616 17 0.300004
1617 17 0.343131
1618 17 0.273834
1619 17 0.288915
1620 17 0.329792
1621 17 0.289595
1622 17 0.313035
1623 17 0.309048
1624 17 0.330584
1625 17 0.283346
1626 17 0.285382
1627 17 0.305950
1628 17 0.304001
1629 17 0.286267
1630 17 0.317102
1631 17 0.295191
1632 17 0.263413
1633 17 0.274237
1634 17 0.283936
1635 17 0.280368
1636 17 0.260499
1637 17 0.309752
1638 17 0.332968
1639 17 0.331366
1640 17 0.290689
1641 17 0.352107
1642 17 0.258983
1643 17 0.271081
1644 17 0.324874
1645 17 0.347677
1646 17 0.240700
1647 17 0.295621
1648 17 0.252012
1649 17 0.284078
1650 17 0.223247
1651 17 0.279827
1652 17 0.292093
1653 17 0.355444
1654 17 0.424675
1655 17 0.243382
1656 17 0.016702
1657 17 0.344249
1658 17 0.351222
1659 17 0.209485
1660 17 0.477518
1661 17 0.299019
1662 17 0.301484
1663 17 0.264097
1664 17 0.214956
1665 17 0.016645
1666 17 0.222097
1667 17 0.313319
1668 17 0.281827
1669 17 0.326001
1670 17 0.176703
1671 17 0.287245
1672 17 0.264479
1673 17 0.246573
1674 17 0.327414
1675 17 0.365661
1676 17 0.363366
1677 17 0.370402
1678 17 0.313590
1679 17 0.245614
1680 17 0.359343
1681 17 0.290441
1682 17 0.256507
1683 17 0.299796
1684 17 0.276363
1685 17 0.227387
1686 17 0.284322
1687 17 0.242997
1688 17 0.263174
1689 17 0.248067
1690 17 0.352625
1691 17 0.318015
1692 17 0.229499
1693 17 0.111731
1694 17 0.376766
1695 17 0.261922
1696 17 0.246365
1697 17 0.285824
1698 17 0.233348
1699 17 0.214622
1700 18 0.326033
1701 18 0.352716
1702 18 0.409657
1703 18 0.291934
1704 18 0.263291
1705 18 0.487510
1706 18 0.266027
1707 18 0.272899
1708 18 0.322636
1709 18 0.299185
1710 18 0.333894
1711 18 0.233560
1712 18 0.267061
1713 18 0.241675
1714 18 0.298494
1715 18 0.332032
1716 18 0.318265
1717 18 0.233581
1718 18 0.295075
1719 18 0.283527
1720 18 0.256844
1721 18 0.309193
1722 18 0.313202
1723 18 0.370740
1724 18 0.387414
1725 18 0.296004
1726 18 0.248563
1727 18 0.240667
1728 18 0.318702
1729 18 0.240897
1730 18 0.251804
1731 18 0.253997
1732 18 0.268571
1733 18 0.278564
1734 18 0.269462
1735 18 0.198324
1736 18 0.315934
1737 18 0.269013
1738 18 0.202348
1739 18 0.430869
1740 18 0.249780
1741 18 0.280593
1742 18 0.166660
1743 18 0.226584
1744 18 0.240808
1745 18 0.336061
1746 18 0.295480
1747 18 0.230181
1748 18 0.353444
1749 18 0.299857
1750 18 0.305962
1751 18 0.337777
1752 18 0.334475
1753 18 0.268962
1754 18 0.346057
1755 18 0.281583
1756 18 0.290354
1757 18 0.301004
1758 18 0.298062
1759 18 0.372354
1760 18 0.227750
1761 18 0.165716
1762 18 0.314409
1763 18 0.258116
1764 18 0.265668
1765 18 0.302253
1766 18 0.304835
1767 18 0.289039
1768 18 0.216333
1769 18 0.309167
1770 18 0.452312
1771 18 0.251057
1772 18 0.295004
1773 18 0.016895
1774 18 0.253553
1775 18 0.293965
1776 18 0.334095
1777 18 0.252243
1778 18 0.242968
1779 18 0.349616
1780 18 0.367936
1781 18 0.286177
1782 18 0.278699
1783 18 0.254990
1784 18 0.222634
1785 18 0.240537
1786 18 0.266790
1787 18 0.270116
1788 18 0.314509
1789 18 0.257934
1790 18 0.258198
1791 18 0.399881
1792 18 0.269145
1793 18 0.055725
1794 18 0.223215
1795 18 0.289011
1796 18 0.016838
1797 18 0.227356
1798 18 0.271301
1799 18 0.282514
1800 19 0.318551
1801 19 0.246257
1802 19 0.317583
1803 19 0.297881
1804 19 0.249507
1805 19 0.302502
1806 19 0.227814
1807 19 0.259373
1808 19 0.315661
1809 19 0.265359
1810 19 0.264304
1811 19 0.291408
1812 19 0.349829
1813 19 0.276108
1814 19 0.252747
1815 19 0.305662
1816 19 0.261730
1817 19 0.327236
1818 19 0.284869
1819 19 0.297953
1820 19 0.351348
1821 19 0.314788
1822 19 0.210506
1823 19 0.063937
1824 19 0.298858
1825 19 0.243842
1826 19 0.260825
1827 19 0.312459
1828 19 0.222131
1829 19 0.295286
1830 19 0.368220
1831 19 0.254817
1832 19 0.299602
1833 19 0.332184
1834 19 0.332516
1835 19 0.085594
1836 19 0.209810
1837 19 0.221964
1838 19 0.292810
1839 19 0.341398
1840 19 0.309393
1841 19 0.351899
1842 19 0.312705
1843 19 0.289312
1844 19 0.258614
1845 19 0.294348
1846 19 0.251785
1847 19 0.295030
1848 19 0.306300
1849 19 0.261466
1850 19 0.244886
1851 19 0.016913
1852 19 0.242802
1853 19 0.321638
1854 19 0.325205
1855 19 0.218514
1856 19 0.312192
1857 19 0.444282
1858 19 0.236559
1859 19 0.246416
1860 19 0.301282
1861 19 0.279472
1862 19 0.281752
1863 19 0.238378
1864 19 0.292162
1865 19 0.250196
1866 19 0.295852
1867 19 0.348250
1868 19 0.292916
1869 19 0.269061
1870 19 0.299751
1871 19 0.429444
1872 19 0.219829
1873 19 0.319953
1874 19 0.294591
1875 19 0.313006
1876 19 0.362396
1877 19 0.321667
1878 19 0.485590
1879 19 0.223839
1880 19 0.311107
1881 19 0.274896
1882 19 0.086600
1883 19 0.212824
1884 19 0.329387
1885 19 0.304367
1886 19 0.329967
1887 19 0.250932
1888 19 0.287292
1889 19 0.313337
1890 19 0.387223
1891 19 0.262828
1892 19 0.238361
1893 19 0.260663
1894 19 0.291115
1895 19 0.240604
1896 19 0.237346
1897 19 0.295351
1898 19 0.088163
1899 19 0.245576
1900 20 0.281583
1901 20 0.310049
1902 20 0.252818
1903 20 0.242953
1904 20 0.237243
1905 20 0.326331
1906 20 0.268697
1907 20 0.228271
1908 20 0.385212
1909 20 0.329808
1910 20 0.220789
1911 20 0.262471
1912 20 0.250981
1913 20 0.224276
1914 20 0.319159
1915 20 0.272050
1916 20 0.300260
1917 20 0.241986
1918 20 0.242725
1919 20 0.055683
1920 20 0.236987
1921 20 0.223410
1922 20 0.269457
1923 20 0.316442
1924 20 0.268151
1925 20 0.245024
1926 20 0.332523
1927 20 0.362715
1928 20 0.282739
1929 20 0.293887
1930 20 0.437510
1931 20 0.412497
1932 20 0.293027
1933 20 0.289903
1934 20 0.309066
1935 20 0.293918
1936 20 0.294185
1937 20 0.089397
1938 20 0.259209
1939 20 0.289830
1940 20 0.345734
1941 20 0.286131
1942 20 0.326503
1943 20 0.269841
1944 20 0.129613
1945 20 0.209054
1946 20 0.250543
1947 20 0.258070
1948 20 0.293688
1949 20 0.357790
1950 20 0.215578
1951 20 0.342765
1952 20 0.233568
1953 20 0.227981
1954 20 0.281379
1955 20 0.255835
1956 20 0.270630
1957 20 0.230807
1958 20 0.292576
1959 20 0.291014
1960 20 0.279880
1961 20 0.064082
1962 20 0.254448
1963 20 0.017062
1964 20 0.303856
1965 20 0.290378
1966 20 0.228077
1967 20 0.250300
1968 20 0.223463
1969 20 0.283232
1970 20 0.325159
1971 20 0.258571
1972 20 0.259890
1973 20 0.306323
1974 20 0.310717
1975 20 0.329773
1976 20 0.224900
1977 20 0.311154
1978 20 0.244944
1979 20 0.269913
1980 20 0.399018
1981 20 0.274017
1982 20 0.266799
1983 20 0.422810
1984 20 0.237695
1985 20 0.291015
1986 20 0.250838
1987 20 0.188492
1988 20 0.317858
1989 20 0.274150
1990 20 0.278811
1991 20 0.285732
1992 20 0.285433
1993 20 0.183197
1994 20 0.343834
1995 20 0.296720
1996 20 0.402050
1997 20 0.286503
1998 20 0.276978
1999 20 0.219951
2000 21 0.328278
2001 21 0.292706
2002 21 0.223251
2003 21 0.295342
2004 21 0.211325
2005 21 0.330999
2006 21 0.282507
2007 21 0.275570
2008 21 0.258160
2009 21 0.269921
2010 21 0.260231
2011 21 0.243392
2012 21 0.313389
2013 21 0.229984
2014 21 0.315287
2015 21 0.231697
2016 21 0.168635
2017 21 0.289873
2018 21 0.387036
2019 21 0.282894
2020 21 0.333509
2021 21 0.268598
2022 21 0.267736
2023 21 0.339989
2024 21 0.306705
2025 21 0.257446
2026 21 0.267181
2027 21 0.358458
2028 21 0.266933
2029 21 0.271322
2030 21 0.285662
2031 21 0.228444
2032 21 0.261006
2033 21 0.292037
2034 21 0.282879
2035 21 0.398715
2036 21 0.318904
2037 21 0.057282
2038 21 0.258397
2039 21 0.272156
2040 21 0.286008
2041 21 0.264793
2042 21 0.266288
2043 21 0.258706
2044 21 0.210311
2045 21 0.263878
2046 21 0.302581
2047 21 0.304420
2048 21 0.392978
2049 21 0.287838
2050 21 0.338349
2051 21 0.055620
2052 21 0.224595
2053 21 0.234624
2054 21 0.346235
2055 21 0.222874
2056 21 0.269312
2057 21 0.236954
2058 21 0.017183
2059 21 0.257518
2060 21 0.275488
2061 21 0.216539
2062 21 0.281571
2063 21 0.265074
2064 21 0.312981
2065 21 0.323912
2066 21 0.295785
2067 21 0.286778
2068 21 0.319317
2069 21 0.255868
2070 21 0.235859
2071 21 0.249681
2072 21 0.313197
2073 21 0.343067
2074 21 0.325524
2075 21 0.303861
2076 21 0.268204
2077 21 0.277146
2078 21 0.288207
2079 21 0.280868
2080 21 0.217620
2081 21 0.352924
2082 21 0.245819
2083 21 0.226206
2084 21 0.017358
2085 21 0.233388
2086 21 0.344484
2087 21 0.257237
2088 21 0.318511
2089 21 0.226926
2090 21 0.091020
2091 21 0.253708
2092 21 0.453630
2093 21 0.402703
2094 21 0.270481
2095 21 0.229500
2096 21 0.240332
2097 21 0.330736
2098 21 0.256884
2099 21 0.284872
2100 22 0.268330
2101 22 0.353466
2102 22 0.226470
2103 22 0.292248
2104 22 0.258753
2105 22 0.269758
2106 22 0.270795
2107 22 0.352726
2108 22 0.320132
2109 22 0.017391
2110 22 0.309728
2111 22 0.235132
2112 22 0.146232
2113 22 0.330890
2114 22 0.040653
2115 22 0.281004
2116 22 0.337500
2117 22 0.257693
2118 22 0.252809
2119 22 0.214288
2120 22 0.258794
2121 22 0.263932
2122 22 0.248122
2123 22 0.235930
2124 22 0.267931
2125 22 0.237622
2126 22 0.327637
2127 22 0.229193
2128 22 0.248000
2129 22 0.288617
2130 22 0.308398
2131 22 0.299037
2132 22 0.254211
2133 22 0.315889
2134 22 0.301474
2135 22 0.318014
2136 22 0.294701
2137 22 0.276335
2138 22 0.209338
2139 22 0.295704
2140 22 0.323718
2141 22 0.203206
2142 22 0.281635
2143 22 0.297329
2144 22 0.311363
2145 22 0.261530
2146 22 0.252148
2147 22 0.262665
2148 22 0.437574
2149 22 0.294734
2150 22 0.256171
2151 22 0.213537
2152 22 0.350307
2153 22 0.269525
2154 22 0.268002
2155 22 0.099600
2156 22 0.245940
2157 22 0.283804
2158 22 0.230310
2159 22 0.295202
2160 22 0.221747
2161 22 0.291017
2162 22 0.211347
2163 22 0.271885
2164 22 0.238478
2165 22 0.252470
2166 22 0.487840
2167 22 0.151076
2168 22 0.287826
2169 22 0.190566
2170 22 0.265091
2171 22 0.209778
2172 22 0.283877
2173 22 0.268964
2174 22 0.292277
2175 22 0.278755
2176 22 0.296592
2177 22 0.036587
2178 22 0.251587
2179 22 0.321633
2180 22 0.331385
2181 22 0.282358
2182 22 0.253857
2183 22 0.284449
2184 22 0.241907
2185 22 0.294566
2186 22 0.259152
2187 22 0.296609
2188 22 0.318511
2189 22 0.257725
2190 22 0.232546
2191 22 0.252895
2192 22 0.246886
2193 22 0.286295
2194 22 0.101806
2195 22 0.233586
2196 22 0.274357
2197 22 0.218008
2198 22 0.215827
2199 22 0.267059
2200 23 0.322430
2201 23 0.270863
2202 23 0.248624
2203 23 0.261513
2204 23 0.292428
2205 23 0.316279
2206 23 0.285531
2207 23 0.158751
2208 23 0.252656
2209 23 0.316941
2210 23 0.281143
2211 23 0.167694
2212 23 0.349349
2213 23 0.209696
2214 23 0.345383
2215 23 0.253054
2216 23 0.296733
2217 23 0.228595
2218 23 0.287043
2219 23 0.309145
2220 23 0.265448
2221 23 0.270074
2222 23 0.300525
2223 23 0.250029
2224 23 0.242782
2225 23 0.235541
2226 23 0.328973
2227 23 0.238892
2228 23 0.332040
2229 23 0.017551
2230 23 0.256045
2231 23 0.271638
2232 23 0.285415
2233 23 0.232811
2234 23 0.285777
2235 23 0.358034
2236 23 0.309328
2237 23 0.249446
2238 23 0.233359
2239 23 0.280451
2240 23 0.224518
2241 23 0.286546
2242 23 0.234613
2243 23 0.293331
2244 23 0.289887
2245 23 0.207822
2246 23 0.270410
2247 23 0.279453
2248 23 0.310578
2249 23 0.071168
2250 23 0.316726
2251 23 0.290788
2252 23 0.260444
2253 23 0.265075
2254 23 0.256386
2255 23 0.251223
2256 23 0.266032
2257 23 0.266869
2258 23 0.248032
2259 23 0.247038
2260 23 0.294605
2261 23 0.270504
2262 23 0.198891
2263 23 0.249058
2264 23 0.219967
2265 23 0.285720
2266 23 0.245782
2267 23 0.314963
2268 23 0.199578
2269 23 0.212263
2270 23 0.206821
2271 23 0.229804
2272 23 0.229948
2273 23 0.309578
2274 23 0.388592
2275 23 0.205910
2276 23 0.254874
2277 23 0.469582
2278 23 0.275289
2279 23 0.213673
2280 23 0.326173
2281 23 0.064369
2282 23 0.419737
2283 23 0.258157
2284 23 0.296582
2285 23 0.322227
2286 23 0.207126
2287 23 0.354776
2288 23 0.312653
2289 23 0.246756
2290 23 0.282091
2291 23 0.247439
2292 23 0.313626
2293 23 0.283198
2294 23 0.249459
2295 23 0.017439
2296 23 0.316561
2297 23 0.036662
2298 23 0.258244
2299 23 0.311183
2300 24 0.302186
2301 24 0.275558
2302 24 0.333374
2303 24 0.225309
2304 24 0.445515
2305 24 0.242797
2306 24 0.280917
2307 24 0.294343
2308 24 0.242605
2309 24 0.275805
2310 24 0.249237
2311 24 0.314765
2312 24 0.297486
2313 24 0.327079
2314 24 0.245201
2315 24 0.295245
2316 24 0.311105
2317 24 0.312011
2318 24 0.141624
2319 24 0.238513
2320 24 0.355049
2321 24 0.300404
2322 24 0.220311
2323 24 0.259560
2324 24 0.255929
2325 24 0.017462
2326 24 0.295284
2327 24 0.276603
2328 24 0.232221
2329 24 0.257455
2330 24 0.235898
2331 24 0.221509
2332 24 0.077451
2333 24 0.264117
2334 24 0.265766
2335 24 0.276066
2336 24 0.274594
2337 24 0.299095
2338 24 0.289959
2339 24 0.299602
2340 24 0.244482
2341 24 0.291656
2342 24 0.421806
2343 24 0.264252
2344 24 0.170220
2345 24 0.233383
2346 24 0.271701
2347 24 0.226784
2348 24 0.286457
2349 24 0.235207
2350 24 0.249517
2351 24 0.247723
2352 24 0.231028
2353 24 0.356846
2354 24 0.270737
2355 24 0.216210
2356 24 0.259770
2357 24 0.358083
2358 24 0.293762
2359 24 0.267285
2360 24 0.240021
2361 24 0.187020
2362 24 0.297341
2363 24 0.256499
2364 24 0.270339
2365 24 0.252019
2366 24 0.221788
2367 24 0.285718
2368 24 0.248704
2369 24 0.297243
2370 24 0.274757
2371 24 0.279354
2372 24 0.329017
2373 24 0.260422
2374 24 0.211639
2375 24 0.275787
2376 24 0.223307
2377 24 0.262995
2378 24 0.273831
2379 24 0.351171
2380 24 0.304585
2381 24 0.265083
2382 24 0.264484
2383 24 0.224591
2384 24 0.223147
2385 24 0.194238
2386 24 0.017733
2387 24 0.266421
2388 24 0.175566
2389 24 0.306606
2390 24 0.249395
2391 24 0.262945
2392 24 0.268485
2393 24 0.234368
2394 24 0.089853
2395 24 0.254912
2396 24 0.306450
2397 24 0.241516
2398 24 0.224485
2399 24 0.298959
2400 25 0.209966
2401 25 0.261240
2402 25 0.260381
2403 25 0.256047
2404 25 0.258734
2405 25 0.226375
2406 25 0.243908
2407 25 0.262963
2408 25 0.274564
2409 25 0.315645
2410 25 0.195676
2411 25 0.310866
2412 25 0.291347
2413 25 0.307652
2414 25 0.224088
2415 25 0.253425
2416 25 0.106723
2417 25 0.221629
2418 25 0.318701
2419 25 0.263527
2420 25 0.195605
2421 25 0.273874
2422 25 0.177335
2423 25 0.293079
2424 25 0.280457
2425 25 0.274737
2426 25 0.220212
2427 25 0.017553
2428 25 0.269230
2429 25 0.272288
2430 25 0.399505
2431 25 0.227672
2432 25 0.135632
2433 25 0.313279
2434 25 0.265880
2435 25 0.278776
2436 25 0.272458
2437 25 0.269211
2438 25 0.188093
2439 25 0.416176
2440 25 0.228543
2441 25 0.207673
2442 25 0.303404
2443 25 0.194192
2444 25 0.237366
2445 25 0.273502
2446 25 0.017786
2447 25 0.242804
2448 25 0.289784
2449 25 0.249026
2450 25 0.177330
2451 25 0.308255
2452 25 0.185288
2453 25 0.228615
2454 25 0.198221
2455 25 0.227751
2456 25 0.226586
2457 25 0.226093
2458 25 0.262266
2459 25 0.224216
2460 25 0.317663
2461 25 0.307063
2462 25 0.302859
2463 25 0.243215
2464 25 0.302119
2465 25 0.395978
2466 25 0.281051
2467 25 0.207316
2468 25 0.286819
2469 25 0.256013
2470 25 0.291682
2471 25 0.285575
2472 25 0.246716
2473 25 0.242634
2474 25 0.229861
2475 25 0.227320
2476 25 0.247871
2477 25 0.215436
2478 25 0.274002
2479 25 0.247426
2480 25 0.343440
2481 25 0.259184
2482 25 0.175242
2483 25 0.271022
2484 25 0.223517
2485 25 0.238455
2486 25 0.228649
2487 25 0.333304
2488 25 0.292891
2489 25 0.267795
2490 25 0.278427
2491 25 0.257660
2492 25 0.242072
2493 25 0.264089
2494 25 0.312795
2495 25 0.266186
2496 25 0.297241
2497 25 0.275725
2498 25 0.221306
2499 25 0.260562
2500 26 0.263117
2501 26 0.297653
2502 26 0.264788
2503 26 0.341929
2504 26 0.150459
2505 26 0.157419
2506 26 0.248151
2507 26 0.235802
2508 26 0.273597
2509 26 0.242671
2510 26 0.278833
2511 26 0.273619
2512 26 0.198845
2513 26 0.248079
2514 26 0.246015
2515 26 0.295121
2516 26 0.242023
2517 26 0.206549
2518 26 0.271227
2519 26 0.289737
2520 26 0.334710
2521 26 0.240681
2522 26 0.280879
2523 26 0.240787
2524 26 0.321707
2525 26 0.250005
2526 26 0.262236
2527 26 0.255050
2528 26 0.239155
2529 26 0.217472
2530 26 0.311421
2531 26 0.283159
2532 26 0.322610
2533 26 0.282587
2534 26 0.301079
2535 26 0.320357
2536 26 0.239085
2537 26 0.246402
2538 26 0.243607
2539 26 0.269375
2540 26 0.282466
2541 26 0.257497
2542 26 0.132430
2543 26 0.295338
2544 26 0.263775
2545 26 0.236726
2546 26 0.236727
2547 26 0.251875
2548 26 0.251405
2549 26 0.294795
2550 26 0.215392
2551 26 0.017895
2552 26 0.243779
2553 26 0.238935
2554 26 0.198953
2555 26 0.341016
2556 26 0.279384
2557 26 0.240489
2558 26 0.301577
2559 26 0.345321
2560 26 0.235004
2561 26 0.219389
2562 26 0.246511
2563 26 0.214352
2564 26 0.266873
2565 26 0.260580
2566 26 0.307262
2567 26 0.248235
2568 26 0.270668
2569 26 0.293703
2570 26 0.234514
2571 26 0.237428
2572 26 0.274700
2573 26 0.250607
2574 26 0.172470
2575 26 0.291800
2576 26 0.313986
2577 26 0.172173
2578 26 0.287423
2579 26 0.274051
2580 26 0.197622
2581 26 0.344291
2582 26 0.229823
2583 26 0.285226
2584 26 0.214470
2585 26 0.227724
2586 26 0.209134
2587 26 0.253129
2588 26 0.280177
2589 26 0.293603
2590 26 0.252234
2591 26 0.213733
2592 26 0.017684
2593 26 0.293290
2594 26 0.428056
2595 26 0.289608
2596 26 0.291476
2597 26 0.246994
2598 26 0.402194
2599 26 0.227258
2600 27 0.295354
2601 27 0.399185
2602 27 0.247702
2603 27 0.230856
2604 27 0.279593
2605 27 0.294210
2606 27 0.196021
2607 27 0.310051
2608 27 0.255254
2609 27 0.237580
2610 27 0.308509
2611 27 0.263175
2612 27 0.228027
2613 27 0.292304
2614 27 0.230259
2615 27 0.354717
2616 27 0.284820
2617 27 0.290128
2618 27 0.236313
2619 27 0.178319
2620 27 0.251986
2621 27 0.261804
2622 27 0.224299
2623 27 0.316774
2624 27 0.218622
2625 27 0.248484
2626 27 0.254719
2627 27 0.324536
2628 27 0.212426
2629 27 0.213202
2630 27 0.199349
2631 27 0.248384
2632 27 0.280397
2633 27 0.219269
2634 27 0.305342
2635 27 0.263264
2636 27 0.258204
2637 27 0.211932
2638 27 0.315765
2639 27 0.234598
2640 27 0.198417
2641 27 0.318058
2642 27 0.273534
2643 27 0.247919
2644 27 0.338729
2645 27 0.335064
2646 27 0.276968
2647 27 0.179288
2648 27 0.017724
2649 27 0.294151
2650 27 0.205727
2651 27 0.384871
2652 27 0.259095
2653 27 0.254885
2654 27 0.289892
2655 27 0.250231
2656 27 0.288101
2657 27 0.293584
2658 27 0.213509
2659 27 0.220945
2660 27 0.245519
2661 27 0.248377
2662 27 0.281630
2663 27 0.301760
2664 27 0.273912
2665 27 0.241263
2666 27 0.039464
2667 27 0.280631
2668 27 0.387517
2669 27 0.231869
2670 27 0.236725
2671 27 0.343681
2672 27 0.209520
2673 27 0.296173
2674 27 0.087786
2675 27 0.242757
2676 27 0.180465
2677 27 0.269402
2678 27 0.193434
2679 27 0.242703
2680 27 0.252927
2681 27 0.263782
2682 27 0.276189
2683 27 0.258269
2684 27 0.078853
2685 27 0.223127
2686 27 0.231402
2687 27 0.276424
2688 27 0.359615
2689 27 0.275581
2690 27 0.216414
2691 27 0.231791
2692 27 0.055574
2693 27 0.234987
2694 27 0.188404
2695 27 0.239181
2696 27 0.290892
2697 27 0.193130
2698 27 0.234062
2699 27 0.229399
2700 28 0.249836
2701 28 0.229234
2702 28 0.203675
2703 28 0.307730
2704 28 0.217819
2705 28 0.228883
2706 28 0.264083
2707 28 0.229396
2708 28 0.239361
2709 28 0.352221
2710 28 0.285382
2711 28 0.291678
2712 28 0.329425
2713 28 0.018025
2714 28 0.055554
2715 28 0.234363
2716 28 0.277622
2717 28 0.248134
2718 28 0.237268
2719 28 0.243314
2720 28 0.283841
2721 28 0.275896
2722 28 0.226012
2723 28 0.240265
2724 28 0.036812
2725 28 0.275028
2726 28 0.272318
2727 28 0.169259
2728 28 0.322730
2729 28 0.283305
2730 28 0.262315
2731 28 0.282106
2732 28 0.210352
2733 28 0.202703
2734 28 0.306543
2735 28 0.399109
2736 28 0.230612
2737 28 0.212717
2738 28 0.212770
2739 28 0.071311
2740 28 0.290563
2741 28 0.303281
2742 28 0.237688
2743 28 0.245447
2744 28 0.292674
2745 28 0.227451
2746 28 0.290158
2747 28 0.300592
2748 28 0.262857
2749 28 0.268704
2750 28 0.293231
2751 28 0.237167
2752 28 0.218735
2753 28 0.241872
2754 28 0.208429
2755 28 0.233195
2756 28 0.219571
2757 28 0.243530
2758 28 0.245291
2759 28 0.269883
2760 28 0.273945
2761 28 0.216332
2762 28 0.216620
2763 28 0.243300
2764 28 0.234495
2765 28 0.246510
2766 28 0.017794
2767 28 0.287737
2768 28 0.284410
2769 28 0.285754
2770 28 0.242825
2771 28 0.268454
2772 28 0.213895
2773 28 0.238778
2774 28 0.246754
2775 28 0.244415
2776 28 0.325467
2777 28 0.243751
2778 28 0.276082
2779 28 0.419456
2780 28 0.259248
2781 28 0.277234
2782 28 0.155945
2783 28 0.219504
2784 28 0.289762
2785 28 0.203960
2786 28 0.218257
2787 28 0.240121
2788 28 0.252506
2789 28 0.250484
2790 28 0.243628
2791 28 0.210532
2792 28 0.149927
2793 28 0.212762
2794 28 0.347625
2795 28 0.287844
2796 28 0.238419
2797 28 0.228594
2798 28 0.216759
2799 28 0.271303
2800 29 0.224774
2801 29 0.220151
2802 29 0.208233
2803 29 0.286044
2804 29 0.227135
2805 29 0.215231
2806 29 0.256262
2807 29 0.300240
2808 29 0.241125
2809 29 0.239849
2810 29 0.241687
2811 29 0.269448
2812 29 0.190243
2813 29 0.233407
2814 29 0.230358
2815 29 0.278246
2816 29 0.358142
2817 29 0.177384
2818 29 0.253537
2819 29 0.266032
2820 29 0.263445
2821 29 0.250082
2822 29 0.393723
2823 29 0.258031
2824 29 0.293613
2825 29 0.224274
2826 29 0.270113
2827 29 0.270591
2828 29 0.242754
2829 29 0.287142
2830 29 0.283450
2831 29 0.250047
2832 29 0.206877
2833 29 0.221050
2834 29 0.210611
2835 29 0.275090
2836 29 0.273415
2837 29 0.181238
2838 29 0.238872
2839 29 0.307491
2840 29 0.336767
2841 29 0.349496
2842 29 0.266287
2843 29 0.209767
2844 29 0.244524
2845 29 0.243968
2846 29 0.335092
2847 29 0.243600
2848 29 0.219778
2849 29 0.017850
2850 29 0.387995
2851 29 0.219582
2852 29 0.288118
2853 29 0.257081
2854 29 0.237518
2855 29 0.250365
2856 29 0.267152
2857 29 0.269285
2858 29 0.195782
2859 29 0.268404
2860 29 0.055551
2861 29 0.230591
2862 29 0.018146
2863 29 0.209637
2864 29 0.217833
2865 29 0.223694
2866 29 0.316634
2867 29 0.281236
2868 29 0.292656
2869 29 0.254279
2870 29 0.241947
2871 29 0.201299
2872 29 0.238039
2873 29 0.278168
2874 29 0.245690
2875 29 0.245173
2876 29 0.301576
2877 29 0.220239
2878 29 0.244895
2879 29 0.239433
2880 29 0.271567
2881 29 0.243339
2882 29 0.256510
2883 29 0.269065
2884 29 0.273758
2885 29 0.210011
2886 29 0.223366
2887 29 0.259220
2888 29 0.213851
2889 29 0.235727
2890 29 0.223712
2891 29 0.181137
2892 29 0.286731
2893 29 0.036888
2894 29 0.238571
2895 29 0.263471
2896 29 0.360958
2897 29 0.316412
2898 29 0.124989
2899 29 0.202702
2900 30 0.017868
2901 30 0.197948
2902 30 0.206974
2903 30 0.270416
2904 30 0.295238
2905 30 0.213609
2906 30 0.223748
2907 30 0.223133
2908 30 0.195119
2909 30 0.250587
2910 30 0.255303
2911 30 0.210215
2912 30 0.263706
2913 30 0.226262
2914 30 0.233095
2915 30 0.333058
2916 30 0.216112
2917 30 0.272948
2918 30 0.253713
2919 30 0.217888
2920 30 0.203837
2921 30 0.164606
2922 30 0.217259
2923 30 0.210581
2924 30 0.277606
2925 30 0.220195
2926 30 0.266647
2927 30 0.204720
2928 30 0.036867
2929 30 0.207499
2930 30 0.300758
2931 30 0.254606
2932 30 0.269347
2933 30 0.217717
2934 30 0.199292
2935 30 0.326332
2936 30 0.208941
2937 30 0.224982
2938 30 0.258930
2939 30 0.018171
2940 30 0.237289
2941 30 0.319780
2942 30 0.264943
2943 30 0.280798
2944 30 0.262467
2945 30 0.216718
2946 30 0.237347
2947 30 0.392791
2948 30 0.221558
2949 30 0.234745
2950 30 0.280030
2951 30 0.252380
2952 30 0.441416
2953 30 0.087788
2954 30 0.224981
2955 30 0.227454
2956 30 0.255832
2957 30 0.244824
2958 30 0.251743
2959 30 0.232463
2960 30 0.248397
2961 30 0.203741
2962 30 0.192586
2963 30 0.243759
2964 30 0.274021
2965 30 0.278479
2966 30 0.234082
2967 30 0.305391
2968 30 0.267356
2969 30 0.212748
2970 30 0.286192
2971 30 0.206943
2972 30 0.283126
2973 30 0.233469
2974 30 0.212453
2975 30 0.299974
2976 30 0.237052
2977 30 0.283622
2978 30 0.055519
2979 30 0.264081
2980 30 0.290564
2981 30 0.224577
2982 30 0.293873
2983 30 0.261576
2984 30 0.326904
2985 30 0.216148
2986 30 0.193334
2987 30 0.251070
2988 30 0.268959
2989 30 0.269532
2990 30 0.257863
2991 30 0.229111
2992 30 0.261145
2993 30 0.217976
2994 30 0.311012
2995 30 0.307954
2996 30 0.302366
2997 30 0.251575
2998 30 0.245131
2999 30 0.307237
