# Batch convergence for: model=snn-ae encoding=latency architecture=conv1d v_th=1.5 alpha=0.99 run=3
batch_num epoch batch_loss
0 1 0.499606
1 1 0.940923
2 1 0.942457
3 1 0.505935
4 1 0.993167
5 1 0.680200
6 1 1.018043
7 1 1.021919
8 1 0.623486
9 1 0.885890
10 1 1.093222
11 1 0.838943
12 1 0.771373
13 1 0.908094
14 1 0.720154
15 1 0.865220
16 1 0.609904
17 1 1.052772
18 1 0.938873
19 1 0.583820
20 1 0.782360
21 1 0.071020
22 1 0.751292
23 1 0.756010
24 1 0.689445
25 1 0.785024
26 1 0.646357
27 1 0.914597
28 1 0.677973
29 1 0.949337
30 1 0.658513
31 1 0.674351
32 1 0.785798
33 1 0.905097
34 1 0.703375
35 1 0.693329
36 1 0.877326
37 1 0.666936
38 1 0.742811
39 1 0.834670
40 1 0.629961
41 1 0.577801
42 1 0.656172
43 1 0.677061
44 1 0.713860
45 1 0.503643
46 1 0.625358
47 1 0.600783
48 1 0.805324
49 1 0.659144
50 1 0.110309
51 1 0.728287
52 1 0.612026
53 1 0.310320
54 1 1.061178
55 1 0.713504
56 1 0.652077
57 1 0.752844
58 1 0.501055
59 1 0.717140
60 1 0.792926
61 1 0.809992
62 1 0.726472
63 1 0.826576
64 1 0.502982
65 1 0.445654
66 1 0.087337
67 1 0.895738
68 1 0.571778
69 1 0.826339
70 1 0.652074
71 1 0.427960
72 1 0.028441
73 1 0.654042
74 1 0.957806
75 1 0.649096
76 1 0.573916
77 1 0.791544
78 1 0.453541
79 1 0.569429
80 1 1.114715
81 1 0.555631
82 1 0.480288
83 1 0.891678
84 1 0.578691
85 1 0.676135
86 1 0.583416
87 1 0.772002
88 1 0.601000
89 1 0.575103
90 1 0.443385
91 1 0.672384
92 1 0.414764
93 1 0.622078
94 1 0.638899
95 1 0.625628
96 1 0.604372
97 1 0.491516
98 1 0.591765
99 1 0.567644
100 2 0.535532
101 2 0.556514
102 2 0.550330
103 2 0.590654
104 2 0.738437
105 2 0.695933
106 2 0.504656
107 2 0.662886
108 2 0.519164
109 2 0.612042
110 2 0.603045
111 2 0.158415
112 2 0.506291
113 2 1.078616
114 2 0.480915
115 2 0.514068
116 2 0.538323
117 2 0.644080
118 2 0.360861
119 2 0.474897
120 2 0.640822
121 2 0.720354
122 2 0.463080
123 2 0.730137
124 2 0.433760
125 2 0.656987
126 2 0.562562
127 2 0.701536
128 2 0.607633
129 2 0.558975
130 2 0.546049
131 2 0.531838
132 2 0.411794
133 2 0.591894
134 2 0.535663
135 2 0.696277
136 2 0.487477
137 2 0.504368
138 2 0.655203
139 2 0.711252
140 2 0.478803
141 2 0.611039
142 2 0.646467
143 2 0.475465
144 2 0.575771
145 2 0.571603
146 2 0.633079
147 2 0.504274
148 2 0.706733
149 2 0.593553
150 2 0.430478
151 2 0.618376
152 2 0.469356
153 2 0.466774
154 2 0.509524
155 2 0.024258
156 2 0.657663
157 2 0.602386
158 2 0.698123
159 2 0.524282
160 2 0.483241
161 2 0.467618
162 2 0.435571
163 2 0.687089
164 2 0.465677
165 2 0.486309
166 2 0.028007
167 2 0.534584
168 2 0.558667
169 2 0.584200
170 2 0.513149
171 2 0.594639
172 2 0.671105
173 2 0.485353
174 2 0.685446
175 2 0.507882
176 2 0.643578
177 2 0.224244
178 2 0.599124
179 2 0.530267
180 2 0.603527
181 2 0.509235
182 2 0.500580
183 2 0.643691
184 2 0.674184
185 2 0.103956
186 2 0.795239
187 2 0.570245
188 2 0.491930
189 2 0.587890
190 2 0.542659
191 2 0.463745
192 2 0.572117
193 2 0.564142
194 2 1.032767
195 2 0.674087
196 2 0.536050
197 2 0.603943
198 2 0.380562
199 2 0.565387
200 3 0.514255
201 3 0.587078
202 3 0.557387
203 3 0.490097
204 3 0.024080
205 3 0.575424
206 3 0.444588
207 3 0.473897
208 3 1.053512
209 3 0.479211
210 3 0.479142
211 3 0.443696
212 3 0.556663
213 3 0.493946
214 3 0.466680
215 3 0.393313
216 3 0.650091
217 3 0.499752
218 3 0.945330
219 3 0.027780
220 3 0.564101
221 3 0.529174
222 3 0.599416
223 3 0.681043
224 3 0.601037
225 3 0.494049
226 3 0.508305
227 3 0.510190
228 3 0.504663
229 3 0.363390
230 3 0.582428
231 3 0.151317
232 3 0.550064
233 3 0.522795
234 3 0.517461
235 3 0.493643
236 3 0.578594
237 3 0.607208
238 3 0.563148
239 3 0.530938
240 3 0.679936
241 3 0.409512
242 3 0.547047
243 3 0.544571
244 3 0.583271
245 3 0.534458
246 3 0.454825
247 3 0.565330
248 3 0.451531
249 3 0.455253
250 3 0.569565
251 3 0.612404
252 3 0.585921
253 3 0.476934
254 3 0.523894
255 3 0.585571
256 3 0.486220
257 3 0.517062
258 3 0.498865
259 3 0.646230
260 3 0.498636
261 3 0.553319
262 3 0.563899
263 3 0.551320
264 3 0.475815
265 3 0.648039
266 3 0.486726
267 3 0.501993
268 3 0.460990
269 3 0.671334
270 3 0.382992
271 3 0.410663
272 3 0.515292
273 3 0.557497
274 3 0.395889
275 3 0.510356
276 3 0.067921
277 3 0.134891
278 3 0.509302
279 3 0.671001
280 3 0.486022
281 3 0.517934
282 3 0.472485
283 3 0.485682
284 3 0.642371
285 3 0.555411
286 3 0.510384
287 3 0.536195
288 3 0.547271
289 3 0.490647
290 3 0.563072
291 3 0.641049
292 3 0.505971
293 3 0.538951
294 3 0.456614
295 3 0.329267
296 3 0.439066
297 3 0.566149
298 3 0.578121
299 3 0.591944
300 4 0.557846
301 4 0.417578
302 4 0.527035
303 4 0.491465
304 4 0.462833
305 4 0.652377
306 4 0.463510
307 4 0.474207
308 4 0.690931
309 4 0.563155
310 4 0.412937
311 4 0.507823
312 4 0.450906
313 4 0.531986
314 4 0.536308
315 4 0.472618
316 4 0.365601
317 4 0.374096
318 4 0.591645
319 4 0.675204
320 4 0.506525
321 4 0.416418
322 4 0.525760
323 4 0.525465
324 4 0.445236
325 4 0.558753
326 4 0.530636
327 4 0.494820
328 4 0.133746
329 4 0.560769
330 4 0.478656
331 4 0.527556
332 4 0.544553
333 4 0.452974
334 4 0.483329
335 4 0.532560
336 4 0.407499
337 4 0.507974
338 4 0.572495
339 4 0.521743
340 4 0.426013
341 4 0.470725
342 4 0.483766
343 4 0.053452
344 4 0.630465
345 4 0.618240
346 4 0.550235
347 4 0.550228
348 4 0.527877
349 4 0.500198
350 4 0.496067
351 4 0.373348
352 4 0.469926
353 4 0.475716
354 4 0.104611
355 4 0.432493
356 4 0.489033
357 4 0.555607
358 4 0.490978
359 4 0.067056
360 4 0.027337
361 4 0.556042
362 4 0.511931
363 4 0.458071
364 4 0.541615
365 4 0.593033
366 4 0.517513
367 4 0.425680
368 4 0.573578
369 4 0.501984
370 4 0.354236
371 4 0.305244
372 4 0.496313
373 4 0.613579
374 4 0.400673
375 4 0.437319
376 4 0.428771
377 4 0.495538
378 4 0.395913
379 4 0.545518
380 4 0.525377
381 4 0.435454
382 4 0.537663
383 4 0.990066
384 4 0.589238
385 4 0.522791
386 4 0.562876
387 4 0.600000
388 4 0.492885
389 4 0.421236
390 4 0.490900
391 4 0.468128
392 4 0.490222
393 4 0.601549
394 4 0.599348
395 4 0.885941
396 4 0.618739
397 4 0.574685
398 4 0.644534
399 4 0.386821
400 5 0.438306
401 5 0.655090
402 5 0.417721
403 5 0.439157
404 5 0.507771
405 5 0.461333
406 5 0.431640
407 5 0.581587
408 5 0.621290
409 5 0.468529
410 5 0.536613
411 5 0.897998
412 5 0.385544
413 5 0.112925
414 5 0.505919
415 5 0.557227
416 5 0.103636
417 5 0.458684
418 5 0.404308
419 5 0.382699
420 5 0.521203
421 5 0.270731
422 5 0.551593
423 5 0.524723
424 5 0.518368
425 5 0.573238
426 5 0.443695
427 5 0.522514
428 5 0.446625
429 5 0.327136
430 5 0.550694
431 5 0.469733
432 5 0.493973
433 5 0.466535
434 5 0.407543
435 5 0.506630
436 5 0.490531
437 5 0.477341
438 5 0.048806
439 5 0.492374
440 5 0.582829
441 5 0.461057
442 5 0.493783
443 5 0.418679
444 5 0.485053
445 5 0.476626
446 5 0.565393
447 5 0.449093
448 5 0.431556
449 5 0.515528
450 5 0.436966
451 5 0.497146
452 5 0.508824
453 5 0.027140
454 5 0.491612
455 5 0.450529
456 5 0.529469
457 5 0.448332
458 5 0.514126
459 5 0.435586
460 5 0.493692
461 5 0.491940
462 5 0.478418
463 5 0.413290
464 5 0.613730
465 5 0.489545
466 5 0.474803
467 5 0.378102
468 5 0.524221
469 5 0.395909
470 5 0.472467
471 5 0.451831
472 5 0.352963
473 5 0.468088
474 5 0.416417
475 5 0.540243
476 5 0.554154
477 5 0.382969
478 5 0.432780
479 5 0.454945
480 5 0.481453
481 5 0.912159
482 5 0.471984
483 5 0.627706
484 5 0.262350
485 5 0.452865
486 5 0.511179
487 5 0.588286
488 5 0.486496
489 5 0.455149
490 5 0.453826
491 5 0.433648
492 5 0.535674
493 5 0.443888
494 5 0.375594
495 5 0.467835
496 5 0.536251
497 5 0.429703
498 5 0.359583
499 5 0.509843
500 6 0.346456
501 6 0.179655
502 6 0.410939
503 6 0.375910
504 6 0.515678
505 6 0.446692
506 6 0.023522
507 6 0.494963
508 6 0.489785
509 6 0.447080
510 6 0.437099
511 6 0.571545
512 6 0.416392
513 6 0.474502
514 6 0.553056
515 6 0.523907
516 6 0.493050
517 6 0.493015
518 6 0.378624
519 6 0.474671
520 6 0.381930
521 6 0.452417
522 6 0.411811
523 6 0.421212
524 6 0.463574
525 6 0.415976
526 6 0.545217
527 6 0.523380
528 6 0.465383
529 6 0.525704
530 6 0.506495
531 6 0.404142
532 6 0.437416
533 6 0.475078
534 6 0.379641
535 6 0.428766
536 6 0.510441
537 6 0.365765
538 6 0.583960
539 6 0.444673
540 6 0.418389
541 6 0.422988
542 6 0.515918
543 6 0.501244
544 6 0.432007
545 6 0.514080
546 6 0.333324
547 6 0.538583
548 6 0.463851
549 6 0.426677
550 6 0.457639
551 6 0.298163
552 6 0.477513
553 6 0.297907
554 6 0.389760
555 6 0.398999
556 6 0.469090
557 6 0.453482
558 6 0.516635
559 6 0.027032
560 6 0.396714
561 6 0.380299
562 6 0.440439
563 6 0.436178
564 6 0.159132
565 6 0.368537
566 6 0.488585
567 6 0.506651
568 6 0.350733
569 6 0.410727
570 6 0.162372
571 6 0.486607
572 6 0.397492
573 6 0.358708
574 6 0.449655
575 6 0.344912
576 6 0.361555
577 6 0.422303
578 6 0.359394
579 6 0.372483
580 6 0.353421
581 6 0.766093
582 6 0.421506
583 6 0.357450
584 6 0.475527
585 6 0.361482
586 6 0.479129
587 6 0.526780
588 6 0.367093
589 6 0.459922
590 6 0.802499
591 6 0.379581
592 6 0.391915
593 6 0.433864
594 6 0.414116
595 6 0.484823
596 6 0.425016
597 6 0.402783
598 6 0.546843
599 6 0.460500
600 7 0.379658
601 7 0.486990
602 7 0.346625
603 7 0.488236
604 7 0.023501
605 7 0.452482
606 7 0.356757
607 7 0.439800
608 7 0.417204
609 7 0.447762
610 7 0.425169
611 7 0.472890
612 7 0.358314
613 7 0.363775
614 7 0.390324
615 7 0.433744
616 7 0.427014
617 7 0.345381
618 7 0.354368
619 7 0.389956
620 7 0.128343
621 7 0.382594
622 7 0.435876
623 7 0.329456
624 7 0.474032
625 7 0.420138
626 7 0.486389
627 7 0.411522
628 7 0.358565
629 7 0.444632
630 7 0.428307
631 7 0.404225
632 7 0.338182
633 7 0.381653
634 7 0.384889
635 7 0.342994
636 7 0.089211
637 7 0.390867
638 7 0.441375
639 7 0.457333
640 7 0.386221
641 7 0.362088
642 7 0.373098
643 7 0.342642
644 7 0.338954
645 7 0.277547
646 7 0.302839
647 7 0.492784
648 7 0.511204
649 7 0.116053
650 7 0.385705
651 7 0.432631
652 7 0.452372
653 7 0.411204
654 7 0.314062
655 7 0.433735
656 7 0.344145
657 7 0.396484
658 7 0.385530
659 7 0.373555
660 7 0.346238
661 7 0.373380
662 7 0.407875
663 7 0.377315
664 7 0.416461
665 7 0.533246
666 7 0.384015
667 7 0.394654
668 7 0.387948
669 7 0.356364
670 7 0.427914
671 7 0.397356
672 7 0.758424
673 7 0.716201
674 7 0.430482
675 7 0.463911
676 7 0.436789
677 7 0.379157
678 7 0.390880
679 7 0.375180
680 7 0.413874
681 7 0.364743
682 7 0.465014
683 7 0.391752
684 7 0.369987
685 7 0.369906
686 7 0.444381
687 7 0.454551
688 7 0.361003
689 7 0.398736
690 7 0.349012
691 7 0.412348
692 7 0.293299
693 7 0.026985
694 7 0.346300
695 7 0.446073
696 7 0.323518
697 7 0.345833
698 7 0.363162
699 7 0.369847
700 8 0.467241
701 8 0.291507
702 8 0.408203
703 8 0.413133
704 8 0.402585
705 8 0.282365
706 8 0.369241
707 8 0.410625
708 8 0.365602
709 8 0.362994
710 8 0.382472
711 8 0.424564
712 8 0.279523
713 8 0.313025
714 8 0.379684
715 8 0.391459
716 8 0.706614
717 8 0.437224
718 8 0.349785
719 8 0.424306
720 8 0.322771
721 8 0.491628
722 8 0.394728
723 8 0.348061
724 8 0.401085
725 8 0.365364
726 8 0.474396
727 8 0.367680
728 8 0.296125
729 8 0.344513
730 8 0.330794
731 8 0.309327
732 8 0.331789
733 8 0.417216
734 8 0.350562
735 8 0.271171
736 8 0.291169
737 8 0.390263
738 8 0.320867
739 8 0.356793
740 8 0.279368
741 8 0.423221
742 8 0.289383
743 8 0.348304
744 8 0.389848
745 8 0.341330
746 8 0.027002
747 8 0.329396
748 8 0.357007
749 8 0.290898
750 8 0.332899
751 8 0.353842
752 8 0.383065
753 8 0.301449
754 8 0.344040
755 8 0.299718
756 8 0.369471
757 8 0.340399
758 8 0.415859
759 8 0.273052
760 8 0.337363
761 8 0.333367
762 8 0.432133
763 8 0.304173
764 8 0.390278
765 8 0.342031
766 8 0.383536
767 8 0.402776
768 8 0.378313
769 8 0.116865
770 8 0.334513
771 8 0.323037
772 8 0.351992
773 8 0.423883
774 8 0.297390
775 8 0.406504
776 8 0.320177
777 8 0.279211
778 8 0.356535
779 8 0.278371
780 8 0.401610
781 8 0.249717
782 8 0.312315
783 8 0.150975
784 8 0.182172
785 8 0.390018
786 8 0.305207
787 8 0.322251
788 8 0.357249
789 8 0.023593
790 8 0.278791
791 8 0.340872
792 8 0.330053
793 8 0.595370
794 8 0.406323
795 8 0.281141
796 8 0.354244
797 8 0.280839
798 8 0.475252
799 8 0.285062
800 9 0.342831
801 9 0.312560
802 9 0.370672
803 9 0.328763
804 9 0.353487
805 9 0.291409
806 9 0.276513
807 9 0.381059
808 9 0.291470
809 9 0.295955
810 9 0.356563
811 9 0.403506
812 9 0.391497
813 9 0.363190
814 9 0.323903
815 9 0.371962
816 9 0.342499
817 9 0.274992
818 9 0.568587
819 9 0.315391
820 9 0.268358
821 9 0.247501
822 9 0.330864
823 9 0.342780
824 9 0.441598
825 9 0.316314
826 9 0.375667
827 9 0.288432
828 9 0.330598
829 9 0.380487
830 9 0.139659
831 9 0.361544
832 9 0.259692
833 9 0.232856
834 9 0.340088
835 9 0.122065
836 9 0.276312
837 9 0.277408
838 9 0.253381
839 9 0.346323
840 9 0.270643
841 9 0.357058
842 9 0.339236
843 9 0.263173
844 9 0.339490
845 9 0.242853
846 9 0.280106
847 9 0.308906
848 9 0.207126
849 9 0.322367
850 9 0.303962
851 9 0.362040
852 9 0.301533
853 9 0.365210
854 9 0.320410
855 9 0.271350
856 9 0.284213
857 9 0.245519
858 9 0.227808
859 9 0.332553
860 9 0.341705
861 9 0.294566
862 9 0.277364
863 9 0.313275
864 9 0.058981
865 9 0.281868
866 9 0.355530
867 9 0.267189
868 9 0.403422
869 9 0.207220
870 9 0.342830
871 9 0.227676
872 9 0.263639
873 9 0.332884
874 9 0.336394
875 9 0.385259
876 9 0.249557
877 9 0.306429
878 9 0.344384
879 9 0.306749
880 9 0.242317
881 9 0.343816
882 9 0.332692
883 9 0.283456
884 9 0.312746
885 9 0.292140
886 9 0.141032
887 9 0.255081
888 9 0.291250
889 9 0.232101
890 9 0.236898
891 9 0.645997
892 9 0.281490
893 9 0.284620
894 9 0.275950
895 9 0.318016
896 9 0.217897
897 9 0.351957
898 9 0.260295
899 9 0.297460
900 10 0.331828
901 10 0.256190
902 10 0.268032
903 10 0.307457
904 10 0.307686
905 10 0.369353
906 10 0.246968
907 10 0.260598
908 10 0.228243
909 10 0.296061
910 10 0.243760
911 10 0.314440
912 10 0.336945
913 10 0.256417
914 10 0.236453
915 10 0.312275
916 10 0.257149
917 10 0.313984
918 10 0.305806
919 10 0.266200
920 10 0.283986
921 10 0.303034
922 10 0.260061
923 10 0.290927
924 10 0.310618
925 10 0.232405
926 10 0.282264
927 10 0.323696
928 10 0.208439
929 10 0.236106
930 10 0.256666
931 10 0.310478
932 10 0.303974
933 10 0.213822
934 10 0.290171
935 10 0.237985
936 10 0.302718
937 10 0.321453
938 10 0.243941
939 10 0.243228
940 10 0.257791
941 10 0.281284
942 10 0.291010
943 10 0.052196
944 10 0.307811
945 10 0.297525
946 10 0.281076
947 10 0.286907
948 10 0.172530
949 10 0.248621
950 10 0.309727
951 10 0.227412
952 10 0.237991
953 10 0.313050
954 10 0.319250
955 10 0.546430
956 10 0.293580
957 10 0.197777
958 10 0.229879
959 10 0.202806
960 10 0.223024
961 10 0.262677
962 10 0.265474
963 10 0.258781
964 10 0.302339
965 10 0.226576
966 10 0.234714
967 10 0.316116
968 10 0.288628
969 10 0.354600
970 10 0.141756
971 10 0.276807
972 10 0.247344
973 10 0.181578
974 10 0.257907
975 10 0.257343
976 10 0.272053
977 10 0.300161
978 10 0.187732
979 10 0.256596
980 10 0.301876
981 10 0.191792
982 10 0.229766
983 10 0.138087
984 10 0.209005
985 10 0.237183
986 10 0.233019
987 10 0.223753
988 10 0.243030
989 10 0.229930
990 10 0.178413
991 10 0.237446
992 10 0.239423
993 10 0.208377
994 10 0.289950
995 10 0.284015
996 10 0.200888
997 10 0.336051
998 10 0.612155
999 10 0.237776
1000 11 0.564922
1001 11 0.245821
1002 11 0.232395
1003 11 0.306283
1004 11 0.233153
1005 11 0.194504
1006 11 0.165237
1007 11 0.306395
1008 11 0.303275
1009 11 0.223247
1010 11 0.261808
1011 11 0.218145
1012 11 0.234746
1013 11 0.450746
1014 11 0.200756
1015 11 0.228201
1016 11 0.292670
1017 11 0.178177
1018 11 0.257530
1019 11 0.226719
1020 11 0.276012
1021 11 0.256549
1022 11 0.269743
1023 11 0.208273
1024 11 0.217103
1025 11 0.272343
1026 11 0.252304
1027 11 0.186711
1028 11 0.282898
1029 11 0.206692
1030 11 0.257534
1031 11 0.270225
1032 11 0.231137
1033 11 0.318145
1034 11 0.243556
1035 11 0.198098
1036 11 0.169896
1037 11 0.051724
1038 11 0.207780
1039 11 0.187523
1040 11 0.287429
1041 11 0.236875
1042 11 0.245882
1043 11 0.184480
1044 11 0.328468
1045 11 0.215447
1046 11 0.194318
1047 11 0.280269
1048 11 0.193011
1049 11 0.262741
1050 11 0.027124
1051 11 0.210043
1052 11 0.137212
1053 11 0.236890
1054 11 0.311135
1055 11 0.145587
1056 11 0.234176
1057 11 0.173902
1058 11 0.319560
1059 11 0.166383
1060 11 0.323771
1061 11 0.243958
1062 11 0.246402
1063 11 0.298068
1064 11 0.257710
1065 11 0.273925
1066 11 0.236726
1067 11 0.190425
1068 11 0.183651
1069 11 0.200384
1070 11 0.160279
1071 11 0.260554
1072 11 0.287120
1073 11 0.228616
1074 11 0.224987
1075 11 0.188249
1076 11 0.271849
1077 11 0.217839
1078 11 0.229558
1079 11 0.180395
1080 11 0.210656
1081 11 0.280567
1082 11 0.175958
1083 11 0.227467
1084 11 0.229705
1085 11 0.218814
1086 11 0.213868
1087 11 0.129599
1088 11 0.240768
1089 11 0.246646
1090 11 0.152292
1091 11 0.239268
1092 11 0.202245
1093 11 0.277641
1094 11 0.210945
1095 11 0.270329
1096 11 0.240120
1097 11 0.162660
1098 11 0.212372
1099 11 0.250757
1100 12 0.196588
1101 12 0.241018
1102 12 0.235011
1103 12 0.214951
1104 12 0.158709
1105 12 0.155022
1106 12 0.213202
1107 12 0.153928
1108 12 0.267669
1109 12 0.281055
1110 12 0.194737
1111 12 0.215104
1112 12 0.178028
1113 12 0.216204
1114 12 0.272044
1115 12 0.222322
1116 12 0.148106
1117 12 0.242181
1118 12 0.227017
1119 12 0.184098
1120 12 0.305001
1121 12 0.118910
1122 12 0.300902
1123 12 0.233640
1124 12 0.186268
1125 12 0.196256
1126 12 0.226416
1127 12 0.161934
1128 12 0.283254
1129 12 0.162543
1130 12 0.243420
1131 12 0.199108
1132 12 0.262470
1133 12 0.180464
1134 12 0.196328
1135 12 0.254123
1136 12 0.207196
1137 12 0.212487
1138 12 0.190258
1139 12 0.188051
1140 12 0.228277
1141 12 0.185248
1142 12 0.196692
1143 12 0.216064
1144 12 0.226223
1145 12 0.186109
1146 12 0.298265
1147 12 0.196159
1148 12 0.178448
1149 12 0.250942
1150 12 0.306331
1151 12 0.213260
1152 12 0.023869
1153 12 0.154746
1154 12 0.139982
1155 12 0.188133
1156 12 0.188710
1157 12 0.192507
1158 12 0.027180
1159 12 0.232636
1160 12 0.204114
1161 12 0.217612
1162 12 0.168526
1163 12 0.236670
1164 12 0.244866
1165 12 0.221264
1166 12 0.208190
1167 12 0.358854
1168 12 0.146404
1169 12 0.216053
1170 12 0.151128
1171 12 0.172628
1172 12 0.175297
1173 12 0.172411
1174 12 0.204757
1175 12 0.167690
1176 12 0.170971
1177 12 0.186552
1178 12 0.219781
1179 12 0.215555
1180 12 0.225756
1181 12 0.194612
1182 12 0.162673
1183 12 0.147749
1184 12 0.409369
1185 12 0.232192
1186 12 0.176233
1187 12 0.183379
1188 12 0.233834
1189 12 0.221321
1190 12 0.152815
1191 12 0.257667
1192 12 0.199296
1193 12 0.127870
1194 12 0.134849
1195 12 0.170589
1196 12 0.184941
1197 12 0.191626
1198 12 0.203403
1199 12 0.286575
1200 13 0.263385
1201 13 0.125585
1202 13 0.207453
1203 13 0.174134
1204 13 0.195426
1205 13 0.283274
1206 13 0.185689
1207 13 0.192626
1208 13 0.238467
1209 13 0.221117
1210 13 0.227334
1211 13 0.203770
1212 13 0.222163
1213 13 0.167757
1214 13 0.170113
1215 13 0.197643
1216 13 0.195235
1217 13 0.211601
1218 13 0.182353
1219 13 0.177813
1220 13 0.192214
1221 13 0.175197
1222 13 0.225017
1223 13 0.171683
1224 13 0.237644
1225 13 0.027217
1226 13 0.164791
1227 13 0.158007
1228 13 0.192352
1229 13 0.139394
1230 13 0.209792
1231 13 0.063108
1232 13 0.096592
1233 13 0.211861
1234 13 0.233372
1235 13 0.199489
1236 13 0.166045
1237 13 0.228270
1238 13 0.196494
1239 13 0.212766
1240 13 0.144809
1241 13 0.157329
1242 13 0.201464
1243 13 0.127100
1244 13 0.224318
1245 13 0.113636
1246 13 0.189157
1247 13 0.167126
1248 13 0.202796
1249 13 0.189716
1250 13 0.249886
1251 13 0.189024
1252 13 0.238189
1253 13 0.178366
1254 13 0.161532
1255 13 0.229811
1256 13 0.178605
1257 13 0.199592
1258 13 0.210160
1259 13 0.156146
1260 13 0.191503
1261 13 0.167128
1262 13 0.241111
1263 13 0.200792
1264 13 0.118497
1265 13 0.205496
1266 13 0.181086
1267 13 0.205413
1268 13 0.161059
1269 13 0.196012
1270 13 0.185599
1271 13 0.178076
1272 13 0.127063
1273 13 0.200659
1274 13 0.168680
1275 13 0.258206
1276 13 0.197219
1277 13 0.187648
1278 13 0.221060
1279 13 0.177225
1280 13 0.247649
1281 13 0.130413
1282 13 0.157659
1283 13 0.162790
1284 13 0.130538
1285 13 0.171733
1286 13 0.191826
1287 13 0.132038
1288 13 0.144071
1289 13 0.200052
1290 13 0.180996
1291 13 0.093538
1292 13 0.133921
1293 13 0.151674
1294 13 0.465952
1295 13 0.367821
1296 13 0.198180
1297 13 0.127798
1298 13 0.023952
1299 13 0.226328
1300 14 0.178255
1301 14 0.463201
1302 14 0.208664
1303 14 0.192870
1304 14 0.204458
1305 14 0.229137
1306 14 0.192236
1307 14 0.147788
1308 14 0.202135
1309 14 0.181999
1310 14 0.210760
1311 14 0.158468
1312 14 0.105848
1313 14 0.142570
1314 14 0.160959
1315 14 0.175815
1316 14 0.180388
1317 14 0.131725
1318 14 0.258100
1319 14 0.141965
1320 14 0.202611
1321 14 0.144961
1322 14 0.131933
1323 14 0.176473
1324 14 0.027240
1325 14 0.159311
1326 14 0.221767
1327 14 0.179077
1328 14 0.142901
1329 14 0.182545
1330 14 0.180535
1331 14 0.217128
1332 14 0.145483
1333 14 0.166535
1334 14 0.158108
1335 14 0.162236
1336 14 0.245819
1337 14 0.183158
1338 14 0.139874
1339 14 0.159462
1340 14 0.122783
1341 14 0.151663
1342 14 0.107294
1343 14 0.455481
1344 14 0.265208
1345 14 0.181701
1346 14 0.185986
1347 14 0.100443
1348 14 0.234791
1349 14 0.173991
1350 14 0.197578
1351 14 0.244839
1352 14 0.279477
1353 14 0.143352
1354 14 0.203704
1355 14 0.197945
1356 14 0.234888
1357 14 0.131189
1358 14 0.208590
1359 14 0.182088
1360 14 0.247944
1361 14 0.154900
1362 14 0.186375
1363 14 0.159253
1364 14 0.162407
1365 14 0.136425
1366 14 0.194319
1367 14 0.211931
1368 14 0.093477
1369 14 0.167053
1370 14 0.143046
1371 14 0.153936
1372 14 0.154382
1373 14 0.110272
1374 14 0.163127
1375 14 0.106858
1376 14 0.149694
1377 14 0.153473
1378 14 0.136659
1379 14 0.233086
1380 14 0.196304
1381 14 0.150212
1382 14 0.157828
1383 14 0.095393
1384 14 0.206290
1385 14 0.186726
1386 14 0.181465
1387 14 0.101120
1388 14 0.169404
1389 14 0.197957
1390 14 0.115218
1391 14 0.153535
1392 14 0.023980
1393 14 0.184028
1394 14 0.183559
1395 14 0.276212
1396 14 0.239609
1397 14 0.221850
1398 14 0.182942
1399 14 0.162928
1400 15 0.215245
1401 15 0.120736
1402 15 0.071760
1403 15 0.193347
1404 15 0.211857
1405 15 0.084266
1406 15 0.336835
1407 15 0.151453
1408 15 0.191158
1409 15 0.153189
1410 15 0.160271
1411 15 0.166878
1412 15 0.184180
1413 15 0.184906
1414 15 0.109083
1415 15 0.167396
1416 15 0.120929
1417 15 0.215398
1418 15 0.111662
1419 15 0.183611
1420 15 0.125924
1421 15 0.119069
1422 15 0.165800
1423 15 0.187226
1424 15 0.159653
1425 15 0.110265
1426 15 0.098456
1427 15 0.238729
1428 15 0.129525
1429 15 0.159230
1430 15 0.151490
1431 15 0.187430
1432 15 0.140360
1433 15 0.057300
1434 15 0.086455
1435 15 0.168651
1436 15 0.148438
1437 15 0.156384
1438 15 0.170057
1439 15 0.130786
1440 15 0.163488
1441 15 0.095233
1442 15 0.188918
1443 15 0.217122
1444 15 0.168817
1445 15 0.179107
1446 15 0.144043
1447 15 0.180249
1448 15 0.138839
1449 15 0.127442
1450 15 0.230348
1451 15 0.181383
1452 15 0.240133
1453 15 0.193549
1454 15 0.125517
1455 15 0.165934
1456 15 0.121379
1457 15 0.222705
1458 15 0.213284
1459 15 0.224735
1460 15 0.169595
1461 15 0.115418
1462 15 0.096368
1463 15 0.023991
1464 15 0.152962
1465 15 0.120666
1466 15 0.203112
1467 15 0.339102
1468 15 0.166034
1469 15 0.172255
1470 15 0.130272
1471 15 0.423797
1472 15 0.156415
1473 15 0.197655
1474 15 0.150455
1475 15 0.146730
1476 15 0.173523
1477 15 0.193346
1478 15 0.125948
1479 15 0.245906
1480 15 0.207340
1481 15 0.203631
1482 15 0.117455
1483 15 0.133412
1484 15 0.100216
1485 15 0.142944
1486 15 0.085588
1487 15 0.162526
1488 15 0.227109
1489 15 0.175015
1490 15 0.165270
1491 15 0.196260
1492 15 0.163851
1493 15 0.174311
1494 15 0.197848
1495 15 0.119407
1496 15 0.206136
1497 15 0.233266
1498 15 0.172712
1499 15 0.111799
1500 16 0.188026
1501 16 0.061242
1502 16 0.181256
1503 16 0.095432
1504 16 0.129430
1505 16 0.084161
1506 16 0.057053
1507 16 0.145916
1508 16 0.191625
1509 16 0.081984
1510 16 0.164287
1511 16 0.116279
1512 16 0.136241
1513 16 0.201336
1514 16 0.192955
1515 16 0.175627
1516 16 0.180428
1517 16 0.117937
1518 16 0.216106
1519 16 0.122412
1520 16 0.073334
1521 16 0.216379
1522 16 0.139955
1523 16 0.171698
1524 16 0.144308
1525 16 0.131811
1526 16 0.200592
1527 16 0.143231
1528 16 0.137269
1529 16 0.162410
1530 16 0.140646
1531 16 0.099706
1532 16 0.223651
1533 16 0.111948
1534 16 0.073914
1535 16 0.164879
1536 16 0.197699
1537 16 0.394731
1538 16 0.308993
1539 16 0.144197
1540 16 0.224449
1541 16 0.132983
1542 16 0.199451
1543 16 0.179069
1544 16 0.135274
1545 16 0.104728
1546 16 0.159675
1547 16 0.147483
1548 16 0.169524
1549 16 0.118718
1550 16 0.225940
1551 16 0.147628
1552 16 0.126969
1553 16 0.110131
1554 16 0.407667
1555 16 0.169104
1556 16 0.174471
1557 16 0.165312
1558 16 0.106758
1559 16 0.186169
1560 16 0.129378
1561 16 0.154515
1562 16 0.120510
1563 16 0.182691
1564 16 0.137148
1565 16 0.157973
1566 16 0.152325
1567 16 0.159111
1568 16 0.142321
1569 16 0.194995
1570 16 0.148198
1571 16 0.156032
1572 16 0.110426
1573 16 0.172899
1574 16 0.062821
1575 16 0.202848
1576 16 0.124880
1577 16 0.162350
1578 16 0.154943
1579 16 0.188989
1580 16 0.138869
1581 16 0.137804
1582 16 0.162755
1583 16 0.165328
1584 16 0.103934
1585 16 0.152346
1586 16 0.158790
1587 16 0.149322
1588 16 0.248302
1589 16 0.133990
1590 16 0.206660
1591 16 0.120194
1592 16 0.078105
1593 16 0.120257
1594 16 0.236626
1595 16 0.182516
1596 16 0.138271
1597 16 0.117541
1598 16 0.166603
1599 16 0.208574
1600 17 0.143143
1601 17 0.156387
1602 17 0.217104
1603 17 0.170472
1604 17 0.089391
1605 17 0.154479
1606 17 0.222478
1607 17 0.170071
1608 17 0.206284
1609 17 0.163262
1610 17 0.151980
1611 17 0.080921
1612 17 0.132924
1613 17 0.291687
1614 17 0.328638
1615 17 0.097530
1616 17 0.177960
1617 17 0.186714
1618 17 0.146483
1619 17 0.128532
1620 17 0.155687
1621 17 0.101181
1622 17 0.244075
1623 17 0.122650
1624 17 0.160240
1625 17 0.067301
1626 17 0.122501
1627 17 0.179950
1628 17 0.150873
1629 17 0.116755
1630 17 0.088170
1631 17 0.227751
1632 17 0.128070
1633 17 0.154151
1634 17 0.152466
1635 17 0.130819
1636 17 0.172413
1637 17 0.137262
1638 17 0.190950
1639 17 0.146641
1640 17 0.122969
1641 17 0.159917
1642 17 0.152860
1643 17 0.076295
1644 17 0.205257
1645 17 0.089019
1646 17 0.208788
1647 17 0.142724
1648 17 0.184590
1649 17 0.112077
1650 17 0.177622
1651 17 0.100737
1652 17 0.110798
1653 17 0.135251
1654 17 0.238300
1655 17 0.130866
1656 17 0.024014
1657 17 0.202667
1658 17 0.181601
1659 17 0.234582
1660 17 0.352701
1661 17 0.087485
1662 17 0.231625
1663 17 0.092911
1664 17 0.168264
1665 17 0.027282
1666 17 0.203142
1667 17 0.080074
1668 17 0.123767
1669 17 0.123244
1670 17 0.247493
1671 17 0.119298
1672 17 0.143169
1673 17 0.160669
1674 17 0.180122
1675 17 0.158384
1676 17 0.118899
1677 17 0.233963
1678 17 0.134247
1679 17 0.076957
1680 17 0.178412
1681 17 0.139239
1682 17 0.167907
1683 17 0.133601
1684 17 0.182719
1685 17 0.206592
1686 17 0.140839
1687 17 0.087428
1688 17 0.095124
1689 17 0.195041
1690 17 0.213794
1691 17 0.154293
1692 17 0.138582
1693 17 0.120605
1694 17 0.121955
1695 17 0.091044
1696 17 0.156907
1697 17 0.160045
1698 17 0.143438
1699 17 0.163745
1700 18 0.071745
1701 18 0.173057
1702 18 0.206960
1703 18 0.154224
1704 18 0.142339
1705 18 0.396147
1706 18 0.116823
1707 18 0.227578
1708 18 0.138477
1709 18 0.172679
1710 18 0.106839
1711 18 0.193429
1712 18 0.073655
1713 18 0.114891
1714 18 0.203150
1715 18 0.129929
1716 18 0.162661
1717 18 0.240803
1718 18 0.136920
1719 18 0.094502
1720 18 0.206904
1721 18 0.085763
1722 18 0.135872
1723 18 0.126131
1724 18 0.122742
1725 18 0.121824
1726 18 0.131210
1727 18 0.159501
1728 18 0.113065
1729 18 0.116192
1730 18 0.149048
1731 18 0.202367
1732 18 0.144342
1733 18 0.130404
1734 18 0.188600
1735 18 0.144350
1736 18 0.138746
1737 18 0.090162
1738 18 0.194795
1739 18 0.094188
1740 18 0.193407
1741 18 0.064095
1742 18 0.084856
1743 18 0.073767
1744 18 0.161017
1745 18 0.209601
1746 18 0.134685
1747 18 0.149742
1748 18 0.187478
1749 18 0.228719
1750 18 0.114879
1751 18 0.125610
1752 18 0.189652
1753 18 0.130418
1754 18 0.100467
1755 18 0.089889
1756 18 0.147071
1757 18 0.115862
1758 18 0.187124
1759 18 0.132445
1760 18 0.141952
1761 18 0.203979
1762 18 0.135466
1763 18 0.119779
1764 18 0.105474
1765 18 0.185619
1766 18 0.159356
1767 18 0.124405
1768 18 0.160330
1769 18 0.194273
1770 18 0.311840
1771 18 0.187752
1772 18 0.192189
1773 18 0.023993
1774 18 0.092027
1775 18 0.134389
1776 18 0.198408
1777 18 0.179937
1778 18 0.125513
1779 18 0.192120
1780 18 0.197155
1781 18 0.149714
1782 18 0.093864
1783 18 0.145365
1784 18 0.130822
1785 18 0.133742
1786 18 0.061818
1787 18 0.131610
1788 18 0.111675
1789 18 0.158801
1790 18 0.211168
1791 18 0.149353
1792 18 0.154132
1793 18 0.097032
1794 18 0.078142
1795 18 0.107204
1796 18 0.053340
1797 18 0.131226
1798 18 0.155438
1799 18 0.124424
1800 19 0.162763
1801 19 0.170245
1802 19 0.082983
1803 19 0.117816
1804 19 0.077477
1805 19 0.162033
1806 19 0.150538
1807 19 0.144604
1808 19 0.134489
1809 19 0.178003
1810 19 0.060519
1811 19 0.071903
1812 19 0.139012
1813 19 0.152805
1814 19 0.112314
1815 19 0.169020
1816 19 0.176378
1817 19 0.204891
1818 19 0.115087
1819 19 0.124834
1820 19 0.127677
1821 19 0.241174
1822 19 0.155926
1823 19 0.023979
1824 19 0.154350
1825 19 0.135007
1826 19 0.164539
1827 19 0.227609
1828 19 0.139694
1829 19 0.181533
1830 19 0.107533
1831 19 0.157353
1832 19 0.094087
1833 19 0.167514
1834 19 0.127193
1835 19 0.108683
1836 19 0.144378
1837 19 0.114090
1838 19 0.160152
1839 19 0.124794
1840 19 0.132051
1841 19 0.080601
1842 19 0.211069
1843 19 0.246721
1844 19 0.216335
1845 19 0.053284
1846 19 0.180998
1847 19 0.078844
1848 19 0.048416
1849 19 0.148272
1850 19 0.121848
1851 19 0.027224
1852 19 0.088017
1853 19 0.172263
1854 19 0.181299
1855 19 0.127452
1856 19 0.098649
1857 19 0.144553
1858 19 0.077308
1859 19 0.164431
1860 19 0.175305
1861 19 0.116871
1862 19 0.096825
1863 19 0.203989
1864 19 0.189391
1865 19 0.177271
1866 19 0.123770
1867 19 0.187542
1868 19 0.177739
1869 19 0.187093
1870 19 0.110627
1871 19 0.375711
1872 19 0.112401
1873 19 0.248921
1874 19 0.149636
1875 19 0.158704
1876 19 0.127694
1877 19 0.099523
1878 19 0.385570
1879 19 0.106089
1880 19 0.120985
1881 19 0.142795
1882 19 0.148649
1883 19 0.151816
1884 19 0.148719
1885 19 0.220735
1886 19 0.111754
1887 19 0.102423
1888 19 0.073212
1889 19 0.119422
1890 19 0.155976
1891 19 0.151013
1892 19 0.119709
1893 19 0.159103
1894 19 0.150793
1895 19 0.093851
1896 19 0.127542
1897 19 0.084357
1898 19 0.143484
1899 19 0.219246
1900 20 0.075346
1901 20 0.122485
1902 20 0.067680
1903 20 0.199629
1904 20 0.132432
1905 20 0.179658
1906 20 0.059775
1907 20 0.133481
1908 20 0.190668
1909 20 0.130546
1910 20 0.131352
1911 20 0.057492
1912 20 0.139302
1913 20 0.107221
1914 20 0.127431
1915 20 0.159630
1916 20 0.145934
1917 20 0.112734
1918 20 0.132363
1919 20 0.096862
1920 20 0.167422
1921 20 0.143835
1922 20 0.132299
1923 20 0.131650
1924 20 0.171864
1925 20 0.204878
1926 20 0.208309
1927 20 0.153133
1928 20 0.118628
1929 20 0.102701
1930 20 0.327242
1931 20 0.186924
1932 20 0.178508
1933 20 0.186695
1934 20 0.137894
1935 20 0.209797
1936 20 0.107367
1937 20 0.023944
1938 20 0.177397
1939 20 0.108514
1940 20 0.203125
1941 20 0.158439
1942 20 0.088892
1943 20 0.125856
1944 20 0.122109
1945 20 0.184083
1946 20 0.150362
1947 20 0.075132
1948 20 0.147366
1949 20 0.116172
1950 20 0.113523
1951 20 0.097266
1952 20 0.209284
1953 20 0.093347
1954 20 0.132908
1955 20 0.150312
1956 20 0.103840
1957 20 0.174021
1958 20 0.202617
1959 20 0.119801
1960 20 0.104155
1961 20 0.103495
1962 20 0.086759
1963 20 0.027186
1964 20 0.087475
1965 20 0.135984
1966 20 0.093005
1967 20 0.134620
1968 20 0.168050
1969 20 0.188143
1970 20 0.101765
1971 20 0.137103
1972 20 0.144228
1973 20 0.107815
1974 20 0.131011
1975 20 0.088303
1976 20 0.110896
1977 20 0.139708
1978 20 0.238296
1979 20 0.077496
1980 20 0.202256
1981 20 0.114617
1982 20 0.101645
1983 20 0.350370
1984 20 0.123669
1985 20 0.162080
1986 20 0.093727
1987 20 0.186945
1988 20 0.093408
1989 20 0.166843
1990 20 0.193051
1991 20 0.064485
1992 20 0.124714
1993 20 0.141978
1994 20 0.109076
1995 20 0.125297
1996 20 0.218457
1997 20 0.126063
1998 20 0.083462
1999 20 0.109825
2000 21 0.139294
2001 21 0.139906
2002 21 0.088706
2003 21 0.158813
2004 21 0.146813
2005 21 0.106270
2006 21 0.084930
2007 21 0.103193
2008 21 0.109799
2009 21 0.150915
2010 21 0.148666
2011 21 0.091753
2012 21 0.216620
2013 21 0.145045
2014 21 0.147491
2015 21 0.146851
2016 21 0.155509
2017 21 0.142434
2018 21 0.307020
2019 21 0.308342
2020 21 0.118131
2021 21 0.181712
2022 21 0.119396
2023 21 0.121502
2024 21 0.080917
2025 21 0.085096
2026 21 0.226186
2027 21 0.136394
2028 21 0.099501
2029 21 0.135585
2030 21 0.082563
2031 21 0.203610
2032 21 0.159902
2033 21 0.142273
2034 21 0.073354
2035 21 0.186059
2036 21 0.115369
2037 21 0.062475
2038 21 0.148624
2039 21 0.081688
2040 21 0.140956
2041 21 0.068632
2042 21 0.105113
2043 21 0.127981
2044 21 0.096336
2045 21 0.182408
2046 21 0.152750
2047 21 0.114821
2048 21 0.122023
2049 21 0.152305
2050 21 0.136179
2051 21 0.096745
2052 21 0.080701
2053 21 0.114638
2054 21 0.106306
2055 21 0.117281
2056 21 0.262396
2057 21 0.127561
2058 21 0.027153
2059 21 0.103244
2060 21 0.086599
2061 21 0.190032
2062 21 0.086396
2063 21 0.158542
2064 21 0.178963
2065 21 0.173866
2066 21 0.177015
2067 21 0.197449
2068 21 0.068625
2069 21 0.202704
2070 21 0.172218
2071 21 0.093164
2072 21 0.146909
2073 21 0.121241
2074 21 0.180029
2075 21 0.156218
2076 21 0.162656
2077 21 0.180906
2078 21 0.122736
2079 21 0.217871
2080 21 0.072774
2081 21 0.178644
2082 21 0.201287
2083 21 0.129714
2084 21 0.023884
2085 21 0.160657
2086 21 0.091284
2087 21 0.177262
2088 21 0.168007
2089 21 0.236255
2090 21 0.241194
2091 21 0.045976
2092 21 0.358362
2093 21 0.160634
2094 21 0.085170
2095 21 0.197391
2096 21 0.112298
2097 21 0.151404
2098 21 0.123720
2099 21 0.068594
2100 22 0.192595
2101 22 0.100261
2102 22 0.117759
2103 22 0.112734
2104 22 0.191760
2105 22 0.120465
2106 22 0.144665
2107 22 0.224795
2108 22 0.120453
2109 22 0.023870
2110 22 0.127407
2111 22 0.118784
2112 22 0.207065
2113 22 0.142403
2114 22 0.027105
2115 22 0.097356
2116 22 0.142340
2117 22 0.110294
2118 22 0.112255
2119 22 0.118527
2120 22 0.129208
2121 22 0.166695
2122 22 0.198002
2123 22 0.157377
2124 22 0.114538
2125 22 0.152258
2126 22 0.133370
2127 22 0.128759
2128 22 0.155125
2129 22 0.118455
2130 22 0.082543
2131 22 0.110171
2132 22 0.055007
2133 22 0.183263
2134 22 0.150737
2135 22 0.124260
2136 22 0.182958
2137 22 0.143600
2138 22 0.091597
2139 22 0.172439
2140 22 0.100727
2141 22 0.097152
2142 22 0.093242
2143 22 0.084049
2144 22 0.130641
2145 22 0.050628
2146 22 0.209771
2147 22 0.129461
2148 22 0.320570
2149 22 0.142223
2150 22 0.151015
2151 22 0.114596
2152 22 0.123983
2153 22 0.094181
2154 22 0.190049
2155 22 0.096603
2156 22 0.116953
2157 22 0.145496
2158 22 0.134886
2159 22 0.133400
2160 22 0.156945
2161 22 0.054385
2162 22 0.193453
2163 22 0.099291
2164 22 0.148218
2165 22 0.105984
2166 22 0.320544
2167 22 0.231824
2168 22 0.081616
2169 22 0.265103
2170 22 0.109460
2171 22 0.090807
2172 22 0.125091
2173 22 0.165656
2174 22 0.103098
2175 22 0.085688
2176 22 0.181325
2177 22 0.062326
2178 22 0.091419
2179 22 0.148852
2180 22 0.099192
2181 22 0.100643
2182 22 0.175194
2183 22 0.140125
2184 22 0.136626
2185 22 0.211325
2186 22 0.127268
2187 22 0.169726
2188 22 0.108813
2189 22 0.093771
2190 22 0.187380
2191 22 0.040622
2192 22 0.076330
2193 22 0.102787
2194 22 0.146254
2195 22 0.077212
2196 22 0.096605
2197 22 0.147336
2198 22 0.135376
2199 22 0.055541
2200 23 0.140284
2201 23 0.097151
2202 23 0.185900
2203 23 0.152776
2204 23 0.141976
2205 23 0.066681
2206 23 0.060060
2207 23 0.182261
2208 23 0.060643
2209 23 0.140100
2210 23 0.040005
2211 23 0.189029
2212 23 0.132549
2213 23 0.200200
2214 23 0.092154
2215 23 0.148589
2216 23 0.133903
2217 23 0.137235
2218 23 0.166714
2219 23 0.191486
2220 23 0.178860
2221 23 0.145132
2222 23 0.151832
2223 23 0.200605
2224 23 0.059718
2225 23 0.165194
2226 23 0.085869
2227 23 0.159494
2228 23 0.092440
2229 23 0.023833
2230 23 0.122564
2231 23 0.113166
2232 23 0.119680
2233 23 0.081799
2234 23 0.163967
2235 23 0.112101
2236 23 0.083932
2237 23 0.141664
2238 23 0.053150
2239 23 0.140596
2240 23 0.116343
2241 23 0.132585
2242 23 0.213313
2243 23 0.061336
2244 23 0.166354
2245 23 0.121278
2246 23 0.113597
2247 23 0.126809
2248 23 0.142904
2249 23 0.161091
2250 23 0.196234
2251 23 0.095508
2252 23 0.169366
2253 23 0.175641
2254 23 0.136980
2255 23 0.059667
2256 23 0.127522
2257 23 0.071208
2258 23 0.071242
2259 23 0.144988
2260 23 0.172663
2261 23 0.067505
2262 23 0.117878
2263 23 0.124255
2264 23 0.113996
2265 23 0.118828
2266 23 0.110768
2267 23 0.145351
2268 23 0.154638
2269 23 0.201112
2270 23 0.151527
2271 23 0.055504
2272 23 0.189848
2273 23 0.117769
2274 23 0.129662
2275 23 0.135157
2276 23 0.050280
2277 23 0.331071
2278 23 0.145280
2279 23 0.123327
2280 23 0.129771
2281 23 0.096412
2282 23 0.323700
2283 23 0.156496
2284 23 0.114691
2285 23 0.116099
2286 23 0.137622
2287 23 0.196294
2288 23 0.160553
2289 23 0.117237
2290 23 0.089181
2291 23 0.150996
2292 23 0.122737
2293 23 0.103537
2294 23 0.074019
2295 23 0.027036
2296 23 0.218425
2297 23 0.094190
2298 23 0.050574
2299 23 0.132891
2300 24 0.157434
2301 24 0.200121
2302 24 0.165747
2303 24 0.116069
2304 24 0.319459
2305 24 0.125627
2306 24 0.161531
2307 24 0.125037
2308 24 0.196009
2309 24 0.059481
2310 24 0.128548
2311 24 0.101881
2312 24 0.165615
2313 24 0.111997
2314 24 0.218812
2315 24 0.089573
2316 24 0.138677
2317 24 0.148108
2318 24 0.180579
2319 24 0.127907
2320 24 0.057895
2321 24 0.059980
2322 24 0.051987
2323 24 0.152263
2324 24 0.094370
2325 24 0.027007
2326 24 0.096527
2327 24 0.095317
2328 24 0.080759
2329 24 0.085687
2330 24 0.104898
2331 24 0.081527
2332 24 0.110330
2333 24 0.192539
2334 24 0.125874
2335 24 0.142609
2336 24 0.165897
2337 24 0.171498
2338 24 0.100738
2339 24 0.099030
2340 24 0.203499
2341 24 0.069948
2342 24 0.290439
2343 24 0.109789
2344 24 0.243832
2345 24 0.173970
2346 24 0.151711
2347 24 0.129074
2348 24 0.148542
2349 24 0.180459
2350 24 0.069809
2351 24 0.118393
2352 24 0.099083
2353 24 0.104237
2354 24 0.056008
2355 24 0.130831
2356 24 0.122751
2357 24 0.175224
2358 24 0.229814
2359 24 0.069195
2360 24 0.146614
2361 24 0.109869
2362 24 0.087419
2363 24 0.132176
2364 24 0.068821
2365 24 0.130343
2366 24 0.095017
2367 24 0.142020
2368 24 0.122793
2369 24 0.207578
2370 24 0.068908
2371 24 0.173262
2372 24 0.104503
2373 24 0.157764
2374 24 0.059518
2375 24 0.145311
2376 24 0.070534
2377 24 0.143006
2378 24 0.036224
2379 24 0.173741
2380 24 0.145517
2381 24 0.053304
2382 24 0.099089
2383 24 0.127044
2384 24 0.152283
2385 24 0.099624
2386 24 0.023765
2387 24 0.134069
2388 24 0.178514
2389 24 0.125570
2390 24 0.098017
2391 24 0.100157
2392 24 0.101288
2393 24 0.225238
2394 24 0.062084
2395 24 0.193046
2396 24 0.149907
2397 24 0.149551
2398 24 0.071423
2399 24 0.082448
2400 25 0.109703
2401 25 0.207499
2402 25 0.115282
2403 25 0.067991
2404 25 0.101703
2405 25 0.218528
2406 25 0.067143
2407 25 0.155921
2408 25 0.101565
2409 25 0.250548
2410 25 0.164890
2411 25 0.121694
2412 25 0.109884
2413 25 0.185743
2414 25 0.151279
2415 25 0.088461
2416 25 0.138002
2417 25 0.107511
2418 25 0.130111
2419 25 0.134507
2420 25 0.136908
2421 25 0.147219
2422 25 0.062032
2423 25 0.108648
2424 25 0.076391
2425 25 0.109767
2426 25 0.064108
2427 25 0.073756
2428 25 0.093888
2429 25 0.111729
2430 25 0.141555
2431 25 0.147044
2432 25 0.214168
2433 25 0.159986
2434 25 0.163265
2435 25 0.082156
2436 25 0.114540
2437 25 0.144476
2438 25 0.141852
2439 25 0.326970
2440 25 0.206117
2441 25 0.145907
2442 25 0.177810
2443 25 0.115943
2444 25 0.236440
2445 25 0.142535
2446 25 0.023707
2447 25 0.057341
2448 25 0.110726
2449 25 0.131694
2450 25 0.238686
2451 25 0.090552
2452 25 0.117074
2453 25 0.083632
2454 25 0.175321
2455 25 0.170525
2456 25 0.149836
2457 25 0.048980
2458 25 0.109793
2459 25 0.175768
2460 25 0.139144
2461 25 0.056941
2462 25 0.092402
2463 25 0.127033
2464 25 0.115450
2465 25 0.291820
2466 25 0.163712
2467 25 0.151310
2468 25 0.109430
2469 25 0.117445
2470 25 0.110192
2471 25 0.184800
2472 25 0.081885
2473 25 0.102240
2474 25 0.126001
2475 25 0.075494
2476 25 0.149545
2477 25 0.035245
2478 25 0.153350
2479 25 0.067605
2480 25 0.162049
2481 25 0.098956
2482 25 0.136626
2483 25 0.036495
2484 25 0.077494
2485 25 0.106245
2486 25 0.185070
2487 25 0.110417
2488 25 0.065835
2489 25 0.165009
2490 25 0.118745
2491 25 0.049782
2492 25 0.161173
2493 25 0.091977
2494 25 0.172039
2495 25 0.128307
2496 25 0.199107
2497 25 0.161833
2498 25 0.089510
2499 25 0.072322
2500 26 0.109330
2501 26 0.137574
2502 26 0.067565
2503 26 0.067463
2504 26 0.096046
2505 26 0.148869
2506 26 0.092655
2507 26 0.149934
2508 26 0.111086
2509 26 0.235998
2510 26 0.075615
2511 26 0.090638
2512 26 0.136765
2513 26 0.066583
2514 26 0.109624
2515 26 0.132204
2516 26 0.083026
2517 26 0.052712
2518 26 0.114421
2519 26 0.171983
2520 26 0.132284
2521 26 0.175860
2522 26 0.133404
2523 26 0.080301
2524 26 0.220648
2525 26 0.089595
2526 26 0.063738
2527 26 0.079252
2528 26 0.063637
2529 26 0.062777
2530 26 0.183828
2531 26 0.176706
2532 26 0.088826
2533 26 0.072133
2534 26 0.164638
2535 26 0.103616
2536 26 0.115125
2537 26 0.083115
2538 26 0.053374
2539 26 0.146196
2540 26 0.135955
2541 26 0.172787
2542 26 0.061892
2543 26 0.109248
2544 26 0.099365
2545 26 0.140060
2546 26 0.160616
2547 26 0.031046
2548 26 0.128633
2549 26 0.113859
2550 26 0.095551
2551 26 0.023670
2552 26 0.179671
2553 26 0.119236
2554 26 0.194977
2555 26 0.223882
2556 26 0.119246
2557 26 0.207702
2558 26 0.090647
2559 26 0.129195
2560 26 0.048742
2561 26 0.133321
2562 26 0.131589
2563 26 0.179162
2564 26 0.127798
2565 26 0.103125
2566 26 0.110951
2567 26 0.113332
2568 26 0.102424
2569 26 0.054331
2570 26 0.178106
2571 26 0.158767
2572 26 0.115671
2573 26 0.096182
2574 26 0.189737
2575 26 0.111374
2576 26 0.108908
2577 26 0.137300
2578 26 0.070864
2579 26 0.105750
2580 26 0.257583
2581 26 0.138039
2582 26 0.134775
2583 26 0.080713
2584 26 0.125173
2585 26 0.055681
2586 26 0.117676
2587 26 0.126640
2588 26 0.213114
2589 26 0.097655
2590 26 0.044160
2591 26 0.128708
2592 26 0.026843
2593 26 0.135071
2594 26 0.293562
2595 26 0.165110
2596 26 0.120133
2597 26 0.171643
2598 26 0.325800
2599 26 0.066219
2600 27 0.155960
2601 27 0.299098
2602 27 0.166072
2603 27 0.109454
2604 27 0.049538
2605 27 0.141440
2606 27 0.193893
2607 27 0.160598
2608 27 0.172539
2609 27 0.063686
2610 27 0.056149
2611 27 0.127933
2612 27 0.106129
2613 27 0.127298
2614 27 0.174809
2615 27 0.120112
2616 27 0.081765
2617 27 0.156247
2618 27 0.142259
2619 27 0.111409
2620 27 0.148980
2621 27 0.111608
2622 27 0.109558
2623 27 0.113865
2624 27 0.128315
2625 27 0.072478
2626 27 0.054859
2627 27 0.145474
2628 27 0.191146
2629 27 0.092241
2630 27 0.115974
2631 27 0.122168
2632 27 0.114417
2633 27 0.048209
2634 27 0.135949
2635 27 0.062320
2636 27 0.175308
2637 27 0.249824
2638 27 0.089698
2639 27 0.119288
2640 27 0.121163
2641 27 0.110333
2642 27 0.141474
2643 27 0.109370
2644 27 0.148432
2645 27 0.104404
2646 27 0.119265
2647 27 0.119175
2648 27 0.026826
2649 27 0.087427
2650 27 0.153865
2651 27 0.152935
2652 27 0.079630
2653 27 0.162577
2654 27 0.148268
2655 27 0.072973
2656 27 0.121129
2657 27 0.056755
2658 27 0.106373
2659 27 0.112109
2660 27 0.181215
2661 27 0.139221
2662 27 0.215415
2663 27 0.069309
2664 27 0.129388
2665 27 0.097001
2666 27 0.023620
2667 27 0.162087
2668 27 0.311993
2669 27 0.034139
2670 27 0.164308
2671 27 0.146202
2672 27 0.123493
2673 27 0.176721
2674 27 0.208115
2675 27 0.089335
2676 27 0.181438
2677 27 0.053058
2678 27 0.122649
2679 27 0.166981
2680 27 0.115283
2681 27 0.062152
2682 27 0.116282
2683 27 0.104804
2684 27 0.061723
2685 27 0.077310
2686 27 0.134025
2687 27 0.103433
2688 27 0.149734
2689 27 0.160721
2690 27 0.146016
2691 27 0.138353
2692 27 0.131389
2693 27 0.142614
2694 27 0.191370
2695 27 0.034483
2696 27 0.089736
2697 27 0.066501
2698 27 0.105251
2699 27 0.075801
2700 28 0.106322
2701 28 0.062984
2702 28 0.047779
2703 28 0.178288
2704 28 0.194641
2705 28 0.150687
2706 28 0.079198
2707 28 0.118470
2708 28 0.097366
2709 28 0.113422
2710 28 0.128670
2711 28 0.121315
2712 28 0.142180
2713 28 0.023576
2714 28 0.111073
2715 28 0.081438
2716 28 0.168729
2717 28 0.089519
2718 28 0.042098
2719 28 0.139655
2720 28 0.083504
2721 28 0.161256
2722 28 0.132948
2723 28 0.145794
2724 28 0.103780
2725 28 0.122350
2726 28 0.075140
2727 28 0.127808
2728 28 0.089265
2729 28 0.109356
2730 28 0.118534
2731 28 0.096357
2732 28 0.115956
2733 28 0.135299
2734 28 0.097880
2735 28 0.314134
2736 28 0.148012
2737 28 0.073250
2738 28 0.045578
2739 28 0.120702
2740 28 0.079221
2741 28 0.146288
2742 28 0.139158
2743 28 0.078159
2744 28 0.218035
2745 28 0.094497
2746 28 0.088863
2747 28 0.182245
2748 28 0.123521
2749 28 0.125138
2750 28 0.069102
2751 28 0.052120
2752 28 0.065614
2753 28 0.165157
2754 28 0.075204
2755 28 0.103994
2756 28 0.087604
2757 28 0.124947
2758 28 0.097503
2759 28 0.126987
2760 28 0.147453
2761 28 0.135126
2762 28 0.128440
2763 28 0.095536
2764 28 0.080042
2765 28 0.064960
2766 28 0.026717
2767 28 0.091324
2768 28 0.108145
2769 28 0.167245
2770 28 0.113391
2771 28 0.213668
2772 28 0.158517
2773 28 0.117722
2774 28 0.065657
2775 28 0.151885
2776 28 0.114428
2777 28 0.139256
2778 28 0.117614
2779 28 0.288918
2780 28 0.218884
2781 28 0.064619
2782 28 0.217007
2783 28 0.074863
2784 28 0.188920
2785 28 0.054650
2786 28 0.171110
2787 28 0.120989
2788 28 0.188018
2789 28 0.052300
2790 28 0.189521
2791 28 0.047473
2792 28 0.186590
2793 28 0.086420
2794 28 0.178050
2795 28 0.152136
2796 28 0.135518
2797 28 0.140941
2798 28 0.053271
2799 28 0.159616
2800 29 0.080670
2801 29 0.074526
2802 29 0.107849
2803 29 0.126178
2804 29 0.053068
2805 29 0.142639
2806 29 0.097429
2807 29 0.144368
2808 29 0.060294
2809 29 0.157335
2810 29 0.031878
2811 29 0.183335
2812 29 0.171884
2813 29 0.116526
2814 29 0.108539
2815 29 0.151919
2816 29 0.125999
2817 29 0.164197
2818 29 0.060707
2819 29 0.128223
2820 29 0.095818
2821 29 0.117770
2822 29 0.288384
2823 29 0.126982
2824 29 0.160936
2825 29 0.089466
2826 29 0.192961
2827 29 0.113000
2828 29 0.073003
2829 29 0.095234
2830 29 0.080665
2831 29 0.117864
2832 29 0.132673
2833 29 0.172748
2834 29 0.091175
2835 29 0.079450
2836 29 0.076099
2837 29 0.142924
2838 29 0.064419
2839 29 0.096747
2840 29 0.096940
2841 29 0.148363
2842 29 0.068700
2843 29 0.110884
2844 29 0.167525
2845 29 0.089783
2846 29 0.121302
2847 29 0.056418
2848 29 0.148122
2849 29 0.110841
2850 29 0.357214
2851 29 0.105666
2852 29 0.160535
2853 29 0.107802
2854 29 0.056991
2855 29 0.156896
2856 29 0.113660
2857 29 0.131592
2858 29 0.032552
2859 29 0.220318
2860 29 0.197512
2861 29 0.075383
2862 29 0.051807
2863 29 0.067900
2864 29 0.157694
2865 29 0.088279
2866 29 0.086350
2867 29 0.114443
2868 29 0.166515
2869 29 0.065672
2870 29 0.159421
2871 29 0.078632
2872 29 0.213444
2873 29 0.131959
2874 29 0.096990
2875 29 0.113257
2876 29 0.141699
2877 29 0.091404
2878 29 0.105543
2879 29 0.135241
2880 29 0.103865
2881 29 0.156185
2882 29 0.058347
2883 29 0.147523
2884 29 0.137103
2885 29 0.098543
2886 29 0.136794
2887 29 0.171945
2888 29 0.117451
2889 29 0.112475
2890 29 0.105911
2891 29 0.097981
2892 29 0.070119
2893 29 0.061443
2894 29 0.174910
2895 29 0.116306
2896 29 0.121364
2897 29 0.105458
2898 29 0.120467
2899 29 0.168712
2900 30 0.026648
2901 30 0.169133
2902 30 0.109649
2903 30 0.082592
2904 30 0.166739
2905 30 0.097328
2906 30 0.134402
2907 30 0.059955
2908 30 0.135050
2909 30 0.094352
2910 30 0.087353
2911 30 0.117346
2912 30 0.081586
2913 30 0.092085
2914 30 0.130391
2915 30 0.083672
2916 30 0.162551
2917 30 0.134226
2918 30 0.142822
2919 30 0.147068
2920 30 0.059642
2921 30 0.174169
2922 30 0.113622
2923 30 0.118992
2924 30 0.171654
2925 30 0.062462
2926 30 0.105039
2927 30 0.088709
2928 30 0.082469
2929 30 0.140896
2930 30 0.089132
2931 30 0.139790
2932 30 0.210760
2933 30 0.103189
2934 30 0.145373
2935 30 0.088240
2936 30 0.204198
2937 30 0.107626
2938 30 0.062996
2939 30 0.023423
2940 30 0.083983
2941 30 0.146995
2942 30 0.137172
2943 30 0.100674
2944 30 0.127570
2945 30 0.047061
2946 30 0.086505
2947 30 0.300645
2948 30 0.134799
2949 30 0.051889
2950 30 0.152386
2951 30 0.146072
2952 30 0.325029
2953 30 0.141976
2954 30 0.105523
2955 30 0.079951
2956 30 0.073261
2957 30 0.031515
2958 30 0.176116
2959 30 0.031941
2960 30 0.142507
2961 30 0.125978
2962 30 0.043597
2963 30 0.115402
2964 30 0.098920
2965 30 0.106282
2966 30 0.086166
2967 30 0.099686
2968 30 0.081571
2969 30 0.136792
2970 30 0.160824
2971 30 0.105222
2972 30 0.145013
2973 30 0.123710
2974 30 0.245687
2975 30 0.148918
2976 30 0.134266
2977 30 0.125064
2978 30 0.095180
2979 30 0.110250
2980 30 0.086205
2981 30 0.105424
2982 30 0.108755
2983 30 0.063325
2984 30 0.067963
2985 30 0.117404
2986 30 0.072659
2987 30 0.112449
2988 30 0.141032
2989 30 0.110114
2990 30 0.193305
2991 30 0.086562
2992 30 0.073905
2993 30 0.094949
2994 30 0.114039
2995 30 0.129947
2996 30 0.131612
2997 30 0.117943
2998 30 0.052428
2999 30 0.120325
