# Batch convergence for: model=snn-ae encoding=direct architecture=recurrent v_th=1 alpha=0.8 run=2
batch_num epoch batch_loss
0 1 0.260213
1 1 0.286264
2 1 0.362831
3 1 0.232322
4 1 0.437848
5 1 0.236452
6 1 0.405848
7 1 0.270920
8 1 0.202039
9 1 0.292914
10 1 0.234625
11 1 0.275503
12 1 0.228287
13 1 0.331632
14 1 0.259214
15 1 0.279359
16 1 0.318684
17 1 0.200958
18 1 0.170068
19 1 0.201204
20 1 0.265458
21 1 0.084668
22 1 0.172636
23 1 0.319235
24 1 0.157505
25 1 0.347449
26 1 0.169592
27 1 0.213765
28 1 0.042227
29 1 0.387048
30 1 0.346678
31 1 0.323746
32 1 0.303094
33 1 0.193889
34 1 0.401153
35 1 0.049489
36 1 0.200733
37 1 0.232986
38 1 0.103493
39 1 0.093039
40 1 0.159114
41 1 0.243571
42 1 0.136749
43 1 0.197128
44 1 0.256172
45 1 0.254828
46 1 0.182280
47 1 0.208905
48 1 0.270721
49 1 0.250628
50 1 0.082791
51 1 0.257087
52 1 0.306890
53 1 0.144538
54 1 0.071808
55 1 0.265912
56 1 0.400931
57 1 0.202690
58 1 0.052743
59 1 0.274311
60 1 0.225040
61 1 0.202167
62 1 0.266575
63 1 0.200794
64 1 0.339253
65 1 0.199803
66 1 0.104697
67 1 0.217802
68 1 0.156761
69 1 0.101707
70 1 0.196157
71 1 0.052644
72 1 0.077447
73 1 0.222347
74 1 0.249092
75 1 0.224683
76 1 0.208225
77 1 0.190758
78 1 0.168061
79 1 0.200784
80 1 0.000748
81 1 0.163168
82 1 0.060099
83 1 0.142989
84 1 0.249140
85 1 0.301502
86 1 0.059684
87 1 0.189262
88 1 0.355916
89 1 0.254614
90 1 0.134389
91 1 0.244930
92 1 0.105424
93 1 0.168365
94 1 0.152436
95 1 0.275237
96 1 0.236627
97 1 0.221052
98 1 0.237766
99 1 0.195152
100 2 0.176545
101 2 0.041093
102 2 0.124862
103 2 0.278066
104 2 0.238544
105 2 0.205904
106 2 0.234520
107 2 0.195503
108 2 0.212581
109 2 0.271778
110 2 0.219208
111 2 0.107400
112 2 0.199724
113 2 0.070084
114 2 0.222011
115 2 0.234151
116 2 0.156738
117 2 0.185618
118 2 0.104034
119 2 0.184742
120 2 0.144573
121 2 0.148882
122 2 0.077549
123 2 0.197484
124 2 0.184699
125 2 0.180753
126 2 0.219180
127 2 0.193766
128 2 0.255735
129 2 0.177680
130 2 0.209789
131 2 0.191510
132 2 0.270945
133 2 0.124084
134 2 0.334270
135 2 0.164748
136 2 0.058588
137 2 0.147744
138 2 0.235483
139 2 0.200303
140 2 0.051283
141 2 0.264335
142 2 0.309536
143 2 0.257164
144 2 0.220909
145 2 0.232062
146 2 0.394035
147 2 0.074067
148 2 0.237977
149 2 0.158540
150 2 0.081081
151 2 0.176354
152 2 0.226650
153 2 0.159441
154 2 0.157254
155 2 0.073778
156 2 0.208059
157 2 0.148847
158 2 0.124669
159 2 0.196139
160 2 0.212507
161 2 0.182681
162 2 0.058717
163 2 0.191311
164 2 0.186543
165 2 0.255576
166 2 0.073269
167 2 0.236365
168 2 0.234436
169 2 0.200948
170 2 0.213645
171 2 0.242626
172 2 0.166526
173 2 0.287607
174 2 0.181788
175 2 0.236646
176 2 0.216201
177 2 0.076493
178 2 0.221690
179 2 0.169111
180 2 0.203996
181 2 0.228710
182 2 0.055262
183 2 0.268880
184 2 0.234363
185 2 0.076071
186 2 0.210913
187 2 0.247343
188 2 0.273030
189 2 0.285625
190 2 0.228261
191 2 0.228476
192 2 0.206891
193 2 0.234703
194 2 0.003599
195 2 0.176579
196 2 0.150559
197 2 0.117130
198 2 0.155030
199 2 0.272634
200 3 0.318330
201 3 0.243107
202 3 0.166196
203 3 0.247942
204 3 0.072113
205 3 0.227537
206 3 0.185208
207 3 0.050523
208 3 0.069031
209 3 0.254952
210 3 0.155846
211 3 0.186851
212 3 0.208262
213 3 0.302965
214 3 0.243554
215 3 0.051265
216 3 0.277411
217 3 0.083631
218 3 0.004329
219 3 0.071854
220 3 0.171111
221 3 0.041623
222 3 0.095855
223 3 0.221761
224 3 0.220529
225 3 0.207567
226 3 0.202594
227 3 0.283183
228 3 0.180813
229 3 0.097217
230 3 0.154197
231 3 0.074932
232 3 0.055276
233 3 0.215800
234 3 0.245841
235 3 0.159313
236 3 0.176513
237 3 0.238536
238 3 0.198693
239 3 0.285297
240 3 0.170417
241 3 0.295057
242 3 0.233653
243 3 0.234490
244 3 0.267677
245 3 0.232475
246 3 0.205261
247 3 0.200199
248 3 0.289859
249 3 0.127150
250 3 0.255064
251 3 0.206316
252 3 0.235290
253 3 0.221994
254 3 0.271904
255 3 0.095577
256 3 0.119540
257 3 0.176855
258 3 0.205620
259 3 0.140424
260 3 0.262626
261 3 0.202259
262 3 0.178322
263 3 0.151021
264 3 0.220602
265 3 0.246250
266 3 0.191430
267 3 0.165980
268 3 0.146758
269 3 0.182924
270 3 0.127005
271 3 0.211242
272 3 0.181124
273 3 0.228694
274 3 0.159324
275 3 0.179094
276 3 0.074290
277 3 0.074485
278 3 0.225627
279 3 0.135060
280 3 0.048991
281 3 0.168665
282 3 0.187450
283 3 0.183620
284 3 0.223409
285 3 0.188243
286 3 0.283615
287 3 0.185285
288 3 0.157819
289 3 0.058597
290 3 0.203052
291 3 0.216151
292 3 0.160624
293 3 0.195763
294 3 0.170710
295 3 0.123350
296 3 0.176982
297 3 0.223308
298 3 0.183058
299 3 0.241481
300 4 0.209763
301 4 0.216200
302 4 0.183273
303 4 0.186811
304 4 0.058542
305 4 0.151224
306 4 0.278014
307 4 0.328330
308 4 0.189929
309 4 0.169144
310 4 0.209157
311 4 0.169910
312 4 0.162840
313 4 0.148307
314 4 0.220550
315 4 0.210634
316 4 0.051232
317 4 0.189016
318 4 0.170509
319 4 0.200778
320 4 0.241538
321 4 0.243867
322 4 0.178951
323 4 0.228539
324 4 0.234102
325 4 0.229977
326 4 0.141239
327 4 0.181651
328 4 0.074005
329 4 0.120953
330 4 0.222290
331 4 0.185007
332 4 0.303989
333 4 0.179884
334 4 0.179176
335 4 0.195785
336 4 0.145941
337 4 0.174662
338 4 0.156512
339 4 0.049427
340 4 0.178617
341 4 0.168810
342 4 0.245863
343 4 0.070512
344 4 0.213470
345 4 0.260274
346 4 0.190144
347 4 0.253744
348 4 0.093978
349 4 0.235380
350 4 0.234109
351 4 0.224385
352 4 0.200411
353 4 0.174378
354 4 0.090880
355 4 0.043818
356 4 0.133571
357 4 0.238886
358 4 0.281316
359 4 0.106618
360 4 0.070433
361 4 0.257837
362 4 0.223171
363 4 0.220722
364 4 0.202283
365 4 0.332368
366 4 0.324860
367 4 0.216311
368 4 0.094970
369 4 0.193951
370 4 0.128148
371 4 0.094613
372 4 0.185392
373 4 0.151015
374 4 0.191552
375 4 0.171027
376 4 0.183466
377 4 0.162222
378 4 0.059162
379 4 0.283976
380 4 0.259238
381 4 0.143739
382 4 0.283794
383 4 0.009358
384 4 0.149719
385 4 0.208628
386 4 0.186933
387 4 0.254738
388 4 0.180761
389 4 0.201707
390 4 0.151304
391 4 0.227769
392 4 0.057040
393 4 0.176214
394 4 0.202128
395 4 0.070406
396 4 0.171375
397 4 0.218572
398 4 0.210977
399 4 0.052772
400 5 0.154950
401 5 0.164940
402 5 0.144094
403 5 0.182852
404 5 0.190929
405 5 0.184285
406 5 0.210310
407 5 0.250308
408 5 0.176874
409 5 0.242533
410 5 0.243880
411 5 0.010154
412 5 0.052818
413 5 0.072805
414 5 0.213833
415 5 0.250789
416 5 0.073134
417 5 0.178042
418 5 0.168985
419 5 0.168623
420 5 0.195224
421 5 0.072994
422 5 0.194400
423 5 0.187832
424 5 0.176685
425 5 0.173202
426 5 0.082829
427 5 0.189075
428 5 0.185255
429 5 0.094258
430 5 0.179718
431 5 0.307095
432 5 0.168206
433 5 0.143992
434 5 0.234816
435 5 0.175751
436 5 0.160431
437 5 0.214210
438 5 0.091417
439 5 0.117045
440 5 0.192928
441 5 0.210923
442 5 0.157454
443 5 0.160105
444 5 0.178459
445 5 0.094278
446 5 0.178440
447 5 0.273522
448 5 0.375333
449 5 0.266807
450 5 0.202459
451 5 0.200836
452 5 0.198721
453 5 0.068907
454 5 0.179317
455 5 0.051061
456 5 0.165704
457 5 0.227995
458 5 0.285301
459 5 0.175652
460 5 0.249610
461 5 0.210479
462 5 0.225807
463 5 0.219578
464 5 0.216867
465 5 0.214446
466 5 0.211097
467 5 0.122302
468 5 0.166328
469 5 0.190186
470 5 0.252495
471 5 0.205177
472 5 0.070800
473 5 0.258232
474 5 0.046001
475 5 0.230715
476 5 0.156784
477 5 0.186148
478 5 0.243676
479 5 0.153774
480 5 0.161363
481 5 0.071043
482 5 0.150218
483 5 0.147965
484 5 0.098430
485 5 0.220213
486 5 0.232732
487 5 0.283232
488 5 0.187393
489 5 0.195841
490 5 0.202411
491 5 0.191242
492 5 0.444855
493 5 0.218097
494 5 0.060233
495 5 0.196787
496 5 0.173053
497 5 0.058066
498 5 0.165473
499 5 0.094213
500 6 0.053566
501 6 0.089772
502 6 0.058003
503 6 0.060171
504 6 0.245261
505 6 0.212437
506 6 0.084979
507 6 0.242228
508 6 0.304748
509 6 0.186960
510 6 0.187620
511 6 0.165420
512 6 0.165066
513 6 0.180731
514 6 0.285792
515 6 0.255232
516 6 0.093840
517 6 0.131948
518 6 0.060294
519 6 0.162874
520 6 0.195980
521 6 0.195073
522 6 0.148900
523 6 0.171594
524 6 0.210944
525 6 0.210170
526 6 0.142652
527 6 0.172018
528 6 0.193302
529 6 0.158557
530 6 0.218972
531 6 0.051897
532 6 0.255641
533 6 0.172979
534 6 0.122757
535 6 0.189240
536 6 0.230714
537 6 0.167933
538 6 0.199954
539 6 0.171375
540 6 0.166678
541 6 0.257808
542 6 0.214993
543 6 0.221485
544 6 0.162457
545 6 0.274696
546 6 0.174071
547 6 0.182669
548 6 0.153683
549 6 0.116874
550 6 0.187455
551 6 0.075319
552 6 0.137515
553 6 0.092916
554 6 0.186435
555 6 0.206319
556 6 0.202574
557 6 0.195967
558 6 0.217745
559 6 0.069012
560 6 0.197384
561 6 0.176192
562 6 0.094109
563 6 0.195706
564 6 0.131334
565 6 0.135177
566 6 0.226847
567 6 0.210224
568 6 0.262737
569 6 0.215800
570 6 0.071869
571 6 0.248173
572 6 0.158694
573 6 0.169001
574 6 0.181550
575 6 0.155996
576 6 0.052529
577 6 0.179780
578 6 0.236831
579 6 0.216584
580 6 0.188323
581 6 0.088073
582 6 0.185758
583 6 0.047495
584 6 0.230559
585 6 0.158364
586 6 0.207748
587 6 0.183260
588 6 0.129706
589 6 0.216297
590 6 0.013885
591 6 0.183889
592 6 0.115891
593 6 0.250176
594 6 0.175510
595 6 0.189742
596 6 0.265075
597 6 0.174035
598 6 0.142723
599 6 0.178461
600 7 0.054196
601 7 0.224531
602 7 0.171288
603 7 0.217239
604 7 0.081825
605 7 0.174264
606 7 0.219056
607 7 0.253714
608 7 0.194212
609 7 0.146278
610 7 0.206985
611 7 0.171056
612 7 0.281569
613 7 0.162412
614 7 0.052933
615 7 0.142032
616 7 0.228706
617 7 0.074732
618 7 0.181772
619 7 0.061034
620 7 0.071581
621 7 0.151203
622 7 0.164736
623 7 0.047762
624 7 0.111043
625 7 0.232225
626 7 0.262802
627 7 0.201512
628 7 0.153297
629 7 0.138035
630 7 0.232665
631 7 0.234224
632 7 0.058933
633 7 0.212971
634 7 0.241154
635 7 0.200701
636 7 0.070822
637 7 0.159830
638 7 0.223612
639 7 0.212619
640 7 0.184635
641 7 0.169013
642 7 0.221020
643 7 0.061016
644 7 0.205433
645 7 0.121352
646 7 0.151173
647 7 0.212871
648 7 0.157174
649 7 0.071347
650 7 0.200360
651 7 0.258749
652 7 0.203682
653 7 0.233547
654 7 0.157091
655 7 0.233424
656 7 0.115712
657 7 0.163952
658 7 0.191935
659 7 0.197946
660 7 0.172486
661 7 0.162991
662 7 0.202278
663 7 0.144568
664 7 0.185060
665 7 0.194695
666 7 0.240582
667 7 0.204757
668 7 0.316058
669 7 0.178292
670 7 0.173944
671 7 0.137345
672 7 0.072804
673 7 0.015132
674 7 0.181600
675 7 0.262197
676 7 0.178209
677 7 0.182131
678 7 0.159960
679 7 0.260967
680 7 0.175098
681 7 0.164488
682 7 0.225020
683 7 0.340053
684 7 0.147130
685 7 0.161949
686 7 0.230733
687 7 0.159256
688 7 0.077459
689 7 0.283546
690 7 0.157260
691 7 0.209371
692 7 0.137418
693 7 0.082427
694 7 0.132690
695 7 0.200405
696 7 0.241858
697 7 0.150027
698 7 0.094540
699 7 0.162046
700 8 0.223093
701 8 0.054884
702 8 0.179099
703 8 0.263999
704 8 0.180627
705 8 0.189173
706 8 0.074192
707 8 0.247430
708 8 0.164275
709 8 0.170173
710 8 0.254614
711 8 0.210751
712 8 0.211568
713 8 0.135765
714 8 0.193751
715 8 0.199804
716 8 0.015554
717 8 0.245842
718 8 0.227514
719 8 0.257277
720 8 0.176518
721 8 0.190555
722 8 0.141985
723 8 0.185879
724 8 0.211042
725 8 0.220903
726 8 0.183475
727 8 0.207198
728 8 0.186082
729 8 0.206088
730 8 0.133826
731 8 0.048792
732 8 0.202876
733 8 0.179882
734 8 0.148255
735 8 0.143340
736 8 0.197620
737 8 0.183782
738 8 0.129924
739 8 0.141148
740 8 0.079874
741 8 0.216968
742 8 0.254789
743 8 0.176342
744 8 0.239591
745 8 0.171553
746 8 0.078459
747 8 0.264403
748 8 0.137483
749 8 0.217980
750 8 0.180588
751 8 0.201242
752 8 0.135893
753 8 0.198414
754 8 0.248387
755 8 0.147312
756 8 0.222273
757 8 0.190482
758 8 0.176621
759 8 0.150961
760 8 0.151708
761 8 0.191147
762 8 0.222524
763 8 0.185685
764 8 0.167758
765 8 0.188486
766 8 0.169318
767 8 0.173842
768 8 0.215835
769 8 0.071070
770 8 0.169026
771 8 0.173204
772 8 0.222338
773 8 0.295022
774 8 0.171135
775 8 0.193830
776 8 0.189501
777 8 0.116616
778 8 0.061808
779 8 0.071109
780 8 0.168939
781 8 0.061673
782 8 0.124947
783 8 0.079400
784 8 0.081251
785 8 0.204351
786 8 0.227595
787 8 0.137653
788 8 0.161432
789 8 0.068005
790 8 0.177672
791 8 0.185473
792 8 0.181233
793 8 0.073459
794 8 0.186916
795 8 0.094218
796 8 0.304054
797 8 0.103414
798 8 0.147093
799 8 0.162849
800 9 0.168861
801 9 0.166690
802 9 0.209719
803 9 0.150832
804 9 0.168852
805 9 0.263547
806 9 0.157030
807 9 0.125840
808 9 0.190074
809 9 0.217053
810 9 0.245487
811 9 0.166662
812 9 0.223509
813 9 0.221574
814 9 0.161850
815 9 0.153298
816 9 0.191926
817 9 0.106691
818 9 0.073405
819 9 0.169649
820 9 0.161419
821 9 0.061654
822 9 0.054443
823 9 0.259925
824 9 0.157271
825 9 0.192395
826 9 0.189076
827 9 0.181343
828 9 0.296719
829 9 0.188534
830 9 0.089297
831 9 0.214790
832 9 0.185222
833 9 0.158902
834 9 0.192915
835 9 0.069984
836 9 0.152120
837 9 0.154007
838 9 0.240328
839 9 0.187451
840 9 0.228239
841 9 0.227773
842 9 0.184226
843 9 0.093430
844 9 0.232349
845 9 0.092179
846 9 0.224138
847 9 0.229354
848 9 0.077112
849 9 0.179058
850 9 0.196077
851 9 0.168273
852 9 0.135128
853 9 0.202321
854 9 0.154144
855 9 0.190067
856 9 0.061731
857 9 0.131656
858 9 0.170991
859 9 0.231454
860 9 0.178422
861 9 0.201294
862 9 0.167201
863 9 0.201159
864 9 0.066891
865 9 0.182359
866 9 0.162330
867 9 0.133625
868 9 0.197477
869 9 0.049574
870 9 0.168204
871 9 0.059734
872 9 0.136498
873 9 0.166831
874 9 0.202154
875 9 0.212828
876 9 0.071369
877 9 0.166173
878 9 0.251132
879 9 0.138735
880 9 0.157917
881 9 0.163201
882 9 0.186966
883 9 0.172144
884 9 0.203691
885 9 0.143677
886 9 0.070178
887 9 0.271618
888 9 0.153311
889 9 0.116739
890 9 0.169814
891 9 0.016858
892 9 0.166026
893 9 0.162286
894 9 0.055617
895 9 0.264893
896 9 0.149443
897 9 0.166280
898 9 0.172095
899 9 0.217623
900 10 0.191652
901 10 0.089224
902 10 0.149628
903 10 0.179446
904 10 0.193860
905 10 0.216244
906 10 0.121023
907 10 0.217890
908 10 0.049582
909 10 0.185045
910 10 0.061754
911 10 0.185640
912 10 0.202740
913 10 0.104460
914 10 0.139903
915 10 0.178339
916 10 0.166704
917 10 0.192447
918 10 0.152900
919 10 0.214295
920 10 0.114000
921 10 0.209800
922 10 0.222493
923 10 0.197090
924 10 0.214073
925 10 0.173407
926 10 0.206359
927 10 0.200273
928 10 0.145958
929 10 0.134472
930 10 0.177392
931 10 0.188262
932 10 0.215816
933 10 0.054869
934 10 0.158719
935 10 0.130845
936 10 0.230289
937 10 0.184341
938 10 0.225277
939 10 0.150679
940 10 0.216182
941 10 0.156997
942 10 0.253176
943 10 0.085430
944 10 0.146245
945 10 0.218450
946 10 0.215698
947 10 0.158369
948 10 0.085276
949 10 0.163096
950 10 0.204678
951 10 0.205709
952 10 0.183808
953 10 0.207470
954 10 0.173416
955 10 0.073858
956 10 0.193978
957 10 0.141493
958 10 0.196525
959 10 0.183139
960 10 0.170412
961 10 0.164929
962 10 0.237878
963 10 0.169411
964 10 0.073263
965 10 0.152882
966 10 0.185391
967 10 0.142093
968 10 0.172204
969 10 0.194126
970 10 0.110125
971 10 0.292189
972 10 0.156485
973 10 0.070147
974 10 0.209026
975 10 0.170985
976 10 0.168110
977 10 0.201520
978 10 0.121295
979 10 0.231548
980 10 0.279171
981 10 0.062019
982 10 0.172241
983 10 0.069487
984 10 0.157350
985 10 0.166429
986 10 0.138387
987 10 0.139590
988 10 0.219548
989 10 0.160498
990 10 0.060118
991 10 0.228903
992 10 0.115853
993 10 0.070382
994 10 0.179547
995 10 0.226008
996 10 0.123911
997 10 0.200624
998 10 0.017233
999 10 0.218202
1000 11 0.017220
1001 11 0.165342
1002 11 0.154112
1003 11 0.210099
1004 11 0.170181
1005 11 0.153333
1006 11 0.089865
1007 11 0.166600
1008 11 0.174440
1009 11 0.184179
1010 11 0.163444
1011 11 0.155844
1012 11 0.180083
1013 11 0.073808
1014 11 0.049791
1015 11 0.161255
1016 11 0.164362
1017 11 0.154605
1018 11 0.233535
1019 11 0.171866
1020 11 0.164699
1021 11 0.237025
1022 11 0.150742
1023 11 0.163296
1024 11 0.170002
1025 11 0.178205
1026 11 0.140877
1027 11 0.167887
1028 11 0.186103
1029 11 0.185180
1030 11 0.175245
1031 11 0.165082
1032 11 0.197901
1033 11 0.177900
1034 11 0.089640
1035 11 0.169699
1036 11 0.167866
1037 11 0.085680
1038 11 0.079878
1039 11 0.159879
1040 11 0.181991
1041 11 0.161258
1042 11 0.170303
1043 11 0.162864
1044 11 0.146623
1045 11 0.061885
1046 11 0.129104
1047 11 0.227577
1048 11 0.163496
1049 11 0.116381
1050 11 0.074940
1051 11 0.249427
1052 11 0.055117
1053 11 0.166275
1054 11 0.217969
1055 11 0.060025
1056 11 0.193060
1057 11 0.140562
1058 11 0.196172
1059 11 0.218779
1060 11 0.212695
1061 11 0.093136
1062 11 0.226823
1063 11 0.263874
1064 11 0.184525
1065 11 0.221665
1066 11 0.185805
1067 11 0.181658
1068 11 0.147671
1069 11 0.136744
1070 11 0.080880
1071 11 0.215834
1072 11 0.217367
1073 11 0.133378
1074 11 0.151213
1075 11 0.061967
1076 11 0.177328
1077 11 0.196680
1078 11 0.194142
1079 11 0.177918
1080 11 0.147348
1081 11 0.071957
1082 11 0.160005
1083 11 0.233132
1084 11 0.145547
1085 11 0.246471
1086 11 0.163674
1087 11 0.055648
1088 11 0.190079
1089 11 0.205734
1090 11 0.136451
1091 11 0.166404
1092 11 0.191709
1093 11 0.198119
1094 11 0.172023
1095 11 0.198614
1096 11 0.180721
1097 11 0.100720
1098 11 0.181534
1099 11 0.187911
1100 12 0.166838
1101 12 0.193459
1102 12 0.164726
1103 12 0.196140
1104 12 0.127749
1105 12 0.049881
1106 12 0.149843
1107 12 0.074006
1108 12 0.176938
1109 12 0.178280
1110 12 0.207044
1111 12 0.183880
1112 12 0.160160
1113 12 0.194781
1114 12 0.172136
1115 12 0.187544
1116 12 0.080580
1117 12 0.179619
1118 12 0.197751
1119 12 0.235509
1120 12 0.142552
1121 12 0.061804
1122 12 0.167954
1123 12 0.168986
1124 12 0.094940
1125 12 0.192192
1126 12 0.178519
1127 12 0.094799
1128 12 0.225949
1129 12 0.149509
1130 12 0.165246
1131 12 0.186272
1132 12 0.160092
1133 12 0.158345
1134 12 0.247590
1135 12 0.209059
1136 12 0.201592
1137 12 0.095631
1138 12 0.181701
1139 12 0.155761
1140 12 0.165654
1141 12 0.175817
1142 12 0.182841
1143 12 0.160049
1144 12 0.158658
1145 12 0.210989
1146 12 0.216781
1147 12 0.172790
1148 12 0.052888
1149 12 0.195538
1150 12 0.215691
1151 12 0.180148
1152 12 0.065865
1153 12 0.138528
1154 12 0.067024
1155 12 0.126063
1156 12 0.177417
1157 12 0.199756
1158 12 0.099140
1159 12 0.183363
1160 12 0.166922
1161 12 0.186147
1162 12 0.055476
1163 12 0.204247
1164 12 0.160763
1165 12 0.111242
1166 12 0.165814
1167 12 0.074125
1168 12 0.174212
1169 12 0.092917
1170 12 0.188991
1171 12 0.211113
1172 12 0.147039
1173 12 0.068412
1174 12 0.162569
1175 12 0.132954
1176 12 0.130990
1177 12 0.150437
1178 12 0.142958
1179 12 0.147757
1180 12 0.180859
1181 12 0.198006
1182 12 0.195995
1183 12 0.141630
1184 12 0.017589
1185 12 0.159925
1186 12 0.066730
1187 12 0.202457
1188 12 0.185748
1189 12 0.154668
1190 12 0.178005
1191 12 0.257104
1192 12 0.166157
1193 12 0.120688
1194 12 0.074126
1195 12 0.145486
1196 12 0.126340
1197 12 0.164100
1198 12 0.228067
1199 12 0.160247
1200 13 0.100749
1201 13 0.156271
1202 13 0.189568
1203 13 0.149121
1204 13 0.204720
1205 13 0.193727
1206 13 0.189172
1207 13 0.211992
1208 13 0.174721
1209 13 0.206797
1210 13 0.174046
1211 13 0.144738
1212 13 0.191215
1213 13 0.145616
1214 13 0.150095
1215 13 0.167500
1216 13 0.219814
1217 13 0.164681
1218 13 0.150869
1219 13 0.174623
1220 13 0.164327
1221 13 0.202522
1222 13 0.201777
1223 13 0.299454
1224 13 0.273014
1225 13 0.065450
1226 13 0.178573
1227 13 0.188419
1228 13 0.206345
1229 13 0.061828
1230 13 0.182364
1231 13 0.089358
1232 13 0.084784
1233 13 0.150045
1234 13 0.144652
1235 13 0.166279
1236 13 0.142745
1237 13 0.167598
1238 13 0.125831
1239 13 0.208410
1240 13 0.131055
1241 13 0.211235
1242 13 0.170655
1243 13 0.055285
1244 13 0.168649
1245 13 0.064642
1246 13 0.162861
1247 13 0.155665
1248 13 0.182277
1249 13 0.103968
1250 13 0.258390
1251 13 0.208889
1252 13 0.160587
1253 13 0.058118
1254 13 0.259266
1255 13 0.173514
1256 13 0.150456
1257 13 0.211801
1258 13 0.157289
1259 13 0.181375
1260 13 0.156305
1261 13 0.156173
1262 13 0.135894
1263 13 0.186918
1264 13 0.175274
1265 13 0.164365
1266 13 0.151290
1267 13 0.102193
1268 13 0.143735
1269 13 0.220596
1270 13 0.147044
1271 13 0.166727
1272 13 0.176427
1273 13 0.217934
1274 13 0.179984
1275 13 0.167758
1276 13 0.193649
1277 13 0.184248
1278 13 0.167137
1279 13 0.170470
1280 13 0.202917
1281 13 0.117375
1282 13 0.162855
1283 13 0.156655
1284 13 0.112945
1285 13 0.163960
1286 13 0.159922
1287 13 0.050277
1288 13 0.139615
1289 13 0.208826
1290 13 0.221636
1291 13 0.074669
1292 13 0.149177
1293 13 0.170704
1294 13 0.017724
1295 13 0.073774
1296 13 0.164417
1297 13 0.061884
1298 13 0.059241
1299 13 0.086297
1300 14 0.156360
1301 14 0.017603
1302 14 0.210059
1303 14 0.170365
1304 14 0.120582
1305 14 0.150337
1306 14 0.157136
1307 14 0.073614
1308 14 0.179104
1309 14 0.198049
1310 14 0.166097
1311 14 0.165211
1312 14 0.049927
1313 14 0.091065
1314 14 0.181426
1315 14 0.227008
1316 14 0.203555
1317 14 0.055148
1318 14 0.203125
1319 14 0.067672
1320 14 0.109961
1321 14 0.133878
1322 14 0.083165
1323 14 0.205965
1324 14 0.130924
1325 14 0.131462
1326 14 0.151279
1327 14 0.155756
1328 14 0.184362
1329 14 0.136268
1330 14 0.170222
1331 14 0.159514
1332 14 0.151865
1333 14 0.159230
1334 14 0.155874
1335 14 0.141751
1336 14 0.215480
1337 14 0.179878
1338 14 0.184630
1339 14 0.184265
1340 14 0.130851
1341 14 0.064025
1342 14 0.120080
1343 14 0.073502
1344 14 0.137143
1345 14 0.166091
1346 14 0.164017
1347 14 0.151990
1348 14 0.161471
1349 14 0.169050
1350 14 0.152432
1351 14 0.168412
1352 14 0.160690
1353 14 0.102958
1354 14 0.168759
1355 14 0.148970
1356 14 0.195469
1357 14 0.138660
1358 14 0.139641
1359 14 0.184061
1360 14 0.170976
1361 14 0.162051
1362 14 0.177289
1363 14 0.186759
1364 14 0.174977
1365 14 0.160221
1366 14 0.187932
1367 14 0.170834
1368 14 0.055160
1369 14 0.070370
1370 14 0.162938
1371 14 0.168344
1372 14 0.156535
1373 14 0.113645
1374 14 0.186419
1375 14 0.136907
1376 14 0.165758
1377 14 0.163786
1378 14 0.170666
1379 14 0.180814
1380 14 0.216167
1381 14 0.166480
1382 14 0.120327
1383 14 0.059692
1384 14 0.183732
1385 14 0.159101
1386 14 0.154715
1387 14 0.061863
1388 14 0.240190
1389 14 0.212471
1390 14 0.202460
1391 14 0.171518
1392 14 0.068063
1393 14 0.147433
1394 14 0.150341
1395 14 0.184455
1396 14 0.204329
1397 14 0.057521
1398 14 0.157126
1399 14 0.149750
1400 15 0.162149
1401 15 0.178712
1402 15 0.049855
1403 15 0.144938
1404 15 0.120535
1405 15 0.137828
1406 15 0.198525
1407 15 0.128833
1408 15 0.183904
1409 15 0.145740
1410 15 0.139094
1411 15 0.140922
1412 15 0.194385
1413 15 0.191540
1414 15 0.151558
1415 15 0.144237
1416 15 0.166946
1417 15 0.132071
1418 15 0.051107
1419 15 0.138706
1420 15 0.210181
1421 15 0.114755
1422 15 0.192357
1423 15 0.172386
1424 15 0.147082
1425 15 0.187658
1426 15 0.059583
1427 15 0.051961
1428 15 0.166326
1429 15 0.132778
1430 15 0.173645
1431 15 0.168550
1432 15 0.072294
1433 15 0.047402
1434 15 0.061695
1435 15 0.180498
1436 15 0.187151
1437 15 0.147631
1438 15 0.142126
1439 15 0.159940
1440 15 0.168357
1441 15 0.210018
1442 15 0.230094
1443 15 0.178368
1444 15 0.196943
1445 15 0.180731
1446 15 0.149041
1447 15 0.147060
1448 15 0.144250
1449 15 0.103136
1450 15 0.211125
1451 15 0.209364
1452 15 0.172789
1453 15 0.198915
1454 15 0.148718
1455 15 0.206272
1456 15 0.136985
1457 15 0.067554
1458 15 0.056616
1459 15 0.161438
1460 15 0.160198
1461 15 0.108371
1462 15 0.055520
1463 15 0.045189
1464 15 0.175648
1465 15 0.156212
1466 15 0.186118
1467 15 0.073467
1468 15 0.182375
1469 15 0.162305
1470 15 0.167612
1471 15 0.017664
1472 15 0.164042
1473 15 0.188958
1474 15 0.149664
1475 15 0.146848
1476 15 0.199488
1477 15 0.148927
1478 15 0.186461
1479 15 0.232488
1480 15 0.219033
1481 15 0.117721
1482 15 0.184960
1483 15 0.149113
1484 15 0.146680
1485 15 0.178754
1486 15 0.055666
1487 15 0.165864
1488 15 0.063145
1489 15 0.134255
1490 15 0.177403
1491 15 0.151751
1492 15 0.158144
1493 15 0.173327
1494 15 0.142886
1495 15 0.158241
1496 15 0.161923
1497 15 0.182151
1498 15 0.185608
1499 15 0.126429
1500 16 0.190938
1501 16 0.061342
1502 16 0.196868
1503 16 0.132040
1504 16 0.183736
1505 16 0.049752
1506 16 0.063473
1507 16 0.114892
1508 16 0.166434
1509 16 0.059428
1510 16 0.182187
1511 16 0.156457
1512 16 0.181305
1513 16 0.187730
1514 16 0.154131
1515 16 0.231753
1516 16 0.147183
1517 16 0.173159
1518 16 0.182894
1519 16 0.210132
1520 16 0.055431
1521 16 0.206576
1522 16 0.191364
1523 16 0.175814
1524 16 0.124106
1525 16 0.209531
1526 16 0.160035
1527 16 0.162972
1528 16 0.061595
1529 16 0.181527
1530 16 0.128984
1531 16 0.141078
1532 16 0.087833
1533 16 0.058206
1534 16 0.107587
1535 16 0.177368
1536 16 0.143605
1537 16 0.073458
1538 16 0.057953
1539 16 0.132999
1540 16 0.189882
1541 16 0.143045
1542 16 0.193966
1543 16 0.147531
1544 16 0.162055
1545 16 0.151993
1546 16 0.177509
1547 16 0.187240
1548 16 0.152637
1549 16 0.223081
1550 16 0.162378
1551 16 0.196761
1552 16 0.131557
1553 16 0.139313
1554 16 0.017550
1555 16 0.181429
1556 16 0.172305
1557 16 0.043866
1558 16 0.155726
1559 16 0.182844
1560 16 0.173817
1561 16 0.193839
1562 16 0.117386
1563 16 0.154058
1564 16 0.128632
1565 16 0.197861
1566 16 0.189558
1567 16 0.138666
1568 16 0.182255
1569 16 0.170794
1570 16 0.139929
1571 16 0.162419
1572 16 0.123918
1573 16 0.178429
1574 16 0.071860
1575 16 0.191816
1576 16 0.141254
1577 16 0.164143
1578 16 0.177825
1579 16 0.151561
1580 16 0.161437
1581 16 0.177376
1582 16 0.138435
1583 16 0.051630
1584 16 0.174111
1585 16 0.183241
1586 16 0.152844
1587 16 0.158131
1588 16 0.197009
1589 16 0.137529
1590 16 0.176584
1591 16 0.049738
1592 16 0.054959
1593 16 0.162966
1594 16 0.169865
1595 16 0.204558
1596 16 0.167260
1597 16 0.160002
1598 16 0.132150
1599 16 0.189857
1600 17 0.085311
1601 17 0.161223
1602 17 0.155804
1603 17 0.163872
1604 17 0.170909
1605 17 0.174325
1606 17 0.157961
1607 17 0.167253
1608 17 0.197471
1609 17 0.151552
1610 17 0.135528
1611 17 0.196212
1612 17 0.153041
1613 17 0.158323
1614 17 0.073030
1615 17 0.066313
1616 17 0.115116
1617 17 0.201141
1618 17 0.198663
1619 17 0.106955
1620 17 0.148030
1621 17 0.144543
1622 17 0.156696
1623 17 0.145599
1624 17 0.143970
1625 17 0.055207
1626 17 0.171508
1627 17 0.170738
1628 17 0.158297
1629 17 0.117339
1630 17 0.126476
1631 17 0.187784
1632 17 0.143652
1633 17 0.127824
1634 17 0.140831
1635 17 0.155086
1636 17 0.177687
1637 17 0.140574
1638 17 0.136907
1639 17 0.123782
1640 17 0.148752
1641 17 0.174328
1642 17 0.172343
1643 17 0.049552
1644 17 0.115756
1645 17 0.063754
1646 17 0.140708
1647 17 0.190222
1648 17 0.194055
1649 17 0.153915
1650 17 0.104672
1651 17 0.157304
1652 17 0.134972
1653 17 0.206923
1654 17 0.177150
1655 17 0.145893
1656 17 0.040372
1657 17 0.146697
1658 17 0.157256
1659 17 0.184783
1660 17 0.017431
1661 17 0.107401
1662 17 0.181383
1663 17 0.152527
1664 17 0.134300
1665 17 0.069946
1666 17 0.058346
1667 17 0.137599
1668 17 0.162638
1669 17 0.167085
1670 17 0.097509
1671 17 0.126872
1672 17 0.160314
1673 17 0.171331
1674 17 0.170124
1675 17 0.117915
1676 17 0.145008
1677 17 0.190959
1678 17 0.194543
1679 17 0.070206
1680 17 0.166197
1681 17 0.196899
1682 17 0.175258
1683 17 0.152233
1684 17 0.195522
1685 17 0.195944
1686 17 0.159113
1687 17 0.061260
1688 17 0.236257
1689 17 0.162761
1690 17 0.200824
1691 17 0.137050
1692 17 0.129005
1693 17 0.067851
1694 17 0.160392
1695 17 0.061115
1696 17 0.100292
1697 17 0.156556
1698 17 0.152290
1699 17 0.158722
1700 18 0.055293
1701 18 0.110622
1702 18 0.139445
1703 18 0.150955
1704 18 0.142895
1705 18 0.017359
1706 18 0.126894
1707 18 0.162104
1708 18 0.109041
1709 18 0.146010
1710 18 0.144967
1711 18 0.149335
1712 18 0.054605
1713 18 0.129618
1714 18 0.162570
1715 18 0.172626
1716 18 0.159816
1717 18 0.193477
1718 18 0.173343
1719 18 0.158891
1720 18 0.051290
1721 18 0.192579
1722 18 0.181500
1723 18 0.184690
1724 18 0.135000
1725 18 0.174583
1726 18 0.060808
1727 18 0.139982
1728 18 0.193756
1729 18 0.134630
1730 18 0.166494
1731 18 0.151683
1732 18 0.129884
1733 18 0.183020
1734 18 0.145833
1735 18 0.040975
1736 18 0.210759
1737 18 0.116515
1738 18 0.061170
1739 18 0.140699
1740 18 0.214662
1741 18 0.117147
1742 18 0.038088
1743 18 0.060973
1744 18 0.121781
1745 18 0.180317
1746 18 0.204847
1747 18 0.145084
1748 18 0.222682
1749 18 0.177539
1750 18 0.183510
1751 18 0.172558
1752 18 0.138238
1753 18 0.156247
1754 18 0.105238
1755 18 0.058926
1756 18 0.173627
1757 18 0.171655
1758 18 0.177483
1759 18 0.179922
1760 18 0.158095
1761 18 0.077789
1762 18 0.176216
1763 18 0.151410
1764 18 0.163133
1765 18 0.190578
1766 18 0.165236
1767 18 0.135861
1768 18 0.144181
1769 18 0.177200
1770 18 0.075775
1771 18 0.150816
1772 18 0.170545
1773 18 0.036270
1774 18 0.166127
1775 18 0.183143
1776 18 0.195992
1777 18 0.126449
1778 18 0.146825
1779 18 0.173221
1780 18 0.147607
1781 18 0.153900
1782 18 0.146839
1783 18 0.170503
1784 18 0.147131
1785 18 0.141892
1786 18 0.049536
1787 18 0.138278
1788 18 0.139574
1789 18 0.193872
1790 18 0.185203
1791 18 0.149885
1792 18 0.162608
1793 18 0.038809
1794 18 0.187232
1795 18 0.127253
1796 18 0.049282
1797 18 0.171726
1798 18 0.146297
1799 18 0.140383
1800 19 0.123860
1801 19 0.134028
1802 19 0.118656
1803 19 0.141727
1804 19 0.171278
1805 19 0.157631
1806 19 0.200817
1807 19 0.149874
1808 19 0.158222
1809 19 0.168325
1810 19 0.060845
1811 19 0.122177
1812 19 0.161763
1813 19 0.181931
1814 19 0.121117
1815 19 0.132647
1816 19 0.172274
1817 19 0.163245
1818 19 0.171441
1819 19 0.116253
1820 19 0.203640
1821 19 0.172496
1822 19 0.176609
1823 19 0.063047
1824 19 0.155635
1825 19 0.133149
1826 19 0.161500
1827 19 0.173127
1828 19 0.133273
1829 19 0.186272
1830 19 0.144703
1831 19 0.144125
1832 19 0.130563
1833 19 0.142926
1834 19 0.156653
1835 19 0.037539
1836 19 0.149207
1837 19 0.119090
1838 19 0.179126
1839 19 0.188500
1840 19 0.152609
1841 19 0.191281
1842 19 0.156165
1843 19 0.181689
1844 19 0.069034
1845 19 0.069784
1846 19 0.155451
1847 19 0.102023
1848 19 0.049345
1849 19 0.166804
1850 19 0.206811
1851 19 0.046773
1852 19 0.152097
1853 19 0.169986
1854 19 0.164733
1855 19 0.184032
1856 19 0.144996
1857 19 0.138174
1858 19 0.132631
1859 19 0.155803
1860 19 0.211807
1861 19 0.056416
1862 19 0.160622
1863 19 0.158834
1864 19 0.144665
1865 19 0.190334
1866 19 0.195316
1867 19 0.193823
1868 19 0.188546
1869 19 0.183956
1870 19 0.135692
1871 19 0.082559
1872 19 0.060672
1873 19 0.149282
1874 19 0.157435
1875 19 0.184559
1876 19 0.146338
1877 19 0.110812
1878 19 0.017268
1879 19 0.134312
1880 19 0.144178
1881 19 0.126505
1882 19 0.045844
1883 19 0.167062
1884 19 0.140582
1885 19 0.150439
1886 19 0.157741
1887 19 0.143655
1888 19 0.069499
1889 19 0.102252
1890 19 0.110410
1891 19 0.146512
1892 19 0.171523
1893 19 0.178112
1894 19 0.185351
1895 19 0.054519
1896 19 0.170966
1897 19 0.120457
1898 19 0.037986
1899 19 0.062348
1900 20 0.108760
1901 20 0.128028
1902 20 0.055035
1903 20 0.107939
1904 20 0.141696
1905 20 0.187612
1906 20 0.058724
1907 20 0.130319
1908 20 0.188019
1909 20 0.141003
1910 20 0.152762
1911 20 0.066610
1912 20 0.132188
1913 20 0.060284
1914 20 0.147429
1915 20 0.151526
1916 20 0.131381
1917 20 0.157097
1918 20 0.190377
1919 20 0.086764
1920 20 0.183237
1921 20 0.186341
1922 20 0.160616
1923 20 0.148747
1924 20 0.179879
1925 20 0.137952
1926 20 0.169727
1927 20 0.167214
1928 20 0.149012
1929 20 0.112718
1930 20 0.016931
1931 20 0.132334
1932 20 0.118193
1933 20 0.172522
1934 20 0.188439
1935 20 0.135263
1936 20 0.139396
1937 20 0.028541
1938 20 0.181330
1939 20 0.167638
1940 20 0.114340
1941 20 0.161938
1942 20 0.105753
1943 20 0.143433
1944 20 0.035800
1945 20 0.066099
1946 20 0.142290
1947 20 0.172176
1948 20 0.167216
1949 20 0.110115
1950 20 0.122095
1951 20 0.140420
1952 20 0.149026
1953 20 0.122724
1954 20 0.097109
1955 20 0.091287
1956 20 0.137412
1957 20 0.132908
1958 20 0.150498
1959 20 0.166546
1960 20 0.157832
1961 20 0.039966
1962 20 0.166711
1963 20 0.064982
1964 20 0.151180
1965 20 0.150612
1966 20 0.054300
1967 20 0.179482
1968 20 0.144079
1969 20 0.172251
1970 20 0.185912
1971 20 0.151501
1972 20 0.165828
1973 20 0.103058
1974 20 0.184756
1975 20 0.183299
1976 20 0.151991
1977 20 0.173339
1978 20 0.134895
1979 20 0.134862
1980 20 0.191926
1981 20 0.165120
1982 20 0.118458
1983 20 0.103760
1984 20 0.050650
1985 20 0.138550
1986 20 0.138571
1987 20 0.118121
1988 20 0.164175
1989 20 0.171167
1990 20 0.151524
1991 20 0.068194
1992 20 0.153895
1993 20 0.124491
1994 20 0.176409
1995 20 0.164070
1996 20 0.151795
1997 20 0.209914
1998 20 0.141272
1999 20 0.126706
2000 21 0.158241
2001 21 0.146591
2002 21 0.150127
2003 21 0.138249
2004 21 0.149877
2005 21 0.126206
2006 21 0.115684
2007 21 0.161825
2008 21 0.060314
2009 21 0.147639
2010 21 0.128074
2011 21 0.139506
2012 21 0.143113
2013 21 0.121556
2014 21 0.159970
2015 21 0.115801
2016 21 0.060215
2017 21 0.124415
2018 21 0.080899
2019 21 0.191369
2020 21 0.130229
2021 21 0.159194
2022 21 0.155204
2023 21 0.137045
2024 21 0.133134
2025 21 0.203889
2026 21 0.180855
2027 21 0.149737
2028 21 0.109120
2029 21 0.123146
2030 21 0.096194
2031 21 0.147608
2032 21 0.165722
2033 21 0.124612
2034 21 0.127638
2035 21 0.100622
2036 21 0.128553
2037 21 0.044145
2038 21 0.184133
2039 21 0.122808
2040 21 0.097916
2041 21 0.049079
2042 21 0.161510
2043 21 0.152980
2044 21 0.118519
2045 21 0.147534
2046 21 0.176402
2047 21 0.142972
2048 21 0.193880
2049 21 0.137658
2050 21 0.129576
2051 21 0.065082
2052 21 0.054168
2053 21 0.146077
2054 21 0.146930
2055 21 0.196165
2056 21 0.178307
2057 21 0.172107
2058 21 0.049509
2059 21 0.140562
2060 21 0.146314
2061 21 0.044659
2062 21 0.099740
2063 21 0.204284
2064 21 0.198430
2065 21 0.155453
2066 21 0.191990
2067 21 0.166608
2068 21 0.183350
2069 21 0.168659
2070 21 0.154618
2071 21 0.156847
2072 21 0.124778
2073 21 0.182072
2074 21 0.127712
2075 21 0.145740
2076 21 0.168085
2077 21 0.136223
2078 21 0.132613
2079 21 0.152045
2080 21 0.117033
2081 21 0.179378
2082 21 0.115364
2083 21 0.103263
2084 21 0.033516
2085 21 0.052146
2086 21 0.173367
2087 21 0.146361
2088 21 0.145256
2089 21 0.129245
2090 21 0.043942
2091 21 0.060621
2092 21 0.017092
2093 21 0.181507
2094 21 0.055236
2095 21 0.155778
2096 21 0.162324
2097 21 0.133987
2098 21 0.163834
2099 21 0.058528
2100 22 0.145376
2101 22 0.142139
2102 22 0.170897
2103 22 0.131277
2104 22 0.150564
2105 22 0.153670
2106 22 0.124921
2107 22 0.151046
2108 22 0.144097
2109 22 0.061876
2110 22 0.171291
2111 22 0.151985
2112 22 0.070381
2113 22 0.158717
2114 22 0.032049
2115 22 0.192713
2116 22 0.139676
2117 22 0.098869
2118 22 0.118600
2119 22 0.158006
2120 22 0.130380
2121 22 0.158947
2122 22 0.137178
2123 22 0.148978
2124 22 0.146431
2125 22 0.097402
2126 22 0.206154
2127 22 0.127869
2128 22 0.188207
2129 22 0.128697
2130 22 0.066924
2131 22 0.140512
2132 22 0.170078
2133 22 0.142977
2134 22 0.158728
2135 22 0.124811
2136 22 0.187515
2137 22 0.103347
2138 22 0.137094
2139 22 0.147315
2140 22 0.158889
2141 22 0.127182
2142 22 0.135751
2143 22 0.163852
2144 22 0.118213
2145 22 0.055043
2146 22 0.127932
2147 22 0.174890
2148 22 0.017085
2149 22 0.124971
2150 22 0.139801
2151 22 0.074780
2152 22 0.129118
2153 22 0.099194
2154 22 0.173706
2155 22 0.044254
2156 22 0.070431
2157 22 0.146340
2158 22 0.145433
2159 22 0.150475
2160 22 0.162854
2161 22 0.091953
2162 22 0.123369
2163 22 0.115764
2164 22 0.170179
2165 22 0.143476
2166 22 0.078737
2167 22 0.059782
2168 22 0.154345
2169 22 0.176363
2170 22 0.179410
2171 22 0.145724
2172 22 0.121480
2173 22 0.171373
2174 22 0.132461
2175 22 0.146631
2176 22 0.137001
2177 22 0.056969
2178 22 0.140612
2179 22 0.107173
2180 22 0.133508
2181 22 0.120145
2182 22 0.214994
2183 22 0.167704
2184 22 0.143141
2185 22 0.193549
2186 22 0.161717
2187 22 0.227020
2188 22 0.163530
2189 22 0.147182
2190 22 0.137298
2191 22 0.048939
2192 22 0.116093
2193 22 0.152092
2194 22 0.042262
2195 22 0.053986
2196 22 0.163723
2197 22 0.120661
2198 22 0.116230
2199 22 0.060286
2200 23 0.150391
2201 23 0.147678
2202 23 0.156949
2203 23 0.148409
2204 23 0.167762
2205 23 0.172972
2206 23 0.060179
2207 23 0.088846
2208 23 0.162341
2209 23 0.089211
2210 23 0.048768
2211 23 0.078144
2212 23 0.145375
2213 23 0.142484
2214 23 0.172570
2215 23 0.132425
2216 23 0.175574
2217 23 0.141050
2218 23 0.181817
2219 23 0.128691
2220 23 0.179818
2221 23 0.169732
2222 23 0.164717
2223 23 0.114143
2224 23 0.075891
2225 23 0.167980
2226 23 0.146384
2227 23 0.108228
2228 23 0.132215
2229 23 0.053174
2230 23 0.146952
2231 23 0.139537
2232 23 0.133109
2233 23 0.177614
2234 23 0.170336
2235 23 0.172926
2236 23 0.145828
2237 23 0.187388
2238 23 0.160633
2239 23 0.134396
2240 23 0.134485
2241 23 0.129651
2242 23 0.147794
2243 23 0.134250
2244 23 0.118290
2245 23 0.123354
2246 23 0.142588
2247 23 0.154429
2248 23 0.143134
2249 23 0.034451
2250 23 0.162297
2251 23 0.131659
2252 23 0.154913
2253 23 0.177788
2254 23 0.138277
2255 23 0.127754
2256 23 0.188616
2257 23 0.105447
2258 23 0.114588
2259 23 0.184104
2260 23 0.149157
2261 23 0.098111
2262 23 0.164541
2263 23 0.128131
2264 23 0.118355
2265 23 0.137620
2266 23 0.139472
2267 23 0.127130
2268 23 0.147290
2269 23 0.116292
2270 23 0.124714
2271 23 0.053966
2272 23 0.138555
2273 23 0.107477
2274 23 0.118189
2275 23 0.139637
2276 23 0.067807
2277 23 0.016835
2278 23 0.175338
2279 23 0.163833
2280 23 0.123627
2281 23 0.042869
2282 23 0.093143
2283 23 0.143846
2284 23 0.121972
2285 23 0.146618
2286 23 0.051726
2287 23 0.172789
2288 23 0.146037
2289 23 0.181781
2290 23 0.154153
2291 23 0.141030
2292 23 0.135421
2293 23 0.102523
2294 23 0.137796
2295 23 0.027116
2296 23 0.160748
2297 23 0.042541
2298 23 0.058352
2299 23 0.175219
2300 24 0.134025
2301 24 0.108568
2302 24 0.183586
2303 24 0.176734
2304 24 0.016641
2305 24 0.151021
2306 24 0.146281
2307 24 0.128157
2308 24 0.171429
2309 24 0.133933
2310 24 0.117969
2311 24 0.172318
2312 24 0.132530
2313 24 0.177283
2314 24 0.146381
2315 24 0.158921
2316 24 0.150973
2317 24 0.125739
2318 24 0.039967
2319 24 0.128642
2320 24 0.048410
2321 24 0.116486
2322 24 0.164614
2323 24 0.110592
2324 24 0.123566
2325 24 0.034104
2326 24 0.204572
2327 24 0.115407
2328 24 0.141152
2329 24 0.091361
2330 24 0.166715
2331 24 0.065741
2332 24 0.050441
2333 24 0.174749
2334 24 0.128733
2335 24 0.161368
2336 24 0.224800
2337 24 0.215022
2338 24 0.123183
2339 24 0.154651
2340 24 0.186451
2341 24 0.112416
2342 24 0.098966
2343 24 0.134714
2344 24 0.073640
2345 24 0.150974
2346 24 0.150033
2347 24 0.147410
2348 24 0.132921
2349 24 0.127438
2350 24 0.128518
2351 24 0.152969
2352 24 0.164563
2353 24 0.133584
2354 24 0.132173
2355 24 0.139388
2356 24 0.111218
2357 24 0.140032
2358 24 0.156072
2359 24 0.154253
2360 24 0.134108
2361 24 0.158648
2362 24 0.059834
2363 24 0.112477
2364 24 0.136646
2365 24 0.169363
2366 24 0.151554
2367 24 0.185261
2368 24 0.158405
2369 24 0.210498
2370 24 0.118491
2371 24 0.137512
2372 24 0.220927
2373 24 0.153941
2374 24 0.144741
2375 24 0.136047
2376 24 0.095104
2377 24 0.130699
2378 24 0.054495
2379 24 0.109645
2380 24 0.163330
2381 24 0.075042
2382 24 0.126644
2383 24 0.160146
2384 24 0.045294
2385 24 0.185536
2386 24 0.030246
2387 24 0.153586
2388 24 0.044673
2389 24 0.141425
2390 24 0.140909
2391 24 0.142966
2392 24 0.101755
2393 24 0.186338
2394 24 0.036293
2395 24 0.156264
2396 24 0.117477
2397 24 0.148219
2398 24 0.053712
2399 24 0.135954
2400 25 0.112106
2401 25 0.152743
2402 25 0.167073
2403 25 0.126710
2404 25 0.143567
2405 25 0.164667
2406 25 0.136377
2407 25 0.168060
2408 25 0.134764
2409 25 0.155954
2410 25 0.154158
2411 25 0.131670
2412 25 0.132697
2413 25 0.164400
2414 25 0.112617
2415 25 0.122501
2416 25 0.060358
2417 25 0.060832
2418 25 0.169051
2419 25 0.133918
2420 25 0.185294
2421 25 0.138560
2422 25 0.032456
2423 25 0.123905
2424 25 0.193531
2425 25 0.144677
2426 25 0.123712
2427 25 0.030977
2428 25 0.130835
2429 25 0.169419
2430 25 0.111342
2431 25 0.072293
2432 25 0.027956
2433 25 0.153456
2434 25 0.168136
2435 25 0.151576
2436 25 0.113482
2437 25 0.166497
2438 25 0.113180
2439 25 0.016728
2440 25 0.153820
2441 25 0.161356
2442 25 0.139403
2443 25 0.167294
2444 25 0.174320
2445 25 0.100011
2446 25 0.026967
2447 25 0.061223
2448 25 0.110353
2449 25 0.139999
2450 25 0.057653
2451 25 0.092899
2452 25 0.144773
2453 25 0.159147
2454 25 0.056643
2455 25 0.156736
2456 25 0.123364
2457 25 0.100473
2458 25 0.159291
2459 25 0.090270
2460 25 0.134533
2461 25 0.116610
2462 25 0.173726
2463 25 0.152038
2464 25 0.187671
2465 25 0.084219
2466 25 0.116925
2467 25 0.130724
2468 25 0.176371
2469 25 0.112951
2470 25 0.133568
2471 25 0.151370
2472 25 0.141614
2473 25 0.121174
2474 25 0.149176
2475 25 0.053621
2476 25 0.152673
2477 25 0.058181
2478 25 0.156607
2479 25 0.115165
2480 25 0.123290
2481 25 0.118426
2482 25 0.131926
2483 25 0.056510
2484 25 0.169764
2485 25 0.162340
2486 25 0.137484
2487 25 0.118147
2488 25 0.094467
2489 25 0.145139
2490 25 0.128041
2491 25 0.154075
2492 25 0.143333
2493 25 0.138342
2494 25 0.154364
2495 25 0.124659
2496 25 0.141677
2497 25 0.185246
2498 25 0.123366
2499 25 0.059777
2500 26 0.144532
2501 26 0.130541
2502 26 0.120632
2503 26 0.103536
2504 26 0.038127
2505 26 0.091688
2506 26 0.163431
2507 26 0.059262
2508 26 0.130088
2509 26 0.140762
2510 26 0.104480
2511 26 0.053456
2512 26 0.143033
2513 26 0.113122
2514 26 0.181351
2515 26 0.115245
2516 26 0.153780
2517 26 0.057934
2518 26 0.160769
2519 26 0.146446
2520 26 0.100849
2521 26 0.132652
2522 26 0.143204
2523 26 0.135602
2524 26 0.184163
2525 26 0.123106
2526 26 0.178459
2527 26 0.118011
2528 26 0.160017
2529 26 0.103206
2530 26 0.165423
2531 26 0.123854
2532 26 0.115811
2533 26 0.125991
2534 26 0.174827
2535 26 0.172640
2536 26 0.125726
2537 26 0.191362
2538 26 0.048474
2539 26 0.141969
2540 26 0.153231
2541 26 0.135620
2542 26 0.073198
2543 26 0.153928
2544 26 0.128539
2545 26 0.125171
2546 26 0.137034
2547 26 0.059709
2548 26 0.136293
2549 26 0.101733
2550 26 0.129194
2551 26 0.029151
2552 26 0.191761
2553 26 0.161750
2554 26 0.110574
2555 26 0.175912
2556 26 0.161274
2557 26 0.143784
2558 26 0.138227
2559 26 0.120406
2560 26 0.099780
2561 26 0.131645
2562 26 0.189950
2563 26 0.126366
2564 26 0.159344
2565 26 0.134150
2566 26 0.156788
2567 26 0.133180
2568 26 0.134007
2569 26 0.134994
2570 26 0.164286
2571 26 0.127557
2572 26 0.121325
2573 26 0.167313
2574 26 0.035443
2575 26 0.117317
2576 26 0.150724
2577 26 0.034970
2578 26 0.084955
2579 26 0.170029
2580 26 0.138460
2581 26 0.129767
2582 26 0.170658
2583 26 0.152255
2584 26 0.050724
2585 26 0.128958
2586 26 0.110121
2587 26 0.166095
2588 26 0.162382
2589 26 0.162052
2590 26 0.067350
2591 26 0.124179
2592 26 0.040739
2593 26 0.164714
2594 26 0.071826
2595 26 0.145818
2596 26 0.149714
2597 26 0.149513
2598 26 0.016399
2599 26 0.118226
2600 27 0.112364
2601 27 0.076470
2602 27 0.142999
2603 27 0.159910
2604 27 0.054256
2605 27 0.122029
2606 27 0.040147
2607 27 0.174308
2608 27 0.128475
2609 27 0.094020
2610 27 0.159975
2611 27 0.114724
2612 27 0.148510
2613 27 0.100046
2614 27 0.157261
2615 27 0.146171
2616 27 0.131396
2617 27 0.124864
2618 27 0.094093
2619 27 0.137509
2620 27 0.111545
2621 27 0.160240
2622 27 0.213476
2623 27 0.167155
2624 27 0.217145
2625 27 0.059272
2626 27 0.136982
2627 27 0.150669
2628 27 0.106064
2629 27 0.103091
2630 27 0.165123
2631 27 0.143194
2632 27 0.141915
2633 27 0.160947
2634 27 0.084118
2635 27 0.206421
2636 27 0.156466
2637 27 0.101689
2638 27 0.178464
2639 27 0.144491
2640 27 0.141672
2641 27 0.113812
2642 27 0.148580
2643 27 0.126876
2644 27 0.123149
2645 27 0.166882
2646 27 0.131629
2647 27 0.148314
2648 27 0.030286
2649 27 0.129423
2650 27 0.169431
2651 27 0.155300
2652 27 0.117287
2653 27 0.110719
2654 27 0.128705
2655 27 0.103095
2656 27 0.157370
2657 27 0.089815
2658 27 0.119250
2659 27 0.168421
2660 27 0.176095
2661 27 0.125521
2662 27 0.141952
2663 27 0.083409
2664 27 0.120782
2665 27 0.135252
2666 27 0.026478
2667 27 0.151820
2668 27 0.016316
2669 27 0.057764
2670 27 0.135061
2671 27 0.135664
2672 27 0.142949
2673 27 0.162369
2674 27 0.045372
2675 27 0.104706
2676 27 0.043046
2677 27 0.121401
2678 27 0.057709
2679 27 0.147065
2680 27 0.170031
2681 27 0.118977
2682 27 0.121409
2683 27 0.128398
2684 27 0.068766
2685 27 0.135899
2686 27 0.133315
2687 27 0.141725
2688 27 0.134118
2689 27 0.133563
2690 27 0.193085
2691 27 0.157971
2692 27 0.063810
2693 27 0.149374
2694 27 0.129286
2695 27 0.048329
2696 27 0.132148
2697 27 0.099060
2698 27 0.059047
2699 27 0.120273
2700 28 0.124988
2701 28 0.057544
2702 28 0.182924
2703 28 0.126828
2704 28 0.148018
2705 28 0.139649
2706 28 0.121480
2707 28 0.122581
2708 28 0.056947
2709 28 0.150300
2710 28 0.124828
2711 28 0.146796
2712 28 0.134612
2713 28 0.035662
2714 28 0.027644
2715 28 0.132701
2716 28 0.165472
2717 28 0.153213
2718 28 0.054111
2719 28 0.129927
2720 28 0.142377
2721 28 0.131603
2722 28 0.117134
2723 28 0.130906
2724 28 0.026305
2725 28 0.120743
2726 28 0.193459
2727 28 0.136167
2728 28 0.152386
2729 28 0.177584
2730 28 0.195236
2731 28 0.077676
2732 28 0.122780
2733 28 0.140568
2734 28 0.112094
2735 28 0.016274
2736 28 0.122030
2737 28 0.115105
2738 28 0.082605
2739 28 0.047354
2740 28 0.125851
2741 28 0.169480
2742 28 0.160268
2743 28 0.123312
2744 28 0.172712
2745 28 0.125419
2746 28 0.115469
2747 28 0.159412
2748 28 0.168067
2749 28 0.147281
2750 28 0.130606
2751 28 0.048085
2752 28 0.127509
2753 28 0.136776
2754 28 0.059341
2755 28 0.053314
2756 28 0.127668
2757 28 0.140211
2758 28 0.071981
2759 28 0.126842
2760 28 0.124200
2761 28 0.124979
2762 28 0.107273
2763 28 0.115521
2764 28 0.149040
2765 28 0.100638
2766 28 0.031705
2767 28 0.115216
2768 28 0.122892
2769 28 0.154760
2770 28 0.126998
2771 28 0.172454
2772 28 0.107592
2773 28 0.106343
2774 28 0.098491
2775 28 0.175666
2776 28 0.110708
2777 28 0.162593
2778 28 0.154558
2779 28 0.071486
2780 28 0.139087
2781 28 0.135454
2782 28 0.043203
2783 28 0.123343
2784 28 0.126754
2785 28 0.130017
2786 28 0.165603
2787 28 0.151120
2788 28 0.113673
2789 28 0.154390
2790 28 0.147082
2791 28 0.104703
2792 28 0.070004
2793 28 0.144354
2794 28 0.156075
2795 28 0.119353
2796 28 0.184221
2797 28 0.167263
2798 28 0.141440
2799 28 0.145990
2800 29 0.140275
2801 29 0.111799
2802 29 0.164452
2803 29 0.103013
2804 29 0.117304
2805 29 0.107702
2806 29 0.073955
2807 29 0.154290
2808 29 0.114696
2809 29 0.120602
2810 29 0.053913
2811 29 0.144364
2812 29 0.168749
2813 29 0.147968
2814 29 0.123939
2815 29 0.138798
2816 29 0.129515
2817 29 0.063240
2818 29 0.186527
2819 29 0.099681
2820 29 0.144077
2821 29 0.157434
2822 29 0.080321
2823 29 0.133843
2824 29 0.167700
2825 29 0.111299
2826 29 0.145886
2827 29 0.121386
2828 29 0.097627
2829 29 0.131778
2830 29 0.119020
2831 29 0.143251
2832 29 0.158714
2833 29 0.121233
2834 29 0.139777
2835 29 0.143572
2836 29 0.124285
2837 29 0.148184
2838 29 0.148619
2839 29 0.095743
2840 29 0.162291
2841 29 0.148529
2842 29 0.164278
2843 29 0.124207
2844 29 0.141300
2845 29 0.154577
2846 29 0.148224
2847 29 0.053801
2848 29 0.058655
2849 29 0.031624
2850 29 0.016232
2851 29 0.136292
2852 29 0.181362
2853 29 0.131275
2854 29 0.101940
2855 29 0.200610
2856 29 0.123257
2857 29 0.156849
2858 29 0.063319
2859 29 0.128446
2860 29 0.033751
2861 29 0.059414
2862 29 0.034920
2863 29 0.053138
2864 29 0.118181
2865 29 0.124161
2866 29 0.149890
2867 29 0.129183
2868 29 0.167232
2869 29 0.126452
2870 29 0.178623
2871 29 0.124513
2872 29 0.110038
2873 29 0.160993
2874 29 0.136906
2875 29 0.152729
2876 29 0.157064
2877 29 0.160530
2878 29 0.147317
2879 29 0.120263
2880 29 0.141747
2881 29 0.151480
2882 29 0.143573
2883 29 0.120357
2884 29 0.111587
2885 29 0.149789
2886 29 0.181021
2887 29 0.149376
2888 29 0.092152
2889 29 0.167899
2890 29 0.132306
2891 29 0.050463
2892 29 0.113508
2893 29 0.025213
2894 29 0.071926
2895 29 0.174326
2896 29 0.140027
2897 29 0.131403
2898 29 0.032242
2899 29 0.124698
2900 30 0.043611
2901 30 0.107982
2902 30 0.118831
2903 30 0.146227
2904 30 0.163696
2905 30 0.048498
2906 30 0.172089
2907 30 0.140750
2908 30 0.128265
2909 30 0.143297
2910 30 0.121825
2911 30 0.132385
2912 30 0.126379
2913 30 0.105275
2914 30 0.191335
2915 30 0.167072
2916 30 0.165451
2917 30 0.122092
2918 30 0.119424
2919 30 0.116533
2920 30 0.052894
2921 30 0.099657
2922 30 0.124807
2923 30 0.127976
2924 30 0.187303
2925 30 0.170638
2926 30 0.152390
2927 30 0.138436
2928 30 0.026344
2929 30 0.120786
2930 30 0.150620
2931 30 0.137565
2932 30 0.125362
2933 30 0.134784
2934 30 0.146754
2935 30 0.138135
2936 30 0.115739
2937 30 0.137035
2938 30 0.107797
2939 30 0.086249
2940 30 0.124973
2941 30 0.111271
2942 30 0.152745
2943 30 0.138699
2944 30 0.139463
2945 30 0.106664
2946 30 0.147913
2947 30 0.071118
2948 30 0.101334
2949 30 0.112921
2950 30 0.151130
2951 30 0.166205
2952 30 0.016098
2953 30 0.068164
2954 30 0.126872
2955 30 0.132609
2956 30 0.105794
2957 30 0.053635
2958 30 0.043452
2959 30 0.047924
2960 30 0.141252
2961 30 0.137754
2962 30 0.111172
2963 30 0.129200
2964 30 0.129744
2965 30 0.187305
2966 30 0.103230
2967 30 0.118799
2968 30 0.135125
2969 30 0.058545
2970 30 0.157191
2971 30 0.113351
2972 30 0.131681
2973 30 0.152458
2974 30 0.203189
2975 30 0.157814
2976 30 0.141556
2977 30 0.110002
2978 30 0.063074
2979 30 0.123834
2980 30 0.141535
2981 30 0.131667
2982 30 0.121880
2983 30 0.123801
2984 30 0.131868
2985 30 0.123751
2986 30 0.153498
2987 30 0.184704
2988 30 0.145999
2989 30 0.145633
2990 30 0.155599
2991 30 0.114138
2992 30 0.168233
2993 30 0.175663
2994 30 0.151597
2995 30 0.161648
2996 30 0.165367
2997 30 0.122760
2998 30 0.057899
2999 30 0.112353
