# Batch convergence for: model=snn-ae encoding=latency architecture=conv1d v_th=1 alpha=0.99 run=3
batch_num epoch batch_loss
0 1 0.546002
1 1 1.015490
2 1 0.848987
3 1 0.594936
4 1 0.941903
5 1 0.923796
6 1 1.023113
7 1 0.981531
8 1 0.875844
9 1 0.932791
10 1 1.039849
11 1 0.796542
12 1 0.869801
13 1 0.861450
14 1 0.790486
15 1 0.607753
16 1 0.841683
17 1 1.061972
18 1 0.733838
19 1 0.748178
20 1 0.966638
21 1 0.153828
22 1 0.693870
23 1 0.936188
24 1 0.465353
25 1 0.913391
26 1 0.662983
27 1 0.961374
28 1 0.762816
29 1 0.924981
30 1 0.667341
31 1 0.634717
32 1 0.675716
33 1 0.670563
34 1 0.705110
35 1 0.700792
36 1 0.880922
37 1 0.622978
38 1 0.921129
39 1 0.842532
40 1 0.692870
41 1 0.681395
42 1 0.774864
43 1 0.638565
44 1 0.521264
45 1 0.642888
46 1 0.537415
47 1 0.874963
48 1 0.685979
49 1 0.756544
50 1 0.149737
51 1 0.822044
52 1 0.710551
53 1 0.333316
54 1 1.073467
55 1 0.778901
56 1 0.719401
57 1 0.679024
58 1 0.579973
59 1 0.742348
60 1 0.634444
61 1 0.854105
62 1 0.725447
63 1 0.871562
64 1 0.561530
65 1 0.527937
66 1 0.024600
67 1 0.767864
68 1 0.562074
69 1 0.686893
70 1 0.577201
71 1 0.603917
72 1 0.028430
73 1 0.636956
74 1 0.610468
75 1 0.778719
76 1 0.649059
77 1 0.756444
78 1 0.531559
79 1 0.487644
80 1 1.112988
81 1 0.550402
82 1 0.493435
83 1 0.787713
84 1 0.628193
85 1 0.872805
86 1 0.599656
87 1 0.728388
88 1 0.582902
89 1 0.646815
90 1 0.385589
91 1 0.674851
92 1 0.402370
93 1 0.660578
94 1 0.511384
95 1 0.772396
96 1 0.652023
97 1 0.489539
98 1 0.578169
99 1 0.585804
100 2 0.628557
101 2 0.551088
102 2 0.658988
103 2 0.656544
104 2 0.590727
105 2 0.716375
106 2 0.529342
107 2 0.673014
108 2 0.496464
109 2 0.930286
110 2 0.575641
111 2 0.196823
112 2 0.551417
113 2 1.082030
114 2 0.404243
115 2 0.669005
116 2 0.565655
117 2 0.616168
118 2 0.380407
119 2 0.492121
120 2 0.634368
121 2 0.769956
122 2 0.487768
123 2 0.659954
124 2 0.500865
125 2 0.579149
126 2 0.615417
127 2 0.700251
128 2 0.613699
129 2 0.572823
130 2 0.662810
131 2 0.526437
132 2 0.498148
133 2 0.520592
134 2 0.595823
135 2 0.792898
136 2 0.645854
137 2 0.399480
138 2 0.751077
139 2 0.600843
140 2 0.573944
141 2 0.607203
142 2 0.804066
143 2 0.547495
144 2 0.563556
145 2 0.631688
146 2 0.562521
147 2 0.613767
148 2 0.719389
149 2 0.625020
150 2 0.385196
151 2 0.635257
152 2 0.539408
153 2 0.527704
154 2 0.524483
155 2 0.078315
156 2 0.735994
157 2 0.663486
158 2 0.726441
159 2 0.440900
160 2 0.496351
161 2 0.582196
162 2 0.452596
163 2 0.777163
164 2 0.466650
165 2 0.496388
166 2 0.055219
167 2 0.519430
168 2 0.596658
169 2 0.652120
170 2 0.482605
171 2 0.669772
172 2 0.633045
173 2 0.630439
174 2 0.704846
175 2 0.530495
176 2 0.668918
177 2 0.167261
178 2 0.552961
179 2 0.652538
180 2 0.736498
181 2 0.451898
182 2 0.579726
183 2 0.608769
184 2 0.646214
185 2 0.149909
186 2 0.710124
187 2 0.578272
188 2 0.470537
189 2 0.661322
190 2 0.669707
191 2 0.395250
192 2 0.507414
193 2 0.569431
194 2 1.086247
195 2 0.572885
196 2 0.597845
197 2 0.645101
198 2 0.356497
199 2 0.611325
200 3 0.480876
201 3 0.618560
202 3 0.473687
203 3 0.535469
204 3 0.024045
205 3 0.652990
206 3 0.464907
207 3 0.458983
208 3 1.093225
209 3 0.450026
210 3 0.471389
211 3 0.446411
212 3 0.635117
213 3 0.575559
214 3 0.525234
215 3 0.403981
216 3 0.642712
217 3 0.454474
218 3 1.005926
219 3 0.027738
220 3 0.570649
221 3 0.555941
222 3 0.725354
223 3 0.746300
224 3 0.630959
225 3 0.402276
226 3 0.448577
227 3 0.499341
228 3 0.562943
229 3 0.301684
230 3 0.658241
231 3 0.156301
232 3 0.543250
233 3 0.566961
234 3 0.491767
235 3 0.486273
236 3 0.597218
237 3 0.729029
238 3 0.579569
239 3 0.584132
240 3 0.637917
241 3 0.513601
242 3 0.526314
243 3 0.600778
244 3 0.572324
245 3 0.606171
246 3 0.542466
247 3 0.551280
248 3 0.451829
249 3 0.441215
250 3 0.671367
251 3 0.633205
252 3 0.633851
253 3 0.536969
254 3 0.525995
255 3 0.591387
256 3 0.497470
257 3 0.426675
258 3 0.510114
259 3 0.695919
260 3 0.535448
261 3 0.582582
262 3 0.600569
263 3 0.582146
264 3 0.518077
265 3 0.619100
266 3 0.504460
267 3 0.514810
268 3 0.638067
269 3 0.671176
270 3 0.339475
271 3 0.487533
272 3 0.443539
273 3 0.614714
274 3 0.484223
275 3 0.503857
276 3 0.206386
277 3 0.207511
278 3 0.583829
279 3 0.714096
280 3 0.554886
281 3 0.471985
282 3 0.566899
283 3 0.501667
284 3 0.621732
285 3 0.691497
286 3 0.493633
287 3 0.656103
288 3 0.526101
289 3 0.504123
290 3 0.628025
291 3 0.669284
292 3 0.531726
293 3 0.465211
294 3 0.618788
295 3 0.310759
296 3 0.464114
297 3 0.574025
298 3 0.615497
299 3 0.619040
300 4 0.598800
301 4 0.565946
302 4 0.519707
303 4 0.530677
304 4 0.475162
305 4 0.622725
306 4 0.452373
307 4 0.547349
308 4 0.663976
309 4 0.492618
310 4 0.391854
311 4 0.629476
312 4 0.439756
313 4 0.555191
314 4 0.518609
315 4 0.415259
316 4 0.400290
317 4 0.441641
318 4 0.654663
319 4 0.657594
320 4 0.566021
321 4 0.527072
322 4 0.488812
323 4 0.686017
324 4 0.455289
325 4 0.703913
326 4 0.529280
327 4 0.605763
328 4 0.208519
329 4 0.559059
330 4 0.594525
331 4 0.504275
332 4 0.584781
333 4 0.440622
334 4 0.538578
335 4 0.641211
336 4 0.456837
337 4 0.607198
338 4 0.503651
339 4 0.574446
340 4 0.458318
341 4 0.544788
342 4 0.547083
343 4 0.023637
344 4 0.640584
345 4 0.559669
346 4 0.557403
347 4 0.606499
348 4 0.593715
349 4 0.461363
350 4 0.600552
351 4 0.436988
352 4 0.481467
353 4 0.462155
354 4 0.202433
355 4 0.539407
356 4 0.474797
357 4 0.706871
358 4 0.558428
359 4 0.093269
360 4 0.128949
361 4 0.486923
362 4 0.498119
363 4 0.423708
364 4 0.581222
365 4 0.608819
366 4 0.535094
367 4 0.480054
368 4 0.612622
369 4 0.510921
370 4 0.330632
371 4 0.343540
372 4 0.581122
373 4 0.664951
374 4 0.441505
375 4 0.435552
376 4 0.535209
377 4 0.519313
378 4 0.431649
379 4 0.559178
380 4 0.593876
381 4 0.496569
382 4 0.522508
383 4 0.976573
384 4 0.530647
385 4 0.552919
386 4 0.596778
387 4 0.716985
388 4 0.488969
389 4 0.562460
390 4 0.559439
391 4 0.533986
392 4 0.545249
393 4 0.613184
394 4 0.597062
395 4 1.004977
396 4 0.567506
397 4 0.620242
398 4 0.581256
399 4 0.422394
400 5 0.458953
401 5 0.585207
402 5 0.462646
403 5 0.423418
404 5 0.571052
405 5 0.439110
406 5 0.501390
407 5 0.658297
408 5 0.533703
409 5 0.470957
410 5 0.557863
411 5 0.950248
412 5 0.416275
413 5 0.152553
414 5 0.491490
415 5 0.638055
416 5 0.128792
417 5 0.436409
418 5 0.546900
419 5 0.411586
420 5 0.532390
421 5 0.163046
422 5 0.572957
423 5 0.557059
424 5 0.593322
425 5 0.627117
426 5 0.491412
427 5 0.552742
428 5 0.528128
429 5 0.466486
430 5 0.536906
431 5 0.501133
432 5 0.577088
433 5 0.430843
434 5 0.524201
435 5 0.658616
436 5 0.493457
437 5 0.505581
438 5 0.053901
439 5 0.480464
440 5 0.641296
441 5 0.469111
442 5 0.625032
443 5 0.480681
444 5 0.468065
445 5 0.560837
446 5 0.637979
447 5 0.487732
448 5 0.465913
449 5 0.529982
450 5 0.510163
451 5 0.570968
452 5 0.554978
453 5 0.027003
454 5 0.500330
455 5 0.507681
456 5 0.525192
457 5 0.459587
458 5 0.625263
459 5 0.442191
460 5 0.586598
461 5 0.461229
462 5 0.645928
463 5 0.411306
464 5 0.589540
465 5 0.509965
466 5 0.379146
467 5 0.395220
468 5 0.561438
469 5 0.461326
470 5 0.509335
471 5 0.463129
472 5 0.500216
473 5 0.505519
474 5 0.431402
475 5 0.548098
476 5 0.556338
477 5 0.425103
478 5 0.479780
479 5 0.453968
480 5 0.534033
481 5 0.896242
482 5 0.510647
483 5 0.584517
484 5 0.327611
485 5 0.509857
486 5 0.544223
487 5 0.590475
488 5 0.550179
489 5 0.492001
490 5 0.432149
491 5 0.558818
492 5 0.530111
493 5 0.475805
494 5 0.423295
495 5 0.515752
496 5 0.579920
497 5 0.468341
498 5 0.431025
499 5 0.602625
500 6 0.356004
501 6 0.160620
502 6 0.529618
503 6 0.381668
504 6 0.515314
505 6 0.546004
506 6 0.091810
507 6 0.592970
508 6 0.536714
509 6 0.502138
510 6 0.564166
511 6 0.566936
512 6 0.492280
513 6 0.494786
514 6 0.562625
515 6 0.566600
516 6 0.625786
517 6 0.433216
518 6 0.438091
519 6 0.525239
520 6 0.470042
521 6 0.561240
522 6 0.449211
523 6 0.539740
524 6 0.476395
525 6 0.439615
526 6 0.607441
527 6 0.614543
528 6 0.488473
529 6 0.615000
530 6 0.487664
531 6 0.448000
532 6 0.461365
533 6 0.484192
534 6 0.413690
535 6 0.424486
536 6 0.543178
537 6 0.410111
538 6 0.565245
539 6 0.578611
540 6 0.416340
541 6 0.476572
542 6 0.526140
543 6 0.444406
544 6 0.539816
545 6 0.458366
546 6 0.323339
547 6 0.546501
548 6 0.514430
549 6 0.512356
550 6 0.516408
551 6 0.318236
552 6 0.565285
553 6 0.308867
554 6 0.445163
555 6 0.432465
556 6 0.561358
557 6 0.511483
558 6 0.569443
559 6 0.081280
560 6 0.488192
561 6 0.470602
562 6 0.526619
563 6 0.563184
564 6 0.228527
565 6 0.493735
566 6 0.468236
567 6 0.523647
568 6 0.440507
569 6 0.488328
570 6 0.101153
571 6 0.580122
572 6 0.471815
573 6 0.384050
574 6 0.473650
575 6 0.392070
576 6 0.471940
577 6 0.445235
578 6 0.433441
579 6 0.395781
580 6 0.470242
581 6 0.859791
582 6 0.483976
583 6 0.476362
584 6 0.574795
585 6 0.419360
586 6 0.468317
587 6 0.587331
588 6 0.410041
589 6 0.550779
590 6 0.860440
591 6 0.419770
592 6 0.535939
593 6 0.459167
594 6 0.449167
595 6 0.558393
596 6 0.461746
597 6 0.489854
598 6 0.575092
599 6 0.511759
600 7 0.386866
601 7 0.521519
602 7 0.381131
603 7 0.475488
604 7 0.023313
605 7 0.577564
606 7 0.394223
607 7 0.423265
608 7 0.485557
609 7 0.550915
610 7 0.507794
611 7 0.540788
612 7 0.445746
613 7 0.428964
614 7 0.390449
615 7 0.489190
616 7 0.514801
617 7 0.246833
618 7 0.458117
619 7 0.464345
620 7 0.235089
621 7 0.451115
622 7 0.529794
623 7 0.389864
624 7 0.559138
625 7 0.357295
626 7 0.477967
627 7 0.402405
628 7 0.401181
629 7 0.546235
630 7 0.526776
631 7 0.503202
632 7 0.426626
633 7 0.416671
634 7 0.446550
635 7 0.353779
636 7 0.162584
637 7 0.504740
638 7 0.452149
639 7 0.494770
640 7 0.459574
641 7 0.530447
642 7 0.416056
643 7 0.351565
644 7 0.422320
645 7 0.384845
646 7 0.418399
647 7 0.552823
648 7 0.549965
649 7 0.163468
650 7 0.428506
651 7 0.555005
652 7 0.484031
653 7 0.526765
654 7 0.400022
655 7 0.457633
656 7 0.452140
657 7 0.449858
658 7 0.516489
659 7 0.377478
660 7 0.403787
661 7 0.412459
662 7 0.464676
663 7 0.452310
664 7 0.480254
665 7 0.476511
666 7 0.483836
667 7 0.387591
668 7 0.583975
669 7 0.399359
670 7 0.526445
671 7 0.523597
672 7 0.777185
673 7 0.876901
674 7 0.517079
675 7 0.481671
676 7 0.468142
677 7 0.388125
678 7 0.468335
679 7 0.468936
680 7 0.448690
681 7 0.385218
682 7 0.495945
683 7 0.485974
684 7 0.491929
685 7 0.395351
686 7 0.556957
687 7 0.390312
688 7 0.446682
689 7 0.372935
690 7 0.399625
691 7 0.435034
692 7 0.370686
693 7 0.095280
694 7 0.353544
695 7 0.500368
696 7 0.421656
697 7 0.384776
698 7 0.422230
699 7 0.401876
700 8 0.449629
701 8 0.398495
702 8 0.386283
703 8 0.452317
704 8 0.618332
705 8 0.475550
706 8 0.294943
707 8 0.463282
708 8 0.388441
709 8 0.425306
710 8 0.547258
711 8 0.467570
712 8 0.385886
713 8 0.415040
714 8 0.474820
715 8 0.526937
716 8 0.767225
717 8 0.409820
718 8 0.585013
719 8 0.455992
720 8 0.454426
721 8 0.457181
722 8 0.465915
723 8 0.431791
724 8 0.355470
725 8 0.449500
726 8 0.430530
727 8 0.380781
728 8 0.414128
729 8 0.440214
730 8 0.432775
731 8 0.423047
732 8 0.446143
733 8 0.554840
734 8 0.595165
735 8 0.478715
736 8 0.425309
737 8 0.445678
738 8 0.378348
739 8 0.424709
740 8 0.416680
741 8 0.400891
742 8 0.374854
743 8 0.450805
744 8 0.431267
745 8 0.414316
746 8 0.026804
747 8 0.390805
748 8 0.459752
749 8 0.329624
750 8 0.439687
751 8 0.419958
752 8 0.328435
753 8 0.436629
754 8 0.366872
755 8 0.329481
756 8 0.397616
757 8 0.392265
758 8 0.430846
759 8 0.338128
760 8 0.424438
761 8 0.452254
762 8 0.435525
763 8 0.327175
764 8 0.417596
765 8 0.359833
766 8 0.429572
767 8 0.446322
768 8 0.452052
769 8 0.137892
770 8 0.429505
771 8 0.313581
772 8 0.344614
773 8 0.445076
774 8 0.394432
775 8 0.327810
776 8 0.409166
777 8 0.483877
778 8 0.328597
779 8 0.355036
780 8 0.428985
781 8 0.337245
782 8 0.352413
783 8 0.163270
784 8 0.382407
785 8 0.437511
786 8 0.412308
787 8 0.391266
788 8 0.339434
789 8 0.023398
790 8 0.448423
791 8 0.385845
792 8 0.377537
793 8 0.670613
794 8 0.452793
795 8 0.402187
796 8 0.371354
797 8 0.322115
798 8 0.352551
799 8 0.549775
800 9 0.423028
801 9 0.287724
802 9 0.382931
803 9 0.321474
804 9 0.433960
805 9 0.405214
806 9 0.395589
807 9 0.311931
808 9 0.465945
809 9 0.380089
810 9 0.362200
811 9 0.353675
812 9 0.455474
813 9 0.447621
814 9 0.356689
815 9 0.336005
816 9 0.366690
817 9 0.380093
818 9 0.751675
819 9 0.327195
820 9 0.329173
821 9 0.308625
822 9 0.321090
823 9 0.432031
824 9 0.363064
825 9 0.401984
826 9 0.359429
827 9 0.445035
828 9 0.411656
829 9 0.388130
830 9 0.083440
831 9 0.424991
832 9 0.420637
833 9 0.275447
834 9 0.351644
835 9 0.090467
836 9 0.280806
837 9 0.333967
838 9 0.475290
839 9 0.322379
840 9 0.456585
841 9 0.415127
842 9 0.357541
843 9 0.346679
844 9 0.400902
845 9 0.306684
846 9 0.388684
847 9 0.400907
848 9 0.285180
849 9 0.398639
850 9 0.259829
851 9 0.436020
852 9 0.389273
853 9 0.485755
854 9 0.443836
855 9 0.379351
856 9 0.338641
857 9 0.317181
858 9 0.317245
859 9 0.436971
860 9 0.403484
861 9 0.382919
862 9 0.329722
863 9 0.439184
864 9 0.026859
865 9 0.327018
866 9 0.432718
867 9 0.333344
868 9 0.388529
869 9 0.324816
870 9 0.323672
871 9 0.310643
872 9 0.346587
873 9 0.399666
874 9 0.354905
875 9 0.368499
876 9 0.284641
877 9 0.357143
878 9 0.385345
879 9 0.359043
880 9 0.421167
881 9 0.359364
882 9 0.376636
883 9 0.366428
884 9 0.418501
885 9 0.345576
886 9 0.192269
887 9 0.371551
888 9 0.360228
889 9 0.445616
890 9 0.380130
891 9 0.655779
892 9 0.423679
893 9 0.270406
894 9 0.305777
895 9 0.436415
896 9 0.348137
897 9 0.314293
898 9 0.334359
899 9 0.304913
900 10 0.337275
901 10 0.361535
902 10 0.287022
903 10 0.295563
904 10 0.336970
905 10 0.433967
906 10 0.234292
907 10 0.315499
908 10 0.257233
909 10 0.366116
910 10 0.310076
911 10 0.382139
912 10 0.399731
913 10 0.289236
914 10 0.315747
915 10 0.281296
916 10 0.380540
917 10 0.336493
918 10 0.343174
919 10 0.260487
920 10 0.360638
921 10 0.375495
922 10 0.333326
923 10 0.370565
924 10 0.323972
925 10 0.331311
926 10 0.388566
927 10 0.463642
928 10 0.364943
929 10 0.390561
930 10 0.324193
931 10 0.285121
932 10 0.330057
933 10 0.260746
934 10 0.404110
935 10 0.287538
936 10 0.344548
937 10 0.305907
938 10 0.351797
939 10 0.317327
940 10 0.381269
941 10 0.358674
942 10 0.351866
943 10 0.117905
944 10 0.307004
945 10 0.374701
946 10 0.346999
947 10 0.379752
948 10 0.196959
949 10 0.295851
950 10 0.373197
951 10 0.318897
952 10 0.306993
953 10 0.423916
954 10 0.349308
955 10 0.561775
956 10 0.314136
957 10 0.289071
958 10 0.333849
959 10 0.279447
960 10 0.274529
961 10 0.306638
962 10 0.319911
963 10 0.369891
964 10 0.333292
965 10 0.322498
966 10 0.328295
967 10 0.292698
968 10 0.326094
969 10 0.336360
970 10 0.051210
971 10 0.282479
972 10 0.266764
973 10 0.256751
974 10 0.342552
975 10 0.291602
976 10 0.352788
977 10 0.334142
978 10 0.341872
979 10 0.357258
980 10 0.335278
981 10 0.229818
982 10 0.236401
983 10 0.084072
984 10 0.320411
985 10 0.311967
986 10 0.328898
987 10 0.285050
988 10 0.345497
989 10 0.358789
990 10 0.341669
991 10 0.307479
992 10 0.304536
993 10 0.200549
994 10 0.377307
995 10 0.334839
996 10 0.319782
997 10 0.377806
998 10 0.556465
999 10 0.314854
1000 11 0.623232
1001 11 0.275666
1002 11 0.280508
1003 11 0.281830
1004 11 0.259586
1005 11 0.266705
1006 11 0.270576
1007 11 0.328221
1008 11 0.331400
1009 11 0.418532
1010 11 0.287657
1011 11 0.325849
1012 11 0.327627
1013 11 0.602831
1014 11 0.267469
1015 11 0.363763
1016 11 0.298553
1017 11 0.200831
1018 11 0.295977
1019 11 0.320130
1020 11 0.283101
1021 11 0.351500
1022 11 0.284952
1023 11 0.332599
1024 11 0.286013
1025 11 0.218089
1026 11 0.237333
1027 11 0.303400
1028 11 0.339710
1029 11 0.360093
1030 11 0.293049
1031 11 0.313301
1032 11 0.273276
1033 11 0.368269
1034 11 0.292964
1035 11 0.264635
1036 11 0.261340
1037 11 0.049858
1038 11 0.275713
1039 11 0.299359
1040 11 0.226725
1041 11 0.296550
1042 11 0.301705
1043 11 0.245988
1044 11 0.278537
1045 11 0.238377
1046 11 0.262592
1047 11 0.282792
1048 11 0.304861
1049 11 0.240317
1050 11 0.027044
1051 11 0.348129
1052 11 0.219801
1053 11 0.291192
1054 11 0.268982
1055 11 0.206841
1056 11 0.352953
1057 11 0.250025
1058 11 0.350783
1059 11 0.283880
1060 11 0.310443
1061 11 0.280984
1062 11 0.317816
1063 11 0.379035
1064 11 0.205967
1065 11 0.314158
1066 11 0.344602
1067 11 0.277359
1068 11 0.294193
1069 11 0.240597
1070 11 0.143770
1071 11 0.327094
1072 11 0.293933
1073 11 0.305557
1074 11 0.322071
1075 11 0.202892
1076 11 0.340219
1077 11 0.311742
1078 11 0.273449
1079 11 0.319482
1080 11 0.284811
1081 11 0.245324
1082 11 0.284702
1083 11 0.274127
1084 11 0.272861
1085 11 0.285719
1086 11 0.305984
1087 11 0.279272
1088 11 0.256182
1089 11 0.247785
1090 11 0.228836
1091 11 0.383700
1092 11 0.255969
1093 11 0.255227
1094 11 0.304981
1095 11 0.257647
1096 11 0.341108
1097 11 0.225969
1098 11 0.254878
1099 11 0.284599
1100 12 0.273537
1101 12 0.256580
1102 12 0.376062
1103 12 0.306752
1104 12 0.247304
1105 12 0.203165
1106 12 0.257313
1107 12 0.203451
1108 12 0.325671
1109 12 0.268046
1110 12 0.221310
1111 12 0.304892
1112 12 0.225420
1113 12 0.232878
1114 12 0.290697
1115 12 0.280698
1116 12 0.226512
1117 12 0.340772
1118 12 0.320411
1119 12 0.269642
1120 12 0.242537
1121 12 0.192824
1122 12 0.308517
1123 12 0.251611
1124 12 0.263324
1125 12 0.232581
1126 12 0.290083
1127 12 0.246321
1128 12 0.355637
1129 12 0.217603
1130 12 0.308994
1131 12 0.220983
1132 12 0.242842
1133 12 0.262579
1134 12 0.264077
1135 12 0.274067
1136 12 0.265613
1137 12 0.254296
1138 12 0.229610
1139 12 0.273995
1140 12 0.257153
1141 12 0.245122
1142 12 0.275609
1143 12 0.250242
1144 12 0.198837
1145 12 0.238947
1146 12 0.362420
1147 12 0.339342
1148 12 0.233756
1149 12 0.341790
1150 12 0.287829
1151 12 0.404575
1152 12 0.051438
1153 12 0.169370
1154 12 0.226104
1155 12 0.238710
1156 12 0.237106
1157 12 0.257828
1158 12 0.081694
1159 12 0.269895
1160 12 0.265872
1161 12 0.332571
1162 12 0.179837
1163 12 0.283059
1164 12 0.265943
1165 12 0.265927
1166 12 0.230044
1167 12 0.489560
1168 12 0.300554
1169 12 0.225305
1170 12 0.213288
1171 12 0.352389
1172 12 0.265441
1173 12 0.079103
1174 12 0.261798
1175 12 0.248398
1176 12 0.330606
1177 12 0.247105
1178 12 0.221071
1179 12 0.238716
1180 12 0.280739
1181 12 0.293034
1182 12 0.260172
1183 12 0.223438
1184 12 0.500574
1185 12 0.227339
1186 12 0.199789
1187 12 0.193131
1188 12 0.252095
1189 12 0.259696
1190 12 0.246082
1191 12 0.293203
1192 12 0.218868
1193 12 0.204736
1194 12 0.221021
1195 12 0.194418
1196 12 0.254452
1197 12 0.254282
1198 12 0.237684
1199 12 0.351978
1200 13 0.301701
1201 13 0.197732
1202 13 0.241285
1203 13 0.173417
1204 13 0.328627
1205 13 0.334523
1206 13 0.240358
1207 13 0.245702
1208 13 0.255889
1209 13 0.319532
1210 13 0.278528
1211 13 0.297899
1212 13 0.244579
1213 13 0.231726
1214 13 0.220352
1215 13 0.261140
1216 13 0.280489
1217 13 0.251309
1218 13 0.211409
1219 13 0.286727
1220 13 0.250667
1221 13 0.216012
1222 13 0.213972
1223 13 0.213220
1224 13 0.290245
1225 13 0.027231
1226 13 0.256359
1227 13 0.186739
1228 13 0.262425
1229 13 0.136234
1230 13 0.270141
1231 13 0.063190
1232 13 0.165543
1233 13 0.253653
1234 13 0.279532
1235 13 0.236133
1236 13 0.226728
1237 13 0.238355
1238 13 0.237477
1239 13 0.267333
1240 13 0.170100
1241 13 0.221927
1242 13 0.234801
1243 13 0.145966
1244 13 0.275840
1245 13 0.172961
1246 13 0.210259
1247 13 0.219526
1248 13 0.221226
1249 13 0.292616
1250 13 0.225719
1251 13 0.284017
1252 13 0.223374
1253 13 0.277186
1254 13 0.238278
1255 13 0.248470
1256 13 0.210683
1257 13 0.277031
1258 13 0.208168
1259 13 0.255147
1260 13 0.191481
1261 13 0.278522
1262 13 0.235412
1263 13 0.218256
1264 13 0.189086
1265 13 0.265915
1266 13 0.201585
1267 13 0.189290
1268 13 0.229713
1269 13 0.260944
1270 13 0.251257
1271 13 0.180196
1272 13 0.213680
1273 13 0.253353
1274 13 0.205847
1275 13 0.281362
1276 13 0.239863
1277 13 0.214345
1278 13 0.284709
1279 13 0.229979
1280 13 0.287142
1281 13 0.205675
1282 13 0.196447
1283 13 0.213480
1284 13 0.146057
1285 13 0.221433
1286 13 0.230462
1287 13 0.178726
1288 13 0.270440
1289 13 0.221683
1290 13 0.174923
1291 13 0.239632
1292 13 0.194422
1293 13 0.173526
1294 13 0.442058
1295 13 0.398129
1296 13 0.246882
1297 13 0.154402
1298 13 0.097921
1299 13 0.347170
1300 14 0.287938
1301 14 0.407100
1302 14 0.279481
1303 14 0.258393
1304 14 0.250861
1305 14 0.199771
1306 14 0.199334
1307 14 0.219405
1308 14 0.243050
1309 14 0.227544
1310 14 0.262912
1311 14 0.282332
1312 14 0.128864
1313 14 0.178538
1314 14 0.279165
1315 14 0.187919
1316 14 0.329956
1317 14 0.123682
1318 14 0.255244
1319 14 0.063186
1320 14 0.245811
1321 14 0.178664
1322 14 0.178121
1323 14 0.149955
1324 14 0.027307
1325 14 0.250112
1326 14 0.264593
1327 14 0.207518
1328 14 0.171551
1329 14 0.197656
1330 14 0.267821
1331 14 0.192275
1332 14 0.226813
1333 14 0.183740
1334 14 0.141819
1335 14 0.236202
1336 14 0.316577
1337 14 0.169741
1338 14 0.266297
1339 14 0.211832
1340 14 0.213413
1341 14 0.209664
1342 14 0.180266
1343 14 0.356814
1344 14 0.274830
1345 14 0.221452
1346 14 0.216597
1347 14 0.186524
1348 14 0.193828
1349 14 0.261487
1350 14 0.233292
1351 14 0.262618
1352 14 0.236938
1353 14 0.138900
1354 14 0.301505
1355 14 0.223273
1356 14 0.252856
1357 14 0.231028
1358 14 0.253257
1359 14 0.245137
1360 14 0.201203
1361 14 0.183904
1362 14 0.236904
1363 14 0.255367
1364 14 0.214096
1365 14 0.171164
1366 14 0.263421
1367 14 0.185979
1368 14 0.211224
1369 14 0.204572
1370 14 0.222067
1371 14 0.169604
1372 14 0.217862
1373 14 0.211440
1374 14 0.194334
1375 14 0.171845
1376 14 0.158748
1377 14 0.207386
1378 14 0.156210
1379 14 0.239098
1380 14 0.259560
1381 14 0.199752
1382 14 0.194916
1383 14 0.117832
1384 14 0.170381
1385 14 0.262606
1386 14 0.213971
1387 14 0.150459
1388 14 0.258217
1389 14 0.142266
1390 14 0.156675
1391 14 0.212429
1392 14 0.078746
1393 14 0.166694
1394 14 0.195260
1395 14 0.277359
1396 14 0.238028
1397 14 0.232823
1398 14 0.152901
1399 14 0.199154
1400 15 0.210345
1401 15 0.157429
1402 15 0.152297
1403 15 0.188127
1404 15 0.282442
1405 15 0.136683
1406 15 0.273053
1407 15 0.227397
1408 15 0.226282
1409 15 0.254949
1410 15 0.198010
1411 15 0.153083
1412 15 0.266315
1413 15 0.183412
1414 15 0.197727
1415 15 0.135945
1416 15 0.150295
1417 15 0.190996
1418 15 0.063207
1419 15 0.204359
1420 15 0.215016
1421 15 0.190584
1422 15 0.182066
1423 15 0.224575
1424 15 0.229780
1425 15 0.145564
1426 15 0.113425
1427 15 0.251812
1428 15 0.202135
1429 15 0.230911
1430 15 0.248195
1431 15 0.220984
1432 15 0.176806
1433 15 0.027396
1434 15 0.127807
1435 15 0.256389
1436 15 0.183270
1437 15 0.196206
1438 15 0.224475
1439 15 0.164271
1440 15 0.253590
1441 15 0.156538
1442 15 0.181246
1443 15 0.199907
1444 15 0.191365
1445 15 0.213458
1446 15 0.289527
1447 15 0.265255
1448 15 0.217887
1449 15 0.138161
1450 15 0.218697
1451 15 0.238609
1452 15 0.216035
1453 15 0.277573
1454 15 0.133314
1455 15 0.218239
1456 15 0.152933
1457 15 0.270029
1458 15 0.279295
1459 15 0.224559
1460 15 0.177590
1461 15 0.167300
1462 15 0.197890
1463 15 0.073985
1464 15 0.166855
1465 15 0.154071
1466 15 0.161604
1467 15 0.369895
1468 15 0.213280
1469 15 0.256106
1470 15 0.201185
1471 15 0.388040
1472 15 0.199598
1473 15 0.210486
1474 15 0.243005
1475 15 0.184953
1476 15 0.183569
1477 15 0.246507
1478 15 0.250465
1479 15 0.220427
1480 15 0.284048
1481 15 0.247486
1482 15 0.131494
1483 15 0.154475
1484 15 0.172096
1485 15 0.176998
1486 15 0.098881
1487 15 0.178826
1488 15 0.265744
1489 15 0.169074
1490 15 0.180660
1491 15 0.206260
1492 15 0.189752
1493 15 0.266348
1494 15 0.179522
1495 15 0.157481
1496 15 0.248201
1497 15 0.197718
1498 15 0.207108
1499 15 0.157256
1500 16 0.229490
1501 16 0.104013
1502 16 0.166171
1503 16 0.165145
1504 16 0.134683
1505 16 0.104637
1506 16 0.024128
1507 16 0.223893
1508 16 0.183075
1509 16 0.087158
1510 16 0.176310
1511 16 0.152760
1512 16 0.170326
1513 16 0.342583
1514 16 0.219476
1515 16 0.223662
1516 16 0.169697
1517 16 0.168658
1518 16 0.226156
1519 16 0.202317
1520 16 0.118817
1521 16 0.210745
1522 16 0.193411
1523 16 0.297153
1524 16 0.206602
1525 16 0.205275
1526 16 0.199000
1527 16 0.149765
1528 16 0.194463
1529 16 0.208516
1530 16 0.179093
1531 16 0.171686
1532 16 0.216593
1533 16 0.136679
1534 16 0.093439
1535 16 0.213116
1536 16 0.256239
1537 16 0.347214
1538 16 0.249649
1539 16 0.210391
1540 16 0.221560
1541 16 0.170606
1542 16 0.215315
1543 16 0.227784
1544 16 0.156618
1545 16 0.168835
1546 16 0.159273
1547 16 0.197818
1548 16 0.212753
1549 16 0.234665
1550 16 0.275160
1551 16 0.213866
1552 16 0.153658
1553 16 0.144743
1554 16 0.386143
1555 16 0.213522
1556 16 0.250302
1557 16 0.169409
1558 16 0.087486
1559 16 0.228123
1560 16 0.180858
1561 16 0.163057
1562 16 0.161650
1563 16 0.189893
1564 16 0.165062
1565 16 0.197475
1566 16 0.180715
1567 16 0.144509
1568 16 0.111613
1569 16 0.249981
1570 16 0.162740
1571 16 0.202484
1572 16 0.108255
1573 16 0.206900
1574 16 0.109934
1575 16 0.218715
1576 16 0.231493
1577 16 0.191734
1578 16 0.206500
1579 16 0.204675
1580 16 0.183772
1581 16 0.233194
1582 16 0.153585
1583 16 0.197506
1584 16 0.131811
1585 16 0.252459
1586 16 0.226276
1587 16 0.167755
1588 16 0.245503
1589 16 0.190949
1590 16 0.217616
1591 16 0.053064
1592 16 0.129704
1593 16 0.201393
1594 16 0.214989
1595 16 0.158862
1596 16 0.288088
1597 16 0.172773
1598 16 0.210716
1599 16 0.285407
1600 17 0.176948
1601 17 0.233409
1602 17 0.217204
1603 17 0.200534
1604 17 0.130552
1605 17 0.254453
1606 17 0.214212
1607 17 0.267747
1608 17 0.237127
1609 17 0.182450
1610 17 0.170742
1611 17 0.160379
1612 17 0.142372
1613 17 0.243086
1614 17 0.352240
1615 17 0.063198
1616 17 0.152823
1617 17 0.194147
1618 17 0.221372
1619 17 0.165827
1620 17 0.168491
1621 17 0.149852
1622 17 0.148900
1623 17 0.159386
1624 17 0.194783
1625 17 0.100646
1626 17 0.152869
1627 17 0.176481
1628 17 0.157372
1629 17 0.145106
1630 17 0.115093
1631 17 0.224747
1632 17 0.243728
1633 17 0.208610
1634 17 0.161232
1635 17 0.180465
1636 17 0.221601
1637 17 0.176807
1638 17 0.158588
1639 17 0.158789
1640 17 0.199338
1641 17 0.176261
1642 17 0.136053
1643 17 0.119242
1644 17 0.230235
1645 17 0.190682
1646 17 0.199363
1647 17 0.160142
1648 17 0.225598
1649 17 0.094278
1650 17 0.220026
1651 17 0.133115
1652 17 0.168710
1653 17 0.144688
1654 17 0.207788
1655 17 0.216248
1656 17 0.024201
1657 17 0.211379
1658 17 0.142005
1659 17 0.288295
1660 17 0.369000
1661 17 0.139692
1662 17 0.215079
1663 17 0.202559
1664 17 0.157400
1665 17 0.027478
1666 17 0.226280
1667 17 0.162690
1668 17 0.146398
1669 17 0.193668
1670 17 0.266946
1671 17 0.166778
1672 17 0.218248
1673 17 0.196806
1674 17 0.260507
1675 17 0.188962
1676 17 0.195284
1677 17 0.189741
1678 17 0.147680
1679 17 0.114156
1680 17 0.221633
1681 17 0.230542
1682 17 0.173132
1683 17 0.197395
1684 17 0.174672
1685 17 0.228363
1686 17 0.196285
1687 17 0.132801
1688 17 0.150572
1689 17 0.241892
1690 17 0.261816
1691 17 0.162141
1692 17 0.221682
1693 17 0.224178
1694 17 0.163455
1695 17 0.124803
1696 17 0.170416
1697 17 0.158436
1698 17 0.229934
1699 17 0.222769
1700 18 0.101208
1701 18 0.144301
1702 18 0.203697
1703 18 0.206618
1704 18 0.235135
1705 18 0.334806
1706 18 0.158029
1707 18 0.283257
1708 18 0.233505
1709 18 0.121787
1710 18 0.141998
1711 18 0.268232
1712 18 0.129156
1713 18 0.123617
1714 18 0.197291
1715 18 0.175559
1716 18 0.157824
1717 18 0.205788
1718 18 0.169133
1719 18 0.155052
1720 18 0.207423
1721 18 0.112648
1722 18 0.142319
1723 18 0.125572
1724 18 0.158704
1725 18 0.195948
1726 18 0.145758
1727 18 0.193935
1728 18 0.146656
1729 18 0.143435
1730 18 0.132699
1731 18 0.282183
1732 18 0.139688
1733 18 0.230633
1734 18 0.186392
1735 18 0.183310
1736 18 0.144742
1737 18 0.164222
1738 18 0.249459
1739 18 0.132092
1740 18 0.198708
1741 18 0.115498
1742 18 0.063210
1743 18 0.144447
1744 18 0.162854
1745 18 0.194634
1746 18 0.190682
1747 18 0.190762
1748 18 0.191138
1749 18 0.261390
1750 18 0.150275
1751 18 0.185019
1752 18 0.145796
1753 18 0.208216
1754 18 0.141902
1755 18 0.102385
1756 18 0.164921
1757 18 0.184503
1758 18 0.173643
1759 18 0.179994
1760 18 0.174740
1761 18 0.330422
1762 18 0.149302
1763 18 0.168867
1764 18 0.145750
1765 18 0.199703
1766 18 0.197721
1767 18 0.173409
1768 18 0.213361
1769 18 0.214564
1770 18 0.334167
1771 18 0.209995
1772 18 0.191879
1773 18 0.102156
1774 18 0.141266
1775 18 0.207519
1776 18 0.182967
1777 18 0.234719
1778 18 0.176261
1779 18 0.186813
1780 18 0.169477
1781 18 0.194686
1782 18 0.141431
1783 18 0.169050
1784 18 0.173632
1785 18 0.199324
1786 18 0.137942
1787 18 0.132779
1788 18 0.156651
1789 18 0.154942
1790 18 0.201189
1791 18 0.226570
1792 18 0.205062
1793 18 0.176109
1794 18 0.118463
1795 18 0.100059
1796 18 0.027479
1797 18 0.150242
1798 18 0.192147
1799 18 0.104479
1800 19 0.147754
1801 19 0.179950
1802 19 0.119577
1803 19 0.183492
1804 19 0.132269
1805 19 0.241137
1806 19 0.163512
1807 19 0.159626
1808 19 0.145874
1809 19 0.198765
1810 19 0.095361
1811 19 0.135322
1812 19 0.181144
1813 19 0.172475
1814 19 0.214715
1815 19 0.089874
1816 19 0.253204
1817 19 0.126930
1818 19 0.135772
1819 19 0.149130
1820 19 0.134173
1821 19 0.208107
1822 19 0.213348
1823 19 0.024209
1824 19 0.186781
1825 19 0.182121
1826 19 0.191068
1827 19 0.261218
1828 19 0.248622
1829 19 0.215473
1830 19 0.182885
1831 19 0.136603
1832 19 0.137007
1833 19 0.219886
1834 19 0.152114
1835 19 0.063203
1836 19 0.200896
1837 19 0.176642
1838 19 0.223861
1839 19 0.185781
1840 19 0.148274
1841 19 0.116253
1842 19 0.204770
1843 19 0.241597
1844 19 0.268190
1845 19 0.076902
1846 19 0.206736
1847 19 0.096257
1848 19 0.083032
1849 19 0.207275
1850 19 0.141892
1851 19 0.051606
1852 19 0.149360
1853 19 0.124541
1854 19 0.135444
1855 19 0.200422
1856 19 0.168871
1857 19 0.140253
1858 19 0.131623
1859 19 0.254382
1860 19 0.156128
1861 19 0.228738
1862 19 0.120677
1863 19 0.166923
1864 19 0.240124
1865 19 0.181295
1866 19 0.149467
1867 19 0.199446
1868 19 0.217091
1869 19 0.165967
1870 19 0.178423
1871 19 0.381623
1872 19 0.138404
1873 19 0.158269
1874 19 0.189369
1875 19 0.197833
1876 19 0.186541
1877 19 0.100296
1878 19 0.365491
1879 19 0.122616
1880 19 0.162543
1881 19 0.114060
1882 19 0.213431
1883 19 0.183732
1884 19 0.175749
1885 19 0.199849
1886 19 0.181136
1887 19 0.143452
1888 19 0.118121
1889 19 0.155941
1890 19 0.206659
1891 19 0.185611
1892 19 0.180095
1893 19 0.213212
1894 19 0.204268
1895 19 0.139467
1896 19 0.206206
1897 19 0.094656
1898 19 0.164142
1899 19 0.288001
1900 20 0.079391
1901 20 0.179192
1902 20 0.088941
1903 20 0.295279
1904 20 0.142889
1905 20 0.170032
1906 20 0.103544
1907 20 0.183529
1908 20 0.217266
1909 20 0.115857
1910 20 0.198809
1911 20 0.119209
1912 20 0.137755
1913 20 0.120163
1914 20 0.127573
1915 20 0.219213
1916 20 0.194791
1917 20 0.191563
1918 20 0.162237
1919 20 0.166205
1920 20 0.190261
1921 20 0.207871
1922 20 0.157457
1923 20 0.152299
1924 20 0.204340
1925 20 0.156621
1926 20 0.237809
1927 20 0.229918
1928 20 0.167937
1929 20 0.136740
1930 20 0.378817
1931 20 0.198913
1932 20 0.190519
1933 20 0.157846
1934 20 0.170956
1935 20 0.153274
1936 20 0.204910
1937 20 0.024195
1938 20 0.172813
1939 20 0.141494
1940 20 0.209450
1941 20 0.180272
1942 20 0.126441
1943 20 0.103430
1944 20 0.199052
1945 20 0.237172
1946 20 0.153682
1947 20 0.116048
1948 20 0.190964
1949 20 0.128791
1950 20 0.111471
1951 20 0.149546
1952 20 0.231306
1953 20 0.120092
1954 20 0.165181
1955 20 0.214722
1956 20 0.120935
1957 20 0.141701
1958 20 0.177889
1959 20 0.185424
1960 20 0.173975
1961 20 0.158611
1962 20 0.131278
1963 20 0.027449
1964 20 0.096414
1965 20 0.132218
1966 20 0.174601
1967 20 0.178939
1968 20 0.137371
1969 20 0.161941
1970 20 0.192545
1971 20 0.140269
1972 20 0.172424
1973 20 0.113797
1974 20 0.170174
1975 20 0.113903
1976 20 0.147215
1977 20 0.151668
1978 20 0.214650
1979 20 0.128245
1980 20 0.152902
1981 20 0.148434
1982 20 0.187915
1983 20 0.332915
1984 20 0.209209
1985 20 0.142515
1986 20 0.100345
1987 20 0.260828
1988 20 0.128362
1989 20 0.202775
1990 20 0.175870
1991 20 0.074592
1992 20 0.120431
1993 20 0.230584
1994 20 0.141466
1995 20 0.181447
1996 20 0.236137
1997 20 0.169549
1998 20 0.092794
1999 20 0.189373
2000 21 0.223379
2001 21 0.209266
2002 21 0.113452
2003 21 0.155652
2004 21 0.160950
2005 21 0.147677
2006 21 0.151017
2007 21 0.150550
2008 21 0.120723
2009 21 0.182097
2010 21 0.192970
2011 21 0.121744
2012 21 0.175373
2013 21 0.248410
2014 21 0.153761
2015 21 0.210556
2016 21 0.209367
2017 21 0.188124
2018 21 0.320731
2019 21 0.156600
2020 21 0.179222
2021 21 0.173674
2022 21 0.190207
2023 21 0.174803
2024 21 0.092676
2025 21 0.141583
2026 21 0.141675
2027 21 0.172315
2028 21 0.154430
2029 21 0.193854
2030 21 0.132604
2031 21 0.131211
2032 21 0.217430
2033 21 0.189400
2034 21 0.078453
2035 21 0.162527
2036 21 0.144476
2037 21 0.063127
2038 21 0.183736
2039 21 0.090349
2040 21 0.122947
2041 21 0.081258
2042 21 0.083099
2043 21 0.158581
2044 21 0.108024
2045 21 0.147169
2046 21 0.175445
2047 21 0.191371
2048 21 0.141559
2049 21 0.147879
2050 21 0.098380
2051 21 0.180954
2052 21 0.110798
2053 21 0.120255
2054 21 0.163751
2055 21 0.122749
2056 21 0.201238
2057 21 0.186191
2058 21 0.027432
2059 21 0.143355
2060 21 0.145105
2061 21 0.255762
2062 21 0.107320
2063 21 0.169600
2064 21 0.180235
2065 21 0.168600
2066 21 0.185218
2067 21 0.172798
2068 21 0.116567
2069 21 0.225354
2070 21 0.149583
2071 21 0.143171
2072 21 0.217095
2073 21 0.164291
2074 21 0.164175
2075 21 0.148327
2076 21 0.190522
2077 21 0.190952
2078 21 0.162811
2079 21 0.191838
2080 21 0.117229
2081 21 0.208361
2082 21 0.243880
2083 21 0.173816
2084 21 0.024159
2085 21 0.163011
2086 21 0.118389
2087 21 0.196861
2088 21 0.137875
2089 21 0.239769
2090 21 0.238152
2091 21 0.109269
2092 21 0.332310
2093 21 0.174644
2094 21 0.075018
2095 21 0.189210
2096 21 0.139413
2097 21 0.105921
2098 21 0.178451
2099 21 0.114530
2100 22 0.183084
2101 22 0.144056
2102 22 0.142974
2103 22 0.162480
2104 22 0.167300
2105 22 0.240586
2106 22 0.141433
2107 22 0.186960
2108 22 0.192415
2109 22 0.024144
2110 22 0.127515
2111 22 0.138900
2112 22 0.250767
2113 22 0.229917
2114 22 0.027397
2115 22 0.108301
2116 22 0.117356
2117 22 0.163772
2118 22 0.163239
2119 22 0.181684
2120 22 0.116380
2121 22 0.201394
2122 22 0.207422
2123 22 0.139262
2124 22 0.182001
2125 22 0.175137
2126 22 0.168903
2127 22 0.223801
2128 22 0.197980
2129 22 0.111790
2130 22 0.077183
2131 22 0.105903
2132 22 0.099905
2133 22 0.217648
2134 22 0.119126
2135 22 0.134384
2136 22 0.211818
2137 22 0.147806
2138 22 0.110294
2139 22 0.161050
2140 22 0.133432
2141 22 0.114595
2142 22 0.157192
2143 22 0.096922
2144 22 0.103011
2145 22 0.063912
2146 22 0.184986
2147 22 0.168540
2148 22 0.346081
2149 22 0.203216
2150 22 0.148367
2151 22 0.088615
2152 22 0.173571
2153 22 0.111752
2154 22 0.201284
2155 22 0.254329
2156 22 0.165299
2157 22 0.154269
2158 22 0.152334
2159 22 0.179785
2160 22 0.123746
2161 22 0.093800
2162 22 0.187637
2163 22 0.175983
2164 22 0.203661
2165 22 0.120334
2166 22 0.296816
2167 22 0.236483
2168 22 0.101739
2169 22 0.234966
2170 22 0.135873
2171 22 0.187991
2172 22 0.174434
2173 22 0.168547
2174 22 0.122836
2175 22 0.125152
2176 22 0.188955
2177 22 0.063061
2178 22 0.134748
2179 22 0.179673
2180 22 0.103894
2181 22 0.186769
2182 22 0.149550
2183 22 0.117017
2184 22 0.233588
2185 22 0.166504
2186 22 0.201504
2187 22 0.201728
2188 22 0.131764
2189 22 0.083709
2190 22 0.238476
2191 22 0.066995
2192 22 0.092517
2193 22 0.135633
2194 22 0.211752
2195 22 0.073708
2196 22 0.124500
2197 22 0.178889
2198 22 0.183698
2199 22 0.086847
2200 23 0.173409
2201 23 0.097181
2202 23 0.229357
2203 23 0.133373
2204 23 0.157538
2205 23 0.074236
2206 23 0.101086
2207 23 0.231718
2208 23 0.078334
2209 23 0.140188
2210 23 0.068314
2211 23 0.250076
2212 23 0.149966
2213 23 0.283549
2214 23 0.130441
2215 23 0.175107
2216 23 0.165109
2217 23 0.219915
2218 23 0.170828
2219 23 0.184143
2220 23 0.182815
2221 23 0.189772
2222 23 0.173839
2223 23 0.205373
2224 23 0.089564
2225 23 0.237817
2226 23 0.113138
2227 23 0.167851
2228 23 0.112481
2229 23 0.049241
2230 23 0.121267
2231 23 0.139960
2232 23 0.174302
2233 23 0.157344
2234 23 0.179499
2235 23 0.184897
2236 23 0.099256
2237 23 0.191540
2238 23 0.069292
2239 23 0.202136
2240 23 0.174916
2241 23 0.111879
2242 23 0.200760
2243 23 0.090823
2244 23 0.169187
2245 23 0.238371
2246 23 0.123112
2247 23 0.157526
2248 23 0.121182
2249 23 0.158873
2250 23 0.153400
2251 23 0.164795
2252 23 0.157157
2253 23 0.250145
2254 23 0.161145
2255 23 0.124852
2256 23 0.133576
2257 23 0.067842
2258 23 0.127138
2259 23 0.209288
2260 23 0.125155
2261 23 0.075792
2262 23 0.205816
2263 23 0.138211
2264 23 0.117092
2265 23 0.135130
2266 23 0.135774
2267 23 0.120582
2268 23 0.149071
2269 23 0.289357
2270 23 0.154574
2271 23 0.147085
2272 23 0.160913
2273 23 0.121731
2274 23 0.122789
2275 23 0.141436
2276 23 0.051042
2277 23 0.324404
2278 23 0.136268
2279 23 0.148049
2280 23 0.151047
2281 23 0.114411
2282 23 0.377945
2283 23 0.104082
2284 23 0.123141
2285 23 0.153555
2286 23 0.186469
2287 23 0.210022
2288 23 0.155328
2289 23 0.112154
2290 23 0.088938
2291 23 0.224075
2292 23 0.141149
2293 23 0.105043
2294 23 0.142710
2295 23 0.051885
2296 23 0.184057
2297 23 0.095188
2298 23 0.086891
2299 23 0.142875
2300 24 0.201051
2301 24 0.205721
2302 24 0.236665
2303 24 0.187742
2304 24 0.368448
2305 24 0.127228
2306 24 0.189582
2307 24 0.184610
2308 24 0.138797
2309 24 0.104787
2310 24 0.200946
2311 24 0.112449
2312 24 0.180449
2313 24 0.229860
2314 24 0.152351
2315 24 0.152698
2316 24 0.177708
2317 24 0.147729
2318 24 0.204464
2319 24 0.145248
2320 24 0.069979
2321 24 0.070868
2322 24 0.092137
2323 24 0.160149
2324 24 0.114070
2325 24 0.027308
2326 24 0.128554
2327 24 0.087640
2328 24 0.097172
2329 24 0.068075
2330 24 0.134266
2331 24 0.071613
2332 24 0.112866
2333 24 0.130992
2334 24 0.176597
2335 24 0.136293
2336 24 0.170049
2337 24 0.198226
2338 24 0.120822
2339 24 0.167510
2340 24 0.185412
2341 24 0.154607
2342 24 0.314561
2343 24 0.155711
2344 24 0.254698
2345 24 0.199720
2346 24 0.140209
2347 24 0.100305
2348 24 0.138727
2349 24 0.225732
2350 24 0.100697
2351 24 0.243067
2352 24 0.104496
2353 24 0.155863
2354 24 0.076209
2355 24 0.175208
2356 24 0.123172
2357 24 0.133239
2358 24 0.205620
2359 24 0.127337
2360 24 0.165957
2361 24 0.238396
2362 24 0.064820
2363 24 0.090674
2364 24 0.124605
2365 24 0.187584
2366 24 0.136978
2367 24 0.133790
2368 24 0.131764
2369 24 0.148376
2370 24 0.095706
2371 24 0.211172
2372 24 0.120275
2373 24 0.141053
2374 24 0.108186
2375 24 0.129598
2376 24 0.080123
2377 24 0.105442
2378 24 0.063785
2379 24 0.177461
2380 24 0.241192
2381 24 0.071608
2382 24 0.117438
2383 24 0.144273
2384 24 0.180168
2385 24 0.150082
2386 24 0.024048
2387 24 0.160397
2388 24 0.164153
2389 24 0.119959
2390 24 0.102464
2391 24 0.129673
2392 24 0.132501
2393 24 0.201212
2394 24 0.100622
2395 24 0.316972
2396 24 0.160374
2397 24 0.174038
2398 24 0.106964
2399 24 0.109393
2400 25 0.099047
2401 25 0.178079
2402 25 0.164106
2403 25 0.091527
2404 25 0.115623
2405 25 0.235973
2406 25 0.089247
2407 25 0.145013
2408 25 0.149557
2409 25 0.165147
2410 25 0.262816
2411 25 0.111944
2412 25 0.120948
2413 25 0.188028
2414 25 0.169000
2415 25 0.129025
2416 25 0.132979
2417 25 0.161030
2418 25 0.171368
2419 25 0.133601
2420 25 0.180839
2421 25 0.144693
2422 25 0.062815
2423 25 0.109317
2424 25 0.092151
2425 25 0.149121
2426 25 0.067940
2427 25 0.050388
2428 25 0.091762
2429 25 0.121762
2430 25 0.190397
2431 25 0.073170
2432 25 0.194509
2433 25 0.170571
2434 25 0.195722
2435 25 0.092775
2436 25 0.135000
2437 25 0.183384
2438 25 0.190814
2439 25 0.326722
2440 25 0.145599
2441 25 0.151680
2442 25 0.112134
2443 25 0.125223
2444 25 0.200475
2445 25 0.145727
2446 25 0.023988
2447 25 0.067938
2448 25 0.128078
2449 25 0.127012
2450 25 0.248309
2451 25 0.072391
2452 25 0.245133
2453 25 0.127714
2454 25 0.235098
2455 25 0.156452
2456 25 0.142047
2457 25 0.060259
2458 25 0.143392
2459 25 0.165539
2460 25 0.187964
2461 25 0.085250
2462 25 0.110963
2463 25 0.118423
2464 25 0.201867
2465 25 0.318554
2466 25 0.121741
2467 25 0.147286
2468 25 0.127694
2469 25 0.203169
2470 25 0.123658
2471 25 0.214459
2472 25 0.104299
2473 25 0.119685
2474 25 0.120515
2475 25 0.235186
2476 25 0.176087
2477 25 0.062510
2478 25 0.201734
2479 25 0.099497
2480 25 0.158033
2481 25 0.129680
2482 25 0.219217
2483 25 0.056170
2484 25 0.112555
2485 25 0.126596
2486 25 0.173489
2487 25 0.101117
2488 25 0.068584
2489 25 0.181922
2490 25 0.106897
2491 25 0.064508
2492 25 0.106495
2493 25 0.141437
2494 25 0.141148
2495 25 0.232464
2496 25 0.184410
2497 25 0.155343
2498 25 0.117135
2499 25 0.059704
2500 26 0.136975
2501 26 0.227391
2502 26 0.112539
2503 26 0.115359
2504 26 0.132118
2505 26 0.208459
2506 26 0.091961
2507 26 0.058493
2508 26 0.154439
2509 26 0.180509
2510 26 0.116471
2511 26 0.155096
2512 26 0.247612
2513 26 0.074919
2514 26 0.215981
2515 26 0.126604
2516 26 0.118782
2517 26 0.064569
2518 26 0.244956
2519 26 0.148056
2520 26 0.131579
2521 26 0.138133
2522 26 0.195103
2523 26 0.108768
2524 26 0.147303
2525 26 0.146698
2526 26 0.101733
2527 26 0.077453
2528 26 0.059956
2529 26 0.104715
2530 26 0.108570
2531 26 0.194307
2532 26 0.097256
2533 26 0.096866
2534 26 0.158806
2535 26 0.123699
2536 26 0.121300
2537 26 0.097492
2538 26 0.058384
2539 26 0.154226
2540 26 0.129879
2541 26 0.203025
2542 26 0.081032
2543 26 0.112464
2544 26 0.108538
2545 26 0.189456
2546 26 0.219091
2547 26 0.059193
2548 26 0.219519
2549 26 0.146079
2550 26 0.100893
2551 26 0.023954
2552 26 0.243775
2553 26 0.189983
2554 26 0.189502
2555 26 0.191604
2556 26 0.135694
2557 26 0.146982
2558 26 0.137887
2559 26 0.136527
2560 26 0.062845
2561 26 0.204236
2562 26 0.184368
2563 26 0.208489
2564 26 0.103326
2565 26 0.129254
2566 26 0.190088
2567 26 0.136446
2568 26 0.126066
2569 26 0.068307
2570 26 0.175624
2571 26 0.105032
2572 26 0.138844
2573 26 0.136519
2574 26 0.214529
2575 26 0.124214
2576 26 0.119332
2577 26 0.189616
2578 26 0.090668
2579 26 0.156304
2580 26 0.249188
2581 26 0.142354
2582 26 0.188550
2583 26 0.089831
2584 26 0.194214
2585 26 0.094397
2586 26 0.164046
2587 26 0.177804
2588 26 0.190941
2589 26 0.154072
2590 26 0.088326
2591 26 0.193949
2592 26 0.027151
2593 26 0.145151
2594 26 0.323371
2595 26 0.134093
2596 26 0.177281
2597 26 0.257838
2598 26 0.358798
2599 26 0.106873
2600 27 0.187978
2601 27 0.322880
2602 27 0.090348
2603 27 0.121916
2604 27 0.040942
2605 27 0.139103
2606 27 0.203622
2607 27 0.170915
2608 27 0.136414
2609 27 0.077159
2610 27 0.067796
2611 27 0.105020
2612 27 0.140127
2613 27 0.126713
2614 27 0.204664
2615 27 0.104153
2616 27 0.081553
2617 27 0.164126
2618 27 0.170998
2619 27 0.124999
2620 27 0.172294
2621 27 0.139414
2622 27 0.150373
2623 27 0.138220
2624 27 0.145202
2625 27 0.046335
2626 27 0.071529
2627 27 0.161273
2628 27 0.185924
2629 27 0.179391
2630 27 0.198643
2631 27 0.186450
2632 27 0.126859
2633 27 0.114463
2634 27 0.122193
2635 27 0.075001
2636 27 0.181397
2637 27 0.246560
2638 27 0.110228
2639 27 0.155077
2640 27 0.121547
2641 27 0.123340
2642 27 0.169685
2643 27 0.149205
2644 27 0.099080
2645 27 0.134184
2646 27 0.124743
2647 27 0.095840
2648 27 0.027128
2649 27 0.132471
2650 27 0.187292
2651 27 0.145160
2652 27 0.087879
2653 27 0.138376
2654 27 0.163640
2655 27 0.085192
2656 27 0.108616
2657 27 0.057070
2658 27 0.235029
2659 27 0.100079
2660 27 0.169018
2661 27 0.159092
2662 27 0.176989
2663 27 0.093669
2664 27 0.215671
2665 27 0.104152
2666 27 0.023900
2667 27 0.152553
2668 27 0.368207
2669 27 0.059571
2670 27 0.131336
2671 27 0.218370
2672 27 0.102443
2673 27 0.190906
2674 27 0.210139
2675 27 0.133508
2676 27 0.175610
2677 27 0.083298
2678 27 0.133966
2679 27 0.199393
2680 27 0.121246
2681 27 0.064086
2682 27 0.076997
2683 27 0.109227
2684 27 0.062571
2685 27 0.149570
2686 27 0.123078
2687 27 0.092470
2688 27 0.153381
2689 27 0.158076
2690 27 0.192256
2691 27 0.140840
2692 27 0.131818
2693 27 0.147906
2694 27 0.178040
2695 27 0.048197
2696 27 0.162447
2697 27 0.185213
2698 27 0.095150
2699 27 0.157864
2700 28 0.149913
2701 28 0.061628
2702 28 0.082981
2703 28 0.133679
2704 28 0.171872
2705 28 0.150036
2706 28 0.154251
2707 28 0.129752
2708 28 0.222923
2709 28 0.116070
2710 28 0.154575
2711 28 0.126021
2712 28 0.140927
2713 28 0.023853
2714 28 0.151852
2715 28 0.113738
2716 28 0.128467
2717 28 0.163259
2718 28 0.039704
2719 28 0.217017
2720 28 0.087821
2721 28 0.137266
2722 28 0.145173
2723 28 0.149948
2724 28 0.062486
2725 28 0.117307
2726 28 0.064717
2727 28 0.197061
2728 28 0.103750
2729 28 0.081552
2730 28 0.134658
2731 28 0.058630
2732 28 0.230825
2733 28 0.146555
2734 28 0.097789
2735 28 0.327053
2736 28 0.120284
2737 28 0.063209
2738 28 0.060423
2739 28 0.169763
2740 28 0.166455
2741 28 0.164021
2742 28 0.129353
2743 28 0.114557
2744 28 0.177608
2745 28 0.107529
2746 28 0.155607
2747 28 0.167812
2748 28 0.173273
2749 28 0.142505
2750 28 0.087794
2751 28 0.055740
2752 28 0.088155
2753 28 0.170937
2754 28 0.038719
2755 28 0.169606
2756 28 0.097124
2757 28 0.221058
2758 28 0.096858
2759 28 0.173694
2760 28 0.120520
2761 28 0.122424
2762 28 0.193388
2763 28 0.140630
2764 28 0.096020
2765 28 0.095232
2766 28 0.053384
2767 28 0.094913
2768 28 0.109205
2769 28 0.224645
2770 28 0.155305
2771 28 0.196873
2772 28 0.187436
2773 28 0.218189
2774 28 0.100749
2775 28 0.186170
2776 28 0.163993
2777 28 0.150679
2778 28 0.111957
2779 28 0.347396
2780 28 0.223720
2781 28 0.082881
2782 28 0.233196
2783 28 0.099072
2784 28 0.143796
2785 28 0.063311
2786 28 0.110447
2787 28 0.153919
2788 28 0.186479
2789 28 0.068236
2790 28 0.218378
2791 28 0.054479
2792 28 0.245057
2793 28 0.107755
2794 28 0.197185
2795 28 0.142693
2796 28 0.178419
2797 28 0.170679
2798 28 0.065505
2799 28 0.143759
2800 29 0.076457
2801 29 0.114379
2802 29 0.164746
2803 29 0.106513
2804 29 0.065214
2805 29 0.210029
2806 29 0.097621
2807 29 0.154520
2808 29 0.099430
2809 29 0.203170
2810 29 0.038599
2811 29 0.202456
2812 29 0.152423
2813 29 0.172192
2814 29 0.113082
2815 29 0.123538
2816 29 0.182561
2817 29 0.222344
2818 29 0.075827
2819 29 0.108145
2820 29 0.147080
2821 29 0.161247
2822 29 0.302577
2823 29 0.148109
2824 29 0.165536
2825 29 0.092660
2826 29 0.186868
2827 29 0.112643
2828 29 0.053702
2829 29 0.116062
2830 29 0.077835
2831 29 0.104616
2832 29 0.145480
2833 29 0.195740
2834 29 0.073908
2835 29 0.121332
2836 29 0.121399
2837 29 0.231005
2838 29 0.079107
2839 29 0.107667
2840 29 0.101881
2841 29 0.207074
2842 29 0.090819
2843 29 0.109511
2844 29 0.160957
2845 29 0.143558
2846 29 0.133254
2847 29 0.092380
2848 29 0.104096
2849 29 0.048608
2850 29 0.328367
2851 29 0.264085
2852 29 0.180861
2853 29 0.116066
2854 29 0.071666
2855 29 0.156585
2856 29 0.135994
2857 29 0.128996
2858 29 0.058791
2859 29 0.137247
2860 29 0.153409
2861 29 0.087667
2862 29 0.050713
2863 29 0.097669
2864 29 0.180892
2865 29 0.101059
2866 29 0.103805
2867 29 0.132114
2868 29 0.158757
2869 29 0.087668
2870 29 0.149181
2871 29 0.108457
2872 29 0.180142
2873 29 0.160903
2874 29 0.132053
2875 29 0.136971
2876 29 0.144329
2877 29 0.085777
2878 29 0.106897
2879 29 0.178069
2880 29 0.120686
2881 29 0.159957
2882 29 0.098073
2883 29 0.149733
2884 29 0.215175
2885 29 0.114649
2886 29 0.140697
2887 29 0.130796
2888 29 0.189046
2889 29 0.133823
2890 29 0.142751
2891 29 0.232228
2892 29 0.092555
2893 29 0.097402
2894 29 0.200819
2895 29 0.117281
2896 29 0.123662
2897 29 0.109861
2898 29 0.199561
2899 29 0.196489
2900 30 0.026939
2901 30 0.202386
2902 30 0.223899
2903 30 0.087993
2904 30 0.138799
2905 30 0.159602
2906 30 0.137555
2907 30 0.075965
2908 30 0.209858
2909 30 0.090953
2910 30 0.088955
2911 30 0.143074
2912 30 0.069514
2913 30 0.048501
2914 30 0.175621
2915 30 0.097509
2916 30 0.124978
2917 30 0.154900
2918 30 0.121682
2919 30 0.175319
2920 30 0.105774
2921 30 0.238770
2922 30 0.137298
2923 30 0.264833
2924 30 0.173869
2925 30 0.060429
2926 30 0.220703
2927 30 0.088419
2928 30 0.062203
2929 30 0.143438
2930 30 0.107891
2931 30 0.148763
2932 30 0.203923
2933 30 0.128594
2934 30 0.189886
2935 30 0.102709
2936 30 0.164761
2937 30 0.116673
2938 30 0.224299
2939 30 0.117763
2940 30 0.083636
2941 30 0.110976
2942 30 0.152901
2943 30 0.141737
2944 30 0.105602
2945 30 0.044278
2946 30 0.101001
2947 30 0.294984
2948 30 0.193904
2949 30 0.095357
2950 30 0.156540
2951 30 0.132843
2952 30 0.332367
2953 30 0.159910
2954 30 0.127229
2955 30 0.095110
2956 30 0.074112
2957 30 0.042281
2958 30 0.191519
2959 30 0.046103
2960 30 0.111786
2961 30 0.107234
2962 30 0.092856
2963 30 0.085809
2964 30 0.087052
2965 30 0.181654
2966 30 0.102960
2967 30 0.081151
2968 30 0.088904
2969 30 0.059090
2970 30 0.157764
2971 30 0.233424
2972 30 0.116587
2973 30 0.142885
2974 30 0.249543
2975 30 0.146146
2976 30 0.176926
2977 30 0.136931
2978 30 0.115000
2979 30 0.126615
2980 30 0.087704
2981 30 0.060804
2982 30 0.112929
2983 30 0.075593
2984 30 0.062833
2985 30 0.115080
2986 30 0.084296
2987 30 0.124484
2988 30 0.252680
2989 30 0.121976
2990 30 0.219085
2991 30 0.115032
2992 30 0.073327
2993 30 0.106838
2994 30 0.169473
2995 30 0.107111
2996 30 0.154982
2997 30 0.113815
2998 30 0.079467
2999 30 0.119838
