# Batch convergence for: model=snn-ae encoding=direct architecture=dense v_th=0.5 alpha=0.9 run=2
batch_num epoch batch_loss
0 1 1.236296
1 1 1.505099
2 1 1.391872
3 1 1.330689
4 1 1.239514
5 1 1.291746
6 1 1.235820
7 1 1.330423
8 1 1.194126
9 1 1.344291
10 1 1.003972
11 1 1.069759
12 1 1.089741
13 1 1.136689
14 1 1.051928
15 1 1.172349
16 1 1.383379
17 1 1.133281
18 1 1.087833
19 1 1.209747
20 1 1.194427
21 1 1.216766
22 1 1.026290
23 1 1.019620
24 1 1.051286
25 1 1.144504
26 1 1.032834
27 1 1.012938
28 1 1.095319
29 1 1.204653
30 1 1.114836
31 1 1.235856
32 1 1.223342
33 1 1.108781
34 1 1.116763
35 1 1.136084
36 1 1.270757
37 1 1.246363
38 1 1.246134
39 1 1.256187
40 1 1.225943
41 1 1.304398
42 1 1.222050
43 1 1.138144
44 1 1.043335
45 1 1.092731
46 1 1.005758
47 1 1.107351
48 1 1.104040
49 1 1.027373
50 1 1.205589
51 1 1.106736
52 1 1.364703
53 1 1.338102
54 1 1.026082
55 1 1.058736
56 1 1.186477
57 1 1.315404
58 1 1.166231
59 1 1.247196
60 1 1.162276
61 1 1.218967
62 1 0.999969
63 1 1.020427
64 1 1.017489
65 1 1.081438
66 1 1.347924
67 1 1.172721
68 1 1.038665
69 1 1.168972
70 1 1.009536
71 1 1.116105
72 1 1.223271
73 1 1.236228
74 1 1.271227
75 1 1.000607
76 1 1.092919
77 1 1.101464
78 1 1.349616
79 1 1.092046
80 1 1.104254
81 1 1.232431
82 1 1.225217
83 1 1.256408
84 1 1.257260
85 1 1.097041
86 1 1.036392
87 1 1.071911
88 1 1.067322
89 1 0.999920
90 1 0.997409
91 1 1.316190
92 1 1.163364
93 1 1.281025
94 1 1.142960
95 1 1.161644
96 1 1.271748
97 1 1.190473
98 1 1.323848
99 1 1.355079
100 2 1.110067
101 2 1.041311
102 2 1.298088
103 2 1.299237
104 2 1.144747
105 2 0.999513
106 2 1.129714
107 2 1.073414
108 2 1.156858
109 2 1.067672
110 2 1.097585
111 2 1.260796
112 2 1.173098
113 2 1.000410
114 2 1.109147
115 2 1.064037
116 2 1.015946
117 2 1.148129
118 2 1.194528
119 2 1.205226
120 2 1.043507
121 2 1.078039
122 2 1.259594
123 2 1.108628
124 2 1.051397
125 2 1.038299
126 2 1.087306
127 2 1.286693
128 2 1.018082
129 2 1.037759
130 2 1.065885
131 2 1.055698
132 2 1.074045
133 2 0.999833
134 2 1.099770
135 2 1.190835
136 2 1.146903
137 2 1.083086
138 2 1.055576
139 2 1.030150
140 2 1.102833
141 2 1.016803
142 2 0.999721
143 2 1.098915
144 2 1.052873
145 2 1.075939
146 2 1.016093
147 2 1.129180
148 2 1.125409
149 2 1.136767
150 2 1.162726
151 2 1.083549
152 2 1.109943
153 2 1.035988
154 2 1.187739
155 2 1.215338
156 2 1.039343
157 2 1.050161
158 2 1.036381
159 2 1.153886
160 2 1.256352
161 2 1.036602
162 2 1.149927
163 2 1.150922
164 2 1.143008
165 2 1.193411
166 2 1.192646
167 2 1.118222
168 2 1.019067
169 2 1.122461
170 2 1.265369
171 2 1.078952
172 2 1.044733
173 2 1.102237
174 2 1.220669
175 2 1.145133
176 2 1.101305
177 2 1.162275
178 2 1.191866
179 2 1.155172
180 2 1.116145
181 2 1.226455
182 2 1.078905
183 2 1.080271
184 2 1.042878
185 2 1.129393
186 2 1.191435
187 2 1.224186
188 2 1.117990
189 2 1.102387
190 2 1.132721
191 2 1.151713
192 2 1.097333
193 2 1.072687
194 2 1.023785
195 2 1.139019
196 2 1.132896
197 2 1.075220
198 2 1.112631
199 2 1.000679
200 3 1.306044
201 3 1.000341
202 3 1.032675
203 3 1.051143
204 3 1.202649
205 3 1.035804
206 3 1.070661
207 3 1.219590
208 3 1.041796
209 3 0.995465
210 3 1.219077
211 3 1.093102
212 3 1.040113
213 3 1.107731
214 3 1.175832
215 3 1.075194
216 3 1.046159
217 3 1.085925
218 3 1.043200
219 3 1.255246
220 3 1.044394
221 3 1.140343
222 3 1.209626
223 3 1.273331
224 3 1.138898
225 3 1.230996
226 3 1.027934
227 3 1.050146
228 3 1.079790
229 3 1.030828
230 3 1.003674
231 3 1.253501
232 3 1.040355
233 3 1.194137
234 3 1.076573
235 3 1.181304
236 3 1.131283
237 3 1.243301
238 3 1.205411
239 3 1.016010
240 3 1.111127
241 3 1.039799
242 3 1.137755
243 3 1.067733
244 3 1.022102
245 3 1.038312
246 3 1.199574
247 3 1.175328
248 3 1.116964
249 3 1.118693
250 3 1.147268
251 3 1.078687
252 3 1.105534
253 3 1.070241
254 3 1.236548
255 3 1.229566
256 3 1.031277
257 3 1.088030
258 3 1.137570
259 3 1.093607
260 3 1.118092
261 3 1.082209
262 3 1.054537
263 3 1.056482
264 3 1.087679
265 3 1.034356
266 3 1.035669
267 3 1.088084
268 3 1.108319
269 3 1.129133
270 3 1.142294
271 3 1.014073
272 3 1.159761
273 3 0.999539
274 3 1.170722
275 3 1.129518
276 3 1.087475
277 3 1.381662
278 3 1.010430
279 3 1.028273
280 3 1.185483
281 3 1.199105
282 3 1.091606
283 3 1.150252
284 3 1.127676
285 3 1.288290
286 3 1.066978
287 3 1.258227
288 3 1.228615
289 3 1.074776
290 3 1.167171
291 3 1.044846
292 3 1.032437
293 3 1.187979
294 3 1.047666
295 3 1.228563
296 3 1.178798
297 3 1.195593
298 3 1.135419
299 3 1.031047
300 4 1.282326
301 4 0.979207
302 4 1.125414
303 4 1.011578
304 4 1.163597
305 4 1.069160
306 4 1.080242
307 4 1.080678
308 4 1.060668
309 4 1.030988
310 4 1.135938
311 4 1.033744
312 4 1.000994
313 4 1.085871
314 4 1.103927
315 4 1.123891
316 4 1.067215
317 4 1.177683
318 4 1.160608
319 4 1.029079
320 4 1.059762
321 4 1.045060
322 4 1.107151
323 4 1.103263
324 4 1.037430
325 4 1.108991
326 4 1.178931
327 4 1.210563
328 4 1.039118
329 4 1.103707
330 4 1.058935
331 4 1.098000
332 4 1.147813
333 4 1.112307
334 4 1.182734
335 4 1.068724
336 4 1.185038
337 4 1.039863
338 4 1.186640
339 4 1.022068
340 4 1.002038
341 4 1.130222
342 4 1.204386
343 4 1.065415
344 4 1.017221
345 4 0.998888
346 4 1.185848
347 4 1.250266
348 4 1.152617
349 4 1.081188
350 4 1.300130
351 4 1.071833
352 4 1.197904
353 4 1.052177
354 4 1.044353
355 4 1.092882
356 4 1.059943
357 4 1.012002
358 4 1.030415
359 4 1.116566
360 4 1.417445
361 4 1.160675
362 4 1.170488
363 4 1.098966
364 4 1.071329
365 4 1.133047
366 4 1.213579
367 4 1.086279
368 4 1.017543
369 4 1.188418
370 4 1.091030
371 4 1.123998
372 4 1.143806
373 4 1.113748
374 4 1.161897
375 4 0.997370
376 4 1.074886
377 4 1.039124
378 4 1.092681
379 4 1.127419
380 4 1.106223
381 4 1.025441
382 4 1.110197
383 4 1.127131
384 4 1.009415
385 4 1.082722
386 4 0.999297
387 4 1.100295
388 4 0.999098
389 4 0.999080
390 4 0.998801
391 4 1.065068
392 4 1.027018
393 4 1.002772
394 4 1.009502
395 4 1.001298
396 4 0.999483
397 4 1.000167
398 4 0.998128
399 4 1.048353
400 5 1.156103
401 5 1.143903
402 5 1.004109
403 5 1.032773
404 5 1.056419
405 5 1.107958
406 5 1.048738
407 5 1.076131
408 5 1.120116
409 5 1.108904
410 5 1.079102
411 5 1.124772
412 5 0.999249
413 5 1.128443
414 5 0.997865
415 5 1.106066
416 5 1.134127
417 5 1.148643
418 5 1.084259
419 5 1.110332
420 5 1.118314
421 5 1.240018
422 5 1.166995
423 5 1.072764
424 5 1.018982
425 5 1.138480
426 5 1.268237
427 5 1.147657
428 5 0.998815
429 5 1.077057
430 5 0.998939
431 5 1.128729
432 5 1.163963
433 5 0.995795
434 5 1.158545
435 5 1.196276
436 5 1.047724
437 5 1.028770
438 5 1.089751
439 5 1.153759
440 5 1.073923
441 5 1.080420
442 5 1.131901
443 5 1.021822
444 5 1.065326
445 5 1.073017
446 5 1.118243
447 5 1.123061
448 5 1.114049
449 5 1.038430
450 5 1.075192
451 5 1.096048
452 5 1.065762
453 5 1.195045
454 5 1.086232
455 5 1.000027
456 5 1.069181
457 5 1.047530
458 5 1.003504
459 5 1.095970
460 5 1.162333
461 5 1.091982
462 5 1.001652
463 5 1.073123
464 5 1.041936
465 5 1.026675
466 5 1.013019
467 5 1.137989
468 5 1.080114
469 5 0.999502
470 5 1.164250
471 5 1.079582
472 5 1.074501
473 5 1.056297
474 5 1.151318
475 5 1.283783
476 5 1.000573
477 5 1.077046
478 5 1.153875
479 5 0.996901
480 5 1.115527
481 5 1.027020
482 5 1.043914
483 5 1.133257
484 5 1.051724
485 5 1.085640
486 5 1.087807
487 5 1.123787
488 5 1.004576
489 5 1.048116
490 5 1.000475
491 5 1.057612
492 5 1.033995
493 5 1.172242
494 5 1.108944
495 5 1.051647
496 5 1.008682
497 5 1.037051
498 5 1.077173
499 5 1.141384
500 6 1.201690
501 6 1.225213
502 6 1.068234
503 6 1.157619
504 6 1.080305
505 6 0.999521
506 6 1.038333
507 6 1.068860
508 6 1.146093
509 6 1.026491
510 6 1.001033
511 6 1.113542
512 6 1.030355
513 6 1.022154
514 6 1.089751
515 6 1.122503
516 6 1.139891
517 6 1.144850
518 6 1.032221
519 6 1.064083
520 6 1.044123
521 6 1.088174
522 6 1.041561
523 6 1.139966
524 6 1.209900
525 6 1.126506
526 6 1.204253
527 6 1.068415
528 6 1.115659
529 6 1.188101
530 6 1.099506
531 6 1.022111
532 6 1.104631
533 6 1.031033
534 6 1.168594
535 6 1.057614
536 6 1.018613
537 6 1.033863
538 6 1.169510
539 6 0.997576
540 6 1.083326
541 6 1.124820
542 6 1.072806
543 6 1.011020
544 6 1.106197
545 6 1.070062
546 6 1.101697
547 6 1.049687
548 6 1.038475
549 6 1.044815
550 6 1.074593
551 6 1.001900
552 6 1.079929
553 6 1.172206
554 6 1.032101
555 6 1.092695
556 6 1.162130
557 6 1.089205
558 6 0.998116
559 6 1.116697
560 6 1.023603
561 6 1.108805
562 6 1.082131
563 6 1.029606
564 6 1.161273
565 6 1.059864
566 6 1.047395
567 6 1.000479
568 6 1.033900
569 6 1.068094
570 6 1.165381
571 6 1.007689
572 6 1.154903
573 6 1.061349
574 6 0.999159
575 6 1.044262
576 6 1.040911
577 6 1.070573
578 6 1.028210
579 6 1.066752
580 6 1.018815
581 6 1.060964
582 6 1.000280
583 6 1.050532
584 6 1.054281
585 6 1.030290
586 6 0.995602
587 6 1.071060
588 6 1.092362
589 6 1.135309
590 6 1.087533
591 6 1.042384
592 6 1.155075
593 6 0.982179
594 6 1.028671
595 6 1.039422
596 6 1.212758
597 6 1.037364
598 6 0.998982
599 6 1.007098
600 7 1.185805
601 7 1.165934
602 7 1.064060
603 7 1.068116
604 7 1.092589
605 7 1.035426
606 7 1.056821
607 7 1.164519
608 7 1.000874
609 7 1.136565
610 7 1.205504
611 7 1.019694
612 7 1.026974
613 7 0.997982
614 7 0.999917
615 7 0.996622
616 7 1.063571
617 7 1.191773
618 7 1.014152
619 7 1.086794
620 7 1.120677
621 7 1.063021
622 7 1.108794
623 7 0.999684
624 7 1.065614
625 7 0.995495
626 7 1.098241
627 7 1.083533
628 7 1.153965
629 7 1.089831
630 7 1.035781
631 7 1.028849
632 7 1.052015
633 7 1.143775
634 7 1.248833
635 7 1.066589
636 7 1.099908
637 7 1.134151
638 7 1.015923
639 7 1.054896
640 7 0.993817
641 7 0.998930
642 7 1.076749
643 7 1.047143
644 7 0.996377
645 7 1.074404
646 7 1.084478
647 7 1.020326
648 7 1.000795
649 7 1.190643
650 7 1.037390
651 7 1.039190
652 7 1.028788
653 7 1.111650
654 7 1.139331
655 7 1.171826
656 7 1.045186
657 7 0.997914
658 7 1.116093
659 7 1.144413
660 7 1.003903
661 7 1.016887
662 7 0.997033
663 7 1.044733
664 7 1.085785
665 7 1.010866
666 7 1.069024
667 7 1.030024
668 7 1.067230
669 7 1.182350
670 7 1.031140
671 7 1.052400
672 7 1.165504
673 7 1.055701
674 7 1.060585
675 7 1.062664
676 7 1.086515
677 7 0.987468
678 7 1.002355
679 7 1.118882
680 7 1.197343
681 7 0.995107
682 7 1.051977
683 7 1.021326
684 7 1.101956
685 7 1.186257
686 7 1.001838
687 7 1.116867
688 7 1.217460
689 7 1.057856
690 7 1.201821
691 7 1.094433
692 7 1.120984
693 7 1.124862
694 7 1.046082
695 7 1.056188
696 7 0.999480
697 7 1.014418
698 7 1.003931
699 7 1.049665
700 8 0.999045
701 8 1.131272
702 8 1.170543
703 8 1.101349
704 8 0.984194
705 8 1.139171
706 8 0.994316
707 8 1.048915
708 8 1.041918
709 8 1.130815
710 8 0.997559
711 8 1.070121
712 8 1.118465
713 8 0.995504
714 8 1.132338
715 8 1.038656
716 8 1.002801
717 8 1.095103
718 8 1.014024
719 8 1.000662
720 8 1.001576
721 8 1.008544
722 8 1.062709
723 8 1.050695
724 8 1.023686
725 8 1.126526
726 8 1.049117
727 8 1.029012
728 8 1.033884
729 8 1.058405
730 8 1.081996
731 8 1.082235
732 8 1.092860
733 8 1.004497
734 8 0.998004
735 8 1.067389
736 8 0.998146
737 8 1.110113
738 8 1.063200
739 8 1.060747
740 8 0.999889
741 8 1.026623
742 8 1.013159
743 8 1.004274
744 8 1.107922
745 8 1.069007
746 8 1.043120
747 8 1.120924
748 8 1.111196
749 8 1.015011
750 8 1.088089
751 8 1.077975
752 8 1.099786
753 8 0.990542
754 8 1.137951
755 8 1.045116
756 8 0.997986
757 8 1.000006
758 8 1.069963
759 8 1.001001
760 8 0.995567
761 8 1.018304
762 8 0.999375
763 8 1.039838
764 8 0.969572
765 8 1.127180
766 8 1.010644
767 8 1.017251
768 8 1.038447
769 8 1.107452
770 8 0.996316
771 8 1.016202
772 8 1.028599
773 8 1.095512
774 8 1.080312
775 8 1.092840
776 8 1.091631
777 8 1.023928
778 8 1.055641
779 8 1.076485
780 8 1.021107
781 8 1.017610
782 8 0.985781
783 8 1.131505
784 8 1.106911
785 8 1.126611
786 8 1.046649
787 8 1.099710
788 8 0.996940
789 8 1.059164
790 8 1.024428
791 8 1.135969
792 8 1.075470
793 8 1.051338
794 8 0.999131
795 8 1.077885
796 8 1.044380
797 8 0.998499
798 8 1.026480
799 8 1.078971
800 9 1.119422
801 9 1.061283
802 9 1.007866
803 9 1.094098
804 9 0.997299
805 9 1.080712
806 9 1.023515
807 9 1.200129
808 9 1.066486
809 9 1.043861
810 9 1.120031
811 9 1.073183
812 9 0.999005
813 9 0.998349
814 9 0.974692
815 9 0.998453
816 9 1.047446
817 9 1.036189
818 9 1.002192
819 9 0.998282
820 9 1.000234
821 9 1.063886
822 9 1.021472
823 9 1.103288
824 9 1.018067
825 9 1.004333
826 9 1.090802
827 9 1.066270
828 9 1.069007
829 9 1.075566
830 9 0.993334
831 9 1.003523
832 9 1.066513
833 9 1.127747
834 9 1.066823
835 9 1.142540
836 9 1.121262
837 9 1.095044
838 9 1.001327
839 9 0.998905
840 9 1.038318
841 9 1.050068
842 9 1.062886
843 9 1.095210
844 9 1.031860
845 9 1.019871
846 9 0.980211
847 9 1.003102
848 9 1.046430
849 9 1.105097
850 9 1.047947
851 9 1.035688
852 9 1.041510
853 9 1.077866
854 9 0.997738
855 9 1.170541
856 9 1.030710
857 9 0.994641
858 9 1.005694
859 9 1.037001
860 9 1.054901
861 9 1.009320
862 9 1.021907
863 9 1.030301
864 9 1.120533
865 9 1.074522
866 9 1.063872
867 9 1.092781
868 9 1.061742
869 9 1.013693
870 9 1.142232
871 9 1.035184
872 9 0.992054
873 9 1.090962
874 9 1.061047
875 9 0.991964
876 9 1.015861
877 9 1.059872
878 9 1.101003
879 9 1.069589
880 9 1.048864
881 9 1.110848
882 9 1.043795
883 9 1.136473
884 9 1.095872
885 9 0.995964
886 9 1.097354
887 9 0.998284
888 9 1.033501
889 9 1.007542
890 9 1.249624
891 9 1.003522
892 9 1.000004
893 9 0.996858
894 9 1.073671
895 9 1.151385
896 9 1.053964
897 9 1.044818
898 9 1.061612
899 9 1.011237
900 10 1.055169
901 10 1.029098
902 10 1.116914
903 10 1.000463
904 10 1.151555
905 10 1.112645
906 10 1.078454
907 10 1.081865
908 10 1.005517
909 10 1.153268
910 10 1.012046
911 10 1.025399
912 10 1.144754
913 10 1.053393
914 10 1.105583
915 10 1.032242
916 10 1.027870
917 10 1.044591
918 10 1.032893
919 10 1.061214
920 10 0.996238
921 10 1.102840
922 10 1.099925
923 10 1.004487
924 10 1.005418
925 10 1.143061
926 10 0.991405
927 10 1.026240
928 10 1.000144
929 10 1.026260
930 10 1.030527
931 10 1.175718
932 10 1.000527
933 10 1.005511
934 10 0.995833
935 10 1.059538
936 10 1.094177
937 10 1.017354
938 10 0.977386
939 10 1.066316
940 10 1.156330
941 10 1.070201
942 10 1.059494
943 10 1.080768
944 10 0.994464
945 10 1.074752
946 10 1.074408
947 10 1.024742
948 10 1.044878
949 10 0.996219
950 10 0.998474
951 10 1.002324
952 10 0.998481
953 10 1.163728
954 10 0.998087
955 10 1.002634
956 10 1.001284
957 10 1.067184
958 10 1.004442
959 10 0.986749
960 10 0.993743
961 10 0.979348
962 10 0.993633
963 10 1.103768
964 10 1.034647
965 10 1.048494
966 10 1.280982
967 10 1.056358
968 10 1.021121
969 10 1.133788
970 10 1.027249
971 10 1.048143
972 10 1.055917
973 10 1.117040
974 10 1.130765
975 10 1.029381
976 10 1.046649
977 10 1.154938
978 10 1.033890
979 10 1.073643
980 10 1.112271
981 10 1.155432
982 10 1.056569
983 10 1.003595
984 10 1.061359
985 10 1.066214
986 10 1.058608
987 10 0.994111
988 10 0.988450
989 10 1.050253
990 10 0.998066
991 10 1.025189
992 10 0.990691
993 10 0.998470
994 10 0.998766
995 10 1.061070
996 10 0.990645
997 10 1.140548
998 10 1.011239
999 10 1.035896
1000 11 1.003859
1001 11 1.114081
1002 11 0.995402
1003 11 1.000506
1004 11 1.066829
1005 11 1.005591
1006 11 1.108102
1007 11 1.024495
1008 11 1.033714
1009 11 0.997879
1010 11 1.069582
1011 11 1.037675
1012 11 1.020619
1013 11 1.122677
1014 11 1.002683
1015 11 1.054402
1016 11 0.999416
1017 11 1.147150
1018 11 1.052568
1019 11 1.015652
1020 11 1.010632
1021 11 1.033277
1022 11 1.046496
1023 11 0.993297
1024 11 1.003182
1025 11 1.015770
1026 11 1.028962
1027 11 1.030570
1028 11 1.025309
1029 11 1.053374
1030 11 0.995354
1031 11 1.085759
1032 11 1.032238
1033 11 1.315577
1034 11 0.999896
1035 11 1.008100
1036 11 1.195753
1037 11 0.997176
1038 11 1.076117
1039 11 1.037847
1040 11 1.045704
1041 11 1.024725
1042 11 0.994228
1043 11 1.053837
1044 11 1.031217
1045 11 1.017061
1046 11 1.055216
1047 11 1.089629
1048 11 1.051915
1049 11 0.990357
1050 11 1.119773
1051 11 1.008500
1052 11 1.002247
1053 11 1.058414
1054 11 0.998387
1055 11 0.997904
1056 11 1.084905
1057 11 1.012903
1058 11 0.992149
1059 11 0.997793
1060 11 1.082530
1061 11 0.995687
1062 11 1.001899
1063 11 0.996519
1064 11 1.023281
1065 11 1.112028
1066 11 1.102902
1067 11 1.001506
1068 11 1.027345
1069 11 1.016954
1070 11 1.001542
1071 11 1.017987
1072 11 1.081743
1073 11 1.017073
1074 11 1.001072
1075 11 1.061343
1076 11 1.078048
1077 11 1.038137
1078 11 1.003712
1079 11 1.081944
1080 11 1.040574
1081 11 0.999926
1082 11 1.002324
1083 11 1.074686
1084 11 1.000704
1085 11 1.029501
1086 11 1.069024
1087 11 1.075198
1088 11 1.007223
1089 11 1.111274
1090 11 1.170937
1091 11 1.167073
1092 11 1.139428
1093 11 1.141153
1094 11 1.093415
1095 11 1.006284
1096 11 1.046487
1097 11 0.997666
1098 11 1.027047
1099 11 1.139884
1100 12 1.059582
1101 12 0.992306
1102 12 0.976552
1103 12 1.088760
1104 12 1.059220
1105 12 1.106006
1106 12 0.994910
1107 12 1.008099
1108 12 1.037407
1109 12 1.127103
1110 12 1.032580
1111 12 1.109896
1112 12 1.069997
1113 12 1.066607
1114 12 1.061458
1115 12 1.091243
1116 12 1.033182
1117 12 0.994949
1118 12 1.025311
1119 12 1.083402
1120 12 1.033823
1121 12 1.131409
1122 12 0.998056
1123 12 1.043454
1124 12 0.997167
1125 12 1.003126
1126 12 1.039286
1127 12 1.046808
1128 12 1.005172
1129 12 0.989742
1130 12 1.023751
1131 12 1.013393
1132 12 0.996421
1133 12 1.002805
1134 12 1.054908
1135 12 1.013704
1136 12 1.120416
1137 12 1.003273
1138 12 1.201599
1139 12 1.105501
1140 12 1.111826
1141 12 0.991110
1142 12 1.037614
1143 12 0.999184
1144 12 1.095656
1145 12 1.031629
1146 12 1.111490
1147 12 1.111444
1148 12 0.998300
1149 12 1.122283
1150 12 1.033769
1151 12 1.111566
1152 12 1.083217
1153 12 0.990318
1154 12 1.011547
1155 12 1.059627
1156 12 0.997617
1157 12 1.004958
1158 12 1.076950
1159 12 1.023133
1160 12 1.077752
1161 12 1.037225
1162 12 1.002187
1163 12 1.000497
1164 12 0.998276
1165 12 1.002470
1166 12 1.019623
1167 12 1.003246
1168 12 1.002415
1169 12 1.031526
1170 12 1.011352
1171 12 1.006966
1172 12 1.082197
1173 12 0.991004
1174 12 1.092649
1175 12 1.001699
1176 12 0.993794
1177 12 0.996929
1178 12 0.996343
1179 12 1.133487
1180 12 1.058775
1181 12 1.119126
1182 12 1.006390
1183 12 1.119886
1184 12 1.011318
1185 12 0.996158
1186 12 0.991080
1187 12 0.995564
1188 12 0.996863
1189 12 0.968992
1190 12 0.997826
1191 12 1.035935
1192 12 0.993584
1193 12 1.130149
1194 12 1.072225
1195 12 1.074365
1196 12 1.000223
1197 12 1.004202
1198 12 1.000727
1199 12 1.036863
1200 13 0.982591
1201 13 1.105032
1202 13 1.111283
1203 13 1.026114
1204 13 1.051502
1205 13 0.995066
1206 13 1.004659
1207 13 1.031087
1208 13 1.097265
1209 13 0.998943
1210 13 1.018543
1211 13 0.996387
1212 13 1.011743
1213 13 1.054929
1214 13 1.007547
1215 13 1.033076
1216 13 1.001312
1217 13 1.016734
1218 13 1.033688
1219 13 1.029933
1220 13 0.996551
1221 13 1.024740
1222 13 1.004347
1223 13 1.002460
1224 13 1.072726
1225 13 1.071393
1226 13 0.993331
1227 13 1.002619
1228 13 1.080734
1229 13 0.997338
1230 13 1.030611
1231 13 1.057472
1232 13 0.997519
1233 13 1.116282
1234 13 1.083218
1235 13 1.028313
1236 13 1.083975
1237 13 1.005888
1238 13 1.144551
1239 13 1.003693
1240 13 1.001609
1241 13 1.053619
1242 13 1.089835
1243 13 1.008368
1244 13 1.059074
1245 13 1.029433
1246 13 1.078775
1247 13 1.013165
1248 13 1.024011
1249 13 0.990823
1250 13 1.069539
1251 13 1.091983
1252 13 1.031806
1253 13 1.122286
1254 13 1.127672
1255 13 1.060823
1256 13 0.993265
1257 13 1.013289
1258 13 0.996439
1259 13 1.034176
1260 13 1.004465
1261 13 1.039646
1262 13 1.096685
1263 13 1.072110
1264 13 1.000250
1265 13 0.992340
1266 13 1.198438
1267 13 1.036906
1268 13 1.025195
1269 13 1.066788
1270 13 1.017527
1271 13 0.982484
1272 13 1.042272
1273 13 0.996150
1274 13 0.997617
1275 13 0.973036
1276 13 1.007578
1277 13 1.071558
1278 13 1.137051
1279 13 0.990230
1280 13 1.078093
1281 13 1.028088
1282 13 1.102533
1283 13 1.065069
1284 13 1.073055
1285 13 0.997702
1286 13 0.990799
1287 13 0.999969
1288 13 1.056579
1289 13 0.998180
1290 13 1.046566
1291 13 1.067897
1292 13 1.041654
1293 13 1.007321
1294 13 1.057246
1295 13 1.176837
1296 13 1.013509
1297 13 0.998844
1298 13 0.989904
1299 13 1.076407
1300 14 1.051352
1301 14 1.004777
1302 14 1.044526
1303 14 1.027841
1304 14 1.024433
1305 14 0.992947
1306 14 1.031419
1307 14 0.997962
1308 14 1.072693
1309 14 1.099770
1310 14 1.002060
1311 14 1.014286
1312 14 1.058911
1313 14 1.099982
1314 14 1.082235
1315 14 1.055988
1316 14 1.017034
1317 14 0.999370
1318 14 1.000585
1319 14 1.024963
1320 14 1.003501
1321 14 1.066138
1322 14 0.957519
1323 14 1.009512
1324 14 1.079666
1325 14 1.025786
1326 14 1.015194
1327 14 1.081537
1328 14 1.079615
1329 14 1.024701
1330 14 1.007976
1331 14 1.073797
1332 14 1.062784
1333 14 1.016617
1334 14 1.000033
1335 14 1.000057
1336 14 1.025555
1337 14 1.019549
1338 14 1.047607
1339 14 1.078290
1340 14 1.132826
1341 14 1.023303
1342 14 1.112607
1343 14 1.044714
1344 14 1.000680
1345 14 1.000224
1346 14 0.999432
1347 14 1.039511
1348 14 1.123973
1349 14 1.052737
1350 14 1.038144
1351 14 0.984302
1352 14 0.990840
1353 14 0.998376
1354 14 1.073782
1355 14 1.086189
1356 14 0.995256
1357 14 0.994015
1358 14 1.091565
1359 14 1.004888
1360 14 0.998204
1361 14 0.999732
1362 14 1.049489
1363 14 1.029638
1364 14 1.023811
1365 14 0.998389
1366 14 0.992180
1367 14 1.006750
1368 14 1.164192
1369 14 1.032669
1370 14 0.992768
1371 14 1.006168
1372 14 0.986354
1373 14 1.131531
1374 14 1.034701
1375 14 1.098100
1376 14 1.190486
1377 14 1.046295
1378 14 1.002333
1379 14 0.993116
1380 14 1.161245
1381 14 1.098875
1382 14 1.021812
1383 14 1.025573
1384 14 0.997626
1385 14 1.064904
1386 14 1.092587
1387 14 1.032318
1388 14 1.022089
1389 14 1.021052
1390 14 1.021290
1391 14 1.012161
1392 14 1.028571
1393 14 1.011063
1394 14 1.025463
1395 14 1.003103
1396 14 1.067011
1397 14 1.025717
1398 14 1.040934
1399 14 1.002033
1400 15 1.100892
1401 15 0.997522
1402 15 0.999284
1403 15 1.056731
1404 15 1.097285
1405 15 1.116698
1406 15 0.998987
1407 15 0.998047
1408 15 1.001450
1409 15 1.046252
1410 15 1.017380
1411 15 0.997613
1412 15 0.998181
1413 15 1.023483
1414 15 1.065558
1415 15 1.006324
1416 15 0.991670
1417 15 1.062190
1418 15 1.018367
1419 15 1.028375
1420 15 1.093297
1421 15 1.065509
1422 15 1.109798
1423 15 1.012099
1424 15 0.999758
1425 15 0.997092
1426 15 0.997221
1427 15 0.997761
1428 15 0.990152
1429 15 1.023288
1430 15 0.997890
1431 15 1.088704
1432 15 1.024566
1433 15 0.984147
1434 15 1.005300
1435 15 1.018041
1436 15 0.996741
1437 15 1.008475
1438 15 1.052876
1439 15 0.988791
1440 15 1.083520
1441 15 1.047485
1442 15 1.007091
1443 15 1.017998
1444 15 1.102894
1445 15 1.049124
1446 15 1.026176
1447 15 1.119117
1448 15 0.999250
1449 15 1.036943
1450 15 1.022460
1451 15 1.077509
1452 15 0.996031
1453 15 1.018195
1454 15 1.000085
1455 15 1.005123
1456 15 1.069483
1457 15 1.003868
1458 15 1.076214
1459 15 1.009010
1460 15 1.107781
1461 15 1.080321
1462 15 1.015895
1463 15 1.086085
1464 15 1.025303
1465 15 1.007980
1466 15 0.996371
1467 15 1.044412
1468 15 1.036292
1469 15 1.063316
1470 15 1.053811
1471 15 1.005340
1472 15 0.992152
1473 15 0.992889
1474 15 1.069510
1475 15 1.147910
1476 15 1.024876
1477 15 0.994367
1478 15 1.010198
1479 15 1.013382
1480 15 1.029509
1481 15 1.125660
1482 15 1.027198
1483 15 1.088843
1484 15 1.037001
1485 15 1.125128
1486 15 0.999394
1487 15 1.062808
1488 15 0.999233
1489 15 1.018023
1490 15 0.997019
1491 15 1.070039
1492 15 1.003698
1493 15 1.072452
1494 15 1.104554
1495 15 1.027951
1496 15 1.146538
1497 15 1.066290
1498 15 1.226730
1499 15 1.038572
1500 16 1.073730
1501 16 1.029535
1502 16 1.000499
1503 16 0.986968
1504 16 1.058192
1505 16 1.040458
1506 16 0.983313
1507 16 1.027953
1508 16 1.105361
1509 16 0.997042
1510 16 1.027321
1511 16 1.046932
1512 16 1.036179
1513 16 0.993837
1514 16 0.991490
1515 16 1.003439
1516 16 1.001100
1517 16 1.041713
1518 16 0.995436
1519 16 1.076809
1520 16 0.999280
1521 16 1.000957
1522 16 0.997675
1523 16 0.998579
1524 16 0.997286
1525 16 1.033079
1526 16 1.017624
1527 16 1.040371
1528 16 1.087129
1529 16 1.009810
1530 16 1.078546
1531 16 0.999952
1532 16 0.979763
1533 16 1.057653
1534 16 1.021182
1535 16 1.029558
1536 16 1.077574
1537 16 1.071102
1538 16 0.968047
1539 16 1.009718
1540 16 1.021904
1541 16 1.016798
1542 16 1.047782
1543 16 0.991841
1544 16 1.021896
1545 16 0.975526
1546 16 0.998105
1547 16 1.004677
1548 16 0.990409
1549 16 1.057249
1550 16 0.996816
1551 16 1.039496
1552 16 1.039537
1553 16 1.017025
1554 16 1.005563
1555 16 0.994654
1556 16 1.042630
1557 16 1.046825
1558 16 0.998589
1559 16 0.997067
1560 16 1.060150
1561 16 0.988254
1562 16 1.125802
1563 16 0.997908
1564 16 1.028419
1565 16 1.017959
1566 16 1.051262
1567 16 1.005572
1568 16 1.007166
1569 16 0.995545
1570 16 0.996331
1571 16 1.008533
1572 16 1.073066
1573 16 0.999539
1574 16 0.988327
1575 16 1.070498
1576 16 1.001241
1577 16 0.989418
1578 16 1.008313
1579 16 1.116926
1580 16 1.115485
1581 16 1.083507
1582 16 0.989660
1583 16 1.096182
1584 16 1.272006
1585 16 1.012974
1586 16 0.995505
1587 16 0.999092
1588 16 1.015607
1589 16 0.993197
1590 16 0.996587
1591 16 0.985441
1592 16 1.151373
1593 16 0.985173
1594 16 0.999709
1595 16 1.078667
1596 16 1.045432
1597 16 1.011495
1598 16 1.031968
1599 16 1.086533
1600 17 1.021198
1601 17 1.004388
1602 17 1.035859
1603 17 1.063906
1604 17 1.024025
1605 17 1.003090
1606 17 1.052341
1607 17 1.099453
1608 17 1.015292
1609 17 1.045071
1610 17 1.035753
1611 17 1.086251
1612 17 1.045295
1613 17 1.007359
1614 17 1.073372
1615 17 0.987981
1616 17 1.059594
1617 17 1.000921
1618 17 1.021133
1619 17 1.096721
1620 17 1.001068
1621 17 0.998790
1622 17 1.068624
1623 17 0.997209
1624 17 1.005555
1625 17 1.085133
1626 17 1.039226
1627 17 1.056429
1628 17 0.996794
1629 17 1.091350
1630 17 1.055854
1631 17 1.169866
1632 17 0.991345
1633 17 1.002628
1634 17 0.995440
1635 17 1.065449
1636 17 0.990964
1637 17 0.987892
1638 17 0.994618
1639 17 1.047441
1640 17 1.011235
1641 17 1.038527
1642 17 1.058575
1643 17 1.120735
1644 17 1.004094
1645 17 1.041567
1646 17 0.990032
1647 17 0.995260
1648 17 1.073248
1649 17 1.052109
1650 17 0.989139
1651 17 1.058543
1652 17 0.997072
1653 17 1.009444
1654 17 0.996918
1655 17 0.991529
1656 17 0.987484
1657 17 1.000280
1658 17 1.028175
1659 17 1.064670
1660 17 1.298547
1661 17 1.001425
1662 17 0.995255
1663 17 0.982917
1664 17 0.994780
1665 17 1.106910
1666 17 0.964918
1667 17 1.095019
1668 17 1.022649
1669 17 1.075072
1670 17 1.048846
1671 17 1.092729
1672 17 1.021544
1673 17 1.089538
1674 17 1.000726
1675 17 1.068755
1676 17 1.012822
1677 17 0.997928
1678 17 1.062577
1679 17 1.042000
1680 17 1.005869
1681 17 0.997568
1682 17 1.070892
1683 17 1.042039
1684 17 1.035243
1685 17 1.025569
1686 17 1.032027
1687 17 1.058639
1688 17 0.990607
1689 17 1.056057
1690 17 1.020733
1691 17 1.009116
1692 17 1.055550
1693 17 0.986908
1694 17 1.019409
1695 17 1.069854
1696 17 1.042152
1697 17 1.060239
1698 17 0.994930
1699 17 1.002583
1700 18 1.043269
1701 18 0.984959
1702 18 0.997712
1703 18 0.991163
1704 18 1.099056
1705 18 1.038602
1706 18 0.992563
1707 18 1.007646
1708 18 0.999080
1709 18 0.998379
1710 18 1.005776
1711 18 0.995109
1712 18 1.033632
1713 18 0.992915
1714 18 1.045619
1715 18 1.004432
1716 18 1.053964
1717 18 1.042278
1718 18 1.080997
1719 18 1.069791
1720 18 0.997499
1721 18 1.011017
1722 18 1.057211
1723 18 1.085106
1724 18 0.960115
1725 18 1.034744
1726 18 1.037728
1727 18 1.033094
1728 18 1.007643
1729 18 1.002740
1730 18 1.016232
1731 18 1.066497
1732 18 1.001140
1733 18 1.032427
1734 18 1.028557
1735 18 1.022325
1736 18 1.009485
1737 18 1.067660
1738 18 1.034998
1739 18 1.050864
1740 18 1.002002
1741 18 1.020923
1742 18 1.003044
1743 18 1.019127
1744 18 1.021997
1745 18 1.023177
1746 18 1.007063
1747 18 1.028677
1748 18 1.001086
1749 18 0.999248
1750 18 1.011281
1751 18 1.000197
1752 18 1.057998
1753 18 0.998081
1754 18 0.993349
1755 18 0.996723
1756 18 0.987337
1757 18 1.035066
1758 18 0.994941
1759 18 1.108752
1760 18 1.070113
1761 18 1.026671
1762 18 0.999491
1763 18 0.990897
1764 18 1.016392
1765 18 1.017662
1766 18 0.992815
1767 18 1.056779
1768 18 1.002526
1769 18 0.993260
1770 18 1.004579
1771 18 1.012035
1772 18 1.080292
1773 18 1.042394
1774 18 1.057721
1775 18 1.083893
1776 18 1.050331
1777 18 0.988616
1778 18 1.027912
1779 18 1.048510
1780 18 1.084391
1781 18 0.996870
1782 18 1.035349
1783 18 1.025103
1784 18 1.015330
1785 18 1.087269
1786 18 1.031936
1787 18 0.982726
1788 18 1.009289
1789 18 1.050401
1790 18 1.153731
1791 18 1.006598
1792 18 1.112084
1793 18 1.099998
1794 18 1.044567
1795 18 1.046622
1796 18 1.053957
1797 18 0.997188
1798 18 1.039476
1799 18 1.007836
