# Batch convergence for: model=snn-ae encoding=poisson architecture=recurrent v_th=1 alpha=0.99 run=1
batch_num epoch batch_loss
0 1 0.082031
1 1 0.140620
2 1 0.288376
3 1 0.227057
4 1 0.827264
5 1 0.367824
6 1 0.401137
7 1 0.101654
8 1 0.134085
9 1 0.416216
10 1 0.191610
11 1 0.252113
12 1 0.167853
13 1 0.257569
14 1 0.264692
15 1 0.224052
16 1 0.377654
17 1 0.387281
18 1 0.317478
19 1 0.120990
20 1 0.186294
21 1 0.019530
22 1 0.364990
23 1 0.258772
24 1 0.153793
25 1 0.333397
26 1 0.178833
27 1 0.237361
28 1 0.138772
29 1 0.307771
30 1 0.326592
31 1 0.143788
32 1 0.268786
33 1 0.268818
34 1 0.295208
35 1 0.219815
36 1 0.116969
37 1 0.223253
38 1 0.081866
39 1 0.254207
40 1 0.281835
41 1 0.358090
42 1 0.103134
43 1 0.085742
44 1 0.252563
45 1 0.077878
46 1 0.097347
47 1 0.261480
48 1 0.171396
49 1 0.244925
50 1 0.085356
51 1 0.266555
52 1 0.275210
53 1 0.027276
54 1 1.116425
55 1 0.128515
56 1 0.275885
57 1 0.162497
58 1 0.128435
59 1 0.448162
60 1 0.175252
61 1 0.262297
62 1 0.335307
63 1 0.205228
64 1 0.254546
65 1 0.101161
66 1 0.019463
67 1 0.686883
68 1 0.122611
69 1 0.070062
70 1 0.128294
71 1 0.023364
72 1 0.031127
73 1 0.275690
74 1 0.217230
75 1 0.265484
76 1 0.224133
77 1 0.224456
78 1 0.177609
79 1 0.227158
80 1 1.139159
81 1 0.163101
82 1 0.348694
83 1 0.241684
84 1 0.186601
85 1 0.332555
86 1 0.112615
87 1 0.292193
88 1 0.315002
89 1 0.249564
90 1 0.069288
91 1 0.255028
92 1 0.092945
93 1 0.264790
94 1 0.162709
95 1 0.232194
96 1 0.160271
97 1 0.194090
98 1 0.188433
99 1 0.229055
100 2 0.096938
101 2 0.184920
102 2 0.093147
103 2 0.134693
104 2 0.234674
105 2 0.175023
106 2 0.251088
107 2 0.139598
108 2 0.110008
109 2 0.155122
110 2 0.149372
111 2 0.055045
112 2 0.153497
113 2 0.955073
114 2 0.104763
115 2 0.183521
116 2 0.085290
117 2 0.187124
118 2 0.072381
119 2 0.232824
120 2 0.139602
121 2 0.112694
122 2 0.023297
123 2 0.169186
124 2 0.089053
125 2 0.220861
126 2 0.246487
127 2 0.188201
128 2 0.338497
129 2 0.334858
130 2 0.216915
131 2 0.127881
132 2 0.295153
133 2 0.170375
134 2 0.209213
135 2 0.116278
136 2 0.112187
137 2 0.116124
138 2 0.328175
139 2 0.277479
140 2 0.178364
141 2 0.331212
142 2 0.292260
143 2 0.192764
144 2 0.120019
145 2 0.151108
146 2 0.252312
147 2 0.181033
148 2 0.150894
149 2 0.296896
150 2 0.074932
151 2 0.100741
152 2 0.131732
153 2 0.104384
154 2 0.162254
155 2 0.019352
156 2 0.730837
157 2 0.069568
158 2 0.177150
159 2 0.139184
160 2 0.184981
161 2 0.255530
162 2 0.172531
163 2 0.348792
164 2 0.107798
165 2 0.223621
166 2 0.096397
167 2 0.186113
168 2 0.318510
169 2 0.208640
170 2 0.128494
171 2 0.668730
172 2 0.200907
173 2 0.195756
174 2 0.171333
175 2 0.255904
176 2 0.119631
177 2 0.061188
178 2 0.156561
179 2 0.266246
180 2 0.316814
181 2 0.155950
182 2 0.131356
183 2 0.247198
184 2 0.227786
185 2 0.019359
186 2 0.216274
187 2 0.223461
188 2 0.189075
189 2 0.233521
190 2 0.225597
191 2 0.149157
192 2 0.178731
193 2 0.212276
194 2 0.975154
195 2 0.188839
196 2 0.165926
197 2 0.097695
198 2 0.108017
199 2 0.140108
200 3 0.188852
201 3 0.248359
202 3 0.155823
203 3 0.219927
204 3 0.048112
205 3 0.274653
206 3 0.127159
207 3 0.023202
208 3 0.947557
209 3 0.077030
210 3 0.176121
211 3 0.100134
212 3 0.119422
213 3 0.415151
214 3 0.157966
215 3 0.126997
216 3 0.227187
217 3 0.142409
218 3 0.946871
219 3 0.089878
220 3 0.216741
221 3 0.107613
222 3 0.080792
223 3 0.115525
224 3 0.231486
225 3 0.177115
226 3 0.152771
227 3 0.160725
228 3 0.188494
229 3 0.042369
230 3 0.233562
231 3 0.026924
232 3 0.178034
233 3 0.126887
234 3 0.149894
235 3 0.172593
236 3 0.154561
237 3 0.316753
238 3 0.194364
239 3 0.398355
240 3 0.149847
241 3 0.184584
242 3 0.179324
243 3 0.184292
244 3 0.283893
245 3 0.182972
246 3 0.263030
247 3 0.164267
248 3 0.138284
249 3 0.103690
250 3 0.230852
251 3 0.184483
252 3 0.775917
253 3 0.172553
254 3 0.229100
255 3 0.069228
256 3 0.238353
257 3 0.084453
258 3 0.147653
259 3 0.134616
260 3 0.207347
261 3 0.168854
262 3 0.225283
263 3 0.103650
264 3 0.188363
265 3 0.245626
266 3 0.188741
267 3 0.095857
268 3 0.165024
269 3 0.255149
270 3 0.107418
271 3 0.162784
272 3 0.118886
273 3 0.349042
274 3 0.157225
275 3 0.160107
276 3 0.019276
277 3 0.026865
278 3 0.258991
279 3 0.141798
280 3 0.145648
281 3 0.092121
282 3 0.243503
283 3 0.084327
284 3 0.700831
285 3 0.187576
286 3 0.218313
287 3 0.118840
288 3 0.100110
289 3 0.110976
290 3 0.168426
291 3 0.306701
292 3 0.145179
293 3 0.145651
294 3 0.167455
295 3 0.042175
296 3 0.126364
297 3 0.210675
298 3 0.188982
299 3 0.268188
300 4 0.209164
301 4 0.222852
302 4 0.168576
303 4 0.168314
304 4 0.150153
305 4 0.199022
306 4 0.076585
307 4 0.240372
308 4 0.214464
309 4 0.268238
310 4 0.158500
311 4 0.122460
312 4 0.150168
313 4 0.208323
314 4 0.152934
315 4 0.151919
316 4 0.055657
317 4 0.114668
318 4 0.235383
319 4 0.137366
320 4 0.210312
321 4 0.099458
322 4 0.146977
323 4 0.244727
324 4 0.126186
325 4 0.206368
326 4 0.190212
327 4 0.191322
328 4 0.026814
329 4 0.110561
330 4 0.137496
331 4 0.155917
332 4 0.194773
333 4 0.125952
334 4 0.205567
335 4 0.099579
336 4 0.087768
337 4 0.186873
338 4 0.068710
339 4 0.172408
340 4 0.118444
341 4 0.158085
342 4 0.156694
343 4 0.019200
344 4 0.760797
345 4 0.210073
346 4 0.149124
347 4 0.636837
348 4 0.068851
349 4 0.170514
350 4 0.280855
351 4 0.132291
352 4 0.164140
353 4 0.155921
354 4 0.026764
355 4 0.123563
356 4 0.166179
357 4 0.225281
358 4 0.200348
359 4 0.047153
360 4 0.030637
361 4 0.244827
362 4 0.245339
363 4 0.183173
364 4 0.182855
365 4 0.198308
366 4 0.137300
367 4 0.128343
368 4 0.080122
369 4 0.080050
370 4 0.042015
371 4 0.042071
372 4 0.118209
373 4 0.133083
374 4 0.127230
375 4 0.083850
376 4 0.095176
377 4 0.110592
378 4 0.141011
379 4 0.224320
380 4 0.125724
381 4 0.091591
382 4 0.278106
383 4 1.023483
384 4 0.260368
385 4 0.141788
386 4 0.263378
387 4 0.248831
388 4 0.118000
389 4 0.118064
390 4 0.148633
391 4 0.215441
392 4 0.160769
393 4 0.228030
394 4 0.181257
395 4 0.889305
396 4 0.140775
397 4 0.326552
398 4 0.303998
399 4 0.125561
400 5 0.189511
401 5 0.219735
402 5 0.087383
403 5 0.076167
404 5 0.117698
405 5 0.098907
406 5 0.201320
407 5 0.657385
408 5 0.102652
409 5 0.252871
410 5 0.297570
411 5 0.987684
412 5 0.159517
413 5 0.019202
414 5 0.106510
415 5 0.236164
416 5 0.026669
417 5 0.271384
418 5 0.083539
419 5 0.125248
420 5 0.182305
421 5 0.026668
422 5 0.140410
423 5 0.068294
424 5 0.151771
425 5 0.147977
426 5 0.109882
427 5 0.117694
428 5 0.155959
429 5 0.041831
430 5 0.248409
431 5 0.238871
432 5 0.185614
433 5 0.091225
434 5 0.167631
435 5 0.098922
436 5 0.168323
437 5 0.144276
438 5 0.116734
439 5 0.195430
440 5 0.256050
441 5 0.110024
442 5 0.163088
443 5 0.094812
444 5 0.136291
445 5 0.068465
446 5 0.140204
447 5 0.185571
448 5 0.182146
449 5 0.166849
450 5 0.204822
451 5 0.263782
452 5 0.181658
453 5 0.030471
454 5 0.166629
455 5 0.143988
456 5 0.161589
457 5 0.136344
458 5 0.223789
459 5 0.117483
460 5 0.193045
461 5 0.079633
462 5 0.242427
463 5 0.117528
464 5 0.211887
465 5 0.125022
466 5 0.102600
467 5 0.106131
468 5 0.135997
469 5 0.166374
470 5 0.176645
471 5 0.165378
472 5 0.023026
473 5 0.208271
474 5 0.142259
475 5 0.635223
476 5 0.221428
477 5 0.114919
478 5 0.117253
479 5 0.083260
480 5 0.145573
481 5 0.903595
482 5 0.147781
483 5 0.169239
484 5 0.041801
485 5 0.192276
486 5 0.204122
487 5 0.308323
488 5 0.181438
489 5 0.147347
490 5 0.153318
491 5 0.124632
492 5 0.353720
493 5 0.210457
494 5 0.215737
495 5 0.121030
496 5 0.258611
497 5 0.128746
498 5 0.182801
499 5 0.111077
500 6 0.124704
501 6 0.019171
502 6 0.163402
503 6 0.167999
504 6 0.275708
505 6 0.247075
506 6 0.019104
507 6 0.196357
508 6 0.656590
509 6 0.162394
510 6 0.140894
511 6 0.141601
512 6 0.165953
513 6 0.120864
514 6 0.222923
515 6 0.241549
516 6 0.079347
517 6 0.094381
518 6 0.109227
519 6 0.203378
520 6 0.203793
521 6 0.192011
522 6 0.188286
523 6 0.135586
524 6 0.124512
525 6 0.216729
526 6 0.139467
527 6 0.225801
528 6 0.067911
529 6 0.147018
530 6 0.207394
531 6 0.143311
532 6 0.235596
533 6 0.143408
534 6 0.154313
535 6 0.116960
536 6 0.232221
537 6 0.124227
538 6 0.195982
539 6 0.116682
540 6 0.157805
541 6 0.212173
542 6 0.101774
543 6 0.079284
544 6 0.180721
545 6 0.253811
546 6 0.217592
547 6 0.211507
548 6 0.135842
549 6 0.165608
550 6 0.154585
551 6 0.041713
552 6 0.098335
553 6 0.041607
554 6 0.149231
555 6 0.128292
556 6 0.198344
557 6 0.195374
558 6 0.191833
559 6 0.030385
560 6 0.116741
561 6 0.135552
562 6 0.068047
563 6 0.116743
564 6 0.082150
565 6 0.082820
566 6 0.146653
567 6 0.289965
568 6 0.180830
569 6 0.135589
570 6 0.091413
571 6 0.207035
572 6 0.094013
573 6 0.082796
574 6 0.227613
575 6 0.112824
576 6 0.022990
577 6 0.161084
578 6 0.116528
579 6 0.075505
580 6 0.123976
581 6 0.897883
582 6 0.156887
583 6 0.215893
584 6 0.272404
585 6 0.086467
586 6 0.193641
587 6 0.255061
588 6 0.105396
589 6 0.700967
590 6 0.957377
591 6 0.124150
592 6 0.090501
593 6 0.183849
594 6 0.165183
595 6 0.223392
596 6 0.130034
597 6 0.116590
598 6 0.134894
599 6 0.236883
600 7 0.123992
601 7 0.288370
602 7 0.093794
603 7 0.262951
604 7 0.019081
605 7 0.138888
606 7 0.211784
607 7 0.282631
608 7 0.165170
609 7 0.134752
610 7 0.183392
611 7 0.210423
612 7 0.180255
613 7 0.146539
614 7 0.142586
615 7 0.157006
616 7 0.123837
617 7 0.041578
618 7 0.134871
619 7 0.108530
620 7 0.026494
621 7 0.117777
622 7 0.091647
623 7 0.104896
624 7 0.078869
625 7 0.116172
626 7 0.209941
627 7 0.202465
628 7 0.112343
629 7 0.138601
630 7 0.272354
631 7 0.150193
632 7 0.127745
633 7 0.225810
634 7 0.145964
635 7 0.086159
636 7 0.052739
637 7 0.108800
638 7 0.186381
639 7 0.194816
640 7 0.134580
641 7 0.161128
642 7 0.168150
643 7 0.168225
644 7 0.116141
645 7 0.105025
646 7 0.154398
647 7 0.190663
648 7 0.194752
649 7 0.026451
650 7 0.152637
651 7 0.659169
652 7 0.233557
653 7 0.616122
654 7 0.123296
655 7 0.271898
656 7 0.103549
657 7 0.143214
658 7 0.219249
659 7 0.117886
660 7 0.075199
661 7 0.151008
662 7 0.105016
663 7 0.157211
664 7 0.183189
665 7 0.223855
666 7 0.174367
667 7 0.182641
668 7 0.136541
669 7 0.127505
670 7 0.145777
671 7 0.097747
672 7 0.893849
673 7 0.918224
674 7 0.153433
675 7 0.227719
676 7 0.208405
677 7 0.164256
678 7 0.119707
679 7 0.158661
680 7 0.212685
681 7 0.109345
682 7 0.112371
683 7 0.272653
684 7 0.190008
685 7 0.165609
686 7 0.303763
687 7 0.156590
688 7 0.048859
689 7 0.115982
690 7 0.164127
691 7 0.286946
692 7 0.041320
693 7 0.030268
694 7 0.093521
695 7 0.233477
696 7 0.078634
697 7 0.101062
698 7 0.067602
699 7 0.179035
700 8 0.306776
701 8 0.123252
702 8 0.134528
703 8 0.605445
704 8 0.163902
705 8 0.116629
706 8 0.041443
707 8 0.189850
708 8 0.163907
709 8 0.127123
710 8 0.293251
711 8 0.205121
712 8 0.085753
713 8 0.082088
714 8 0.153001
715 8 0.362438
716 8 0.915226
717 8 0.223360
718 8 0.729717
719 8 0.212132
720 8 0.138554
721 8 0.222916
722 8 0.252597
723 8 0.082002
724 8 0.145089
725 8 0.155280
726 8 0.312539
727 8 0.168445
728 8 0.141660
729 8 0.122981
730 8 0.067139
731 8 0.104178
732 8 0.163609
733 8 0.181873
734 8 0.137672
735 8 0.104411
736 8 0.115440
737 8 0.177758
738 8 0.135600
739 8 0.155732
740 8 0.141535
741 8 0.204495
742 8 0.156825
743 8 0.163804
744 8 0.193444
745 8 0.115537
746 8 0.030223
747 8 0.166896
748 8 0.097332
749 8 0.093023
750 8 0.111520
751 8 0.200826
752 8 0.134114
753 8 0.089636
754 8 0.178703
755 8 0.145315
756 8 0.181745
757 8 0.179614
758 8 0.100420
759 8 0.158049
760 8 0.122504
761 8 0.211082
762 8 0.214653
763 8 0.100708
764 8 0.177941
765 8 0.115257
766 8 0.137612
767 8 0.193242
768 8 0.260374
769 8 0.019171
770 8 0.115078
771 8 0.133397
772 8 0.096868
773 8 0.219538
774 8 0.143084
775 8 0.078315
776 8 0.115193
777 8 0.228241
778 8 0.136042
779 8 0.023020
780 8 0.207530
781 8 0.137470
782 8 0.041185
783 8 0.026405
784 8 0.058452
785 8 0.178064
786 8 0.237433
787 8 0.067324
788 8 0.178126
789 8 0.019092
790 8 0.133716
791 8 0.135563
792 8 0.181698
793 8 0.900088
794 8 0.227352
795 8 0.078230
796 8 0.115348
797 8 0.160366
798 8 0.111677
799 8 0.159512
800 9 0.199065
801 9 0.154278
802 9 0.144443
803 9 0.129258
804 9 0.221819
805 9 0.170656
806 9 0.115198
807 9 0.146559
808 9 0.177873
809 9 0.228344
810 9 0.144802
811 9 0.137294
812 9 0.258488
813 9 0.115007
814 9 0.122161
815 9 0.158280
816 9 0.152127
817 9 0.099368
818 9 0.949765
819 9 0.140990
820 9 0.122537
821 9 0.153581
822 9 0.208453
823 9 0.188497
824 9 0.111497
825 9 0.115144
826 9 0.177591
827 9 0.135799
828 9 0.259404
829 9 0.208199
830 9 0.048599
831 9 0.218793
832 9 0.107619
833 9 0.103937
834 9 0.181234
835 9 0.019195
836 9 0.178272
837 9 0.144715
838 9 0.203956
839 9 0.147905
840 9 0.180936
841 9 0.210686
842 9 0.203341
843 9 0.078003
844 9 0.210638
845 9 0.041274
846 9 0.133252
847 9 0.236565
848 9 0.057035
849 9 0.133514
850 9 0.138218
851 9 0.234514
852 9 0.092786
853 9 0.258607
854 9 0.136774
855 9 0.121746
856 9 0.107070
857 9 0.081439
858 9 0.162459
859 9 0.195334
860 9 0.207477
861 9 0.078029
862 9 0.096863
863 9 0.122128
864 9 0.030161
865 9 0.114656
866 9 0.212355
867 9 0.133367
868 9 0.180475
869 9 0.103552
870 9 0.081440
871 9 0.144342
872 9 0.110938
873 9 0.144013
874 9 0.199550
875 9 0.203277
876 9 0.023037
877 9 0.066726
878 9 0.269612
879 9 0.158805
880 9 0.092480
881 9 0.176795
882 9 0.198994
883 9 0.096427
884 9 0.216731
885 9 0.114395
886 9 0.026378
887 9 0.597048
888 9 0.136501
889 9 0.182462
890 9 0.162750
891 9 0.913149
892 9 0.148755
893 9 0.126486
894 9 0.151224
895 9 0.661593
896 9 0.041035
897 9 0.099703
898 9 0.104029
899 9 0.177365
900 10 0.141122
901 10 0.074678
902 10 0.162081
903 10 0.192724
904 10 0.173914
905 10 0.213779
906 10 0.100036
907 10 0.096255
908 10 0.129505
909 10 0.186199
910 10 0.106724
911 10 0.205869
912 10 0.721108
913 10 0.066987
914 10 0.120549
915 10 0.202175
916 10 0.107133
917 10 0.176648
918 10 0.191561
919 10 0.163371
920 10 0.077751
921 10 0.202359
922 10 0.106953
923 10 0.182446
924 10 0.220188
925 10 0.142126
926 10 0.132687
927 10 0.198405
928 10 0.147759
929 10 0.123126
930 10 0.206980
931 10 0.168618
932 10 0.285492
933 10 0.140168
934 10 0.152627
935 10 0.128918
936 10 0.196535
937 10 0.096121
938 10 0.121602
939 10 0.110428
940 10 0.202200
941 10 0.121345
942 10 0.235275
943 10 0.019168
944 10 0.110813
945 10 0.176896
946 10 0.209425
947 10 0.255379
948 10 0.026401
949 10 0.132773
950 10 0.171740
951 10 0.190321
952 10 0.125537
953 10 0.103463
954 10 0.161707
955 10 0.875876
956 10 0.198576
957 10 0.084676
958 10 0.161618
959 10 0.114269
960 10 0.139960
961 10 0.121008
962 10 0.081129
963 10 0.232005
964 10 0.041210
965 10 0.131866
966 10 0.114134
967 10 0.161233
968 10 0.172461
969 10 0.195844
970 10 0.065370
971 10 0.114062
972 10 0.099326
973 10 0.026409
974 10 0.205656
975 10 0.092068
976 10 0.170983
977 10 0.114339
978 10 0.081037
979 10 0.217086
980 10 0.267969
981 10 0.136056
982 10 0.040957
983 10 0.019277
984 10 0.114189
985 10 0.092246
986 10 0.131637
987 10 0.153517
988 10 0.218626
989 10 0.132086
990 10 0.177034
991 10 0.593112
992 10 0.135779
993 10 0.121448
994 10 0.205964
995 10 0.194285
996 10 0.088786
997 10 0.242241
998 10 0.899234
999 10 0.179289
1000 11 0.909778
1001 11 0.114020
1002 11 0.113648
1003 11 0.190617
1004 11 0.175435
1005 11 0.142282
1006 11 0.026394
1007 11 0.205677
1008 11 0.121158
1009 11 0.146070
1010 11 0.131527
1011 11 0.120648
1012 11 0.186252
1013 11 0.879364
1014 11 0.150572
1015 11 0.131786
1016 11 0.196522
1017 11 0.026400
1018 11 0.288545
1019 11 0.191593
1020 11 0.131406
1021 11 0.175503
1022 11 0.117462
1023 11 0.080811
1024 11 0.143075
1025 11 0.153046
1026 11 0.151639
1027 11 0.161227
1028 11 0.233884
1029 11 0.178601
1030 11 0.204345
1031 11 0.160636
1032 11 0.161269
1033 11 0.216300
1034 11 0.040880
1035 11 0.091758
1036 11 0.175536
1037 11 0.019218
1038 11 0.023142
1039 11 0.096050
1040 11 0.074051
1041 11 0.204761
1042 11 0.205543
1043 11 0.132061
1044 11 0.110250
1045 11 0.135507
1046 11 0.121719
1047 11 0.113917
1048 11 0.217781
1049 11 0.088503
1050 11 0.030129
1051 11 0.209151
1052 11 0.139300
1053 11 0.108171
1054 11 0.247125
1055 11 0.124919
1056 11 0.150094
1057 11 0.182357
1058 11 0.275110
1059 11 0.590303
1060 11 0.205085
1061 11 0.077274
1062 11 0.175769
1063 11 0.201091
1064 11 0.145423
1065 11 0.266524
1066 11 0.137074
1067 11 0.099515
1068 11 0.165534
1069 11 0.066136
1070 11 0.019339
1071 11 0.218247
1072 11 0.193290
1073 11 0.119105
1074 11 0.185657
1075 11 0.105817
1076 11 0.095512
1077 11 0.185656
1078 11 0.143625
1079 11 0.131648
1080 11 0.120945
1081 11 0.072135
1082 11 0.106298
1083 11 0.197170
1084 11 0.135060
1085 11 0.635510
1086 11 0.142376
1087 11 0.120813
1088 11 0.077329
1089 11 0.200500
1090 11 0.126810
1091 11 0.156852
1092 11 0.131940
1093 11 0.102784
1094 11 0.208904
1095 11 0.181417
1096 11 0.213607
1097 11 0.066589
1098 11 0.084155
1099 11 0.113281
1100 12 0.181421
1101 12 0.194844
1102 12 0.120285
1103 12 0.199373
1104 12 0.214371
1105 12 0.102300
1106 12 0.113045
1107 12 0.151743
1108 12 0.241949
1109 12 0.095383
1110 12 0.080538
1111 12 0.152324
1112 12 0.119031
1113 12 0.113538
1114 12 0.178320
1115 12 0.195521
1116 12 0.056788
1117 12 0.203410
1118 12 0.200124
1119 12 0.077212
1120 12 0.109870
1121 12 0.105589
1122 12 0.130788
1123 12 0.175406
1124 12 0.041078
1125 12 0.113192
1126 12 0.192729
1127 12 0.066518
1128 12 0.265752
1129 12 0.088249
1130 12 0.135074
1131 12 0.168465
1132 12 0.194449
1133 12 0.149575
1134 12 0.174509
1135 12 0.173314
1136 12 0.113081
1137 12 0.040805
1138 12 0.626140
1139 12 0.193030
1140 12 0.185043
1141 12 0.159992
1142 12 0.141768
1143 12 0.189249
1144 12 0.124456
1145 12 0.618417
1146 12 0.207107
1147 12 0.159992
1148 12 0.023234
1149 12 0.200237
1150 12 0.240154
1151 12 0.249485
1152 12 0.047605
1153 12 0.086757
1154 12 0.120460
1155 12 0.102373
1156 12 0.151483
1157 12 0.161188
1158 12 0.030167
1159 12 0.196362
1160 12 0.073759
1161 12 0.184835
1162 12 0.138566
1163 12 0.264753
1164 12 0.184828
1165 12 0.134545
1166 12 0.138523
1167 12 0.860753
1168 12 0.105884
1169 12 0.076994
1170 12 0.174425
1171 12 0.177336
1172 12 0.142353
1173 12 0.019435
1174 12 0.099099
1175 12 0.158998
1176 12 0.080318
1177 12 0.211695
1178 12 0.109087
1179 12 0.203898
1180 12 0.120203
1181 12 0.112925
1182 12 0.192741
1183 12 0.083824
1184 12 0.890701
1185 12 0.216932
1186 12 0.026462
1187 12 0.102384
1188 12 0.210428
1189 12 0.130266
1190 12 0.113044
1191 12 0.274235
1192 12 0.141956
1193 12 0.098880
1194 12 0.134563
1195 12 0.120324
1196 12 0.095508
1197 12 0.146934
1198 12 0.188683
1199 12 0.157434
1200 13 0.040757
1201 13 0.065845
1202 13 0.199164
1203 13 0.098816
1204 13 0.272601
1205 13 0.162461
1206 13 0.202396
1207 13 0.159925
1208 13 0.148948
1209 13 0.252037
1210 13 0.112652
1211 13 0.142033
1212 13 0.221529
1213 13 0.167834
1214 13 0.131987
1215 13 0.130435
1216 13 0.195707
1217 13 0.184211
1218 13 0.151980
1219 13 0.114897
1220 13 0.155762
1221 13 0.076950
1222 13 0.175797
1223 13 0.147248
1224 13 0.274959
1225 13 0.030172
1226 13 0.181502
1227 13 0.091037
1228 13 0.184096
1229 13 0.143954
1230 13 0.174327
1231 13 0.019488
1232 13 0.133999
1233 13 0.098890
1234 13 0.178424
1235 13 0.215217
1236 13 0.159276
1237 13 0.163445
1238 13 0.155784
1239 13 0.141635
1240 13 0.140768
1241 13 0.159104
1242 13 0.073612
1243 13 0.138091
1244 13 0.119881
1245 13 0.026480
1246 13 0.094926
1247 13 0.112845
1248 13 0.134367
1249 13 0.041023
1250 13 0.318294
1251 13 0.188229
1252 13 0.109259
1253 13 0.023309
1254 13 0.112948
1255 13 0.080118
1256 13 0.119455
1257 13 0.159140
1258 13 0.202564
1259 13 0.623015
1260 13 0.133216
1261 13 0.119969
1262 13 0.204557
1263 13 0.216145
1264 13 0.173620
1265 13 0.171128
1266 13 0.083549
1267 13 0.076699
1268 13 0.129803
1269 13 0.176620
1270 13 0.212668
1271 13 0.172952
1272 13 0.105488
1273 13 0.165168
1274 13 0.144543
1275 13 0.218895
1276 13 0.208016
1277 13 0.213798
1278 13 0.176887
1279 13 0.173236
1280 13 0.102024
1281 13 0.087807
1282 13 0.141033
1283 13 0.160273
1284 13 0.066261
1285 13 0.170943
1286 13 0.097903
1287 13 0.133013
1288 13 0.101863
1289 13 0.222174
1290 13 0.596695
1291 13 0.119773
1292 13 0.095222
1293 13 0.137757
1294 13 0.900379
1295 13 0.874133
1296 13 0.130345
1297 13 0.171573
1298 13 0.019452
1299 13 0.026520
1300 14 0.171844
1301 14 0.881319
1302 14 0.242915
1303 14 0.176587
1304 14 0.119999
1305 14 0.119126
1306 14 0.090734
1307 14 0.023385
1308 14 0.291243
1309 14 0.148211
1310 14 0.173604
1311 14 0.129441
1312 14 0.101353
1313 14 0.076566
1314 14 0.152388
1315 14 0.112223
1316 14 0.180595
1317 14 0.137559
1318 14 0.288087
1319 14 0.019606
1320 14 0.040722
1321 14 0.148418
1322 14 0.026551
1323 14 0.613872
1324 14 0.030230
1325 14 0.108895
1326 14 0.112153
1327 14 0.116469
1328 14 0.158371
1329 14 0.115830
1330 14 0.190703
1331 14 0.141460
1332 14 0.175688
1333 14 0.212752
1334 14 0.124073
1335 14 0.154876
1336 14 0.197824
1337 14 0.129367
1338 14 0.119349
1339 14 0.130498
1340 14 0.158429
1341 14 0.026540
1342 14 0.162668
1343 14 0.841326
1344 14 0.118602
1345 14 0.201509
1346 14 0.111967
1347 14 0.130236
1348 14 0.198002
1349 14 0.101685
1350 14 0.219597
1351 14 0.178254
1352 14 0.079801
1353 14 0.066105
1354 14 0.250916
1355 14 0.202051
1356 14 0.214223
1357 14 0.145772
1358 14 0.182852
1359 14 0.296996
1360 14 0.129943
1361 14 0.144303
1362 14 0.148130
1363 14 0.185414
1364 14 0.096127
1365 14 0.140620
1366 14 0.175601
1367 14 0.109288
1368 14 0.166856
1369 14 0.133472
1370 14 0.193884
1371 14 0.190991
1372 14 0.087511
1373 14 0.079703
1374 14 0.187018
1375 14 0.065492
1376 14 0.172628
1377 14 0.155985
1378 14 0.137196
1379 14 0.265832
1380 14 0.140102
1381 14 0.176090
1382 14 0.133171
1383 14 0.151673
1384 14 0.141325
1385 14 0.249165
1386 14 0.252285
1387 14 0.151662
1388 14 0.194126
1389 14 0.610613
1390 14 0.133072
1391 14 0.129400
1392 14 0.019579
1393 14 0.140286
1394 14 0.135408
1395 14 0.250283
1396 14 0.237120
1397 14 0.135337
1398 14 0.152185
1399 14 0.123897
1400 15 0.191464
1401 15 0.199427
1402 15 0.215391
1403 15 0.237662
1404 15 0.135535
1405 15 0.172357
1406 15 0.302222
1407 15 0.228603
1408 15 0.193885
1409 15 0.140844
1410 15 0.130689
1411 15 0.192319
1412 15 0.175647
1413 15 0.190369
1414 15 0.087398
1415 15 0.176487
1416 15 0.171071
1417 15 0.144373
1418 15 0.019709
1419 15 0.168805
1420 15 0.203221
1421 15 0.107619
1422 15 0.126188
1423 15 0.178746
1424 15 0.169069
1425 15 0.578159
1426 15 0.205535
1427 15 0.050375
1428 15 0.101348
1429 15 0.153961
1430 15 0.162726
1431 15 0.146801
1432 15 0.167978
1433 15 0.030275
1434 15 0.104132
1435 15 0.217469
1436 15 0.644056
1437 15 0.115076
1438 15 0.111459
1439 15 0.177292
1440 15 0.090343
1441 15 0.065398
1442 15 0.112048
1443 15 0.175005
1444 15 0.073267
1445 15 0.182076
1446 15 0.158449
1447 15 0.212035
1448 15 0.139949
1449 15 0.065986
1450 15 0.270238
1451 15 0.179477
1452 15 0.118015
1453 15 0.197393
1454 15 0.094754
1455 15 0.228771
1456 15 0.082926
1457 15 0.052563
1458 15 0.026630
1459 15 0.172547
1460 15 0.104654
1461 15 0.076323
1462 15 0.118931
1463 15 0.056349
1464 15 0.133232
1465 15 0.174519
1466 15 0.171616
1467 15 0.849698
1468 15 0.076484
1469 15 0.139941
1470 15 0.147224
1471 15 0.907038
1472 15 0.140149
1473 15 0.217624
1474 15 0.169602
1475 15 0.186239
1476 15 0.192574
1477 15 0.118786
1478 15 0.130012
1479 15 0.260908
1480 15 0.203809
1481 15 0.040640
1482 15 0.122760
1483 15 0.097057
1484 15 0.169606
1485 15 0.214932
1486 15 0.155704
1487 15 0.118900
1488 15 0.041013
1489 15 0.181817
1490 15 0.143070
1491 15 0.098050
1492 15 0.218179
1493 15 0.264947
1494 15 0.132552
1495 15 0.255129
1496 15 0.094115
1497 15 0.139408
1498 15 0.189222
1499 15 0.113789
1500 16 0.229038
1501 16 0.132853
1502 16 0.237407
1503 16 0.087200
1504 16 0.136488
1505 16 0.100625
1506 16 0.019705
1507 16 0.090485
1508 16 0.182857
1509 16 0.122569
1510 16 0.612221
1511 16 0.157130
1512 16 0.073166
1513 16 0.185528
1514 16 0.108129
1515 16 0.227984
1516 16 0.181559
1517 16 0.164739
1518 16 0.180921
1519 16 0.157753
1520 16 0.136484
1521 16 0.268979
1522 16 0.189795
1523 16 0.249956
1524 16 0.178665
1525 16 0.132764
1526 16 0.195239
1527 16 0.206631
1528 16 0.146144
1529 16 0.166349
1530 16 0.134306
1531 16 0.121193
1532 16 0.040651
1533 16 0.026721
1534 16 0.065841
1535 16 0.128288
1536 16 0.240433
1537 16 0.823431
1538 16 0.041049
1539 16 0.117473
1540 16 0.260127
1541 16 0.185614
1542 16 0.196599
1543 16 0.136373
1544 16 0.111470
1545 16 0.082677
1546 16 0.149244
1547 16 0.276748
1548 16 0.167109
1549 16 0.111582
1550 16 0.216151
1551 16 0.181109
1552 16 0.088558
1553 16 0.123862
1554 16 0.889317
1555 16 0.101026
1556 16 0.139627
1557 16 0.058351
1558 16 0.122594
1559 16 0.177928
1560 16 0.104256
1561 16 0.172193
1562 16 0.079262
1563 16 0.219782
1564 16 0.076087
1565 16 0.110970
1566 16 0.118553
1567 16 0.130544
1568 16 0.129543
1569 16 0.225389
1570 16 0.132150
1571 16 0.173557
1572 16 0.152940
1573 16 0.133222
1574 16 0.019916
1575 16 0.202869
1576 16 0.176867
1577 16 0.093721
1578 16 0.198706
1579 16 0.121491
1580 16 0.157182
1581 16 0.089983
1582 16 0.232170
1583 16 0.023781
1584 16 0.261625
1585 16 0.111053
1586 16 0.153499
1587 16 0.139089
1588 16 0.235059
1589 16 0.110841
1590 16 0.232364
1591 16 0.030392
1592 16 0.118335
1593 16 0.127876
1594 16 0.150057
1595 16 0.633691
1596 16 0.224357
1597 16 0.118244
1598 16 0.107154
1599 16 0.197244
1600 17 0.026756
1601 17 0.246435
1602 17 0.150145
1603 17 0.203405
1604 17 0.162602
1605 17 0.174130
1606 17 0.093790
1607 17 0.200280
1608 17 0.260764
1609 17 0.189650
1610 17 0.132083
1611 17 0.572588
1612 17 0.214005
1613 17 0.292295
1614 17 0.786723
1615 17 0.019961
1616 17 0.107754
1617 17 0.272197
1618 17 0.076168
1619 17 0.075984
1620 17 0.180668
1621 17 0.152696
1622 17 0.173130
1623 17 0.152226
1624 17 0.131777
1625 17 0.154084
1626 17 0.184905
1627 17 0.103982
1628 17 0.133141
1629 17 0.065746
1630 17 0.065069
1631 17 0.303640
1632 17 0.160507
1633 17 0.151220
1634 17 0.082422
1635 17 0.146182
1636 17 0.180322
1637 17 0.156284
1638 17 0.264811
1639 17 0.131754
1640 17 0.118232
1641 17 0.195817
1642 17 0.111070
1643 17 0.169136
1644 17 0.273220
1645 17 0.175451
1646 17 0.148382
1647 17 0.235158
1648 17 0.216140
1649 17 0.152862
1650 17 0.115116
1651 17 0.148261
1652 17 0.173387
1653 17 0.643992
1654 17 0.198178
1655 17 0.138044
1656 17 0.019932
1657 17 0.117955
1658 17 0.195643
1659 17 0.170996
1660 17 0.841625
1661 17 0.094214
1662 17 0.138422
1663 17 0.086896
1664 17 0.168451
1665 17 0.030473
1666 17 0.041123
1667 17 0.170468
1668 17 0.170711
1669 17 0.156828
1670 17 0.072719
1671 17 0.047054
1672 17 0.177267
1673 17 0.100647
1674 17 0.197819
1675 17 0.199455
1676 17 0.188892
1677 17 0.294485
1678 17 0.100079
1679 17 0.154632
1680 17 0.264699
1681 17 0.137447
1682 17 0.111129
1683 17 0.129120
1684 17 0.202427
1685 17 0.257913
1686 17 0.089775
1687 17 0.131921
1688 17 0.153660
1689 17 0.110618
1690 17 0.194593
1691 17 0.194617
1692 17 0.148854
1693 17 0.026877
1694 17 0.127363
1695 17 0.103140
1696 17 0.079020
1697 17 0.166077
1698 17 0.106725
1699 17 0.180337
