# Batch convergence for: model=snn-ae encoding=direct architecture=recurrent v_th=0.5 alpha=0.99 run=3
batch_num epoch batch_loss
0 1 0.136719
1 1 0.179036
2 1 0.457972
3 1 0.368010
4 1 0.464706
5 1 0.339152
6 1 0.294462
7 1 0.379990
8 1 0.264945
9 1 0.437642
10 1 0.239841
11 1 0.329004
12 1 0.153024
13 1 0.363140
14 1 0.368946
15 1 0.277308
16 1 0.400521
17 1 0.285696
18 1 0.336849
19 1 0.262720
20 1 0.280881
21 1 0.359187
22 1 0.250888
23 1 0.303274
24 1 0.333215
25 1 0.388937
26 1 0.204378
27 1 0.214620
28 1 0.141743
29 1 0.254296
30 1 0.473641
31 1 0.366283
32 1 0.404518
33 1 0.195849
34 1 0.185361
35 1 0.078378
36 1 0.397805
37 1 0.296085
38 1 0.081828
39 1 0.038975
40 1 0.142303
41 1 0.245947
42 1 0.269545
43 1 0.350555
44 1 0.448846
45 1 0.204445
46 1 0.109407
47 1 0.488070
48 1 0.254250
49 1 0.220258
50 1 0.535869
51 1 0.477932
52 1 0.301375
53 1 0.391509
54 1 0.302700
55 1 0.503254
56 1 0.462164
57 1 0.307868
58 1 0.132026
59 1 0.144056
60 1 0.711156
61 1 0.236720
62 1 0.250417
63 1 0.269554
64 1 0.331451
65 1 0.269785
66 1 0.421945
67 1 0.520516
68 1 0.337879
69 1 0.238775
70 1 0.152551
71 1 0.117847
72 1 0.388433
73 1 0.312714
74 1 0.187519
75 1 0.338106
76 1 0.394977
77 1 0.185347
78 1 0.310032
79 1 0.275349
80 1 0.209795
81 1 0.294351
82 1 0.077556
83 1 0.365137
84 1 0.512771
85 1 0.281621
86 1 0.027080
87 1 0.108926
88 1 0.378884
89 1 0.198020
90 1 0.405183
91 1 0.223100
92 1 0.337651
93 1 0.319815
94 1 0.193496
95 1 0.546239
96 1 0.096947
97 1 0.221988
98 1 0.319882
99 1 0.261408
100 2 0.189804
101 2 0.123636
102 2 0.297130
103 2 0.548320
104 2 0.166005
105 2 0.174327
106 2 0.304678
107 2 0.384072
108 2 0.135669
109 2 0.168268
110 2 0.343727
111 2 0.384636
112 2 0.374864
113 2 0.361939
114 2 0.230926
115 2 0.220567
116 2 0.144133
117 2 0.096773
118 2 0.383963
119 2 0.427194
120 2 0.288528
121 2 0.147959
122 2 0.143503
123 2 0.139124
124 2 0.286734
125 2 0.178985
126 2 0.217230
127 2 0.299816
128 2 0.317168
129 2 0.194428
130 2 0.336727
131 2 0.294269
132 2 0.326178
133 2 0.077517
134 2 0.397406
135 2 0.401836
136 2 0.026934
137 2 0.282128
138 2 0.396585
139 2 0.216672
140 2 0.019454
141 2 0.376276
142 2 0.229202
143 2 0.172180
144 2 0.265245
145 2 0.207787
146 2 0.443472
147 2 0.132412
148 2 0.131225
149 2 0.219651
150 2 0.275534
151 2 0.124090
152 2 0.220620
153 2 0.221190
154 2 0.150899
155 2 0.384257
156 2 0.564152
157 2 0.404317
158 2 0.206281
159 2 0.154891
160 2 0.252819
161 2 0.216196
162 2 0.119039
163 2 0.189296
164 2 0.166182
165 2 0.229239
166 2 0.286350
167 2 0.280589
168 2 0.298391
169 2 0.146924
170 2 0.222842
171 2 0.465122
172 2 0.173310
173 2 0.233972
174 2 0.272428
175 2 0.276580
176 2 0.234592
177 2 0.524033
178 2 0.320271
179 2 0.180811
180 2 0.150165
181 2 0.228396
182 2 0.038655
183 2 0.319825
184 2 0.120050
185 2 0.451370
186 2 0.169719
187 2 0.233665
188 2 0.262134
189 2 0.426570
190 2 0.188183
191 2 0.258711
192 2 0.196482
193 2 0.162130
194 2 0.319650
195 2 0.215229
196 2 0.144768
197 2 0.285237
198 2 0.138611
199 2 0.288610
200 3 0.379265
201 3 0.339232
202 3 0.319924
203 3 0.267776
204 3 0.250972
205 3 0.262261
206 3 0.186841
207 3 0.086148
208 3 0.209102
209 3 0.320846
210 3 0.182439
211 3 0.296324
212 3 0.222136
213 3 0.339858
214 3 0.165426
215 3 0.066893
216 3 0.147017
217 3 0.046061
218 3 0.181455
219 3 0.355759
220 3 0.157392
221 3 0.046430
222 3 0.103702
223 3 0.319042
224 3 0.194969
225 3 0.193018
226 3 0.134599
227 3 0.148729
228 3 0.227826
229 3 0.222253
230 3 0.129902
231 3 0.407422
232 3 0.072322
233 3 0.324097
234 3 0.271472
235 3 0.099932
236 3 0.203669
237 3 0.154289
238 3 0.194437
239 3 0.222348
240 3 0.158951
241 3 0.256348
242 3 0.210087
243 3 0.212581
244 3 0.370977
245 3 0.230938
246 3 0.229688
247 3 0.320744
248 3 0.279872
249 3 0.158324
250 3 0.331671
251 3 0.221516
252 3 0.474502
253 3 0.135216
254 3 0.410128
255 3 0.255394
256 3 0.106138
257 3 0.187146
258 3 0.323190
259 3 0.189058
260 3 0.206087
261 3 0.180231
262 3 0.211010
263 3 0.123986
264 3 0.169647
265 3 0.329321
266 3 0.122520
267 3 0.099537
268 3 0.232024
269 3 0.220288
270 3 0.174882
271 3 0.173088
272 3 0.146682
273 3 0.225266
274 3 0.147985
275 3 0.248430
276 3 0.341910
277 3 0.336010
278 3 0.131444
279 3 0.151677
280 3 0.077970
281 3 0.143596
282 3 0.234614
283 3 0.150979
284 3 0.285380
285 3 0.212052
286 3 0.360654
287 3 0.165776
288 3 0.171368
289 3 0.076942
290 3 0.127332
291 3 0.158106
292 3 0.165673
293 3 0.225315
294 3 0.249385
295 3 0.307495
296 3 0.216208
297 3 0.239893
298 3 0.185397
299 3 0.176643
300 4 0.280141
301 4 0.092601
302 4 0.263044
303 4 0.153468
304 4 0.026507
305 4 0.137919
306 4 0.199623
307 4 0.318361
308 4 0.107636
309 4 0.168006
310 4 0.260660
311 4 0.115215
312 4 0.122024
313 4 0.095362
314 4 0.175567
315 4 0.300625
316 4 0.053119
317 4 0.158427
318 4 0.196174
319 4 0.232071
320 4 0.190057
321 4 0.237853
322 4 0.221020
323 4 0.285598
324 4 0.116476
325 4 0.145451
326 4 0.130288
327 4 0.217426
328 4 0.261349
329 4 0.121389
330 4 0.284616
331 4 0.236051
332 4 0.292354
333 4 0.195345
334 4 0.168106
335 4 0.165457
336 4 0.249736
337 4 0.139516
338 4 0.152559
339 4 0.050383
340 4 0.231141
341 4 0.217039
342 4 0.126417
343 4 0.275020
344 4 0.364661
345 4 0.214599
346 4 0.181712
347 4 0.474662
348 4 0.148845
349 4 0.238052
350 4 0.276370
351 4 0.114006
352 4 0.139357
353 4 0.280187
354 4 0.311734
355 4 0.103736
356 4 0.186079
357 4 0.119059
358 4 0.306083
359 4 0.258671
360 4 0.250933
361 4 0.417292
362 4 0.102948
363 4 0.244611
364 4 0.130061
365 4 0.223890
366 4 0.164114
367 4 0.098914
368 4 0.135792
369 4 0.133382
370 4 0.284314
371 4 0.348942
372 4 0.165223
373 4 0.212430
374 4 0.272522
375 4 0.160204
376 4 0.099154
377 4 0.195779
378 4 0.073640
379 4 0.181076
380 4 0.190733
381 4 0.122699
382 4 0.216989
383 4 0.177399
384 4 0.099669
385 4 0.360863
386 4 0.195884
387 4 0.253186
388 4 0.194875
389 4 0.243622
390 4 0.115080
391 4 0.234019
392 4 0.038279
393 4 0.186053
394 4 0.146864
395 4 0.207387
396 4 0.161271
397 4 0.197083
398 4 0.152823
399 4 0.041108
400 5 0.092154
401 5 0.160752
402 5 0.218593
403 5 0.207324
404 5 0.263682
405 5 0.193837
406 5 0.271205
407 5 0.379045
408 5 0.129985
409 5 0.304916
410 5 0.175419
411 5 0.367353
412 5 0.019342
413 5 0.316861
414 5 0.428309
415 5 0.214036
416 5 0.331046
417 5 0.128969
418 5 0.297160
419 5 0.177918
420 5 0.227587
421 5 0.366015
422 5 0.126476
423 5 0.170417
424 5 0.122439
425 5 0.183268
426 5 0.026242
427 5 0.218833
428 5 0.194316
429 5 0.237385
430 5 0.117704
431 5 0.235762
432 5 0.119030
433 5 0.266001
434 5 0.114263
435 5 0.121949
436 5 0.129436
437 5 0.182725
438 5 0.258402
439 5 0.076151
440 5 0.106828
441 5 0.163023
442 5 0.182963
443 5 0.141435
444 5 0.167137
445 5 0.175357
446 5 0.113999
447 5 0.269160
448 5 0.192544
449 5 0.275360
450 5 0.183452
451 5 0.130233
452 5 0.134895
453 5 0.322588
454 5 0.208262
455 5 0.050243
456 5 0.199688
457 5 0.311609
458 5 0.118401
459 5 0.124366
460 5 0.314701
461 5 0.132523
462 5 0.208713
463 5 0.210534
464 5 0.165534
465 5 0.194220
466 5 0.140112
467 5 0.112886
468 5 0.159723
469 5 0.152579
470 5 0.134870
471 5 0.128175
472 5 0.079702
473 5 0.181395
474 5 0.045957
475 5 0.325126
476 5 0.131013
477 5 0.100931
478 5 0.190037
479 5 0.097903
480 5 0.132741
481 5 0.240815
482 5 0.114574
483 5 0.291056
484 5 0.267968
485 5 0.197366
486 5 0.194583
487 5 0.224973
488 5 0.102166
489 5 0.237127
490 5 0.086755
491 5 0.149981
492 5 0.198457
493 5 0.146922
494 5 0.045291
495 5 0.161595
496 5 0.215143
497 5 0.038068
498 5 0.098221
499 5 0.105938
500 6 0.019325
501 6 0.256727
502 6 0.038053
503 6 0.045257
504 6 0.156844
505 6 0.297154
506 6 0.254919
507 6 0.140308
508 6 0.401635
509 6 0.172197
510 6 0.190260
511 6 0.224182
512 6 0.187613
513 6 0.166297
514 6 0.118054
515 6 0.208027
516 6 0.168466
517 6 0.097768
518 6 0.026054
519 6 0.101833
520 6 0.228219
521 6 0.313564
522 6 0.114329
523 6 0.139418
524 6 0.219511
525 6 0.194055
526 6 0.113350
527 6 0.184267
528 6 0.202198
529 6 0.189952
530 6 0.129778
531 6 0.081205
532 6 0.192328
533 6 0.282350
534 6 0.122443
535 6 0.144869
536 6 0.144071
537 6 0.117449
538 6 0.187665
539 6 0.230900
540 6 0.111783
541 6 0.127534
542 6 0.116211
543 6 0.131907
544 6 0.101814
545 6 0.269432
546 6 0.167335
547 6 0.153414
548 6 0.124817
549 6 0.098938
550 6 0.105610
551 6 0.257406
552 6 0.155779
553 6 0.182356
554 6 0.221909
555 6 0.168072
556 6 0.190968
557 6 0.213627
558 6 0.295403
559 6 0.272027
560 6 0.123479
561 6 0.151828
562 6 0.125568
563 6 0.210138
564 6 0.345383
565 6 0.186715
566 6 0.214976
567 6 0.173869
568 6 0.207212
569 6 0.162173
570 6 0.334859
571 6 0.236327
572 6 0.130704
573 6 0.201554
574 6 0.117444
575 6 0.137184
576 6 0.051863
577 6 0.202232
578 6 0.219192
579 6 0.233696
580 6 0.171777
581 6 0.260455
582 6 0.319746
583 6 0.045787
584 6 0.231051
585 6 0.196750
586 6 0.165368
587 6 0.225838
588 6 0.205248
589 6 0.492079
590 6 0.144567
591 6 0.086132
592 6 0.121419
593 6 0.222833
594 6 0.162018
595 6 0.160738
596 6 0.248210
597 6 0.131757
598 6 0.135717
599 6 0.151008
600 7 0.019303
601 7 0.190436
602 7 0.071097
603 7 0.207188
604 7 0.287646
605 7 0.233015
606 7 0.304582
607 7 0.290714
608 7 0.186557
609 7 0.176138
610 7 0.156675
611 7 0.105889
612 7 0.204923
613 7 0.113831
614 7 0.050020
615 7 0.091193
616 7 0.225088
617 7 0.240269
618 7 0.378586
619 7 0.025867
620 7 0.261384
621 7 0.146951
622 7 0.165138
623 7 0.045713
624 7 0.117410
625 7 0.188328
626 7 0.116267
627 7 0.239750
628 7 0.112981
629 7 0.156994
630 7 0.266303
631 7 0.177705
632 7 0.072205
633 7 0.180157
634 7 0.181923
635 7 0.224419
636 7 0.275972
637 7 0.230152
638 7 0.151310
639 7 0.139316
640 7 0.174073
641 7 0.102193
642 7 0.223824
643 7 0.139646
644 7 0.220338
645 7 0.111383
646 7 0.199753
647 7 0.296032
648 7 0.135171
649 7 0.281291
650 7 0.226502
651 7 0.280425
652 7 0.150471
653 7 0.353560
654 7 0.219325
655 7 0.267958
656 7 0.096586
657 7 0.131155
658 7 0.165128
659 7 0.151075
660 7 0.160685
661 7 0.110655
662 7 0.238609
663 7 0.097254
664 7 0.129673
665 7 0.182506
666 7 0.233132
667 7 0.126337
668 7 0.162190
669 7 0.209193
670 7 0.152110
671 7 0.120432
672 7 0.236155
673 7 0.208724
674 7 0.104819
675 7 0.150068
676 7 0.142326
677 7 0.126749
678 7 0.112880
679 7 0.161161
680 7 0.208702
681 7 0.156918
682 7 0.222654
683 7 0.198235
684 7 0.098236
685 7 0.136715
686 7 0.117095
687 7 0.092767
688 7 0.079154
689 7 0.143964
690 7 0.075184
691 7 0.176910
692 7 0.261450
693 7 0.250301
694 7 0.163575
695 7 0.210036
696 7 0.180090
697 7 0.142828
698 7 0.174371
699 7 0.100967
700 8 0.239769
701 8 0.019309
702 8 0.235434
703 8 0.306105
704 8 0.167170
705 8 0.184586
706 8 0.276380
707 8 0.342247
708 8 0.153426
709 8 0.203349
710 8 0.155632
711 8 0.149717
712 8 0.208051
713 8 0.119298
714 8 0.129460
715 8 0.191193
716 8 0.143651
717 8 0.222220
718 8 0.377158
719 8 0.332033
720 8 0.136439
721 8 0.181781
722 8 0.112616
723 8 0.156514
724 8 0.243551
725 8 0.165495
726 8 0.182285
727 8 0.125736
728 8 0.162388
729 8 0.204697
730 8 0.148102
731 8 0.045557
732 8 0.160623
733 8 0.117511
734 8 0.164052
735 8 0.129715
736 8 0.190875
737 8 0.148151
738 8 0.096117
739 8 0.090726
740 8 0.049871
741 8 0.151094
742 8 0.085266
743 8 0.204224
744 8 0.168438
745 8 0.192685
746 8 0.258124
747 8 0.216495
748 8 0.119981
749 8 0.070442
750 8 0.112180
751 8 0.199640
752 8 0.096685
753 8 0.120347
754 8 0.263410
755 8 0.163001
756 8 0.258092
757 8 0.294628
758 8 0.111444
759 8 0.163263
760 8 0.140847
761 8 0.123852
762 8 0.145011
763 8 0.096501
764 8 0.160433
765 8 0.186796
766 8 0.124528
767 8 0.134307
768 8 0.115239
769 8 0.222437
770 8 0.176353
771 8 0.137145
772 8 0.179652
773 8 0.150995
774 8 0.184395
775 8 0.157815
776 8 0.170662
777 8 0.109901
778 8 0.051423
779 8 0.051014
780 8 0.149388
781 8 0.044626
782 8 0.203230
783 8 0.282674
784 8 0.231071
785 8 0.163133
786 8 0.204655
787 8 0.269358
788 8 0.100493
789 8 0.253026
790 8 0.235603
791 8 0.219616
792 8 0.108348
793 8 0.222940
794 8 0.104904
795 8 0.077500
796 8 0.143347
797 8 0.037666
798 8 0.240124
799 8 0.138779
800 9 0.159964
801 9 0.170901
802 9 0.210298
803 9 0.137263
804 9 0.180726
805 9 0.277251
806 9 0.129908
807 9 0.129748
808 9 0.100363
809 9 0.218319
810 9 0.124872
811 9 0.124190
812 9 0.188731
813 9 0.164311
814 9 0.115769
815 9 0.133989
816 9 0.119745
817 9 0.184638
818 9 0.203453
819 9 0.161278
820 9 0.111398
821 9 0.089835
822 9 0.049778
823 9 0.335605
824 9 0.204729
825 9 0.166101
826 9 0.195763
827 9 0.448359
828 9 0.181574
829 9 0.195707
830 9 0.227471
831 9 0.116326
832 9 0.135843
833 9 0.109823
834 9 0.151976
835 9 0.233291
836 9 0.137149
837 9 0.112734
838 9 0.174292
839 9 0.120352
840 9 0.198753
841 9 0.278944
842 9 0.144404
843 9 0.132882
844 9 0.264837
845 9 0.211066
846 9 0.149915
847 9 0.276907
848 9 0.214807
849 9 0.231511
850 9 0.111588
851 9 0.133788
852 9 0.095242
853 9 0.177671
854 9 0.111265
855 9 0.205741
856 9 0.025490
857 9 0.095187
858 9 0.250419
859 9 0.214788
860 9 0.104599
861 9 0.129197
862 9 0.128670
863 9 0.184824
864 9 0.245444
865 9 0.181862
866 9 0.243005
867 9 0.155927
868 9 0.116946
869 9 0.045428
870 9 0.193180
871 9 0.037579
872 9 0.119708
873 9 0.124072
874 9 0.194251
875 9 0.180512
876 9 0.050581
877 9 0.173231
878 9 0.154789
879 9 0.120417
880 9 0.069868
881 9 0.121402
882 9 0.140471
883 9 0.176107
884 9 0.137615
885 9 0.160239
886 9 0.273880
887 9 0.303801
888 9 0.111721
889 9 0.074463
890 9 0.165748
891 9 0.142770
892 9 0.260293
893 9 0.156723
894 9 0.019381
895 9 0.331587
896 9 0.176887
897 9 0.091379
898 9 0.193310
899 9 0.205836
900 10 0.141353
901 10 0.050489
902 10 0.074400
903 10 0.099848
904 10 0.123641
905 10 0.147972
906 10 0.095574
907 10 0.244596
908 10 0.045365
909 10 0.223330
910 10 0.025425
911 10 0.148184
912 10 0.276993
913 10 0.197789
914 10 0.146118
915 10 0.122978
916 10 0.224702
917 10 0.161737
918 10 0.196088
919 10 0.148728
920 10 0.076884
921 10 0.155590
922 10 0.149901
923 10 0.163104
924 10 0.179289
925 10 0.136323
926 10 0.224094
927 10 0.140086
928 10 0.108461
929 10 0.118816
930 10 0.107490
931 10 0.216418
932 10 0.170387
933 10 0.079816
934 10 0.159810
935 10 0.109098
936 10 0.203524
937 10 0.160204
938 10 0.157767
939 10 0.129457
940 10 0.220301
941 10 0.115160
942 10 0.247380
943 10 0.243493
944 10 0.202814
945 10 0.245520
946 10 0.324691
947 10 0.132107
948 10 0.299937
949 10 0.116880
950 10 0.141305
951 10 0.121902
952 10 0.186286
953 10 0.217593
954 10 0.158648
955 10 0.202322
956 10 0.216593
957 10 0.156154
958 10 0.188674
959 10 0.188805
960 10 0.147954
961 10 0.147306
962 10 0.194899
963 10 0.139973
964 10 0.265921
965 10 0.163011
966 10 0.175930
967 10 0.161068
968 10 0.132864
969 10 0.146339
970 10 0.244475
971 10 0.204530
972 10 0.125667
973 10 0.277529
974 10 0.185351
975 10 0.069454
976 10 0.143453
977 10 0.142396
978 10 0.120496
979 10 0.147498
980 10 0.154240
981 10 0.044225
982 10 0.175591
983 10 0.246108
984 10 0.233216
985 10 0.094336
986 10 0.111175
987 10 0.089740
988 10 0.309535
989 10 0.268440
990 10 0.037496
991 10 0.302268
992 10 0.141957
993 10 0.019423
994 10 0.103870
995 10 0.218126
996 10 0.119085
997 10 0.187475
998 10 0.161972
999 10 0.196626
1000 11 0.142099
1001 11 0.253823
1002 11 0.159189
1003 11 0.136766
1004 11 0.148982
1005 11 0.239751
1006 11 0.243338
1007 11 0.168360
1008 11 0.157014
1009 11 0.161776
1010 11 0.167125
1011 11 0.184607
1012 11 0.185500
1013 11 0.264562
1014 11 0.045249
1015 11 0.293025
1016 11 0.158066
1017 11 0.211881
1018 11 0.203872
1019 11 0.228178
1020 11 0.135047
1021 11 0.251346
1022 11 0.143037
1023 11 0.094092
1024 11 0.122927
1025 11 0.089616
1026 11 0.112033
1027 11 0.186075
1028 11 0.219651
1029 11 0.197697
1030 11 0.147245
1031 11 0.122994
1032 11 0.157951
1033 11 0.124840
1034 11 0.243278
1035 11 0.069199
1036 11 0.144347
1037 11 0.211557
1038 11 0.049965
1039 11 0.118166
1040 11 0.176145
1041 11 0.113392
1042 11 0.106861
1043 11 0.125766
1044 11 0.278926
1045 11 0.066521
1046 11 0.159877
1047 11 0.166442
1048 11 0.111840
1049 11 0.167489
1050 11 0.211313
1051 11 0.195883
1052 11 0.049608
1053 11 0.153270
1054 11 0.327778
1055 11 0.037470
1056 11 0.124264
1057 11 0.073931
1058 11 0.187062
1059 11 0.301421
1060 11 0.189261
1061 11 0.076282
1062 11 0.201633
1063 11 0.164779
1064 11 0.194867
1065 11 0.184740
1066 11 0.114414
1067 11 0.220334
1068 11 0.152331
1069 11 0.144446
1070 11 0.211033
1071 11 0.198937
1072 11 0.185837
1073 11 0.130216
1074 11 0.096801
1075 11 0.047549
1076 11 0.148049
1077 11 0.282239
1078 11 0.242763
1079 11 0.148589
1080 11 0.101356
1081 11 0.237703
1082 11 0.183836
1083 11 0.177876
1084 11 0.109967
1085 11 0.274986
1086 11 0.160632
1087 11 0.019475
1088 11 0.127439
1089 11 0.126375
1090 11 0.160580
1091 11 0.099998
1092 11 0.157680
1093 11 0.237116
1094 11 0.131920
1095 11 0.256034
1096 11 0.138762
1097 11 0.122361
1098 11 0.182513
1099 11 0.118805
1100 12 0.090096
1101 12 0.220160
1102 12 0.203787
1103 12 0.195230
1104 12 0.103079
1105 12 0.045183
1106 12 0.183043
1107 12 0.037419
1108 12 0.154888
1109 12 0.147779
1110 12 0.152785
1111 12 0.089312
1112 12 0.091616
1113 12 0.169080
1114 12 0.106453
1115 12 0.182939
1116 12 0.267350
1117 12 0.206542
1118 12 0.126152
1119 12 0.127197
1120 12 0.218496
1121 12 0.025180
1122 12 0.172377
1123 12 0.139493
1124 12 0.221796
1125 12 0.182966
1126 12 0.269983
1127 12 0.207980
1128 12 0.153558
1129 12 0.118376
1130 12 0.122450
1131 12 0.119185
1132 12 0.116673
1133 12 0.137617
1134 12 0.159441
1135 12 0.177363
1136 12 0.150878
1137 12 0.173312
1138 12 0.315864
1139 12 0.073680
1140 12 0.096489
1141 12 0.139241
1142 12 0.178121
1143 12 0.154305
1144 12 0.184546
1145 12 0.321761
1146 12 0.261375
1147 12 0.194873
1148 12 0.075177
1149 12 0.157229
1150 12 0.186291
1151 12 0.114685
1152 12 0.209682
1153 12 0.143643
1154 12 0.019525
1155 12 0.129499
1156 12 0.193507
1157 12 0.157106
1158 12 0.250835
1159 12 0.177282
1160 12 0.218761
1161 12 0.343074
1162 12 0.049548
1163 12 0.197720
1164 12 0.171154
1165 12 0.109531
1166 12 0.145566
1167 12 0.200616
1168 12 0.134214
1169 12 0.075867
1170 12 0.098603
1171 12 0.148755
1172 12 0.111357
1173 12 0.209310
1174 12 0.134560
1175 12 0.112963
1176 12 0.093211
1177 12 0.099574
1178 12 0.109805
1179 12 0.103022
1180 12 0.214894
1181 12 0.159715
1182 12 0.177154
1183 12 0.264390
1184 12 0.141120
1185 12 0.176315
1186 12 0.309997
1187 12 0.214735
1188 12 0.150011
1189 12 0.169623
1190 12 0.201868
1191 12 0.222119
1192 12 0.121483
1193 12 0.117817
1194 12 0.075436
1195 12 0.106677
1196 12 0.144707
1197 12 0.110137
1198 12 0.158737
1199 12 0.256071
1200 13 0.176455
1201 13 0.143131
1202 13 0.125708
1203 13 0.093903
1204 13 0.243678
1205 13 0.187915
1206 13 0.145806
1207 13 0.145171
1208 13 0.193332
1209 13 0.210193
1210 13 0.117919
1211 13 0.111180
1212 13 0.145404
1213 13 0.092833
1214 13 0.157512
1215 13 0.270791
1216 13 0.222035
1217 13 0.096207
1218 13 0.134133
1219 13 0.092891
1220 13 0.099389
1221 13 0.126489
1222 13 0.131140
1223 13 0.211255
1224 13 0.221421
1225 13 0.267948
1226 13 0.148165
1227 13 0.068461
1228 13 0.310334
1229 13 0.083502
1230 13 0.222304
1231 13 0.241562
1232 13 0.063589
1233 13 0.134170
1234 13 0.197388
1235 13 0.183741
1236 13 0.073401
1237 13 0.156505
1238 13 0.127914
1239 13 0.158929
1240 13 0.110228
1241 13 0.122492
1242 13 0.222994
1243 13 0.049475
1244 13 0.215762
1245 13 0.220406
1246 13 0.192662
1247 13 0.126373
1248 13 0.121912
1249 13 0.247034
1250 13 0.153057
1251 13 0.135214
1252 13 0.223547
1253 13 0.049157
1254 13 0.165264
1255 13 0.204624
1256 13 0.143988
1257 13 0.198202
1258 13 0.112069
1259 13 0.273101
1260 13 0.109849
1261 13 0.082603
1262 13 0.155645
1263 13 0.175375
1264 13 0.154632
1265 13 0.142898
1266 13 0.153945
1267 13 0.075355
1268 13 0.133206
1269 13 0.193194
1270 13 0.130859
1271 13 0.096943
1272 13 0.157426
1273 13 0.177268
1274 13 0.147917
1275 13 0.153383
1276 13 0.203285
1277 13 0.114107
1278 13 0.105569
1279 13 0.171544
1280 13 0.229646
1281 13 0.117693
1282 13 0.120606
1283 13 0.184052
1284 13 0.121363
1285 13 0.185721
1286 13 0.089067
1287 13 0.133871
1288 13 0.106444
1289 13 0.259697
1290 13 0.315414
1291 13 0.044112
1292 13 0.116792
1293 13 0.164322
1294 13 0.185190
1295 13 0.199733
1296 13 0.218812
1297 13 0.043769
1298 13 0.231041
1299 13 0.227281
1300 14 0.140813
1301 14 0.140549
1302 14 0.351056
1303 14 0.105444
1304 14 0.159683
1305 14 0.113281
1306 14 0.068191
1307 14 0.049018
1308 14 0.189844
1309 14 0.101436
1310 14 0.202268
1311 14 0.132848
1312 14 0.045051
1313 14 0.075262
1314 14 0.110792
1315 14 0.213522
1316 14 0.187041
1317 14 0.049461
1318 14 0.195571
1319 14 0.211555
1320 14 0.204078
1321 14 0.132611
1322 14 0.296907
1323 14 0.298015
1324 14 0.206912
1325 14 0.232156
1326 14 0.157945
1327 14 0.112656
1328 14 0.132744
1329 14 0.109469
1330 14 0.246077
1331 14 0.133463
1332 14 0.115040
1333 14 0.175990
1334 14 0.116599
1335 14 0.134896
1336 14 0.177980
1337 14 0.130307
1338 14 0.188156
1339 14 0.207202
1340 14 0.100216
1341 14 0.221752
1342 14 0.168682
1343 14 0.199308
1344 14 0.197042
1345 14 0.141972
1346 14 0.182396
1347 14 0.151988
1348 14 0.144109
1349 14 0.212828
1350 14 0.152528
1351 14 0.088561
1352 14 0.172935
1353 14 0.152096
1354 14 0.260118
1355 14 0.134614
1356 14 0.166409
1357 14 0.178431
1358 14 0.095816
1359 14 0.291152
1360 14 0.177337
1361 14 0.082233
1362 14 0.116798
1363 14 0.236877
1364 14 0.125524
1365 14 0.276063
1366 14 0.191990
1367 14 0.153719
1368 14 0.019704
1369 14 0.090167
1370 14 0.167468
1371 14 0.096443
1372 14 0.117333
1373 14 0.140822
1374 14 0.134479
1375 14 0.181689
1376 14 0.097693
1377 14 0.088570
1378 14 0.176912
1379 14 0.167923
1380 14 0.272554
1381 14 0.144447
1382 14 0.108487
1383 14 0.037346
1384 14 0.184799
1385 14 0.135214
1386 14 0.174069
1387 14 0.025003
1388 14 0.175623
1389 14 0.271575
1390 14 0.178772
1391 14 0.253713
1392 14 0.205872
1393 14 0.119818
1394 14 0.125494
1395 14 0.144542
1396 14 0.184786
1397 14 0.214810
1398 14 0.121166
1399 14 0.164420
1400 15 0.154874
1401 15 0.184643
1402 15 0.093577
1403 15 0.173882
1404 15 0.105608
1405 15 0.097572
1406 15 0.184639
1407 15 0.122007
1408 15 0.210840
1409 15 0.110447
1410 15 0.108674
1411 15 0.129957
1412 15 0.104925
1413 15 0.169323
1414 15 0.117039
1415 15 0.072970
1416 15 0.166285
1417 15 0.210645
1418 15 0.205459
1419 15 0.088365
1420 15 0.134202
1421 15 0.103425
1422 15 0.227100
1423 15 0.168683
1424 15 0.253152
1425 15 0.296753
1426 15 0.037329
1427 15 0.048653
1428 15 0.150020
1429 15 0.127606
1430 15 0.179937
1431 15 0.150142
1432 15 0.043606
1433 15 0.219752
1434 15 0.024990
1435 15 0.186047
1436 15 0.270968
1437 15 0.150686
1438 15 0.212589
1439 15 0.171636
1440 15 0.096219
1441 15 0.168783
1442 15 0.140247
1443 15 0.191103
1444 15 0.153098
1445 15 0.266052
1446 15 0.156422
1447 15 0.113351
1448 15 0.119349
1449 15 0.120545
1450 15 0.196963
1451 15 0.116227
1452 15 0.143251
1453 15 0.209214
1454 15 0.142376
1455 15 0.197289
1456 15 0.169857
1457 15 0.229844
1458 15 0.215054
1459 15 0.189502
1460 15 0.132930
1461 15 0.124382
1462 15 0.019809
1463 15 0.229714
1464 15 0.120852
1465 15 0.197958
1466 15 0.156450
1467 15 0.198399
1468 15 0.124817
1469 15 0.212764
1470 15 0.100701
1471 15 0.192094
1472 15 0.143150
1473 15 0.124404
1474 15 0.112509
1475 15 0.129386
1476 15 0.166714
1477 15 0.176709
1478 15 0.249414
1479 15 0.177882
1480 15 0.299462
1481 15 0.168503
1482 15 0.189383
1483 15 0.130384
1484 15 0.092943
1485 15 0.116171
1486 15 0.087993
1487 15 0.081710
1488 15 0.212667
1489 15 0.122432
1490 15 0.138932
1491 15 0.132614
1492 15 0.126515
1493 15 0.174089
1494 15 0.210635
1495 15 0.095783
1496 15 0.145378
1497 15 0.175789
1498 15 0.181370
1499 15 0.092436
1500 16 0.221274
1501 16 0.050846
1502 16 0.133732
1503 16 0.116690
1504 16 0.141925
1505 16 0.079481
1506 16 0.228754
1507 16 0.091071
1508 16 0.156015
1509 16 0.037327
1510 16 0.295770
1511 16 0.150243
1512 16 0.152518
1513 16 0.185519
1514 16 0.194066
1515 16 0.248939
1516 16 0.147856
1517 16 0.100509
1518 16 0.175617
1519 16 0.164535
1520 16 0.103179
1521 16 0.193837
1522 16 0.203102
1523 16 0.256137
1524 16 0.108219
1525 16 0.124458
1526 16 0.171971
1527 16 0.115222
1528 16 0.067957
1529 16 0.179100
1530 16 0.181966
1531 16 0.115647
1532 16 0.175841
1533 16 0.214025
1534 16 0.120117
1535 16 0.228575
1536 16 0.113016
1537 16 0.236801
1538 16 0.199944
1539 16 0.158967
1540 16 0.191417
1541 16 0.128981
1542 16 0.142983
1543 16 0.142472
1544 16 0.198094
1545 16 0.151953
1546 16 0.161768
1547 16 0.172488
1548 16 0.088018
1549 16 0.124341
1550 16 0.155804
1551 16 0.268812
1552 16 0.199188
1553 16 0.148206
1554 16 0.139410
1555 16 0.225983
1556 16 0.144799
1557 16 0.203300
1558 16 0.135626
1559 16 0.174648
1560 16 0.163203
1561 16 0.142877
1562 16 0.090982
1563 16 0.101396
1564 16 0.074417
1565 16 0.185332
1566 16 0.081387
1567 16 0.152954
1568 16 0.154198
1569 16 0.131740
1570 16 0.107579
1571 16 0.168964
1572 16 0.112502
1573 16 0.144946
1574 16 0.216768
1575 16 0.256572
1576 16 0.120354
1577 16 0.148914
1578 16 0.162965
1579 16 0.160979
1580 16 0.139748
1581 16 0.067324
1582 16 0.097989
1583 16 0.071507
1584 16 0.096917
1585 16 0.155094
1586 16 0.133566
1587 16 0.118304
1588 16 0.214221
1589 16 0.154857
1590 16 0.189453
1591 16 0.232267
1592 16 0.019944
1593 16 0.214272
1594 16 0.251139
1595 16 0.302509
1596 16 0.104082
1597 16 0.192283
1598 16 0.107916
1599 16 0.217008
1600 17 0.202639
1601 17 0.135157
1602 17 0.145696
1603 17 0.181999
1604 17 0.091917
1605 17 0.163842
1606 17 0.144737
1607 17 0.180241
1608 17 0.215573
1609 17 0.109796
1610 17 0.154688
1611 17 0.294719
1612 17 0.114413
1613 17 0.162896
1614 17 0.197447
1615 17 0.205989
1616 17 0.192658
1617 17 0.237390
1618 17 0.123829
1619 17 0.111064
1620 17 0.095013
1621 17 0.087336
1622 17 0.190575
1623 17 0.128759
1624 17 0.108318
1625 17 0.049457
1626 17 0.226723
1627 17 0.132268
1628 17 0.123810
1629 17 0.119634
1630 17 0.204430
1631 17 0.287223
1632 17 0.104191
1633 17 0.141868
1634 17 0.214385
1635 17 0.118549
1636 17 0.142164
1637 17 0.150893
1638 17 0.171589
1639 17 0.132661
1640 17 0.104088
1641 17 0.195936
1642 17 0.196183
1643 17 0.077003
1644 17 0.112653
1645 17 0.048038
1646 17 0.087811
1647 17 0.109967
1648 17 0.173800
1649 17 0.092207
1650 17 0.110810
1651 17 0.270672
1652 17 0.092679
1653 17 0.268796
1654 17 0.153005
1655 17 0.142887
1656 17 0.201882
1657 17 0.151225
1658 17 0.177270
1659 17 0.176084
1660 17 0.138970
1661 17 0.157779
1662 17 0.174898
1663 17 0.148085
1664 17 0.118958
1665 17 0.273418
1666 17 0.198123
1667 17 0.096667
1668 17 0.199651
1669 17 0.143380
1670 17 0.238829
1671 17 0.071535
1672 17 0.156547
1673 17 0.236460
1674 17 0.142551
1675 17 0.101002
1676 17 0.147580
1677 17 0.266415
1678 17 0.206387
1679 17 0.037388
1680 17 0.195200
1681 17 0.247856
1682 17 0.173101
1683 17 0.192821
1684 17 0.188392
1685 17 0.206075
1686 17 0.067024
1687 17 0.074154
1688 17 0.140125
1689 17 0.153962
1690 17 0.142863
1691 17 0.244091
1692 17 0.254743
1693 17 0.201312
1694 17 0.130256
1695 17 0.048320
1696 17 0.114781
1697 17 0.161904
1698 17 0.127239
1699 17 0.221874
1700 18 0.059976
1701 18 0.191460
1702 18 0.128823
1703 18 0.111628
1704 18 0.182482
1705 18 0.138797
1706 18 0.182810
1707 18 0.151439
1708 18 0.090219
1709 18 0.119889
1710 18 0.184078
1711 18 0.141402
1712 18 0.020107
1713 18 0.155574
1714 18 0.174593
1715 18 0.113836
1716 18 0.170794
1717 18 0.242697
1718 18 0.199150
1719 18 0.107933
1720 18 0.103566
1721 18 0.350021
1722 18 0.132585
1723 18 0.333624
1724 18 0.168851
1725 18 0.117300
1726 18 0.024877
1727 18 0.200957
1728 18 0.180634
1729 18 0.150818
1730 18 0.154179
1731 18 0.197378
1732 18 0.126106
1733 18 0.114310
1734 18 0.249660
1735 18 0.194818
1736 18 0.150488
1737 18 0.107329
1738 18 0.223900
1739 18 0.158449
1740 18 0.173160
1741 18 0.119167
1742 18 0.218494
1743 18 0.043343
1744 18 0.115894
1745 18 0.266994
1746 18 0.143385
1747 18 0.107294
1748 18 0.209535
1749 18 0.182742
1750 18 0.099553
1751 18 0.105805
1752 18 0.113051
1753 18 0.103453
1754 18 0.101011
1755 18 0.065470
1756 18 0.119342
1757 18 0.207119
1758 18 0.109444
1759 18 0.233478
1760 18 0.144049
1761 18 0.176105
1762 18 0.117135
1763 18 0.117051
1764 18 0.096267
1765 18 0.152292
1766 18 0.142038
1767 18 0.151355
1768 18 0.178178
1769 18 0.183851
1770 18 0.196565
1771 18 0.145038
1772 18 0.277842
1773 18 0.207604
1774 18 0.131830
1775 18 0.167563
1776 18 0.213836
1777 18 0.109220
1778 18 0.087523
1779 18 0.112151
1780 18 0.127677
1781 18 0.164272
1782 18 0.115132
1783 18 0.202805
1784 18 0.080607
1785 18 0.103339
1786 18 0.045068
1787 18 0.110670
1788 18 0.124638
1789 18 0.220704
1790 18 0.166370
1791 18 0.192626
1792 18 0.274677
1793 18 0.232509
1794 18 0.178955
1795 18 0.187296
1796 18 0.250184
1797 18 0.181608
1798 18 0.109323
1799 18 0.160664
1800 19 0.154939
1801 19 0.094679
1802 19 0.165713
1803 19 0.141784
1804 19 0.179228
1805 19 0.149880
1806 19 0.162500
1807 19 0.117099
1808 19 0.150222
1809 19 0.366865
1810 19 0.081584
1811 19 0.164715
1812 19 0.119508
1813 19 0.186963
1814 19 0.153327
1815 19 0.095507
1816 19 0.295429
1817 19 0.153437
1818 19 0.203519
1819 19 0.202169
1820 19 0.307976
1821 19 0.201866
1822 19 0.171045
1823 19 0.199496
1824 19 0.111267
1825 19 0.266620
1826 19 0.147095
1827 19 0.182361
1828 19 0.152507
1829 19 0.141060
1830 19 0.116612
1831 19 0.150765
1832 19 0.115864
1833 19 0.146426
1834 19 0.165026
1835 19 0.199283
1836 19 0.176447
1837 19 0.128882
1838 19 0.113024
1839 19 0.201233
1840 19 0.281457
1841 19 0.315115
1842 19 0.100448
1843 19 0.205451
1844 19 0.195535
1845 19 0.049514
1846 19 0.132812
1847 19 0.140045
1848 19 0.059198
1849 19 0.137093
1850 19 0.159941
1851 19 0.199015
1852 19 0.150123
1853 19 0.160403
1854 19 0.163853
1855 19 0.138784
1856 19 0.152373
1857 19 0.177600
1858 19 0.146011
1859 19 0.130539
1860 19 0.153066
1861 19 0.047421
1862 19 0.094053
1863 19 0.087308
1864 19 0.140421
1865 19 0.183193
1866 19 0.179886
1867 19 0.167581
1868 19 0.186283
1869 19 0.113484
1870 19 0.145173
1871 19 0.227934
1872 19 0.093796
1873 19 0.108896
1874 19 0.276349
1875 19 0.213712
1876 19 0.212245
1877 19 0.073516
1878 19 0.138243
1879 19 0.115476
1880 19 0.156829
1881 19 0.090808
1882 19 0.237358
1883 19 0.132335
1884 19 0.131843
1885 19 0.178623
1886 19 0.142796
1887 19 0.131505
1888 19 0.037450
1889 19 0.089412
1890 19 0.111778
1891 19 0.109135
1892 19 0.080241
1893 19 0.177816
1894 19 0.172282
1895 19 0.020375
1896 19 0.113346
1897 19 0.095934
1898 19 0.219210
1899 19 0.163397
1900 20 0.118589
1901 20 0.177658
1902 20 0.049524
1903 20 0.088967
1904 20 0.143316
1905 20 0.140636
1906 20 0.037449
1907 20 0.146550
1908 20 0.261560
1909 20 0.113401
1910 20 0.162290
1911 20 0.054224
1912 20 0.131400
1913 20 0.043246
1914 20 0.066412
1915 20 0.157185
1916 20 0.130232
1917 20 0.110929
1918 20 0.096923
1919 20 0.208138
1920 20 0.182877
1921 20 0.221880
1922 20 0.189121
1923 20 0.163343
1924 20 0.172068
1925 20 0.094460
1926 20 0.212496
1927 20 0.122549
1928 20 0.145933
1929 20 0.113965
1930 20 0.213078
1931 20 0.100146
1932 20 0.139763
1933 20 0.151182
1934 20 0.133228
1935 20 0.168886
1936 20 0.171757
1937 20 0.231750
1938 20 0.102733
1939 20 0.207022
1940 20 0.156418
1941 20 0.192993
1942 20 0.166987
1943 20 0.191544
1944 20 0.197885
1945 20 0.277656
1946 20 0.087133
1947 20 0.149404
1948 20 0.192975
1949 20 0.123700
1950 20 0.171113
1951 20 0.130616
1952 20 0.164597
1953 20 0.115211
1954 20 0.121469
1955 20 0.266424
1956 20 0.149573
1957 20 0.106600
1958 20 0.187998
1959 20 0.195436
1960 20 0.107232
1961 20 0.197557
1962 20 0.202855
1963 20 0.233272
1964 20 0.118616
1965 20 0.159916
1966 20 0.020475
1967 20 0.274507
1968 20 0.218285
1969 20 0.282752
1970 20 0.118909
1971 20 0.132435
1972 20 0.131227
1973 20 0.187962
1974 20 0.121871
1975 20 0.325043
1976 20 0.131479
1977 20 0.108537
1978 20 0.205086
1979 20 0.085836
1980 20 0.266024
1981 20 0.239028
1982 20 0.110522
1983 20 0.195453
1984 20 0.047146
1985 20 0.168132
1986 20 0.115172
1987 20 0.173221
1988 20 0.093591
1989 20 0.162500
1990 20 0.193036
1991 20 0.061486
1992 20 0.126546
1993 20 0.126791
1994 20 0.153771
1995 20 0.112744
1996 20 0.150782
1997 20 0.159486
1998 20 0.071977
1999 20 0.128458
2000 21 0.140547
2001 21 0.106986
2002 21 0.149298
2003 21 0.087066
2004 21 0.138399
2005 21 0.231391
2006 21 0.071937
2007 21 0.131952
2008 21 0.066068
2009 21 0.230227
2010 21 0.178722
2011 21 0.115304
2012 21 0.155209
2013 21 0.178597
2014 21 0.132746
2015 21 0.088419
2016 21 0.159983
2017 21 0.181132
2018 21 0.212754
2019 21 0.285030
2020 21 0.168087
2021 21 0.066164
2022 21 0.102418
2023 21 0.138135
2024 21 0.160501
2025 21 0.116711
2026 21 0.281914
2027 21 0.142407
2028 21 0.194162
2029 21 0.120959
2030 21 0.135574
2031 21 0.215653
2032 21 0.232361
2033 21 0.106248
2034 21 0.090833
2035 21 0.105655
2036 21 0.115308
2037 21 0.196572
2038 21 0.207535
2039 21 0.135855
2040 21 0.141471
2041 21 0.095299
2042 21 0.136928
2043 21 0.191635
2044 21 0.113485
2045 21 0.130369
2046 21 0.131086
2047 21 0.213428
2048 21 0.318524
2049 21 0.094224
2050 21 0.181267
2051 21 0.187168
2052 21 0.020617
2053 21 0.096605
2054 21 0.098546
2055 21 0.191512
2056 21 0.181349
2057 21 0.139963
2058 21 0.211558
2059 21 0.141294
2060 21 0.085463
2061 21 0.192670
2062 21 0.105541
2063 21 0.187801
2064 21 0.277693
2065 21 0.146070
2066 21 0.191937
2067 21 0.172940
2068 21 0.290387
2069 21 0.209678
2070 21 0.163186
2071 21 0.193785
2072 21 0.108720
2073 21 0.148309
2074 21 0.126233
2075 21 0.079687
2076 21 0.150226
2077 21 0.143843
2078 21 0.145303
2079 21 0.122043
2080 21 0.114898
2081 21 0.150559
2082 21 0.145561
2083 21 0.246058
2084 21 0.204663
2085 21 0.046901
2086 21 0.093196
2087 21 0.187889
2088 21 0.118613
2089 21 0.205175
2090 21 0.205012
2091 21 0.024883
2092 21 0.137645
2093 21 0.184636
2094 21 0.049660
2095 21 0.184146
2096 21 0.130999
2097 21 0.194538
2098 21 0.145805
2099 21 0.037564
2100 22 0.150487
2101 22 0.175533
2102 22 0.121093
2103 22 0.170874
2104 22 0.176029
2105 22 0.086891
2106 22 0.115741
2107 22 0.203677
2108 22 0.138106
2109 22 0.218357
2110 22 0.123328
2111 22 0.180250
2112 22 0.192049
2113 22 0.305327
2114 22 0.195548
2115 22 0.317699
2116 22 0.139649
2117 22 0.088421
2118 22 0.197193
2119 22 0.268265
2120 22 0.090551
2121 22 0.176139
2122 22 0.171909
2123 22 0.198650
2124 22 0.193912
2125 22 0.268947
2126 22 0.111004
2127 22 0.101376
2128 22 0.170891
2129 22 0.144103
2130 22 0.037585
2131 22 0.106595
2132 22 0.136151
2133 22 0.172963
2134 22 0.262377
2135 22 0.167187
2136 22 0.161509
2137 22 0.136887
2138 22 0.089863
2139 22 0.252674
2140 22 0.130355
2141 22 0.127625
2142 22 0.095965
2143 22 0.095250
2144 22 0.113224
2145 22 0.083179
2146 22 0.143576
2147 22 0.149747
2148 22 0.165710
2149 22 0.108539
2150 22 0.144615
2151 22 0.043180
2152 22 0.208601
2153 22 0.072803
2154 22 0.181389
2155 22 0.218273
2156 22 0.067394
2157 22 0.160449
2158 22 0.079388
2159 22 0.118422
2160 22 0.240656
2161 22 0.164832
2162 22 0.162032
2163 22 0.093679
2164 22 0.101966
2165 22 0.175481
2166 22 0.194573
2167 22 0.160266
2168 22 0.189587
2169 22 0.176671
2170 22 0.130607
2171 22 0.116497
2172 22 0.168829
2173 22 0.257072
2174 22 0.130846
2175 22 0.084974
2176 22 0.096401
2177 22 0.193581
2178 22 0.189809
2179 22 0.099531
2180 22 0.126098
2181 22 0.179858
2182 22 0.129355
2183 22 0.159971
2184 22 0.178884
2185 22 0.148896
2186 22 0.065836
2187 22 0.163510
2188 22 0.296866
2189 22 0.184486
2190 22 0.142101
2191 22 0.068895
2192 22 0.134773
2193 22 0.172457
2194 22 0.216177
2195 22 0.020869
2196 22 0.117129
2197 22 0.139899
2198 22 0.128966
2199 22 0.074576
2200 23 0.238475
2201 23 0.124572
2202 23 0.150294
2203 23 0.182488
2204 23 0.206698
2205 23 0.289094
2206 23 0.024899
2207 23 0.228072
2208 23 0.128813
2209 23 0.117134
2210 23 0.045225
2211 23 0.181873
2212 23 0.110777
2213 23 0.222637
2214 23 0.113972
2215 23 0.148805
2216 23 0.244178
2217 23 0.151206
2218 23 0.138907
2219 23 0.099367
2220 23 0.175144
2221 23 0.159539
2222 23 0.173351
2223 23 0.208549
2224 23 0.043145
2225 23 0.101751
2226 23 0.158889
2227 23 0.141876
2228 23 0.114052
2229 23 0.194072
2230 23 0.178657
2231 23 0.139527
2232 23 0.182931
2233 23 0.135552
2234 23 0.133655
2235 23 0.285349
2236 23 0.084716
2237 23 0.123360
2238 23 0.135255
2239 23 0.146505
2240 23 0.149773
2241 23 0.170600
2242 23 0.172450
2243 23 0.148135
2244 23 0.244389
2245 23 0.144694
2246 23 0.115052
2247 23 0.107370
2248 23 0.129744
2249 23 0.193828
2250 23 0.139224
2251 23 0.225203
2252 23 0.158458
2253 23 0.180868
2254 23 0.130571
2255 23 0.089439
2256 23 0.166272
2257 23 0.134311
2258 23 0.095585
2259 23 0.170283
2260 23 0.079111
2261 23 0.117382
2262 23 0.212960
2263 23 0.124370
2264 23 0.114427
2265 23 0.125293
2266 23 0.177957
2267 23 0.132012
2268 23 0.182471
2269 23 0.183775
2270 23 0.087257
2271 23 0.021005
2272 23 0.249955
2273 23 0.211855
2274 23 0.125758
2275 23 0.156072
2276 23 0.082765
2277 23 0.137108
2278 23 0.231218
2279 23 0.113350
2280 23 0.216740
2281 23 0.228434
2282 23 0.194011
2283 23 0.194565
2284 23 0.175035
2285 23 0.135784
2286 23 0.046462
2287 23 0.194001
2288 23 0.112736
2289 23 0.140682
2290 23 0.094918
2291 23 0.173796
2292 23 0.155420
2293 23 0.072484
2294 23 0.071616
2295 23 0.201635
2296 23 0.171857
2297 23 0.193330
2298 23 0.037696
2299 23 0.130095
2300 24 0.208191
2301 24 0.187111
2302 24 0.206348
2303 24 0.171791
2304 24 0.150808
2305 24 0.065571
2306 24 0.121325
2307 24 0.129896
2308 24 0.172138
2309 24 0.116868
2310 24 0.188184
2311 24 0.275407
2312 24 0.198402
2313 24 0.101498
2314 24 0.143029
2315 24 0.138698
2316 24 0.111008
2317 24 0.131164
2318 24 0.221979
2319 24 0.100500
2320 24 0.065395
2321 24 0.100522
2322 24 0.139399
2323 24 0.087669
2324 24 0.170425
2325 24 0.193044
2326 24 0.301743
2327 24 0.194566
2328 24 0.116209
2329 24 0.162883
2330 24 0.114628
2331 24 0.043154
2332 24 0.238787
2333 24 0.168872
2334 24 0.086640
2335 24 0.129967
2336 24 0.160508
2337 24 0.169932
2338 24 0.146275
2339 24 0.119851
2340 24 0.248581
2341 24 0.114281
2342 24 0.193695
2343 24 0.150042
2344 24 0.158499
2345 24 0.201025
2346 24 0.238980
2347 24 0.129699
2348 24 0.110470
2349 24 0.086993
2350 24 0.084383
2351 24 0.137562
2352 24 0.092210
2353 24 0.113369
2354 24 0.177887
2355 24 0.143800
2356 24 0.163853
2357 24 0.169083
2358 24 0.179908
2359 24 0.158497
2360 24 0.155482
2361 24 0.161977
2362 24 0.024960
2363 24 0.117882
2364 24 0.171832
2365 24 0.209733
2366 24 0.160686
2367 24 0.165447
2368 24 0.164423
2369 24 0.248188
2370 24 0.106098
2371 24 0.138026
2372 24 0.127238
2373 24 0.149480
2374 24 0.166411
2375 24 0.134431
2376 24 0.188727
2377 24 0.114247
2378 24 0.049871
2379 24 0.098982
2380 24 0.128237
2381 24 0.037809
2382 24 0.104198
2383 24 0.135907
2384 24 0.046335
2385 24 0.132577
2386 24 0.225253
2387 24 0.170620
2388 24 0.215347
2389 24 0.104580
2390 24 0.177800
2391 24 0.130278
2392 24 0.183011
2393 24 0.180124
2394 24 0.213442
2395 24 0.258250
2396 24 0.278710
2397 24 0.174510
2398 24 0.021226
2399 24 0.135262
2400 25 0.148549
2401 25 0.201268
2402 25 0.122084
2403 25 0.116253
2404 25 0.092007
2405 25 0.180044
2406 25 0.169484
2407 25 0.203091
2408 25 0.198561
2409 25 0.201420
2410 25 0.147155
2411 25 0.165035
2412 25 0.227245
2413 25 0.160846
2414 25 0.221160
2415 25 0.191319
2416 25 0.206172
2417 25 0.057275
2418 25 0.202624
2419 25 0.146187
2420 25 0.169497
2421 25 0.156811
2422 25 0.180100
2423 25 0.125096
2424 25 0.328270
2425 25 0.162745
2426 25 0.088947
2427 25 0.251896
2428 25 0.094564
2429 25 0.105824
2430 25 0.110268
2431 25 0.063262
2432 25 0.193522
2433 25 0.270650
2434 25 0.173598
2435 25 0.084092
2436 25 0.155528
2437 25 0.148050
2438 25 0.122801
2439 25 0.136750
2440 25 0.180952
2441 25 0.248729
2442 25 0.194390
2443 25 0.161472
2444 25 0.179995
2445 25 0.273497
2446 25 0.255699
2447 25 0.049964
2448 25 0.126170
2449 25 0.117642
2450 25 0.227864
2451 25 0.116006
2452 25 0.145228
2453 25 0.149179
2454 25 0.194619
2455 25 0.141428
2456 25 0.119255
2457 25 0.183676
2458 25 0.177567
2459 25 0.242682
2460 25 0.138278
2461 25 0.117885
2462 25 0.301347
2463 25 0.184633
2464 25 0.204271
2465 25 0.209519
2466 25 0.182202
2467 25 0.086457
2468 25 0.130782
2469 25 0.181755
2470 25 0.149817
2471 25 0.137682
2472 25 0.112467
2473 25 0.204392
2474 25 0.065262
2475 25 0.021389
2476 25 0.142515
2477 25 0.066678
2478 25 0.101020
2479 25 0.071487
2480 25 0.098751
2481 25 0.072080
2482 25 0.099690
2483 25 0.045495
2484 25 0.177234
2485 25 0.129388
2486 25 0.138148
2487 25 0.157366
2488 25 0.116826
2489 25 0.078584
2490 25 0.125310
2491 25 0.150532
2492 25 0.112500
2493 25 0.149734
2494 25 0.246463
2495 25 0.171925
2496 25 0.108004
2497 25 0.181000
2498 25 0.114006
2499 25 0.025021
2500 26 0.145169
2501 26 0.165305
2502 26 0.106348
2503 26 0.086936
2504 26 0.197968
2505 26 0.171162
2506 26 0.116010
2507 26 0.043138
2508 26 0.164288
2509 26 0.142456
2510 26 0.116406
2511 26 0.021436
2512 26 0.224207
2513 26 0.112701
2514 26 0.119087
2515 26 0.157747
2516 26 0.134702
2517 26 0.037906
2518 26 0.116634
2519 26 0.198540
2520 26 0.104153
2521 26 0.104852
2522 26 0.086427
2523 26 0.172825
2524 26 0.137447
2525 26 0.105644
2526 26 0.286778
2527 26 0.088624
2528 26 0.214678
2529 26 0.177211
2530 26 0.226175
2531 26 0.136843
2532 26 0.204954
2533 26 0.071445
2534 26 0.174667
2535 26 0.321990
2536 26 0.169688
2537 26 0.158007
2538 26 0.045516
2539 26 0.110939
2540 26 0.073398
2541 26 0.109293
2542 26 0.190486
2543 26 0.145441
2544 26 0.117540
2545 26 0.250922
2546 26 0.180086
2547 26 0.025016
2548 26 0.107944
2549 26 0.232754
2550 26 0.200867
2551 26 0.219570
2552 26 0.276581
2553 26 0.168235
2554 26 0.127492
2555 26 0.179369
2556 26 0.152393
2557 26 0.198677
2558 26 0.113612
2559 26 0.110038
2560 26 0.141414
2561 26 0.161811
2562 26 0.170899
2563 26 0.086104
2564 26 0.131074
2565 26 0.130005
2566 26 0.118813
2567 26 0.160159
2568 26 0.172581
2569 26 0.094315
2570 26 0.120656
2571 26 0.125598
2572 26 0.142459
2573 26 0.112393
2574 26 0.195615
2575 26 0.093579
2576 26 0.106288
2577 26 0.215694
2578 26 0.111969
2579 26 0.213581
2580 26 0.205866
2581 26 0.148765
2582 26 0.168869
2583 26 0.124501
2584 26 0.068825
2585 26 0.146697
2586 26 0.160962
2587 26 0.228058
2588 26 0.149734
2589 26 0.159975
2590 26 0.050096
2591 26 0.153244
2592 26 0.215190
2593 26 0.163159
2594 26 0.192871
2595 26 0.267769
2596 26 0.158433
2597 26 0.179234
2598 26 0.136487
2599 26 0.140438
2600 27 0.140606
2601 27 0.192810
2602 27 0.105438
2603 27 0.141683
2604 27 0.050098
2605 27 0.129896
2606 27 0.192200
2607 27 0.159526
2608 27 0.116556
2609 27 0.139862
2610 27 0.071370
2611 27 0.192122
2612 27 0.146467
2613 27 0.098487
2614 27 0.178655
2615 27 0.091348
2616 27 0.104769
2617 27 0.109834
2618 27 0.264641
2619 27 0.146531
2620 27 0.198340
2621 27 0.106112
2622 27 0.118628
2623 27 0.170612
2624 27 0.208296
2625 27 0.025075
2626 27 0.113370
2627 27 0.199077
2628 27 0.136416
2629 27 0.177851
2630 27 0.173090
2631 27 0.100642
2632 27 0.141526
2633 27 0.161051
2634 27 0.197727
2635 27 0.285827
2636 27 0.159077
2637 27 0.155571
2638 27 0.314231
2639 27 0.200034
2640 27 0.104554
2641 27 0.140679
2642 27 0.113619
2643 27 0.174810
2644 27 0.093523
2645 27 0.112281
2646 27 0.141219
2647 27 0.186456
2648 27 0.200908
2649 27 0.143964
2650 27 0.109078
2651 27 0.196979
2652 27 0.124245
2653 27 0.167199
2654 27 0.182561
2655 27 0.152941
2656 27 0.163425
2657 27 0.131784
2658 27 0.212045
2659 27 0.126792
2660 27 0.120428
2661 27 0.142123
2662 27 0.178932
2663 27 0.133652
2664 27 0.098979
2665 27 0.136641
2666 27 0.202356
2667 27 0.237272
2668 27 0.170991
2669 27 0.066142
2670 27 0.235068
2671 27 0.139529
2672 27 0.095381
2673 27 0.156250
2674 27 0.199843
2675 27 0.117184
2676 27 0.106681
2677 27 0.094139
2678 27 0.021765
2679 27 0.178788
2680 27 0.064957
2681 27 0.156354
2682 27 0.157560
2683 27 0.148705
2684 27 0.189339
2685 27 0.115924
2686 27 0.160865
2687 27 0.127679
2688 27 0.136752
2689 27 0.246913
2690 27 0.196525
2691 27 0.178981
2692 27 0.195052
2693 27 0.156634
2694 27 0.085677
2695 27 0.045658
2696 27 0.184699
2697 27 0.138824
2698 27 0.092735
2699 27 0.113642
2700 28 0.182693
2701 28 0.038091
2702 28 0.135782
2703 28 0.119624
2704 28 0.154359
2705 28 0.182983
2706 28 0.111220
2707 28 0.144500
2708 28 0.086114
2709 28 0.118820
2710 28 0.182061
2711 28 0.137221
2712 28 0.109683
2713 28 0.188608
2714 28 0.214600
2715 28 0.071659
2716 28 0.129435
2717 28 0.095267
2718 28 0.050223
2719 28 0.149341
2720 28 0.091029
2721 28 0.086266
2722 28 0.172842
2723 28 0.078017
2724 28 0.194490
2725 28 0.150329
2726 28 0.285386
2727 28 0.122791
2728 28 0.290148
2729 28 0.148059
2730 28 0.118149
2731 28 0.043184
2732 28 0.163793
2733 28 0.196134
2734 28 0.103615
2735 28 0.180968
2736 28 0.171389
2737 28 0.088036
2738 28 0.168000
2739 28 0.238917
2740 28 0.132735
2741 28 0.190461
2742 28 0.196228
2743 28 0.154371
2744 28 0.178767
2745 28 0.238459
2746 28 0.161747
2747 28 0.241128
2748 28 0.100392
2749 28 0.089114
2750 28 0.111546
2751 28 0.078468
2752 28 0.114987
2753 28 0.108846
2754 28 0.025123
2755 28 0.021908
2756 28 0.117071
2757 28 0.144408
2758 28 0.192945
2759 28 0.186559
2760 28 0.123363
2761 28 0.151008
2762 28 0.154907
2763 28 0.157448
2764 28 0.105151
2765 28 0.091605
2766 28 0.208275
2767 28 0.119717
2768 28 0.111324
2769 28 0.178534
2770 28 0.151391
2771 28 0.146799
2772 28 0.140181
2773 28 0.267215
2774 28 0.150897
2775 28 0.170242
2776 28 0.098198
2777 28 0.108980
2778 28 0.128379
2779 28 0.192299
2780 28 0.164999
2781 28 0.105050
2782 28 0.184532
2783 28 0.175655
2784 28 0.274818
2785 28 0.145979
2786 28 0.209606
2787 28 0.237237
2788 28 0.178295
2789 28 0.093898
2790 28 0.141896
2791 28 0.143882
2792 28 0.193493
2793 28 0.131174
2794 28 0.183096
2795 28 0.175787
2796 28 0.168009
2797 28 0.246168
2798 28 0.088857
2799 28 0.230661
2800 29 0.082960
2801 29 0.177222
2802 29 0.147147
2803 29 0.071528
2804 29 0.103489
2805 29 0.100029
2806 29 0.178629
2807 29 0.172047
2808 29 0.115764
2809 29 0.164743
2810 29 0.081594
2811 29 0.180011
2812 29 0.177953
2813 29 0.160096
2814 29 0.147696
2815 29 0.171301
2816 29 0.117142
2817 29 0.222044
2818 29 0.309796
2819 29 0.116877
2820 29 0.122058
2821 29 0.108770
2822 29 0.209719
2823 29 0.100213
2824 29 0.160963
2825 29 0.124557
2826 29 0.201639
2827 29 0.143862
2828 29 0.168612
2829 29 0.149672
2830 29 0.137155
2831 29 0.169240
2832 29 0.206687
2833 29 0.148159
2834 29 0.183644
2835 29 0.134035
2836 29 0.219357
2837 29 0.136761
2838 29 0.157156
2839 29 0.103391
2840 29 0.322930
2841 29 0.178056
2842 29 0.130974
2843 29 0.104103
2844 29 0.162379
2845 29 0.133730
2846 29 0.162240
2847 29 0.068290
2848 29 0.043242
2849 29 0.187351
2850 29 0.135966
2851 29 0.143819
2852 29 0.136061
2853 29 0.125040
2854 29 0.155733
2855 29 0.167761
2856 29 0.098067
2857 29 0.150566
2858 29 0.038263
2859 29 0.086116
2860 29 0.172500
2861 29 0.046827
2862 29 0.203501
2863 29 0.042779
2864 29 0.159804
2865 29 0.121184
2866 29 0.121547
2867 29 0.165206
2868 29 0.168659
2869 29 0.113366
2870 29 0.245577
2871 29 0.155785
2872 29 0.153363
2873 29 0.178636
2874 29 0.143105
2875 29 0.064708
2876 29 0.194379
2877 29 0.114574
2878 29 0.128059
2879 29 0.148089
2880 29 0.122908
2881 29 0.138796
2882 29 0.138728
2883 29 0.093442
2884 29 0.141660
2885 29 0.141002
2886 29 0.187164
2887 29 0.259976
2888 29 0.248067
2889 29 0.169969
2890 29 0.112859
2891 29 0.063039
2892 29 0.118150
2893 29 0.207299
2894 29 0.170094
2895 29 0.183754
2896 29 0.096447
2897 29 0.133782
2898 29 0.173109
2899 29 0.201991
2900 30 0.171603
2901 30 0.166435
2902 30 0.180464
2903 30 0.114581
2904 30 0.086102
2905 30 0.045479
2906 30 0.098930
2907 30 0.168173
2908 30 0.119415
2909 30 0.197523
2910 30 0.129469
2911 30 0.234763
2912 30 0.209872
2913 30 0.046658
2914 30 0.188874
2915 30 0.284129
2916 30 0.177226
2917 30 0.199965
2918 30 0.276639
2919 30 0.191047
2920 30 0.049653
2921 30 0.228150
2922 30 0.111063
2923 30 0.246881
2924 30 0.149388
2925 30 0.140624
2926 30 0.128624
2927 30 0.157088
2928 30 0.254200
2929 30 0.201063
2930 30 0.095013
2931 30 0.280108
2932 30 0.163373
2933 30 0.169732
2934 30 0.107592
2935 30 0.259644
2936 30 0.157896
2937 30 0.148329
2938 30 0.102973
2939 30 0.186303
2940 30 0.113260
2941 30 0.093319
2942 30 0.127640
2943 30 0.142713
2944 30 0.205297
2945 30 0.115775
2946 30 0.157685
2947 30 0.214662
2948 30 0.246765
2949 30 0.088498
2950 30 0.213721
2951 30 0.169647
2952 30 0.229421
2953 30 0.186147
2954 30 0.215032
2955 30 0.104815
2956 30 0.085489
2957 30 0.050517
2958 30 0.201565
2959 30 0.045912
2960 30 0.127642
2961 30 0.103936
2962 30 0.179091
2963 30 0.145762
2964 30 0.111073
2965 30 0.140567
2966 30 0.190716
2967 30 0.166108
2968 30 0.141863
2969 30 0.078754
2970 30 0.196059
2971 30 0.136620
2972 30 0.146981
2973 30 0.188919
2974 30 0.195695
2975 30 0.142818
2976 30 0.108502
2977 30 0.123457
2978 30 0.185937
2979 30 0.180081
2980 30 0.134576
2981 30 0.145234
2982 30 0.193334
2983 30 0.099873
2984 30 0.071239
2985 30 0.165196
2986 30 0.174675
2987 30 0.064564
2988 30 0.226214
2989 30 0.141607
2990 30 0.215294
2991 30 0.147684
2992 30 0.093644
2993 30 0.127765
2994 30 0.097849
2995 30 0.193478
2996 30 0.136255
2997 30 0.140920
2998 30 0.065392
2999 30 0.103107
