# Batch convergence for: model=snn-ae encoding=direct architecture=conv1d v_th=1.5 alpha=0.9 run=3
batch_num epoch batch_loss
0 1 1.331335
1 1 1.264254
2 1 1.157553
3 1 0.558989
4 1 0.903991
5 1 1.294122
6 1 1.108775
7 1 1.113575
8 1 0.746519
9 1 1.102084
10 1 1.116321
11 1 0.952059
12 1 1.123985
13 1 0.879127
14 1 0.548129
15 1 0.974957
16 1 0.991101
17 1 1.050281
18 1 1.028574
19 1 1.142406
20 1 1.114838
21 1 0.785317
22 1 0.982150
23 1 0.994892
24 1 0.881475
25 1 1.179676
26 1 1.092629
27 1 0.925519
28 1 0.101290
29 1 1.132956
30 1 1.039345
31 1 1.097684
32 1 1.196117
33 1 1.131113
34 1 1.158059
35 1 0.069559
36 1 1.130350
37 1 0.977158
38 1 0.781751
39 1 0.101676
40 1 0.528940
41 1 1.021213
42 1 1.004513
43 1 1.259133
44 1 0.932733
45 1 0.931892
46 1 1.013780
47 1 0.773123
48 1 0.950196
49 1 1.002590
50 1 0.877105
51 1 0.970226
52 1 1.043249
53 1 0.833075
54 1 0.928040
55 1 0.909008
56 1 0.944034
57 1 1.009114
58 1 0.096285
59 1 0.984732
60 1 0.965195
61 1 0.986071
62 1 1.211110
63 1 0.785070
64 1 1.106054
65 1 1.058523
66 1 0.863155
67 1 0.654516
68 1 0.929206
69 1 1.046139
70 1 0.976883
71 1 0.641033
72 1 0.739339
73 1 1.054959
74 1 0.782136
75 1 0.979284
76 1 1.018263
77 1 0.910838
78 1 1.044185
79 1 1.045004
80 1 1.001457
81 1 1.065301
82 1 0.154970
83 1 0.938076
84 1 1.016387
85 1 1.016497
86 1 0.248425
87 1 1.013767
88 1 0.980817
89 1 0.972780
90 1 0.837353
91 1 1.046973
92 1 0.795764
93 1 1.072706
94 1 0.503672
95 1 1.025796
96 1 0.926713
97 1 0.787262
98 1 1.061678
99 1 0.988096
100 2 0.964536
101 2 0.037589
102 2 0.924495
103 2 0.971525
104 2 0.946560
105 2 0.947473
106 2 0.934973
107 2 0.924961
108 2 0.944132
109 2 0.880613
110 2 1.052635
111 2 0.738686
112 2 0.991909
113 2 0.962073
114 2 0.909212
115 2 1.162311
116 2 0.994048
117 2 1.028131
118 2 0.888220
119 2 1.067662
120 2 0.961249
121 2 0.973709
122 2 0.675686
123 2 1.009882
124 2 0.567602
125 2 0.939281
126 2 1.001642
127 2 0.856765
128 2 1.041278
129 2 0.906461
130 2 0.870635
131 2 1.044337
132 2 0.990359
133 2 0.525925
134 2 1.063665
135 2 1.090559
136 2 0.186013
137 2 0.891893
138 2 1.018727
139 2 0.961318
140 2 0.124650
141 2 1.036266
142 2 1.061036
143 2 1.128843
144 2 0.971137
145 2 0.850774
146 2 0.960273
147 2 0.069308
148 2 0.934026
149 2 0.939797
150 2 0.777107
151 2 0.848187
152 2 0.806752
153 2 0.542641
154 2 0.939558
155 2 0.771005
156 2 0.649682
157 2 1.019141
158 2 0.840902
159 2 1.012505
160 2 0.544845
161 2 0.862969
162 2 0.119368
163 2 0.950291
164 2 0.872279
165 2 1.178254
166 2 0.758749
167 2 0.985287
168 2 0.963845
169 2 1.019780
170 2 0.963756
171 2 0.698653
172 2 0.959498
173 2 0.969602
174 2 0.943759
175 2 0.929378
176 2 1.009784
177 2 0.817076
178 2 0.936606
179 2 1.019012
180 2 0.885070
181 2 0.994367
182 2 0.101377
183 2 0.970499
184 2 0.944364
185 2 0.782051
186 2 0.891149
187 2 1.027719
188 2 1.062457
189 2 0.990425
190 2 0.904675
191 2 0.799906
192 2 0.950592
193 2 1.062230
194 2 0.963446
195 2 1.221889
196 2 1.049829
197 2 0.951313
198 2 0.442374
199 2 0.925945
200 3 1.026320
201 3 0.904532
202 3 0.566885
203 3 1.004553
204 3 0.734785
205 3 0.948638
206 3 0.895419
207 3 0.616716
208 3 0.932932
209 3 0.887095
210 3 0.979446
211 3 0.962612
212 3 0.982380
213 3 0.929097
214 3 0.954746
215 3 0.148741
216 3 0.944596
217 3 0.165638
218 3 0.900592
219 3 0.801445
220 3 1.078041
221 3 0.038491
222 3 0.869296
223 3 1.061464
224 3 0.959072
225 3 0.812254
226 3 0.930335
227 3 1.020236
228 3 0.985512
229 3 0.810059
230 3 0.948183
231 3 0.774820
232 3 0.101076
233 3 0.899699
234 3 0.917147
235 3 1.063692
236 3 0.997678
237 3 0.970970
238 3 1.005661
239 3 0.986693
240 3 0.916366
241 3 0.965146
242 3 0.981820
243 3 0.904863
244 3 0.954535
245 3 0.887373
246 3 1.071992
247 3 0.956525
248 3 1.075061
249 3 0.479670
250 3 0.870282
251 3 1.004867
252 3 0.764669
253 3 0.918431
254 3 1.007458
255 3 1.212644
256 3 0.501622
257 3 1.071735
258 3 0.970700
259 3 0.794165
260 3 0.949104
261 3 0.981225
262 3 0.948952
263 3 0.935982
264 3 0.844747
265 3 1.119654
266 3 1.089952
267 3 0.938602
268 3 0.902810
269 3 1.014868
270 3 0.445161
271 3 0.897162
272 3 0.999038
273 3 0.953787
274 3 0.848644
275 3 0.964512
276 3 0.733811
277 3 0.728072
278 3 0.964914
279 3 0.899985
280 3 0.138500
281 3 0.914508
282 3 0.858061
283 3 0.964171
284 3 0.625646
285 3 0.996042
286 3 1.072510
287 3 0.928521
288 3 0.913949
289 3 0.251620
290 3 0.895393
291 3 0.984202
292 3 0.985406
293 3 0.635418
294 3 0.903990
295 3 0.886942
296 3 1.023781
297 3 0.910149
298 3 0.765038
299 3 1.006654
300 4 0.941765
301 4 0.935609
302 4 1.032518
303 4 0.888877
304 4 0.186000
305 4 0.909968
306 4 0.834731
307 4 0.988139
308 4 0.885092
309 4 1.019436
310 4 0.943748
311 4 0.964088
312 4 0.502904
313 4 0.894112
314 4 0.859642
315 4 0.827304
316 4 0.651432
317 4 0.764782
318 4 0.822143
319 4 0.823065
320 4 1.060352
321 4 0.962148
322 4 0.973081
323 4 1.066972
324 4 0.885179
325 4 1.006823
326 4 0.555782
327 4 0.971258
328 4 0.743335
329 4 0.953639
330 4 0.975058
331 4 0.973425
332 4 0.973667
333 4 0.990049
334 4 0.583054
335 4 0.870223
336 4 0.566628
337 4 0.981308
338 4 0.867324
339 4 0.069703
340 4 0.966608
341 4 0.774793
342 4 0.950272
343 4 0.799148
344 4 0.638034
345 4 0.981370
346 4 0.897813
347 4 0.682592
348 4 0.946538
349 4 0.957194
350 4 1.010389
351 4 0.500895
352 4 0.950184
353 4 0.923855
354 4 0.687100
355 4 0.039492
356 4 1.030291
357 4 0.971552
358 4 0.953976
359 4 0.772221
360 4 0.726424
361 4 0.904356
362 4 0.813475
363 4 1.056149
364 4 0.901842
365 4 0.945303
366 4 1.008583
367 4 1.062479
368 4 0.814452
369 4 0.951009
370 4 0.794254
371 4 0.720143
372 4 0.928385
373 4 1.036975
374 4 0.950542
375 4 0.948482
376 4 0.856545
377 4 0.958519
378 4 0.120276
379 4 0.944628
380 4 0.966517
381 4 0.947187
382 4 1.070305
383 4 0.909660
384 4 0.952138
385 4 0.936998
386 4 0.877197
387 4 1.130280
388 4 0.892053
389 4 1.018874
390 4 0.999588
391 4 0.987440
392 4 0.101309
393 4 0.944398
394 4 0.986600
395 4 0.983576
396 4 0.873850
397 4 0.991177
398 4 0.986320
399 4 0.096717
400 5 0.938615
401 5 0.908803
402 5 0.613306
403 5 0.975320
404 5 1.005629
405 5 1.000200
406 5 0.925344
407 5 0.637545
408 5 0.929720
409 5 1.043419
410 5 0.985290
411 5 0.916931
412 5 0.119991
413 5 0.683979
414 5 1.002437
415 5 0.906844
416 5 0.684434
417 5 0.828150
418 5 0.960465
419 5 0.948087
420 5 0.954723
421 5 0.662950
422 5 0.947460
423 5 0.850330
424 5 0.809867
425 5 0.908768
426 5 0.186417
427 5 0.958957
428 5 0.880700
429 5 0.734505
430 5 0.895639
431 5 0.961055
432 5 1.089305
433 5 0.907339
434 5 0.749652
435 5 0.821029
436 5 0.951335
437 5 0.509217
438 5 0.598427
439 5 0.522856
440 5 0.900139
441 5 0.927192
442 5 0.914136
443 5 0.882399
444 5 0.881754
445 5 1.003274
446 5 0.913758
447 5 0.915031
448 5 0.963295
449 5 0.941627
450 5 1.122960
451 5 1.031094
452 5 0.940123
453 5 0.666028
454 5 0.964675
455 5 0.070144
456 5 0.796661
457 5 1.000402
458 5 1.027002
459 5 0.925748
460 5 0.977225
461 5 0.950176
462 5 1.050598
463 5 1.045567
464 5 0.869475
465 5 0.924621
466 5 0.925831
467 5 0.444729
468 5 0.784022
469 5 0.980823
470 5 0.998502
471 5 0.842602
472 5 0.646881
473 5 0.953545
474 5 0.040001
475 5 0.693419
476 5 0.919036
477 5 0.851739
478 5 0.837534
479 5 1.012840
480 5 1.005053
481 5 0.985760
482 5 1.088345
483 5 1.068643
484 5 0.811873
485 5 0.965183
486 5 0.951420
487 5 1.047310
488 5 0.773697
489 5 0.968205
490 5 0.897545
491 5 0.967434
492 5 1.061512
493 5 0.905902
494 5 0.121454
495 5 0.921312
496 5 0.917085
497 5 0.131774
498 5 0.457848
499 5 0.794812
500 6 0.096644
501 6 0.624885
502 6 0.101245
503 6 0.146533
504 6 1.006313
505 6 0.844030
506 6 0.668517
507 6 0.937915
508 6 0.704953
509 6 0.909430
510 6 0.979896
511 6 0.972119
512 6 0.842604
513 6 0.954301
514 6 0.983607
515 6 1.053837
516 6 0.829089
517 6 0.944176
518 6 0.186421
519 6 0.916260
520 6 0.965510
521 6 0.895936
522 6 0.975659
523 6 0.924887
524 6 0.931821
525 6 0.873240
526 6 0.863340
527 6 1.028115
528 6 0.816780
529 6 0.968110
530 6 0.945820
531 6 0.070711
532 6 0.865520
533 6 0.562064
534 6 0.547913
535 6 1.025758
536 6 0.895042
537 6 0.907221
538 6 0.896618
539 6 0.985754
540 6 0.910723
541 6 0.765235
542 6 0.837554
543 6 0.942818
544 6 0.824338
545 6 0.908127
546 6 0.899240
547 6 0.968521
548 6 0.944957
549 6 0.511429
550 6 1.086269
551 6 0.688713
552 6 0.818721
553 6 0.746783
554 6 0.863380
555 6 0.773065
556 6 0.870939
557 6 0.939249
558 6 0.987999
559 6 0.697453
560 6 0.894538
561 6 0.960764
562 6 0.938221
563 6 0.937746
564 6 0.618469
565 6 0.925922
566 6 0.938563
567 6 0.961150
568 6 0.964761
569 6 1.036687
570 6 0.706498
571 6 0.939268
572 6 0.875823
573 6 0.917319
574 6 0.961316
575 6 0.747512
576 6 0.653919
577 6 0.951612
578 6 0.820518
579 6 0.844735
580 6 0.947224
581 6 0.971004
582 6 1.017667
583 6 0.040428
584 6 1.009958
585 6 0.575768
586 6 0.828586
587 6 0.873539
588 6 0.397339
589 6 0.646901
590 6 0.984621
591 6 0.856033
592 6 0.907321
593 6 1.004135
594 6 0.961103
595 6 0.919557
596 6 0.929558
597 6 0.951771
598 6 0.807297
599 6 0.871181
600 7 0.096656
601 7 1.021444
602 7 0.846465
603 7 0.966218
604 7 0.582577
605 7 0.868341
606 7 0.817061
607 7 0.847049
608 7 0.937339
609 7 0.772743
610 7 0.950638
611 7 0.879843
612 7 1.053366
613 7 1.088755
614 7 0.070956
615 7 0.898622
616 7 0.939437
617 7 0.676889
618 7 0.948028
619 7 0.186933
620 7 0.580305
621 7 0.886731
622 7 0.742559
623 7 0.040218
624 7 0.818659
625 7 0.775403
626 7 1.012721
627 7 0.978195
628 7 0.774392
629 7 0.799679
630 7 0.971814
631 7 0.967239
632 7 0.100784
633 7 0.863422
634 7 0.932955
635 7 0.602584
636 7 0.624025
637 7 1.072649
638 7 0.928459
639 7 0.994349
640 7 0.892464
641 7 0.935736
642 7 0.837305
643 7 0.122295
644 7 0.867517
645 7 0.484687
646 7 0.916835
647 7 0.941147
648 7 0.975747
649 7 0.538057
650 7 0.858108
651 7 0.606163
652 7 0.804250
653 7 0.746841
654 7 0.842288
655 7 0.963276
656 7 0.906300
657 7 0.945492
658 7 0.915210
659 7 0.959842
660 7 0.840943
661 7 0.855883
662 7 1.022757
663 7 0.921568
664 7 0.931212
665 7 1.023480
666 7 0.773831
667 7 1.012188
668 7 0.939141
669 7 0.768600
670 7 0.859056
671 7 0.849666
672 7 0.928129
673 7 0.953889
674 7 0.949358
675 7 1.019102
676 7 0.945052
677 7 0.847200
678 7 0.928058
679 7 0.997369
680 7 0.593429
681 7 0.985592
682 7 0.938421
683 7 1.010155
684 7 0.849639
685 7 0.932220
686 7 0.939228
687 7 0.901055
688 7 0.613808
689 7 1.003478
690 7 0.490318
691 7 0.927578
692 7 0.726958
693 7 0.516257
694 7 0.807905
695 7 0.911645
696 7 0.954966
697 7 0.489302
698 7 0.950957
699 7 0.794664
700 8 0.973701
701 8 0.096836
702 8 1.014527
703 8 0.726688
704 8 0.835918
705 8 0.766984
706 8 0.707594
707 8 1.004068
708 8 0.889702
709 8 0.762210
710 8 0.963354
711 8 0.995482
712 8 0.580865
713 8 0.898295
714 8 0.998723
715 8 0.930440
716 8 0.942721
717 8 0.860575
718 8 0.616327
719 8 0.896289
720 8 0.956946
721 8 0.889867
722 8 1.017634
723 8 1.006003
724 8 0.924541
725 8 0.912147
726 8 0.858591
727 8 0.731494
728 8 0.525016
729 8 0.806911
730 8 0.725823
731 8 0.040437
732 8 0.837092
733 8 1.012037
734 8 0.770862
735 8 0.449560
736 8 0.873616
737 8 0.791586
738 8 0.796557
739 8 0.923775
740 8 0.071154
741 8 0.954875
742 8 0.853586
743 8 0.953669
744 8 0.808554
745 8 1.093613
746 8 0.708418
747 8 0.879074
748 8 0.787404
749 8 0.924457
750 8 0.770351
751 8 0.972715
752 8 0.916568
753 8 0.858748
754 8 0.971980
755 8 0.884780
756 8 0.969061
757 8 0.911244
758 8 0.778368
759 8 0.909667
760 8 0.857720
761 8 0.920870
762 8 0.781738
763 8 0.492554
764 8 0.866288
765 8 0.818416
766 8 0.866039
767 8 0.907994
768 8 0.889618
769 8 0.686604
770 8 0.975113
771 8 0.864666
772 8 0.954613
773 8 0.949544
774 8 0.958604
775 8 0.972058
776 8 0.892259
777 8 0.552910
778 8 0.187293
779 8 0.654207
780 8 0.836550
781 8 0.122872
782 8 0.627693
783 8 0.538250
784 8 0.556569
785 8 0.711941
786 8 1.012299
787 8 0.944387
788 8 0.767576
789 8 0.576341
790 8 0.956414
791 8 0.935380
792 8 0.994605
793 8 0.916756
794 8 0.901912
795 8 0.783028
796 8 0.954017
797 8 0.122021
798 8 0.965026
799 8 0.846138
800 9 0.998583
801 9 0.691301
802 9 0.924180
803 9 0.884969
804 9 0.944382
805 9 0.720241
806 9 0.946396
807 9 0.560364
808 9 0.817319
809 9 0.767295
810 9 0.916694
811 9 0.880814
812 9 0.925094
813 9 0.973864
814 9 0.873027
815 9 0.847197
816 9 0.991363
817 9 0.969013
818 9 0.953905
819 9 0.506799
820 9 0.851584
821 9 0.122720
822 9 0.071337
823 9 0.959364
824 9 0.883024
825 9 0.996056
826 9 0.884364
827 9 0.926916
828 9 0.900142
829 9 0.795756
830 9 0.541287
831 9 0.977942
832 9 0.932301
833 9 0.453320
834 9 0.934731
835 9 0.534149
836 9 0.864719
837 9 1.004040
838 9 0.824950
839 9 0.887993
840 9 1.069898
841 9 0.929649
842 9 0.919160
843 9 0.779851
844 9 0.725294
845 9 0.554836
846 9 0.896863
847 9 0.967832
848 9 0.539266
849 9 0.927314
850 9 0.843059
851 9 0.881924
852 9 0.870767
853 9 0.898913
854 9 0.783861
855 9 0.776322
856 9 0.187426
857 9 0.906413
858 9 0.783751
859 9 0.777844
860 9 0.897570
861 9 0.932242
862 9 0.801981
863 9 0.718089
864 9 0.648471
865 9 0.894546
866 9 1.024248
867 9 0.871561
868 9 0.952681
869 9 0.040900
870 9 0.935777
871 9 0.121447
872 9 0.916434
873 9 0.788864
874 9 0.940159
875 9 0.964229
876 9 0.624071
877 9 0.797097
878 9 0.964940
879 9 0.837153
880 9 0.902900
881 9 0.964218
882 9 0.982067
883 9 0.934138
884 9 0.809500
885 9 1.009102
886 9 0.722725
887 9 0.680203
888 9 0.971410
889 9 0.528130
890 9 0.821864
891 9 0.885217
892 9 1.102684
893 9 0.611504
894 9 0.097357
895 9 0.604116
896 9 0.621768
897 9 0.828321
898 9 0.826449
899 9 0.956353
900 10 0.824120
901 10 0.614634
902 10 0.608049
903 10 0.762996
904 10 0.861107
905 10 0.919759
906 10 0.493050
907 10 0.785556
908 10 0.040725
909 10 0.967006
910 10 0.259214
911 10 0.986494
912 10 0.602506
913 10 0.966962
914 10 0.685478
915 10 0.842004
916 10 0.938175
917 10 0.687016
918 10 0.919810
919 10 0.732196
920 10 0.790099
921 10 0.974340
922 10 0.858937
923 10 0.871569
924 10 0.858735
925 10 0.841271
926 10 0.859985
927 10 0.942644
928 10 0.878741
929 10 0.808484
930 10 0.911278
931 10 0.868168
932 10 0.994533
933 10 0.071887
934 10 0.904662
935 10 0.474500
936 10 0.944886
937 10 1.015720
938 10 0.858183
939 10 0.811604
940 10 0.804425
941 10 0.954678
942 10 0.979913
943 10 0.612101
944 10 0.913537
945 10 0.896561
946 10 0.920109
947 10 0.946970
948 10 0.569777
949 10 0.944583
950 10 0.778884
951 10 0.962789
952 10 0.770709
953 10 0.925511
954 10 0.818963
955 10 0.897052
956 10 1.021658
957 10 0.614625
958 10 0.812564
959 10 0.853741
960 10 0.511970
961 10 0.843146
962 10 0.934225
963 10 0.953003
964 10 0.594484
965 10 0.794915
966 10 0.858493
967 10 0.776538
968 10 1.041437
969 10 0.854295
970 10 0.608550
971 10 0.782177
972 10 0.845380
973 10 0.533447
974 10 0.888547
975 10 0.853586
976 10 0.824833
977 10 0.947839
978 10 0.825833
979 10 0.757358
980 10 0.894458
981 10 0.123400
982 10 0.840062
983 10 0.627873
984 10 0.854092
985 10 0.792165
986 10 0.961015
987 10 0.883700
988 10 0.979700
989 10 0.898678
990 10 0.117490
991 10 0.677022
992 10 0.806753
993 10 0.097463
994 10 0.855540
995 10 0.951976
996 10 0.827164
997 10 0.825723
998 10 0.863348
999 10 1.019879
1000 11 0.945891
1001 11 0.743477
1002 11 0.807737
1003 11 0.901471
1004 11 0.896570
1005 11 0.755179
1006 11 0.550892
1007 11 0.872992
1008 11 0.799594
1009 11 0.824956
1010 11 0.717971
1011 11 0.878307
1012 11 0.784076
1013 11 0.956939
1014 11 0.067856
1015 11 1.006272
1016 11 0.779511
1017 11 0.532924
1018 11 1.073577
1019 11 0.898725
1020 11 0.710491
1021 11 0.694331
1022 11 0.925851
1023 11 0.885219
1024 11 0.753696
1025 11 0.939321
1026 11 0.740485
1027 11 0.758632
1028 11 0.946883
1029 11 0.948520
1030 11 0.840506
1031 11 0.843285
1032 11 0.855355
1033 11 0.731129
1034 11 0.825657
1035 11 0.846155
1036 11 0.793845
1037 11 0.632618
1038 11 0.596242
1039 11 0.770359
1040 11 0.841654
1041 11 0.874680
1042 11 0.987971
1043 11 0.912123
1044 11 0.982777
1045 11 0.123387
1046 11 0.426227
1047 11 0.912726
1048 11 0.963235
1049 11 0.858247
1050 11 0.694828
1051 11 0.879688
1052 11 0.071646
1053 11 0.825628
1054 11 0.893710
1055 11 0.100618
1056 11 0.898294
1057 11 0.551334
1058 11 1.019136
1059 11 0.674884
1060 11 0.841073
1061 11 0.713298
1062 11 1.055047
1063 11 0.883400
1064 11 0.531467
1065 11 0.825256
1066 11 0.952454
1067 11 0.871934
1068 11 0.973809
1069 11 0.642815
1070 11 0.601254
1071 11 0.915608
1072 11 0.780206
1073 11 0.821674
1074 11 0.855237
1075 11 0.187175
1076 11 0.944527
1077 11 0.899835
1078 11 0.755767
1079 11 0.869286
1080 11 0.849497
1081 11 0.519747
1082 11 0.952424
1083 11 0.971902
1084 11 0.770536
1085 11 0.640119
1086 11 0.735140
1087 11 0.097109
1088 11 0.911350
1089 11 0.962182
1090 11 0.523100
1091 11 0.852621
1092 11 0.919240
1093 11 0.893799
1094 11 0.994577
1095 11 0.809453
1096 11 0.877463
1097 11 0.868675
1098 11 0.562824
1099 11 0.811304
1100 12 0.742059
1101 12 0.780602
1102 12 0.874711
1103 12 0.688874
1104 12 0.929347
1105 12 0.084195
1106 12 0.884969
1107 12 0.100043
1108 12 0.778879
1109 12 0.926969
1110 12 0.881509
1111 12 0.860296
1112 12 0.859486
1113 12 0.942913
1114 12 0.919552
1115 12 0.899974
1116 12 0.513060
1117 12 0.895373
1118 12 0.766333
1119 12 0.915732
1120 12 0.948727
1121 12 0.269105
1122 12 0.785226
1123 12 0.773912
1124 12 0.523573
1125 12 0.704559
1126 12 0.672318
1127 12 0.979270
1128 12 0.971236
1129 12 0.899856
1130 12 0.812993
1131 12 0.777300
1132 12 0.937522
1133 12 0.919004
1134 12 0.836454
1135 12 0.768010
1136 12 0.800783
1137 12 0.578821
1138 12 0.599211
1139 12 0.498869
1140 12 0.860210
1141 12 0.754837
1142 12 0.911371
1143 12 1.009095
1144 12 0.692873
1145 12 0.818160
1146 12 0.901681
1147 12 0.772293
1148 12 0.646442
1149 12 0.908691
1150 12 0.941092
1151 12 0.753527
1152 12 0.702662
1153 12 0.953556
1154 12 0.096708
1155 12 0.399082
1156 12 0.860429
1157 12 0.934353
1158 12 0.496739
1159 12 0.867013
1160 12 0.835956
1161 12 0.945746
1162 12 0.071779
1163 12 0.842965
1164 12 0.886403
1165 12 0.761693
1166 12 0.530467
1167 12 0.909196
1168 12 0.965744
1169 12 0.711152
1170 12 0.670282
1171 12 1.137334
1172 12 0.777036
1173 12 0.724183
1174 12 0.864541
1175 12 0.828297
1176 12 0.715865
1177 12 0.859643
1178 12 0.739468
1179 12 0.826550
1180 12 0.625243
1181 12 0.804528
1182 12 0.753932
1183 12 0.640002
1184 12 0.887325
1185 12 0.847116
1186 12 0.700399
1187 12 0.919013
1188 12 0.915201
1189 12 0.709841
1190 12 0.754312
1191 12 1.004606
1192 12 0.788259
1193 12 0.537062
1194 12 0.174845
1195 12 0.860485
1196 12 0.806085
1197 12 0.907995
1198 12 0.793679
1199 12 1.045643
1200 13 0.529072
1201 13 0.641342
1202 13 0.716321
1203 13 0.513145
1204 13 0.923778
1205 13 0.749361
1206 13 0.800436
1207 13 0.930553
1208 13 0.909368
1209 13 0.859924
1210 13 0.789731
1211 13 0.910658
1212 13 0.890235
1213 13 0.790293
1214 13 0.842086
1215 13 0.941015
1216 13 1.040186
1217 13 0.892415
1218 13 0.815443
1219 13 0.824773
1220 13 0.824453
1221 13 0.890666
1222 13 0.813383
1223 13 0.695256
1224 13 0.964791
1225 13 0.616924
1226 13 0.779979
1227 13 0.845564
1228 13 0.934442
1229 13 0.253980
1230 13 0.867459
1231 13 0.499476
1232 13 0.100182
1233 13 0.819268
1234 13 0.666900
1235 13 0.748284
1236 13 0.499318
1237 13 0.860835
1238 13 0.743559
1239 13 0.823100
1240 13 0.865322
1241 13 0.784720
1242 13 0.812568
1243 13 0.092309
1244 13 0.818701
1245 13 0.495300
1246 13 0.879871
1247 13 0.878594
1248 13 0.878721
1249 13 0.537111
1250 13 0.671975
1251 13 0.645323
1252 13 1.015950
1253 13 0.707448
1254 13 0.858134
1255 13 0.870622
1256 13 0.979016
1257 13 0.985638
1258 13 0.816742
1259 13 0.791001
1260 13 0.914174
1261 13 0.877086
1262 13 0.966752
1263 13 0.939023
1264 13 0.732662
1265 13 0.952042
1266 13 0.604589
1267 13 0.757714
1268 13 0.740345
1269 13 0.803495
1270 13 0.917898
1271 13 0.900122
1272 13 0.905935
1273 13 0.899843
1274 13 0.776344
1275 13 1.026974
1276 13 0.923749
1277 13 0.963744
1278 13 0.865207
1279 13 0.768619
1280 13 0.924779
1281 13 0.800298
1282 13 0.756757
1283 13 0.686043
1284 13 0.808334
1285 13 0.878379
1286 13 0.810513
1287 13 0.058584
1288 13 0.457706
1289 13 0.903024
1290 13 0.801715
1291 13 0.096838
1292 13 0.805369
1293 13 0.514536
1294 13 0.898892
1295 13 0.962447
1296 13 0.855971
1297 13 0.187623
1298 13 0.717305
1299 13 0.546201
1300 14 0.970313
1301 14 0.852356
1302 14 0.808412
1303 14 0.931991
1304 14 0.470941
1305 14 0.910969
1306 14 0.883674
1307 14 0.655946
1308 14 0.894224
1309 14 0.953660
1310 14 1.006039
1311 14 0.899852
1312 14 0.040837
1313 14 0.744695
1314 14 0.962970
1315 14 0.697802
1316 14 0.972241
1317 14 0.071457
1318 14 0.847167
1319 14 0.691857
1320 14 0.505238
1321 14 0.745494
1322 14 0.433476
1323 14 0.670787
1324 14 0.414526
1325 14 0.814772
1326 14 0.743305
1327 14 0.852641
1328 14 0.726924
1329 14 0.956620
1330 14 0.706342
1331 14 0.930784
1332 14 0.933298
1333 14 0.756603
1334 14 0.809966
1335 14 0.851235
1336 14 0.908460
1337 14 0.820467
1338 14 0.826853
1339 14 0.879180
1340 14 0.552834
1341 14 0.562468
1342 14 0.498878
1343 14 0.853682
1344 14 0.880998
1345 14 0.886934
1346 14 0.919789
1347 14 0.863143
1348 14 0.765295
1349 14 0.942934
1350 14 0.852908
1351 14 0.806084
1352 14 0.905355
1353 14 0.804183
1354 14 0.936862
1355 14 0.900224
1356 14 0.898604
1357 14 0.962667
1358 14 0.935449
1359 14 0.990787
1360 14 0.753235
1361 14 0.849480
1362 14 0.837986
1363 14 0.628456
1364 14 0.874960
1365 14 0.804478
1366 14 0.625480
1367 14 0.704157
1368 14 0.096897
1369 14 0.123632
1370 14 0.737452
1371 14 0.837241
1372 14 0.859331
1373 14 1.009783
1374 14 0.889446
1375 14 0.661967
1376 14 0.748511
1377 14 0.926616
1378 14 0.600525
1379 14 0.868554
1380 14 0.867414
1381 14 0.955440
1382 14 0.795221
1383 14 0.100049
1384 14 0.746665
1385 14 0.846376
1386 14 0.859617
1387 14 0.186977
1388 14 0.959618
1389 14 0.595970
1390 14 0.577048
1391 14 0.824437
1392 14 0.420552
1393 14 0.703828
1394 14 0.962227
1395 14 0.773947
1396 14 0.826640
1397 14 0.482626
1398 14 0.795756
1399 14 0.978183
1400 15 0.759246
1401 15 0.648103
1402 15 0.040750
1403 15 1.032860
1404 15 0.426057
1405 15 0.740497
1406 15 0.932404
1407 15 0.873385
1408 15 0.983453
1409 15 0.661124
1410 15 0.755592
1411 15 0.760112
1412 15 0.933905
1413 15 0.750657
1414 15 0.872567
1415 15 0.567337
1416 15 0.491078
1417 15 0.876224
1418 15 0.436905
1419 15 0.819600
1420 15 0.618713
1421 15 0.669890
1422 15 0.869070
1423 15 0.768369
1424 15 0.968872
1425 15 0.690223
1426 15 0.099948
1427 15 0.595221
1428 15 0.764632
1429 15 0.902157
1430 15 0.643942
1431 15 0.960702
1432 15 0.123344
1433 15 0.394702
1434 15 0.202148
1435 15 0.690594
1436 15 0.595723
1437 15 0.714472
1438 15 0.811387
1439 15 0.755310
1440 15 0.850620
1441 15 0.588641
1442 15 0.827448
1443 15 0.786791
1444 15 0.693127
1445 15 1.084134
1446 15 0.617159
1447 15 0.919915
1448 15 0.687824
1449 15 0.899042
1450 15 0.887126
1451 15 0.873089
1452 15 0.686960
1453 15 0.850959
1454 15 0.802727
1455 15 0.910880
1456 15 0.624455
1457 15 0.445685
1458 15 0.374485
1459 15 0.906476
1460 15 0.918215
1461 15 0.647783
1462 15 0.096956
1463 15 0.316466
1464 15 0.855206
1465 15 0.981392
1466 15 0.846081
1467 15 0.930974
1468 15 0.861847
1469 15 0.922251
1470 15 0.967761
1471 15 0.870877
1472 15 0.814170
1473 15 0.846336
1474 15 0.789912
1475 15 0.832545
1476 15 0.768221
1477 15 0.762661
1478 15 0.867228
1479 15 0.962254
1480 15 0.862502
1481 15 0.791802
1482 15 0.770454
1483 15 0.875133
1484 15 0.974815
1485 15 0.827046
1486 15 0.071514
1487 15 0.848805
1488 15 0.512922
1489 15 0.903304
1490 15 0.805449
1491 15 0.841414
1492 15 0.831925
1493 15 0.938697
1494 15 0.764268
1495 15 0.915406
1496 15 0.964744
1497 15 0.738692
1498 15 0.938604
1499 15 0.435631
1500 16 0.930286
1501 16 0.186621
1502 16 0.879569
1503 16 0.810481
1504 16 0.482392
1505 16 0.040755
1506 16 0.394130
1507 16 0.685634
1508 16 0.668304
1509 16 0.100006
1510 16 0.668490
1511 16 0.732828
1512 16 0.775521
1513 16 0.899507
1514 16 0.938518
1515 16 0.909292
1516 16 0.921343
1517 16 1.005301
1518 16 0.782429
1519 16 0.879267
1520 16 0.071431
1521 16 0.866072
1522 16 0.939322
1523 16 0.570534
1524 16 0.556614
1525 16 0.828030
1526 16 0.737391
1527 16 0.783547
1528 16 0.164180
1529 16 0.797262
1530 16 0.433400
1531 16 0.799674
1532 16 0.476368
1533 16 0.333459
1534 16 0.869827
1535 16 0.730714
1536 16 0.860774
1537 16 0.960408
1538 16 0.715977
1539 16 0.958025
1540 16 0.596017
1541 16 1.002270
1542 16 1.062269
1543 16 0.856966
1544 16 0.767273
1545 16 0.510038
1546 16 0.748323
1547 16 0.878965
1548 16 0.821338
1549 16 0.840295
1550 16 0.767824
1551 16 0.962725
1552 16 0.624329
1553 16 0.698338
1554 16 0.795764
1555 16 0.995101
1556 16 0.758375
1557 16 0.423851
1558 16 0.471822
1559 16 0.679541
1560 16 0.953223
1561 16 0.753522
1562 16 0.934570
1563 16 0.792661
1564 16 0.612120
1565 16 1.020491
1566 16 0.868985
1567 16 0.940476
1568 16 0.860987
1569 16 0.864088
1570 16 0.800556
1571 16 1.000148
1572 16 1.024155
1573 16 0.867779
1574 16 0.728814
1575 16 0.806750
1576 16 0.894480
1577 16 0.751864
1578 16 0.934194
1579 16 0.832662
1580 16 0.755189
1581 16 0.949038
1582 16 0.842132
1583 16 0.697351
1584 16 0.713605
1585 16 0.893045
1586 16 0.709611
1587 16 0.925731
1588 16 0.802162
1589 16 0.996095
1590 16 0.900555
1591 16 0.318936
1592 16 0.096851
1593 16 0.663680
1594 16 0.888090
1595 16 0.594327
1596 16 0.832148
1597 16 0.813526
1598 16 0.729306
1599 16 0.818336
1600 17 0.388358
1601 17 0.699361
1602 17 0.792667
1603 17 0.799100
1604 17 0.554142
1605 17 0.802897
1606 17 0.905230
1607 17 0.642213
1608 17 0.913073
1609 17 0.992907
1610 17 0.859417
1611 17 0.711277
1612 17 0.897289
1613 17 0.858376
1614 17 0.797326
1615 17 0.727219
1616 17 0.986159
1617 17 0.831009
1618 17 0.987427
1619 17 0.675957
1620 17 0.838500
1621 17 0.842588
1622 17 0.885252
1623 17 0.773302
1624 17 1.051212
1625 17 0.071785
1626 17 0.774876
1627 17 1.004058
1628 17 0.962555
1629 17 0.910993
1630 17 0.600656
1631 17 0.926684
1632 17 0.433616
1633 17 0.774234
1634 17 0.593107
1635 17 0.950205
1636 17 0.714869
1637 17 0.725146
1638 17 0.803239
1639 17 0.784331
1640 17 0.840698
1641 17 0.834327
1642 17 0.770521
1643 17 0.095072
1644 17 0.872561
1645 17 0.096785
1646 17 0.836798
1647 17 0.793277
1648 17 1.070839
1649 17 0.901113
1650 17 0.770705
1651 17 0.681925
1652 17 0.563921
1653 17 0.592741
1654 17 0.714388
1655 17 0.892882
1656 17 0.569836
1657 17 0.649079
1658 17 0.700383
1659 17 0.832883
1660 17 0.884176
1661 17 0.893594
1662 17 0.856508
1663 17 0.866295
1664 17 0.805177
1665 17 0.491364
1666 17 0.432207
1667 17 0.737567
1668 17 0.764710
1669 17 0.716453
1670 17 0.639061
1671 17 0.618302
1672 17 0.640342
1673 17 0.867755
1674 17 0.898042
1675 17 0.862475
1676 17 0.805764
1677 17 0.864079
1678 17 0.796927
1679 17 0.121772
1680 17 0.959050
1681 17 0.720810
1682 17 0.809259
1683 17 0.896271
1684 17 0.809004
1685 17 0.944731
1686 17 0.841172
1687 17 0.123236
1688 17 0.547488
1689 17 0.957192
1690 17 0.653237
1691 17 0.863885
1692 17 0.898633
1693 17 0.480021
1694 17 0.709648
1695 17 0.229629
1696 17 0.655829
1697 17 0.940585
1698 17 0.760173
1699 17 0.911195
1700 18 0.071542
1701 18 0.887047
1702 18 0.862096
1703 18 0.763020
1704 18 0.749289
1705 18 0.849546
1706 18 0.813985
1707 18 0.683108
1708 18 0.693358
1709 18 0.823033
1710 18 0.783373
1711 18 0.957499
1712 18 0.096790
1713 18 0.892958
1714 18 0.781291
1715 18 0.872202
1716 18 0.883240
1717 18 0.884331
1718 18 0.633994
1719 18 0.967950
1720 18 0.612607
1721 18 0.667015
1722 18 0.621730
1723 18 0.698889
1724 18 1.092779
1725 18 0.806976
1726 18 0.211802
1727 18 0.717628
1728 18 1.118299
1729 18 0.536682
1730 18 0.864648
1731 18 0.582934
1732 18 0.763882
1733 18 0.822384
1734 18 0.820631
1735 18 0.416002
1736 18 0.738241
1737 18 0.527925
1738 18 0.347808
1739 18 0.743326
1740 18 1.073983
1741 18 0.816973
1742 18 0.381238
1743 18 0.158910
1744 18 0.947950
1745 18 0.822698
1746 18 0.775482
1747 18 0.695900
1748 18 0.756161
1749 18 0.944416
1750 18 0.910348
1751 18 0.853018
1752 18 0.851727
1753 18 0.838788
1754 18 0.795850
1755 18 0.099844
1756 18 0.826882
1757 18 0.638669
1758 18 0.793945
1759 18 0.755797
1760 18 0.866272
1761 18 0.683648
1762 18 0.923440
1763 18 0.758226
1764 18 0.770651
1765 18 0.670694
1766 18 0.948082
1767 18 0.760440
1768 18 0.906384
1769 18 0.608657
1770 18 0.827348
1771 18 0.733416
1772 18 0.937899
1773 18 0.721812
1774 18 0.829956
1775 18 0.934036
1776 18 0.852243
1777 18 0.803585
1778 18 0.821863
1779 18 0.712375
1780 18 0.793749
1781 18 0.843796
1782 18 0.525817
1783 18 0.931360
1784 18 0.832880
1785 18 0.423835
1786 18 0.041017
1787 18 0.694704
1788 18 0.811314
1789 18 0.938611
1790 18 0.869423
1791 18 0.754293
1792 18 0.623893
1793 18 0.383219
1794 18 0.493850
1795 18 0.623134
1796 18 0.261528
1797 18 0.613346
1798 18 0.984883
1799 18 0.768787
1800 19 0.891680
1801 19 0.695810
1802 19 0.863769
1803 19 0.833474
1804 19 0.562553
1805 19 1.055568
1806 19 0.707868
1807 19 0.723019
1808 19 0.683247
1809 19 0.770894
1810 19 0.193084
1811 19 0.624417
1812 19 0.859349
1813 19 0.596633
1814 19 0.651516
1815 19 0.613637
1816 19 0.947660
1817 19 0.624819
1818 19 0.523210
1819 19 0.875737
1820 19 0.594607
1821 19 0.915593
1822 19 0.843114
1823 19 0.498379
1824 19 0.928345
1825 19 0.879839
1826 19 0.669281
1827 19 0.927195
1828 19 0.761230
1829 19 0.915420
1830 19 0.681257
1831 19 0.943535
1832 19 0.734895
1833 19 0.741023
1834 19 0.959289
1835 19 0.375712
1836 19 0.682369
1837 19 0.571450
1838 19 0.843967
1839 19 0.913071
1840 19 0.598692
1841 19 0.747395
1842 19 0.820707
1843 19 1.007686
1844 19 0.511011
1845 19 0.071469
1846 19 0.735428
1847 19 0.818466
1848 19 0.041418
1849 19 0.792797
1850 19 0.798574
1851 19 0.286910
1852 19 0.589980
1853 19 0.607443
1854 19 0.796287
1855 19 0.989717
1856 19 0.865579
1857 19 0.817126
1858 19 0.951648
1859 19 0.807229
1860 19 0.857991
1861 19 0.733458
1862 19 0.841258
1863 19 0.860472
1864 19 0.672898
1865 19 0.644992
1866 19 0.894813
1867 19 0.688484
1868 19 0.956150
1869 19 1.000354
1870 19 0.803187
1871 19 0.945832
1872 19 0.123463
1873 19 0.805067
1874 19 0.959378
1875 19 0.949036
1876 19 0.906335
1877 19 0.636697
1878 19 0.837533
1879 19 0.843399
1880 19 0.818340
1881 19 0.461511
1882 19 0.510575
1883 19 0.757882
1884 19 0.770604
1885 19 0.787816
1886 19 0.946995
1887 19 0.912075
1888 19 0.099746
1889 19 0.559033
1890 19 0.613691
1891 19 0.715173
1892 19 0.900322
1893 19 0.968699
1894 19 0.870405
1895 19 0.097119
1896 19 0.954917
1897 19 0.759354
1898 19 0.422949
1899 19 0.466318
1900 20 0.812024
1901 20 0.705646
1902 20 0.071314
1903 20 0.652009
1904 20 0.885201
1905 20 0.903409
1906 20 0.132451
1907 20 0.767001
1908 20 1.015274
1909 20 0.910822
1910 20 0.706889
1911 20 0.186017
1912 20 0.964856
1913 20 0.123300
1914 20 0.858994
1915 20 0.976990
1916 20 0.773134
1917 20 0.928027
1918 20 0.809785
1919 20 0.289030
1920 20 0.645489
1921 20 0.702278
1922 20 0.560171
1923 20 0.697376
1924 20 0.997900
1925 20 1.018996
1926 20 0.852386
1927 20 0.937114
1928 20 0.838094
1929 20 0.740660
1930 20 0.788461
1931 20 0.869543
1932 20 0.502442
1933 20 0.747029
1934 20 0.868646
1935 20 0.939460
1936 20 0.673100
1937 20 0.418146
1938 20 0.879955
1939 20 0.877306
1940 20 0.585047
1941 20 0.761688
1942 20 0.724868
1943 20 0.708604
1944 20 0.299736
1945 20 0.315720
1946 20 0.900862
1947 20 0.571672
1948 20 0.914853
1949 20 0.824212
1950 20 0.417709
1951 20 0.595633
1952 20 0.750580
1953 20 0.923731
1954 20 0.803855
1955 20 0.704556
1956 20 0.521760
1957 20 0.699403
1958 20 0.591314
1959 20 0.638554
1960 20 0.961337
1961 20 0.424145
1962 20 0.736707
1963 20 0.243048
1964 20 0.766071
1965 20 0.711125
1966 20 0.097012
1967 20 0.515764
1968 20 0.487556
1969 20 0.746199
1970 20 0.856446
1971 20 0.886802
1972 20 0.889583
1973 20 0.909443
1974 20 0.972999
1975 20 0.767529
1976 20 0.817441
1977 20 0.717655
1978 20 0.888110
1979 20 0.780060
1980 20 0.590271
1981 20 0.855107
1982 20 0.486321
1983 20 0.857796
1984 20 0.639090
1985 20 0.982367
1986 20 0.859555
1987 20 0.512788
1988 20 0.886514
1989 20 0.872957
1990 20 0.846354
1991 20 0.041232
1992 20 0.825310
1993 20 0.440402
1994 20 0.927692
1995 20 0.861709
1996 20 0.786641
1997 20 0.710018
1998 20 0.601789
1999 20 0.742858
2000 21 0.889944
2001 21 0.895973
2002 21 0.526977
2003 21 0.818580
2004 21 0.940705
2005 21 0.788268
2006 21 0.501173
2007 21 0.876968
2008 21 0.122963
2009 21 0.801298
2010 21 0.755443
2011 21 0.708427
2012 21 0.864389
2013 21 0.859640
2014 21 0.762203
2015 21 0.704954
2016 21 0.639662
2017 21 0.815708
2018 21 0.891729
2019 21 0.903761
2020 21 0.926374
2021 21 0.828064
2022 21 0.877884
2023 21 0.713666
2024 21 0.753885
2025 21 0.691357
2026 21 0.995825
2027 21 0.584033
2028 21 0.722515
2029 21 0.491245
2030 21 0.598082
2031 21 0.765410
2032 21 0.772785
2033 21 0.696185
2034 21 0.853690
2035 21 0.704664
2036 21 0.792035
2037 21 0.349740
2038 21 0.839376
2039 21 0.587781
2040 21 0.795104
2041 21 0.041663
2042 21 0.508533
2043 21 0.515557
2044 21 0.372237
2045 21 0.821975
2046 21 0.614164
2047 21 0.775072
2048 21 0.640523
2049 21 0.874263
2050 21 0.823207
2051 21 0.515327
2052 21 0.097014
2053 21 0.734141
2054 21 0.940519
2055 21 0.503121
2056 21 1.022912
2057 21 0.731802
2058 21 0.371211
2059 21 0.854752
2060 21 0.752445
2061 21 0.319474
2062 21 0.603305
2063 21 0.696684
2064 21 0.765360
2065 21 0.715436
2066 21 0.973076
2067 21 0.935587
2068 21 0.739867
2069 21 0.651122
2070 21 1.009249
2071 21 0.991033
2072 21 0.873066
2073 21 0.979973
2074 21 0.795049
2075 21 0.839632
2076 21 0.746188
2077 21 0.667131
2078 21 0.840918
2079 21 0.821362
2080 21 0.890674
2081 21 0.922000
2082 21 0.949428
2083 21 0.926007
2084 21 0.385382
2085 21 0.617693
2086 21 0.847927
2087 21 0.861402
2088 21 0.790280
2089 21 0.810453
2090 21 0.281042
2091 21 0.185942
2092 21 0.991053
2093 21 0.855449
2094 21 0.084129
2095 21 0.641523
2096 21 0.961068
2097 21 0.762207
2098 21 0.850398
2099 21 0.206448
2100 22 0.929200
2101 22 0.894063
2102 22 0.856136
2103 22 0.780661
2104 22 0.740315
2105 22 0.828842
2106 22 0.721047
2107 22 0.818931
2108 22 0.894453
2109 22 0.629371
2110 22 0.868089
2111 22 0.935324
2112 22 0.358378
2113 22 0.796113
2114 22 0.221999
2115 22 0.662306
2116 22 0.689298
2117 22 0.737850
2118 22 0.688103
2119 22 0.742901
2120 22 0.926397
2121 22 0.744941
2122 22 0.708270
2123 22 0.470233
2124 22 0.543995
2125 22 0.653873
2126 22 0.910008
2127 22 0.457806
2128 22 0.884066
2129 22 0.858006
2130 22 0.099301
2131 22 0.905368
2132 22 0.472043
2133 22 0.806779
2134 22 0.851991
2135 22 0.856415
2136 22 0.671512
2137 22 0.742612
2138 22 0.454530
2139 22 0.599226
2140 22 0.696185
2141 22 0.679746
2142 22 0.558686
2143 22 0.945456
2144 22 0.793608
2145 22 0.071572
2146 22 0.684432
2147 22 0.765470
2148 22 0.834079
2149 22 0.779882
2150 22 0.736905
2151 22 0.123354
2152 22 1.008532
2153 22 0.707668
2154 22 0.718598
2155 22 0.492767
2156 22 0.530583
2157 22 0.688698
2158 22 0.847262
2159 22 0.808289
2160 22 0.688680
2161 22 0.782262
2162 22 0.859969
2163 22 0.753429
2164 22 0.796048
2165 22 0.951192
2166 22 0.791701
2167 22 0.817844
2168 22 0.782409
2169 22 0.805676
2170 22 0.672088
2171 22 0.837260
2172 22 0.592232
2173 22 1.102841
2174 22 0.915774
2175 22 0.816348
2176 22 0.757714
2177 22 0.278183
2178 22 0.636501
2179 22 0.839913
2180 22 0.803639
2181 22 0.703459
2182 22 1.007249
2183 22 0.879712
2184 22 0.621481
2185 22 0.831305
2186 22 0.830530
2187 22 0.908333
2188 22 0.587630
2189 22 0.722166
2190 22 0.849416
2191 22 0.059853
2192 22 0.745399
2193 22 0.590041
2194 22 0.341071
2195 22 0.097160
2196 22 0.660916
2197 22 0.772384
2198 22 0.726832
2199 22 0.185905
2200 23 0.872737
2201 23 0.853851
2202 23 0.939835
2203 23 0.970595
2204 23 0.741680
2205 23 0.660910
2206 23 0.185803
2207 23 0.372366
2208 23 0.903394
2209 23 0.815923
2210 23 0.041403
2211 23 0.427187
2212 23 0.627710
2213 23 0.992420
2214 23 0.813263
2215 23 0.707317
2216 23 1.000936
2217 23 0.761478
2218 23 0.807204
2219 23 0.716235
2220 23 0.941772
2221 23 0.661756
2222 23 0.923203
2223 23 0.547356
2224 23 0.123130
2225 23 0.798678
2226 23 0.653587
2227 23 0.883348
2228 23 0.617240
2229 23 0.305321
2230 23 0.844349
2231 23 0.898369
2232 23 0.876317
2233 23 0.716481
2234 23 0.794572
2235 23 0.585624
2236 23 0.866509
2237 23 0.862088
2238 23 0.487446
2239 23 0.770650
2240 23 0.809429
2241 23 0.737370
2242 23 0.727941
2243 23 0.578415
2244 23 0.846959
2245 23 0.391724
2246 23 0.940868
2247 23 0.854484
2248 23 0.851845
2249 23 0.278789
2250 23 0.880817
2251 23 0.601396
2252 23 0.782947
2253 23 0.644264
2254 23 0.947521
2255 23 0.493847
2256 23 0.969878
2257 23 0.592148
2258 23 0.547169
2259 23 0.938040
2260 23 0.834912
2261 23 0.751462
2262 23 0.640482
2263 23 0.773899
2264 23 0.826511
2265 23 0.859390
2266 23 0.570587
2267 23 0.665995
2268 23 0.578994
2269 23 0.834583
2270 23 0.881539
2271 23 0.097354
2272 23 0.570338
2273 23 0.909572
2274 23 0.762773
2275 23 0.651347
2276 23 0.165312
2277 23 0.697211
2278 23 0.870113
2279 23 0.790338
2280 23 0.582856
2281 23 0.356430
2282 23 0.791186
2283 23 0.662962
2284 23 0.538499
2285 23 0.693649
2286 23 0.606552
2287 23 0.843893
2288 23 1.014256
2289 23 0.818154
2290 23 0.716741
2291 23 0.866705
2292 23 0.909186
2293 23 0.701581
2294 23 0.528255
2295 23 0.335360
2296 23 0.677768
2297 23 0.305472
2298 23 0.157480
2299 23 0.760161
2300 24 0.661373
2301 24 0.689340
2302 24 0.946170
2303 24 0.839878
2304 24 0.907812
2305 24 0.854886
2306 24 0.855436
2307 24 0.691547
2308 24 0.832469
2309 24 0.485029
2310 24 0.790090
2311 24 0.623810
2312 24 0.692296
2313 24 0.766219
2314 24 0.675138
2315 24 0.851127
2316 24 0.806062
2317 24 0.623786
2318 24 0.421457
2319 24 0.448057
2320 24 0.041436
2321 24 0.499519
2322 24 0.474986
2323 24 0.554950
2324 24 0.544075
2325 24 0.278266
2326 24 0.660454
2327 24 0.793643
2328 24 0.681712
2329 24 0.823991
2330 24 0.721415
2331 24 0.123216
2332 24 0.242397
2333 24 0.688935
2334 24 0.803614
2335 24 0.688780
2336 24 0.969418
2337 24 0.933810
2338 24 0.747086
2339 24 0.741635
2340 24 0.925114
2341 24 0.803040
2342 24 0.723305
2343 24 0.779900
2344 24 0.797723
2345 24 0.939789
2346 24 0.958142
2347 24 0.874228
2348 24 0.705876
2349 24 0.933911
2350 24 0.756528
2351 24 0.923272
2352 24 0.908714
2353 24 0.502136
2354 24 0.755021
2355 24 0.500197
2356 24 0.577743
2357 24 0.900903
2358 24 0.770240
2359 24 0.682764
2360 24 0.817802
2361 24 0.774365
2362 24 0.185328
2363 24 0.723119
2364 24 0.725799
2365 24 0.691396
2366 24 0.887316
2367 24 0.792229
2368 24 0.612465
2369 24 0.846436
2370 24 0.900550
2371 24 0.735251
2372 24 0.968629
2373 24 0.655313
2374 24 0.594285
2375 24 0.808221
2376 24 0.340001
2377 24 0.653548
2378 24 0.120450
2379 24 0.816062
2380 24 0.603662
2381 24 0.213606
2382 24 0.631164
2383 24 0.940948
2384 24 0.547941
2385 24 0.960931
2386 24 0.231776
2387 24 0.869586
2388 24 0.227366
2389 24 0.805611
2390 24 0.616983
2391 24 0.913682
2392 24 0.962448
2393 24 0.653234
2394 24 0.271460
2395 24 0.748638
2396 24 0.661689
2397 24 1.016669
2398 24 0.097009
2399 24 0.695003
2400 25 0.637069
2401 25 0.460605
2402 25 0.782878
2403 25 0.918268
2404 25 0.834449
2405 25 0.622237
2406 25 0.595387
2407 25 0.957068
2408 25 0.878985
2409 25 0.709898
2410 25 0.805357
2411 25 0.857013
2412 25 0.519255
2413 25 0.758938
2414 25 0.815802
2415 25 0.700086
2416 25 0.408908
2417 25 0.549071
2418 25 0.611064
2419 25 0.694045
2420 25 0.913299
2421 25 0.717449
2422 25 0.273007
2423 25 0.664184
2424 25 0.670506
2425 25 0.943297
2426 25 0.464252
2427 25 0.179326
2428 25 0.712413
2429 25 0.887489
2430 25 0.651702
2431 25 0.147854
2432 25 0.398240
2433 25 0.833477
2434 25 0.668563
2435 25 0.893127
2436 25 0.674918
2437 25 0.591197
2438 25 0.695759
2439 25 0.834356
2440 25 0.963815
2441 25 0.784494
2442 25 0.821253
2443 25 0.758702
2444 25 0.855919
2445 25 0.697018
2446 25 0.175166
2447 25 0.087973
2448 25 0.718546
2449 25 0.791673
2450 25 0.423746
2451 25 0.722824
2452 25 0.640218
2453 25 0.636144
2454 25 0.506213
2455 25 0.892079
2456 25 0.690125
2457 25 0.799152
2458 25 0.826423
2459 25 0.657707
2460 25 0.795882
2461 25 0.899670
2462 25 0.640457
2463 25 0.517227
2464 25 0.696944
2465 25 0.929348
2466 25 0.851432
2467 25 0.845561
2468 25 0.827996
2469 25 0.843902
2470 25 0.668067
2471 25 0.668428
2472 25 0.769146
2473 25 0.584291
2474 25 0.892156
2475 25 0.097139
2476 25 0.668132
2477 25 0.116984
2478 25 0.732982
2479 25 0.513679
2480 25 0.783784
2481 25 0.599441
2482 25 0.481231
2483 25 0.135000
2484 25 0.736483
2485 25 0.473606
2486 25 0.724437
2487 25 0.804118
2488 25 0.785701
2489 25 0.847249
2490 25 0.514760
2491 25 0.707290
2492 25 0.909769
2493 25 0.733081
2494 25 0.991950
2495 25 0.858510
2496 25 0.664579
2497 25 1.099545
2498 25 0.955767
2499 25 0.185130
2500 26 0.674635
2501 26 0.727809
2502 26 0.728789
2503 26 0.555712
2504 26 0.279404
2505 26 0.378568
2506 26 0.623949
2507 26 0.123002
2508 26 0.711492
2509 26 0.604989
2510 26 0.616276
2511 26 0.096764
2512 26 0.717246
2513 26 0.765894
2514 26 0.799366
2515 26 0.679547
2516 26 0.753846
2517 26 0.118201
2518 26 0.860545
2519 26 0.644443
2520 26 0.821521
2521 26 0.735801
2522 26 0.841899
2523 26 0.649317
2524 26 0.781355
2525 26 0.901899
2526 26 0.713675
2527 26 0.457228
2528 26 0.494393
2529 26 0.652395
2530 26 0.948053
2531 26 0.658965
2532 26 0.531134
2533 26 0.591647
2534 26 0.854692
2535 26 0.582451
2536 26 0.587721
2537 26 0.876662
2538 26 0.041360
2539 26 0.770748
2540 26 0.900759
2541 26 0.746068
2542 26 0.208772
2543 26 0.651136
2544 26 0.812234
2545 26 0.892572
2546 26 0.484106
2547 26 0.185790
2548 26 0.944204
2549 26 0.792418
2550 26 0.572670
2551 26 0.178688
2552 26 0.563307
2553 26 0.827657
2554 26 0.807238
2555 26 1.033613
2556 26 0.857136
2557 26 0.513476
2558 26 0.794159
2559 26 0.904262
2560 26 0.794580
2561 26 0.691859
2562 26 0.612917
2563 26 0.863905
2564 26 0.878750
2565 26 0.857264
2566 26 0.691679
2567 26 0.838366
2568 26 0.870421
2569 26 0.660496
2570 26 0.917669
2571 26 0.646096
2572 26 0.884259
2573 26 0.823954
2574 26 0.670323
2575 26 0.630909
2576 26 0.803966
2577 26 0.232508
2578 26 0.789716
2579 26 0.753491
2580 26 0.786832
2581 26 0.844236
2582 26 0.874857
2583 26 0.674940
2584 26 0.711093
2585 26 0.614025
2586 26 0.853296
2587 26 0.594577
2588 26 0.523424
2589 26 0.481900
2590 26 0.072301
2591 26 0.620266
2592 26 0.294044
2593 26 0.777871
2594 26 0.866932
2595 26 0.972990
2596 26 0.886051
2597 26 0.567167
2598 26 0.869707
2599 26 0.903044
