# Batch convergence for: model=snn-ae encoding=poisson architecture=conv1d v_th=1.5 alpha=0.99 run=2
batch_num epoch batch_loss
0 1 0.082520
1 1 0.235870
2 1 0.322735
3 1 0.169721
4 1 1.209599
5 1 0.292467
6 1 0.388822
7 1 0.212918
8 1 0.037054
9 1 0.431251
10 1 0.145469
11 1 0.443640
12 1 0.322098
13 1 0.271737
14 1 0.252652
15 1 0.292544
16 1 0.349524
17 1 0.312737
18 1 0.208058
19 1 0.233857
20 1 0.151258
21 1 0.090179
22 1 0.169625
23 1 0.229961
24 1 0.130496
25 1 0.338742
26 1 0.379932
27 1 0.134689
28 1 0.245059
29 1 0.424435
30 1 0.575805
31 1 0.193761
32 1 0.319867
33 1 0.205888
34 1 0.148226
35 1 0.269342
36 1 0.201557
37 1 0.285230
38 1 0.028693
39 1 0.218659
40 1 0.111494
41 1 0.478815
42 1 0.050570
43 1 0.175856
44 1 0.227373
45 1 0.119707
46 1 0.118397
47 1 0.195227
48 1 0.172145
49 1 0.412141
50 1 0.018486
51 1 0.325469
52 1 0.352602
53 1 0.077331
54 1 1.522030
55 1 0.116100
56 1 0.247083
57 1 0.260839
58 1 0.063075
59 1 0.309721
60 1 0.129173
61 1 0.258068
62 1 0.269348
63 1 0.223403
64 1 0.206718
65 1 0.111218
66 1 0.038765
67 1 0.819448
68 1 0.190588
69 1 0.046083
70 1 0.312565
71 1 0.041735
72 1 0.018915
73 1 0.210108
74 1 0.160287
75 1 0.115346
76 1 0.159282
77 1 0.260422
78 1 0.129626
79 1 0.233140
80 1 1.279309
81 1 0.193754
82 1 0.094254
83 1 0.356647
84 1 0.259055
85 1 0.197208
86 1 0.052035
87 1 0.190346
88 1 0.240670
89 1 0.361080
90 1 0.036216
91 1 0.314472
92 1 0.019799
93 1 0.145332
94 1 0.150550
95 1 0.206265
96 1 0.192675
97 1 0.090267
98 1 0.206762
99 1 0.117995
100 2 0.104183
101 2 0.164023
102 2 0.141416
103 2 0.123700
104 2 0.271689
105 2 0.180015
106 2 0.122300
107 2 0.243692
108 2 0.081492
109 2 0.254708
110 2 0.117865
111 2 0.142360
112 2 0.217541
113 2 1.168720
114 2 0.196532
115 2 0.163408
116 2 0.050129
117 2 0.157230
118 2 0.057465
119 2 0.119027
120 2 0.140417
121 2 0.093682
122 2 0.015382
123 2 0.094403
124 2 0.073338
125 2 0.162972
126 2 0.209935
127 2 0.288885
128 2 0.188088
129 2 0.187895
130 2 0.076907
131 2 0.162519
132 2 0.139686
133 2 0.071986
134 2 0.219708
135 2 0.183612
136 2 0.104645
137 2 0.088827
138 2 0.321223
139 2 0.205714
140 2 0.065320
141 2 0.278386
142 2 0.259950
143 2 0.090435
144 2 0.158960
145 2 0.151576
146 2 0.212256
147 2 0.069862
148 2 0.167178
149 2 0.161169
150 2 0.019673
151 2 0.123423
152 2 0.088797
153 2 0.152112
154 2 0.085942
155 2 0.010538
156 2 0.674302
157 2 0.054364
158 2 0.193186
159 2 0.222385
160 2 0.078490
161 2 0.232863
162 2 0.068649
163 2 0.225448
164 2 0.120434
165 2 0.114326
166 2 0.018737
167 2 0.110446
168 2 0.300219
169 2 0.223882
170 2 0.100120
171 2 0.596356
172 2 0.155529
173 2 0.262637
174 2 0.157396
175 2 0.201382
176 2 0.145167
177 2 0.047486
178 2 0.163516
179 2 0.226737
180 2 0.338468
181 2 0.073557
182 2 0.058843
183 2 0.472712
184 2 0.367458
185 2 0.021052
186 2 0.142807
187 2 0.156027
188 2 0.141298
189 2 0.225116
190 2 0.226965
191 2 0.058947
192 2 0.150522
193 2 0.186369
194 2 1.059374
195 2 0.113872
196 2 0.256246
197 2 0.113569
198 2 0.082142
199 2 0.102842
200 3 0.332463
201 3 0.132532
202 3 0.092811
203 3 0.121602
204 3 0.010474
205 3 0.136594
206 3 0.177833
207 3 0.015226
208 3 0.985086
209 3 0.047800
210 3 0.074074
211 3 0.056011
212 3 0.212616
213 3 0.189102
214 3 0.187633
215 3 0.069784
216 3 0.216946
217 3 0.091960
218 3 1.034575
219 3 0.018633
220 3 0.093477
221 3 0.095714
222 3 0.126903
223 3 0.137985
224 3 0.215281
225 3 0.114175
226 3 0.080384
227 3 0.193796
228 3 0.166886
229 3 0.019475
230 3 0.102425
231 3 0.018144
232 3 0.091217
233 3 0.196083
234 3 0.169946
235 3 0.087209
236 3 0.306784
237 3 0.204393
238 3 0.159561
239 3 0.265298
240 3 0.166864
241 3 0.113239
242 3 0.071453
243 3 0.154708
244 3 0.252774
245 3 0.198618
246 3 0.089230
247 3 0.109335
248 3 0.083562
249 3 0.077938
250 3 0.176875
251 3 0.156794
252 3 0.695876
253 3 0.110130
254 3 0.128026
255 3 0.045302
256 3 0.144467
257 3 0.069789
258 3 0.116007
259 3 0.145758
260 3 0.160111
261 3 0.160395
262 3 0.237186
263 3 0.103143
264 3 0.111067
265 3 0.291160
266 3 0.139431
267 3 0.081698
268 3 0.155082
269 3 0.168157
270 3 0.047946
271 3 0.227849
272 3 0.066717
273 3 0.272566
274 3 0.089138
275 3 0.087378
276 3 0.020876
277 3 0.077444
278 3 0.213298
279 3 0.136221
280 3 0.098369
281 3 0.130347
282 3 0.251558
283 3 0.049177
284 3 0.628806
285 3 0.112715
286 3 0.156003
287 3 0.153675
288 3 0.120586
289 3 0.050252
290 3 0.071231
291 3 0.172543
292 3 0.178320
293 3 0.077033
294 3 0.104263
295 3 0.035216
296 3 0.094534
297 3 0.268094
298 3 0.112637
299 3 0.322026
300 4 0.216295
301 4 0.142032
302 4 0.110402
303 4 0.154626
304 4 0.050111
305 4 0.208313
306 4 0.047275
307 4 0.155304
308 4 0.199438
309 4 0.126768
310 4 0.143515
311 4 0.077179
312 4 0.092936
313 4 0.078817
314 4 0.109759
315 4 0.058030
316 4 0.048308
317 4 0.097276
318 4 0.099643
319 4 0.185017
320 4 0.150094
321 4 0.037648
322 4 0.182222
323 4 0.313616
324 4 0.102494
325 4 0.155900
326 4 0.159175
327 4 0.144896
328 4 0.015985
329 4 0.117704
330 4 0.141284
331 4 0.123579
332 4 0.151361
333 4 0.304359
334 4 0.098942
335 4 0.049738
336 4 0.035097
337 4 0.233106
338 4 0.172956
339 4 0.067724
340 4 0.066229
341 4 0.116556
342 4 0.198789
343 4 0.042578
344 4 0.639731
345 4 0.187000
346 4 0.085708
347 4 0.624807
348 4 0.044926
349 4 0.102818
350 4 0.155430
351 4 0.075098
352 4 0.200538
353 4 0.086637
354 4 0.073138
355 4 0.065311
356 4 0.073561
357 4 0.257150
358 4 0.084816
359 4 0.020727
360 4 0.018421
361 4 0.316962
362 4 0.122117
363 4 0.136009
364 4 0.162713
365 4 0.130293
366 4 0.074256
367 4 0.085834
368 4 0.027581
369 4 0.142113
370 4 0.034887
371 4 0.019203
372 4 0.116575
373 4 0.175802
374 4 0.077727
375 4 0.094321
376 4 0.080796
377 4 0.106391
378 4 0.136661
379 4 0.098743
380 4 0.138759
381 4 0.101344
382 4 0.217725
383 4 1.040362
384 4 0.100803
385 4 0.081666
386 4 0.184265
387 4 0.221621
388 4 0.072019
389 4 0.080538
390 4 0.096037
391 4 0.197592
392 4 0.117387
393 4 0.137869
394 4 0.221578
395 4 0.971970
396 4 0.148066
397 4 0.319481
398 4 0.203126
399 4 0.093019
400 5 0.113917
401 5 0.150605
402 5 0.034697
403 5 0.046751
404 5 0.170694
405 5 0.037271
406 5 0.084262
407 5 0.616809
408 5 0.049058
409 5 0.203488
410 5 0.251098
411 5 1.049076
412 5 0.033599
413 5 0.103034
414 5 0.081314
415 5 0.129503
416 5 0.017891
417 5 0.127844
418 5 0.113056
419 5 0.182281
420 5 0.189185
421 5 0.077387
422 5 0.117481
423 5 0.052627
424 5 0.127788
425 5 0.101133
426 5 0.049037
427 5 0.080124
428 5 0.101057
429 5 0.034593
430 5 0.205317
431 5 0.154064
432 5 0.158606
433 5 0.074430
434 5 0.051190
435 5 0.080746
436 5 0.195063
437 5 0.091430
438 5 0.010271
439 5 0.213150
440 5 0.174865
441 5 0.095932
442 5 0.123558
443 5 0.084974
444 5 0.143817
445 5 0.044552
446 5 0.098105
447 5 0.137683
448 5 0.190194
449 5 0.126778
450 5 0.159722
451 5 0.159793
452 5 0.191904
453 5 0.048407
454 5 0.092928
455 5 0.094330
456 5 0.168799
457 5 0.109027
458 5 0.187747
459 5 0.134029
460 5 0.123457
461 5 0.078319
462 5 0.299879
463 5 0.065241
464 5 0.179448
465 5 0.111113
466 5 0.112137
467 5 0.046608
468 5 0.164928
469 5 0.121819
470 5 0.158103
471 5 0.084340
472 5 0.014908
473 5 0.238089
474 5 0.064100
475 5 0.586219
476 5 0.099700
477 5 0.079857
478 5 0.088287
479 5 0.048092
480 5 0.184512
481 5 0.927531
482 5 0.072018
483 5 0.143442
484 5 0.018986
485 5 0.102451
486 5 0.150635
487 5 0.287431
488 5 0.142203
489 5 0.103903
490 5 0.100714
491 5 0.101824
492 5 0.249031
493 5 0.113193
494 5 0.065106
495 5 0.102714
496 5 0.136257
497 5 0.055844
498 5 0.135166
499 5 0.123513
500 6 0.033094
501 6 0.020511
502 6 0.117097
503 6 0.065012
504 6 0.208889
505 6 0.172482
506 6 0.074517
507 6 0.128301
508 6 0.573908
509 6 0.122630
510 6 0.069520
511 6 0.142608
512 6 0.115734
513 6 0.129028
514 6 0.244559
515 6 0.325597
516 6 0.027153
517 6 0.117314
518 6 0.048286
519 6 0.143438
520 6 0.133002
521 6 0.134355
522 6 0.071650
523 6 0.117134
524 6 0.110381
525 6 0.120874
526 6 0.112018
527 6 0.156568
528 6 0.052011
529 6 0.126939
530 6 0.147176
531 6 0.065504
532 6 0.164818
533 6 0.074430
534 6 0.052461
535 6 0.064647
536 6 0.181493
537 6 0.130823
538 6 0.143112
539 6 0.107818
540 6 0.116266
541 6 0.148459
542 6 0.048243
543 6 0.077607
544 6 0.109073
545 6 0.161782
546 6 0.076205
547 6 0.141672
548 6 0.072166
549 6 0.067790
550 6 0.165118
551 6 0.018904
552 6 0.048464
553 6 0.062731
554 6 0.070738
555 6 0.123745
556 6 0.092548
557 6 0.096929
558 6 0.174532
559 6 0.047241
560 6 0.112508
561 6 0.107094
562 6 0.044154
563 6 0.079008
564 6 0.015668
565 6 0.047656
566 6 0.098151
567 6 0.254322
568 6 0.135873
569 6 0.072741
570 6 0.017740
571 6 0.193654
572 6 0.112531
573 6 0.067368
574 6 0.215398
575 6 0.050509
576 6 0.014815
577 6 0.080590
578 6 0.056293
579 6 0.045881
580 6 0.091873
581 6 0.966513
582 6 0.106491
583 6 0.063063
584 6 0.278540
585 6 0.033764
586 6 0.188152
587 6 0.170187
588 6 0.073301
589 6 0.608425
590 6 0.934395
591 6 0.166320
592 6 0.073439
593 6 0.221913
594 6 0.068591
595 6 0.231048
596 6 0.143822
597 6 0.149848
598 6 0.127269
599 6 0.192436
600 7 0.032564
601 7 0.187616
602 7 0.100823
603 7 0.204665
604 7 0.010238
605 7 0.068757
606 7 0.224315
607 7 0.187620
608 7 0.142887
609 7 0.186108
610 7 0.223829
611 7 0.185432
612 7 0.109056
613 7 0.095105
614 7 0.093169
615 7 0.158554
616 7 0.109355
617 7 0.018813
618 7 0.082898
619 7 0.047476
620 7 0.015614
621 7 0.073208
622 7 0.051454
623 7 0.062606
624 7 0.057703
625 7 0.055920
626 7 0.210793
627 7 0.131635
628 7 0.069413
629 7 0.161198
630 7 0.237711
631 7 0.103548
632 7 0.054683
633 7 0.085295
634 7 0.092791
635 7 0.033491
636 7 0.049918
637 7 0.118415
638 7 0.195004
639 7 0.126690
640 7 0.084098
641 7 0.120905
642 7 0.081856
643 7 0.103713
644 7 0.095556
645 7 0.097151
646 7 0.075425
647 7 0.121122
648 7 0.148198
649 7 0.017689
650 7 0.143807
651 7 0.595196
652 7 0.224166
653 7 0.596507
654 7 0.150620
655 7 0.176085
656 7 0.047208
657 7 0.260730
658 7 0.122110
659 7 0.036272
660 7 0.045448
661 7 0.147532
662 7 0.079298
663 7 0.071416
664 7 0.134802
665 7 0.133904
666 7 0.166569
667 7 0.082446
668 7 0.131546
669 7 0.115349
670 7 0.124881
671 7 0.078879
672 7 0.949596
673 7 0.928593
674 7 0.154709
675 7 0.249361
676 7 0.190424
677 7 0.139579
678 7 0.074439
679 7 0.207154
680 7 0.098344
681 7 0.066541
682 7 0.103298
683 7 0.225899
684 7 0.121957
685 7 0.120535
686 7 0.250366
687 7 0.047392
688 7 0.014780
689 7 0.063580
690 7 0.066468
691 7 0.172850
692 7 0.033605
693 7 0.082323
694 7 0.082434
695 7 0.144969
696 7 0.076325
697 7 0.051299
698 7 0.043723
699 7 0.107002
700 8 0.223313
701 8 0.032044
702 8 0.107581
703 8 0.594603
704 8 0.189952
705 8 0.045203
706 8 0.045781
707 8 0.120329
708 8 0.115213
709 8 0.170100
710 8 0.297213
711 8 0.219233
712 8 0.033072
713 8 0.046937
714 8 0.129277
715 8 0.237243
716 8 0.987261
717 8 0.160622
718 8 0.626726
719 8 0.210815
720 8 0.068137
721 8 0.165933
722 8 0.090759
723 8 0.066185
724 8 0.102647
725 8 0.077656
726 8 0.210544
727 8 0.106656
728 8 0.072402
729 8 0.108006
730 8 0.083357
731 8 0.061511
732 8 0.130850
733 8 0.154821
734 8 0.156511
735 8 0.075613
736 8 0.077422
737 8 0.131505
738 8 0.147281
739 8 0.080031
740 8 0.189629
741 8 0.144306
742 8 0.152401
743 8 0.095173
744 8 0.125205
745 8 0.146517
746 8 0.018115
747 8 0.134741
748 8 0.047405
749 8 0.077570
750 8 0.049610
751 8 0.129960
752 8 0.070815
753 8 0.072350
754 8 0.146792
755 8 0.098459
756 8 0.159122
757 8 0.117984
758 8 0.074379
759 8 0.122307
760 8 0.154558
761 8 0.096657
762 8 0.163546
763 8 0.070927
764 8 0.146618
765 8 0.055016
766 8 0.067635
767 8 0.178063
768 8 0.177511
769 8 0.049474
770 8 0.105465
771 8 0.082969
772 8 0.035849
773 8 0.182520
774 8 0.112102
775 8 0.098155
776 8 0.159669
777 8 0.088907
778 8 0.046316
779 8 0.014766
780 8 0.202963
781 8 0.062372
782 8 0.066669
783 8 0.017663
784 8 0.015527
785 8 0.187716
786 8 0.230873
787 8 0.043460
788 8 0.087778
789 8 0.010274
790 8 0.078767
791 8 0.078299
792 8 0.092833
793 8 0.903004
794 8 0.134284
795 8 0.026597
796 8 0.062917
797 8 0.089997
798 8 0.130101
799 8 0.144327
800 9 0.066982
801 9 0.165678
802 9 0.071062
803 9 0.074228
804 9 0.148489
805 9 0.069042
806 9 0.111710
807 9 0.050597
808 9 0.127079
809 9 0.128826
810 9 0.081059
811 9 0.067350
812 9 0.209038
813 9 0.099477
814 9 0.098694
815 9 0.135238
816 9 0.152461
817 9 0.043383
818 9 0.926555
819 9 0.145992
820 9 0.097505
821 9 0.062022
822 9 0.106573
823 9 0.137359
824 9 0.102177
825 9 0.116837
826 9 0.148017
827 9 0.077996
828 9 0.202721
829 9 0.167546
830 9 0.010290
831 9 0.181640
832 9 0.136681
833 9 0.072701
834 9 0.092426
835 9 0.020264
836 9 0.079212
837 9 0.091382
838 9 0.120899
839 9 0.162498
840 9 0.132706
841 9 0.207651
842 9 0.224639
843 9 0.026493
844 9 0.181628
845 9 0.056020
846 9 0.150208
847 9 0.228551
848 9 0.015491
849 9 0.070822
850 9 0.049220
851 9 0.225667
852 9 0.142092
853 9 0.218950
854 9 0.093721
855 9 0.109865
856 9 0.121655
857 9 0.135863
858 9 0.137413
859 9 0.174766
860 9 0.133480
861 9 0.075114
862 9 0.075979
863 9 0.106723
864 9 0.018068
865 9 0.109262
866 9 0.143024
867 9 0.070231
868 9 0.149477
869 9 0.060434
870 9 0.065270
871 9 0.052781
872 9 0.071771
873 9 0.096441
874 9 0.128624
875 9 0.204701
876 9 0.039797
877 9 0.050115
878 9 0.179355
879 9 0.174108
880 9 0.092605
881 9 0.136037
882 9 0.124898
883 9 0.035544
884 9 0.146947
885 9 0.104498
886 9 0.017623
887 9 0.653641
888 9 0.073162
889 9 0.064882
890 9 0.139502
891 9 0.909803
892 9 0.081106
893 9 0.032350
894 9 0.096330
895 9 0.601041
896 9 0.090136
897 9 0.046353
898 9 0.044443
899 9 0.137195
900 10 0.108885
901 10 0.043348
902 10 0.064719
903 10 0.086700
904 10 0.140638
905 10 0.185692
906 10 0.078554
907 10 0.044388
908 10 0.084348
909 10 0.092188
910 10 0.081345
911 10 0.192112
912 10 0.614678
913 10 0.043152
914 10 0.074941
915 10 0.118966
916 10 0.067046
917 10 0.164843
918 10 0.127899
919 10 0.080098
920 10 0.026386
921 10 0.142241
922 10 0.105571
923 10 0.141004
924 10 0.130492
925 10 0.073413
926 10 0.095978
927 10 0.155814
928 10 0.096597
929 10 0.077900
930 10 0.118697
931 10 0.139494
932 10 0.217095
933 10 0.088488
934 10 0.132888
935 10 0.043911
936 10 0.158280
937 10 0.062034
938 10 0.137162
939 10 0.048919
940 10 0.078986
941 10 0.169693
942 10 0.221042
943 10 0.010361
944 10 0.119073
945 10 0.148412
946 10 0.145742
947 10 0.095007
948 10 0.017640
949 10 0.094696
950 10 0.102683
951 10 0.180100
952 10 0.108350
953 10 0.077165
954 10 0.084551
955 10 0.941055
956 10 0.157460
957 10 0.032076
958 10 0.110990
959 10 0.099468
960 10 0.097512
961 10 0.219438
962 10 0.064647
963 10 0.128627
964 10 0.045334
965 10 0.081450
966 10 0.106100
967 10 0.123099
968 10 0.068732
969 10 0.093534
970 10 0.018087
971 10 0.053948
972 10 0.078340
973 10 0.015479
974 10 0.257042
975 10 0.076096
976 10 0.120908
977 10 0.061846
978 10 0.131589
979 10 0.229662
980 10 0.194247
981 10 0.083290
982 10 0.032724
983 10 0.020229
984 10 0.110055
985 10 0.079880
986 10 0.127795
987 10 0.078032
988 10 0.171521
989 10 0.102739
990 10 0.051937
991 10 0.620294
992 10 0.092469
993 10 0.058786
994 10 0.163592
995 10 0.175108
996 10 0.146570
997 10 0.219500
998 10 0.901949
999 10 0.131048
1000 11 0.934387
1001 11 0.120885
1002 11 0.179549
1003 11 0.168004
1004 11 0.172637
1005 11 0.048692
1006 11 0.017658
1007 11 0.131649
1008 11 0.105236
1009 11 0.075682
1010 11 0.131868
1011 11 0.088036
1012 11 0.102032
1013 11 0.859447
1014 11 0.059190
1015 11 0.080330
1016 11 0.065533
1017 11 0.044535
1018 11 0.227309
1019 11 0.085170
1020 11 0.081049
1021 11 0.180668
1022 11 0.072267
1023 11 0.045681
1024 11 0.129171
1025 11 0.077650
1026 11 0.077028
1027 11 0.121485
1028 11 0.242392
1029 11 0.185274
1030 11 0.170574
1031 11 0.086346
1032 11 0.092978
1033 11 0.207360
1034 11 0.032566
1035 11 0.075637
1036 11 0.136245
1037 11 0.039570
1038 11 0.014814
1039 11 0.046122
1040 11 0.043883
1041 11 0.252054
1042 11 0.126197
1043 11 0.069245
1044 11 0.100671
1045 11 0.060149
1046 11 0.043389
1047 11 0.061406
1048 11 0.143098
1049 11 0.090867
1050 11 0.018103
1051 11 0.130401
1052 11 0.116502
1053 11 0.064009
1054 11 0.195689
1055 11 0.072667
1056 11 0.125704
1057 11 0.063488
1058 11 0.214781
1059 11 0.575582
1060 11 0.137388
1061 11 0.026231
1062 11 0.104598
1063 11 0.218943
1064 11 0.092963
1065 11 0.202341
1066 11 0.139713
1067 11 0.102617
1068 11 0.109247
1069 11 0.049258
1070 11 0.020247
1071 11 0.128792
1072 11 0.153633
1073 11 0.165549
1074 11 0.093910
1075 11 0.044378
1076 11 0.061165
1077 11 0.203033
1078 11 0.053405
1079 11 0.105317
1080 11 0.095387
1081 11 0.018523
1082 11 0.146447
1083 11 0.156466
1084 11 0.091630
1085 11 0.564590
1086 11 0.135408
1087 11 0.030462
1088 11 0.073638
1089 11 0.161933
1090 11 0.048954
1091 11 0.125655
1092 11 0.104968
1093 11 0.076266
1094 11 0.158404
1095 11 0.069077
1096 11 0.122194
1097 11 0.042778
1098 11 0.031574
1099 11 0.107132
