# Batch convergence for: model=snn-ae encoding=direct architecture=dense v_th=1.5 alpha=0.99 run=2
batch_num epoch batch_loss
0 1 1.171974
1 1 1.366121
2 1 1.197470
3 1 1.261420
4 1 1.162384
5 1 1.184631
6 1 1.186745
7 1 1.156595
8 1 1.224108
9 1 1.025950
10 1 1.025901
11 1 1.176883
12 1 1.091660
13 1 1.261884
14 1 1.200969
15 1 1.184734
16 1 1.061948
17 1 1.053710
18 1 1.075853
19 1 1.011997
20 1 1.026600
21 1 1.041466
22 1 1.043651
23 1 1.001816
24 1 1.035063
25 1 1.064723
26 1 0.999245
27 1 0.998831
28 1 1.049624
29 1 1.012213
30 1 0.997761
31 1 1.023308
32 1 1.027322
33 1 1.136711
34 1 0.981767
35 1 1.032304
36 1 1.048338
37 1 1.021085
38 1 1.050946
39 1 1.146020
40 1 1.030076
41 1 1.200525
42 1 1.039428
43 1 1.075820
44 1 1.041029
45 1 1.091488
46 1 1.210920
47 1 1.018052
48 1 1.029824
49 1 1.030318
50 1 1.019286
51 1 1.003295
52 1 1.201847
53 1 1.078720
54 1 1.058934
55 1 1.198344
56 1 1.046558
57 1 1.071799
58 1 1.039933
59 1 1.168275
60 1 1.003113
61 1 0.996165
62 1 1.098735
63 1 1.033704
64 1 1.034392
65 1 1.004442
66 1 1.029123
67 1 1.033728
68 1 1.066439
69 1 1.057505
70 1 1.049889
71 1 1.024337
72 1 1.052394
73 1 1.080471
74 1 1.050009
75 1 1.004091
76 1 1.019573
77 1 1.054109
78 1 1.002973
79 1 1.079500
80 1 1.002065
81 1 1.001349
82 1 1.000777
83 1 1.080526
84 1 1.009550
85 1 1.023895
86 1 0.995568
87 1 1.051213
88 1 0.999779
89 1 1.048322
90 1 1.025529
91 1 1.036097
92 1 1.069751
93 1 1.118351
94 1 1.067899
95 1 1.118700
96 1 1.040369
97 1 1.035235
98 1 1.112926
99 1 1.056315
100 2 1.040121
101 2 1.018800
102 2 1.065338
103 2 1.025129
104 2 1.103563
105 2 1.052711
106 2 1.033352
107 2 1.006156
108 2 0.996448
109 2 1.087655
110 2 0.997957
111 2 1.050600
112 2 1.038808
113 2 1.002262
114 2 1.001316
115 2 1.101045
116 2 1.090759
117 2 0.992555
118 2 0.989643
119 2 1.088919
120 2 1.025343
121 2 1.174781
122 2 1.016646
123 2 1.128269
124 2 0.997777
125 2 1.001182
126 2 0.952934
127 2 1.000051
128 2 0.995697
129 2 1.059021
130 2 0.995222
131 2 0.994503
132 2 1.002256
133 2 1.009158
134 2 1.028281
135 2 1.043272
136 2 0.997612
137 2 1.038612
138 2 1.039149
139 2 1.025127
140 2 1.037854
141 2 1.008602
142 2 0.999071
143 2 1.008497
144 2 1.027924
145 2 1.052011
146 2 0.998184
147 2 0.999476
148 2 1.030320
149 2 1.002289
150 2 0.998113
151 2 1.039410
152 2 1.002760
153 2 1.039141
154 2 0.996947
155 2 1.040436
156 2 1.021421
157 2 1.029726
158 2 1.049733
159 2 1.028639
160 2 0.993287
161 2 1.042681
162 2 1.040696
163 2 0.994240
164 2 1.029975
165 2 1.077945
166 2 0.988469
167 2 1.004095
168 2 1.030767
169 2 1.016669
170 2 1.005121
171 2 1.039330
172 2 0.995105
173 2 1.046353
174 2 1.002650
175 2 1.071090
176 2 0.989084
177 2 0.988453
178 2 0.982940
179 2 1.007189
180 2 0.980111
181 2 0.997356
182 2 1.017807
183 2 1.013566
184 2 1.004537
185 2 1.030873
186 2 1.006971
187 2 0.997375
188 2 0.991440
189 2 1.044219
190 2 0.999088
191 2 1.074508
192 2 1.039106
193 2 1.021080
194 2 1.070085
195 2 1.010782
196 2 0.990317
197 2 0.995432
198 2 0.991596
199 2 1.002343
200 3 1.005026
201 3 1.014230
202 3 1.107607
203 3 0.990015
204 3 1.029977
205 3 1.000270
206 3 1.012504
207 3 1.040943
208 3 1.005017
209 3 0.997540
210 3 1.092454
211 3 1.166554
212 3 0.998425
213 3 1.071740
214 3 1.058931
215 3 0.998074
216 3 1.047936
217 3 0.997460
218 3 1.065418
219 3 0.984713
220 3 1.000019
221 3 0.999854
222 3 0.990566
223 3 1.084671
224 3 0.990426
225 3 0.997652
226 3 1.204868
227 3 1.078109
228 3 1.000304
229 3 1.000800
230 3 0.999729
231 3 1.018553
232 3 1.059753
233 3 0.987179
234 3 1.063499
235 3 0.985943
236 3 1.009340
237 3 0.989882
238 3 1.008935
239 3 1.090810
240 3 1.001397
241 3 1.002044
242 3 1.019631
243 3 0.992206
244 3 0.995985
245 3 1.032385
246 3 0.997196
247 3 0.994963
248 3 1.002797
249 3 0.992727
250 3 0.994375
251 3 0.994551
252 3 1.056206
253 3 1.059837
254 3 1.042192
255 3 1.037359
256 3 0.996835
257 3 1.000855
258 3 0.994818
259 3 0.998913
260 3 1.002277
261 3 1.002263
262 3 0.995548
263 3 0.996619
264 3 0.987239
265 3 1.006192
266 3 1.023515
267 3 1.004334
268 3 1.050125
269 3 0.992039
270 3 0.994476
271 3 1.052651
272 3 1.013727
273 3 0.999751
274 3 0.992605
275 3 0.991316
276 3 0.981767
277 3 1.006165
278 3 1.000892
279 3 1.072120
280 3 1.029778
281 3 1.020767
282 3 1.015538
283 3 1.005260
284 3 1.036140
285 3 1.014803
286 3 0.998309
287 3 1.007881
288 3 0.982251
289 3 1.028224
290 3 1.001209
291 3 0.996826
292 3 1.004482
293 3 1.108748
294 3 1.002304
295 3 0.973358
296 3 0.989956
297 3 0.991195
298 3 0.999775
299 3 1.005786
300 4 0.957584
301 4 1.009172
302 4 0.990807
303 4 1.051741
304 4 0.994370
305 4 0.999890
306 4 1.074912
307 4 1.002896
308 4 0.995222
309 4 0.999114
310 4 0.988268
311 4 1.012784
312 4 1.044721
313 4 1.017721
314 4 1.029461
315 4 0.996694
316 4 1.044545
317 4 1.097230
318 4 1.005563
319 4 1.057953
320 4 0.991050
321 4 1.051628
322 4 1.041364
323 4 1.008665
324 4 1.007498
325 4 1.012356
326 4 1.028784
327 4 1.073147
328 4 0.981352
329 4 0.979462
330 4 0.992483
331 4 1.081341
332 4 0.973765
333 4 0.989443
334 4 0.982236
335 4 1.018809
336 4 0.994303
337 4 1.013404
338 4 0.976659
339 4 0.997289
340 4 1.016662
341 4 1.004033
342 4 1.013522
343 4 0.978309
344 4 1.042875
345 4 0.990636
346 4 1.053129
347 4 1.005550
348 4 0.987626
349 4 0.995519
350 4 0.997877
351 4 0.985112
352 4 1.024578
353 4 0.967016
354 4 0.994614
355 4 1.061562
356 4 0.964038
357 4 1.011074
358 4 1.014230
359 4 0.985597
360 4 1.021167
361 4 1.015154
362 4 1.001849
363 4 1.001798
364 4 0.989042
365 4 1.058972
366 4 1.017607
367 4 0.981254
368 4 0.988152
369 4 1.064831
370 4 0.967233
371 4 0.997488
372 4 1.045450
373 4 1.006233
374 4 1.079725
375 4 0.981228
376 4 1.048418
377 4 1.083418
378 4 0.997014
379 4 1.045464
380 4 0.977577
381 4 0.984686
382 4 1.020066
383 4 1.014264
384 4 0.999542
385 4 0.994676
386 4 0.990632
387 4 1.003074
388 4 0.999227
389 4 0.995922
390 4 1.003093
391 4 1.028397
392 4 0.997641
393 4 0.987006
394 4 1.001540
395 4 1.010732
396 4 1.001943
397 4 1.006679
398 4 1.015969
399 4 1.040461
400 5 1.091189
401 5 1.025964
402 5 1.090523
403 5 1.079270
404 5 0.988114
405 5 1.006594
406 5 0.983657
407 5 0.989232
408 5 0.979094
409 5 0.995149
410 5 1.005444
411 5 1.012813
412 5 0.997087
413 5 1.002841
414 5 0.993498
415 5 0.999091
416 5 0.970667
417 5 0.976160
418 5 1.019009
419 5 1.053053
420 5 0.923015
421 5 0.974856
422 5 1.097091
423 5 1.037930
424 5 1.047943
425 5 1.016273
426 5 1.050731
427 5 1.160576
428 5 0.996858
429 5 1.057287
430 5 0.968759
431 5 1.092752
432 5 1.036385
433 5 1.014939
434 5 1.042263
435 5 1.028654
436 5 0.988070
437 5 1.016827
438 5 0.989059
439 5 1.010849
440 5 0.994446
441 5 1.003620
442 5 0.977870
443 5 0.987815
444 5 0.950320
445 5 1.015832
446 5 1.064936
447 5 0.970748
448 5 1.038823
449 5 1.044721
450 5 1.013053
451 5 0.980468
452 5 1.018219
453 5 0.964492
454 5 1.008177
455 5 1.055037
456 5 1.040422
457 5 0.995682
458 5 1.013335
459 5 1.036413
460 5 0.950481
461 5 1.015940
462 5 1.123165
463 5 1.021228
464 5 0.984038
465 5 0.951814
466 5 1.006266
467 5 0.970792
468 5 1.014966
469 5 0.993722
470 5 1.044550
471 5 0.977953
472 5 0.994292
473 5 0.987577
474 5 1.020363
475 5 0.991924
476 5 1.027026
477 5 1.004756
478 5 0.998511
479 5 0.971611
480 5 0.999692
481 5 1.012944
482 5 0.993689
483 5 0.984082
484 5 0.965479
485 5 1.022995
486 5 0.978955
487 5 1.001821
488 5 1.000768
489 5 0.994265
490 5 0.981940
491 5 1.041937
492 5 1.021772
493 5 1.001319
494 5 0.997467
495 5 1.019780
496 5 0.986290
497 5 1.016151
498 5 0.987688
499 5 0.984530
500 6 1.039694
501 6 1.023898
502 6 1.002645
503 6 1.041107
504 6 1.019927
505 6 0.988375
506 6 0.968844
507 6 1.092796
508 6 0.990496
509 6 0.948908
510 6 1.055513
511 6 0.978531
512 6 0.974722
513 6 1.057985
514 6 1.131737
515 6 1.013047
516 6 1.005447
517 6 0.982342
518 6 0.990630
519 6 1.042442
520 6 1.004837
521 6 0.998825
522 6 1.074627
523 6 0.968545
524 6 0.979329
525 6 1.067796
526 6 0.986768
527 6 1.028081
528 6 0.948007
529 6 1.001920
530 6 0.992332
531 6 0.997101
532 6 1.018383
533 6 0.983175
534 6 0.986876
535 6 1.019460
536 6 0.984942
537 6 1.014436
538 6 1.003507
539 6 0.987249
540 6 1.020714
541 6 0.986797
542 6 1.057209
543 6 1.019225
544 6 0.996963
545 6 0.995642
546 6 1.007107
547 6 1.022777
548 6 0.950516
549 6 0.992970
550 6 1.017836
551 6 0.954055
552 6 0.999773
553 6 0.923875
554 6 0.998147
555 6 1.004125
556 6 1.058444
557 6 1.006589
558 6 0.962446
559 6 0.977251
560 6 1.004902
561 6 1.033276
562 6 0.995255
563 6 0.989368
564 6 1.011680
565 6 0.969235
566 6 0.993800
567 6 1.026683
568 6 1.013879
569 6 1.022123
570 6 0.941825
571 6 1.022702
572 6 1.015033
573 6 0.952920
574 6 1.003219
575 6 1.007297
576 6 1.058931
577 6 1.024359
578 6 0.995766
579 6 1.014158
580 6 0.977057
581 6 1.014105
582 6 1.000069
583 6 1.014038
584 6 1.003912
585 6 0.996106
586 6 0.890787
587 6 0.989234
588 6 1.023596
589 6 0.988728
590 6 1.018827
591 6 0.995997
592 6 0.970654
593 6 0.994414
594 6 1.121299
595 6 0.993223
596 6 0.993225
597 6 1.056451
598 6 1.006788
599 6 1.019996
600 7 1.093903
601 7 1.039841
602 7 1.100281
603 7 1.048609
604 7 0.985465
605 7 1.020539
606 7 1.096365
607 7 1.029147
608 7 1.006699
609 7 1.002542
610 7 1.040951
611 7 0.993445
612 7 1.037961
613 7 0.989183
614 7 1.088866
615 7 0.965405
616 7 0.945538
617 7 0.951962
618 7 0.968678
619 7 1.035601
620 7 0.913420
621 7 0.968795
622 7 0.905273
623 7 1.031519
624 7 1.092823
625 7 1.003534
626 7 0.984322
627 7 1.058998
628 7 1.041347
629 7 1.065985
630 7 1.015593
631 7 0.996335
632 7 0.994850
633 7 0.992767
634 7 0.992225
635 7 0.993143
636 7 0.963062
637 7 1.034141
638 7 0.992424
639 7 0.998090
640 7 0.948153
641 7 0.956089
642 7 0.978814
643 7 1.028396
644 7 0.996755
645 7 0.964634
646 7 1.008148
647 7 0.966414
648 7 0.996667
649 7 0.947978
650 7 1.023040
651 7 0.988118
652 7 1.007111
653 7 0.989915
654 7 0.936264
655 7 1.019555
656 7 0.964919
657 7 0.997429
658 7 0.985218
659 7 1.018713
660 7 1.040989
661 7 0.996367
662 7 0.992029
663 7 1.009995
664 7 0.999915
665 7 1.010334
666 7 1.020006
667 7 1.001899
668 7 0.987297
669 7 1.004303
670 7 1.000507
671 7 1.000648
672 7 1.015506
673 7 1.020193
674 7 1.020859
675 7 0.982921
676 7 0.978226
677 7 0.969022
678 7 1.023803
679 7 1.027378
680 7 0.962044
681 7 0.970680
682 7 0.980999
683 7 1.024315
684 7 0.998669
685 7 0.980948
686 7 1.014587
687 7 0.974021
688 7 0.992539
689 7 1.024790
690 7 0.992778
691 7 0.939346
692 7 0.951649
693 7 0.961644
694 7 0.973056
695 7 0.989854
696 7 1.023469
697 7 1.026369
698 7 0.987393
699 7 1.080013
700 8 1.001393
701 8 0.995731
702 8 1.025433
703 8 0.988429
704 8 0.996625
705 8 1.043067
706 8 0.945884
707 8 0.988802
708 8 0.974103
709 8 1.002933
710 8 1.022684
711 8 0.981484
712 8 0.991958
713 8 0.964775
714 8 1.021717
715 8 1.007386
716 8 1.020271
717 8 0.997832
718 8 1.032751
719 8 0.994701
720 8 1.005884
721 8 0.987531
722 8 1.048283
723 8 0.993619
724 8 0.989889
725 8 0.993784
726 8 0.983693
727 8 0.971020
728 8 1.032120
729 8 0.994637
730 8 0.950760
731 8 1.004835
732 8 0.993465
733 8 1.027396
734 8 0.985348
735 8 0.965931
736 8 1.003452
737 8 0.980725
738 8 0.970498
739 8 0.951606
740 8 0.997831
741 8 0.970801
742 8 1.005695
743 8 1.008513
744 8 1.019552
745 8 1.017408
746 8 0.923828
747 8 0.977641
748 8 1.000668
749 8 1.008304
750 8 0.985105
751 8 1.052836
752 8 0.959009
753 8 0.926767
754 8 0.982030
755 8 0.985983
756 8 0.993027
757 8 0.983853
758 8 0.941004
759 8 1.038004
760 8 0.977828
761 8 0.999414
762 8 1.006142
763 8 1.020747
764 8 0.998635
765 8 0.995811
766 8 1.062089
767 8 1.000344
768 8 0.982038
769 8 0.951103
770 8 0.969785
771 8 0.899873
772 8 1.009728
773 8 1.015138
774 8 0.942446
775 8 1.080752
776 8 0.984417
777 8 0.991258
778 8 0.989978
779 8 0.991598
780 8 1.040351
781 8 0.996589
782 8 0.897959
783 8 0.889165
784 8 0.863149
785 8 0.830635
786 8 1.018478
787 8 1.004891
788 8 1.025212
789 8 0.889178
790 8 0.995961
791 8 1.016125
792 8 1.021845
793 8 1.016266
794 8 0.993079
795 8 0.979232
796 8 1.025967
797 8 0.996781
798 8 0.977800
799 8 0.977977
800 9 0.990167
801 9 0.870220
802 9 0.989600
803 9 1.008939
804 9 0.975856
805 9 0.958317
806 9 1.000056
807 9 0.982695
808 9 1.000027
809 9 1.036884
810 9 0.968676
811 9 1.001765
812 9 1.001799
813 9 0.994609
814 9 0.977084
815 9 0.974430
816 9 1.024588
817 9 0.975573
818 9 1.014870
819 9 0.978898
820 9 0.993570
821 9 0.998221
822 9 0.997113
823 9 0.990564
824 9 0.968711
825 9 1.025114
826 9 0.927041
827 9 0.989702
828 9 1.009252
829 9 1.065315
830 9 0.962424
831 9 1.013685
832 9 1.006848
833 9 0.960351
834 9 1.029565
835 9 0.905845
836 9 0.906874
837 9 0.987833
838 9 1.010169
839 9 1.003502
840 9 0.985299
841 9 0.993555
842 9 0.971053
843 9 1.076836
844 9 0.945507
845 9 0.848503
846 9 1.026383
847 9 1.019503
848 9 0.927412
849 9 1.025362
850 9 0.998218
851 9 1.015678
852 9 0.992560
853 9 1.044977
854 9 1.002722
855 9 0.944552
856 9 1.004015
857 9 0.961068
858 9 0.986579
859 9 0.974286
860 9 1.007646
861 9 0.993544
862 9 1.028341
863 9 0.919498
864 9 0.841082
865 9 0.987035
866 9 1.000361
867 9 0.961378
868 9 1.032284
869 9 1.026160
870 9 0.979146
871 9 0.996028
872 9 0.903094
873 9 1.032359
874 9 1.057729
875 9 0.980766
876 9 0.989649
877 9 0.892104
878 9 1.047806
879 9 0.967791
880 9 1.027593
881 9 0.959614
882 9 0.964672
883 9 1.010483
884 9 0.996556
885 9 0.984517
886 9 0.931048
887 9 0.989877
888 9 1.026436
889 9 0.991024
890 9 1.035671
891 9 1.073755
892 9 1.003285
893 9 0.992693
894 9 0.997160
895 9 0.986168
896 9 0.813919
897 9 0.944161
898 9 1.026523
899 9 0.991907
900 10 0.973067
901 10 1.031020
902 10 0.989630
903 10 0.998758
904 10 1.000507
905 10 1.016844
906 10 0.982001
907 10 1.056752
908 10 0.998933
909 10 1.026281
910 10 0.987559
911 10 0.977088
912 10 0.984273
913 10 0.985627
914 10 0.961496
915 10 0.944178
916 10 1.053907
917 10 0.815047
918 10 0.984231
919 10 0.975922
920 10 0.975968
921 10 0.928346
922 10 1.007239
923 10 0.964992
924 10 1.016879
925 10 1.035868
926 10 0.991748
927 10 0.891836
928 10 0.994875
929 10 0.997582
930 10 1.002728
931 10 0.988716
932 10 1.013237
933 10 1.072357
934 10 0.975545
935 10 0.964418
936 10 0.996671
937 10 1.009680
938 10 0.927315
939 10 0.985410
940 10 1.022062
941 10 0.954991
942 10 1.053575
943 10 0.824667
944 10 0.890795
945 10 1.002282
946 10 1.000948
947 10 1.096383
948 10 0.776785
949 10 0.953155
950 10 1.029523
951 10 1.026600
952 10 1.002071
953 10 1.019723
954 10 0.991371
955 10 1.015343
956 10 1.011178
957 10 0.991213
958 10 0.960440
959 10 1.000285
960 10 0.978147
961 10 0.928916
962 10 0.946704
963 10 1.031553
964 10 0.944808
965 10 0.826253
966 10 1.017005
967 10 0.986320
968 10 0.983984
969 10 1.057288
970 10 0.749829
971 10 0.970477
972 10 0.948300
973 10 0.766746
974 10 0.925834
975 10 1.012441
976 10 1.062272
977 10 1.023142
978 10 0.959501
979 10 1.012211
980 10 1.020759
981 10 0.993273
982 10 0.934076
983 10 0.906551
984 10 1.022815
985 10 0.955215
986 10 1.025614
987 10 0.905457
988 10 0.988688
989 10 1.005087
990 10 0.995688
991 10 1.001425
992 10 0.984082
993 10 1.047493
994 10 1.004359
995 10 1.041861
996 10 0.893099
997 10 1.003609
998 10 1.024410
999 10 0.935203
1000 11 1.024158
1001 11 1.086249
1002 11 1.030054
1003 11 0.993331
1004 11 0.987044
1005 11 1.000604
1006 11 0.750706
1007 11 1.031909
1008 11 1.001189
1009 11 0.995810
1010 11 0.981719
1011 11 0.851470
1012 11 1.041120
1013 11 1.013309
1014 11 1.029822
1015 11 0.960126
1016 11 0.990008
1017 11 0.882108
1018 11 0.970283
1019 11 0.932461
1020 11 0.839810
1021 11 0.847782
1022 11 1.025081
1023 11 0.975861
1024 11 0.939560
1025 11 0.981827
1026 11 0.865321
1027 11 1.003394
1028 11 1.031239
1029 11 1.058584
1030 11 0.952270
1031 11 0.997780
1032 11 1.008063
1033 11 1.009955
1034 11 0.943286
1035 11 1.023554
1036 11 0.997793
1037 11 0.785649
1038 11 0.973234
1039 11 1.090965
1040 11 1.027738
1041 11 0.978679
1042 11 1.003233
1043 11 0.983422
1044 11 0.922386
1045 11 1.007909
1046 11 1.007493
1047 11 1.020710
1048 11 0.980435
1049 11 0.961110
1050 11 0.872384
1051 11 1.049567
1052 11 0.997035
1053 11 0.902352
1054 11 1.011546
1055 11 0.994539
1056 11 1.140420
1057 11 1.021185
1058 11 1.038288
1059 11 0.985252
1060 11 0.972076
1061 11 0.963526
1062 11 1.045615
1063 11 0.981413
1064 11 0.980020
1065 11 1.013840
1066 11 0.978180
1067 11 1.009110
1068 11 1.004690
1069 11 0.961913
1070 11 0.856407
1071 11 0.981905
1072 11 0.958351
1073 11 0.953627
1074 11 1.000451
1075 11 0.981258
1076 11 1.006046
1077 11 0.956594
1078 11 1.048309
1079 11 0.995470
1080 11 0.992113
1081 11 0.746460
1082 11 1.010122
1083 11 1.014078
1084 11 0.965042
1085 11 0.983361
1086 11 1.112007
1087 11 0.997571
1088 11 1.003618
1089 11 0.968546
1090 11 1.046680
1091 11 0.966435
1092 11 1.027113
1093 11 0.990100
1094 11 0.980819
1095 11 0.987317
1096 11 0.995171
1097 11 0.978092
1098 11 0.992614
1099 11 0.988583
1100 12 0.882841
1101 12 0.970245
1102 12 1.034622
1103 12 0.928688
1104 12 0.969899
1105 12 1.018297
1106 12 0.999626
1107 12 1.014686
1108 12 0.794569
1109 12 1.006020
1110 12 0.904309
1111 12 0.959020
1112 12 1.012446
1113 12 1.019340
1114 12 1.004476
1115 12 1.061947
1116 12 0.817648
1117 12 0.984482
1118 12 0.937206
1119 12 0.998512
1120 12 0.899596
1121 12 0.969681
1122 12 0.980110
1123 12 0.952489
1124 12 0.708055
1125 12 1.037168
1126 12 0.916877
1127 12 0.980499
1128 12 1.015342
1129 12 0.961314
1130 12 0.995566
1131 12 0.987591
1132 12 0.944419
1133 12 1.029637
1134 12 0.966545
1135 12 0.898899
1136 12 0.962458
1137 12 0.773063
1138 12 0.982299
1139 12 1.049799
1140 12 0.999993
1141 12 0.998161
1142 12 0.984309
1143 12 0.998690
1144 12 1.001871
1145 12 0.983919
1146 12 0.995126
1147 12 0.987778
1148 12 0.980063
1149 12 0.979387
1150 12 1.000621
1151 12 1.025570
1152 12 0.913783
1153 12 0.926652
1154 12 0.995960
1155 12 0.969062
1156 12 1.038729
1157 12 1.021698
1158 12 0.786786
1159 12 1.010612
1160 12 1.032789
1161 12 0.977000
1162 12 0.996886
1163 12 1.013805
1164 12 0.985533
1165 12 0.983909
1166 12 0.977915
1167 12 1.011564
1168 12 1.009157
1169 12 0.975219
1170 12 0.997954
1171 12 1.032925
1172 12 0.977520
1173 12 0.956695
1174 12 1.009194
1175 12 0.945989
1176 12 0.959466
1177 12 0.965868
1178 12 1.003425
1179 12 0.991993
1180 12 0.914055
1181 12 0.894803
1182 12 1.033477
1183 12 1.037670
1184 12 1.022446
1185 12 0.981504
1186 12 0.853330
1187 12 1.033832
1188 12 0.955381
1189 12 0.901095
1190 12 1.003457
1191 12 1.024220
1192 12 0.970904
1193 12 0.981975
1194 12 1.032571
1195 12 0.995769
1196 12 0.997407
1197 12 1.028224
1198 12 1.059338
1199 12 1.009815
1200 13 0.729593
1201 13 0.846781
1202 13 0.930084
1203 13 1.018480
1204 13 1.040460
1205 13 0.967509
1206 13 0.948046
1207 13 1.009470
1208 13 1.030099
1209 13 0.998388
1210 13 0.989555
1211 13 0.976879
1212 13 0.978189
1213 13 0.969372
1214 13 0.984755
1215 13 0.916387
1216 13 1.020554
1217 13 0.998371
1218 13 0.976084
1219 13 0.954702
1220 13 0.981064
1221 13 0.997502
1222 13 0.990088
1223 13 0.995408
1224 13 0.961005
1225 13 0.751559
1226 13 0.881885
1227 13 1.013681
1228 13 0.842619
1229 13 0.986719
1230 13 0.976099
1231 13 0.698729
1232 13 0.992870
1233 13 1.008102
1234 13 0.819236
1235 13 0.833633
1236 13 0.988324
1237 13 1.027133
1238 13 0.982367
1239 13 1.004422
1240 13 0.968672
1241 13 0.924969
1242 13 1.010366
1243 13 0.995701
1244 13 0.967614
1245 13 0.697407
1246 13 1.006919
1247 13 0.985201
1248 13 0.996890
1249 13 0.775998
1250 13 1.011513
1251 13 1.060832
1252 13 0.928787
1253 13 0.977238
1254 13 1.018228
1255 13 0.965436
1256 13 1.024351
1257 13 0.987646
1258 13 0.999766
1259 13 0.982436
1260 13 1.027821
1261 13 0.987989
1262 13 1.001761
1263 13 0.982105
1264 13 0.994967
1265 13 0.871096
1266 13 0.992232
1267 13 0.971102
1268 13 0.884441
1269 13 1.004267
1270 13 1.030967
1271 13 0.989563
1272 13 1.011756
1273 13 0.984037
1274 13 1.027683
1275 13 0.978479
1276 13 1.012513
1277 13 1.003971
1278 13 1.006759
1279 13 0.970165
1280 13 0.979395
1281 13 0.934768
1282 13 1.007445
1283 13 1.001887
1284 13 0.989496
1285 13 1.003090
1286 13 0.974703
1287 13 0.999790
1288 13 0.947046
1289 13 0.996226
1290 13 0.983106
1291 13 0.996816
1292 13 0.995740
1293 13 0.977438
1294 13 1.022484
1295 13 1.009857
1296 13 0.994318
1297 13 0.997043
1298 13 0.957104
1299 13 0.961055
1300 14 1.016940
1301 14 1.021531
1302 14 0.995660
1303 14 1.006661
1304 14 0.981589
1305 14 0.952392
1306 14 0.994285
1307 14 0.989605
1308 14 1.010598
1309 14 1.031888
1310 14 1.014190
1311 14 0.946639
1312 14 0.997727
1313 14 0.971365
1314 14 0.973995
1315 14 0.992893
1316 14 0.966261
1317 14 0.995326
1318 14 1.014076
1319 14 0.722413
1320 14 0.698283
1321 14 0.977695
1322 14 0.639849
1323 14 0.981113
1324 14 0.652379
1325 14 0.874683
1326 14 0.902099
1327 14 0.901127
1328 14 0.942618
1329 14 1.027474
1330 14 0.953236
1331 14 1.037667
1332 14 1.032503
1333 14 0.986897
1334 14 0.995227
1335 14 0.940959
1336 14 0.995644
1337 14 1.014862
1338 14 0.915364
1339 14 1.024057
1340 14 0.987827
1341 14 0.686849
1342 14 0.980939
1343 14 1.009321
1344 14 0.996617
1345 14 0.976919
1346 14 1.003756
1347 14 0.945363
1348 14 0.996377
1349 14 0.994524
1350 14 0.998602
1351 14 0.855130
1352 14 0.893207
1353 14 0.988628
1354 14 1.010915
1355 14 0.961866
1356 14 1.006297
1357 14 0.986184
1358 14 1.034294
1359 14 1.025314
1360 14 0.995886
1361 14 0.999964
1362 14 0.991196
1363 14 0.885805
1364 14 0.972377
1365 14 1.000964
1366 14 0.878269
1367 14 1.025133
1368 14 0.996383
1369 14 0.996327
1370 14 0.943805
1371 14 0.988370
1372 14 0.982481
1373 14 0.965873
1374 14 0.988958
1375 14 0.860928
1376 14 0.994289
1377 14 0.968681
1378 14 1.053381
1379 14 0.872735
1380 14 0.983600
1381 14 1.010451
1382 14 0.952518
1383 14 0.992578
1384 14 0.931685
1385 14 1.012656
1386 14 0.979931
1387 14 0.987251
1388 14 1.009679
1389 14 0.980403
1390 14 0.991122
1391 14 1.007421
1392 14 0.773536
1393 14 0.940750
1394 14 1.032772
1395 14 0.921624
1396 14 0.999589
1397 14 0.765347
1398 14 0.993752
1399 14 1.008454
1400 15 0.975594
1401 15 0.921978
1402 15 1.037934
1403 15 1.023552
1404 15 0.968648
1405 15 0.993327
1406 15 0.997864
1407 15 0.952172
1408 15 1.016879
1409 15 0.972209
1410 15 1.013114
1411 15 1.015038
1412 15 1.008962
1413 15 1.008360
1414 15 0.958291
1415 15 0.987644
1416 15 0.976707
1417 15 0.957980
1418 15 0.750472
1419 15 0.922881
1420 15 0.986210
1421 15 0.959877
1422 15 0.985912
1423 15 0.993481
1424 15 0.963380
1425 15 0.980465
1426 15 0.991662
1427 15 0.989324
1428 15 0.944272
1429 15 1.049361
1430 15 0.981462
1431 15 1.002727
1432 15 1.028846
1433 15 0.653321
1434 15 1.025760
1435 15 0.977787
1436 15 0.979809
1437 15 0.934531
1438 15 0.976336
1439 15 0.893150
1440 15 1.098609
1441 15 0.845703
1442 15 1.015789
1443 15 1.009761
1444 15 1.049950
1445 15 0.983102
1446 15 0.899563
1447 15 1.003996
1448 15 0.963241
1449 15 0.994330
1450 15 0.996493
1451 15 0.912931
1452 15 0.826842
1453 15 1.000461
1454 15 0.995999
1455 15 1.025921
1456 15 0.989895
1457 15 0.717546
1458 15 0.602584
1459 15 0.995191
1460 15 1.010428
1461 15 1.043036
1462 15 1.020015
1463 15 0.619713
1464 15 0.992697
1465 15 1.028735
1466 15 0.889701
1467 15 1.005826
1468 15 0.996792
1469 15 1.000987
1470 15 1.035446
1471 15 1.019571
1472 15 0.924798
1473 15 0.910810
1474 15 0.940440
1475 15 0.980226
1476 15 0.858735
1477 15 0.917993
1478 15 1.027950
1479 15 1.007301
1480 15 0.997591
1481 15 0.855322
1482 15 0.999733
1483 15 0.973840
1484 15 0.987805
1485 15 0.934153
1486 15 0.995790
1487 15 1.006275
1488 15 0.696189
1489 15 0.999685
1490 15 0.978185
1491 15 1.009485
1492 15 0.975333
1493 15 1.005211
1494 15 0.990476
1495 15 0.952283
1496 15 1.004386
1497 15 0.981048
1498 15 1.014977
1499 15 1.018389
1500 16 1.007483
1501 16 0.961002
1502 16 0.984402
1503 16 0.907783
1504 16 1.003582
1505 16 0.997192
1506 16 0.648670
1507 16 0.917835
1508 16 0.777560
1509 16 1.018677
1510 16 1.006072
1511 16 0.898185
1512 16 1.026619
1513 16 0.960724
1514 16 0.851506
1515 16 1.024802
1516 16 0.998750
1517 16 1.035191
1518 16 0.979518
1519 16 1.008640
1520 16 0.994652
1521 16 1.018301
1522 16 0.993640
1523 16 1.015116
1524 16 0.987534
1525 16 0.995828
1526 16 0.872426
1527 16 0.943505
1528 16 0.996014
1529 16 1.016007
1530 16 0.949130
1531 16 0.993671
1532 16 0.653409
1533 16 0.577099
1534 16 1.013901
1535 16 1.047714
1536 16 1.002581
1537 16 1.004833
1538 16 0.890285
1539 16 1.016472
1540 16 1.006848
1541 16 0.998088
1542 16 0.977331
1543 16 0.985887
1544 16 1.002574
1545 16 0.989937
1546 16 0.997217
1547 16 0.958522
1548 16 0.900612
1549 16 1.057375
1550 16 1.010446
1551 16 0.943201
1552 16 0.786418
1553 16 0.867258
1554 16 1.017910
1555 16 1.006339
1556 16 0.892960
1557 16 0.798610
1558 16 0.963290
1559 16 0.958752
1560 16 1.176045
1561 16 0.995463
1562 16 1.004982
1563 16 0.942641
1564 16 0.968419
1565 16 1.016342
1566 16 1.017217
1567 16 1.030875
1568 16 1.025782
1569 16 0.974708
1570 16 1.014006
1571 16 1.029254
1572 16 0.986104
1573 16 1.002392
1574 16 0.960928
1575 16 1.038414
1576 16 0.989762
1577 16 0.959919
1578 16 0.979417
1579 16 1.007766
1580 16 1.012681
1581 16 1.015395
1582 16 0.962376
1583 16 0.973698
1584 16 1.047989
1585 16 0.889839
1586 16 0.972649
1587 16 1.007484
1588 16 0.994921
1589 16 0.985532
1590 16 1.068785
1591 16 0.851046
1592 16 1.017944
1593 16 0.888455
1594 16 1.026069
1595 16 0.978723
1596 16 1.012772
1597 16 0.899338
1598 16 0.952882
1599 16 0.961728
1600 17 0.645515
1601 17 0.746978
1602 17 1.044312
1603 17 0.965971
1604 17 0.952105
1605 17 1.024731
1606 17 1.001044
1607 17 0.921795
1608 17 0.994309
1609 17 0.969346
1610 17 0.983723
1611 17 0.977773
1612 17 0.992295
1613 17 1.004875
1614 17 1.001065
1615 17 0.961222
1616 17 0.980949
1617 17 1.018010
1618 17 0.997308
1619 17 0.966776
1620 17 0.997364
1621 17 0.974895
1622 17 1.028903
1623 17 0.999530
1624 17 1.028020
1625 17 0.993160
1626 17 0.983467
1627 17 1.012513
1628 17 1.006217
1629 17 0.990695
1630 17 0.966889
1631 17 0.954831
1632 17 0.958730
1633 17 0.884349
1634 17 1.007183
1635 17 1.085152
1636 17 0.897982
1637 17 0.918363
1638 17 1.014654
1639 17 0.949021
1640 17 0.993847
1641 17 0.979177
1642 17 0.920159
1643 17 0.997686
1644 17 1.001448
1645 17 0.994446
1646 17 0.931598
1647 17 0.974111
1648 17 1.009598
1649 17 0.947858
1650 17 0.906645
1651 17 0.996050
1652 17 0.986607
1653 17 0.977297
1654 17 0.982968
1655 17 0.980162
1656 17 0.854067
1657 17 0.881063
1658 17 0.916684
1659 17 0.948845
1660 17 1.016121
1661 17 0.993077
1662 17 0.977595
1663 17 0.957289
1664 17 0.962480
1665 17 0.727711
1666 17 0.664996
1667 17 0.980148
1668 17 0.949460
1669 17 1.047686
1670 17 0.659309
1671 17 1.041420
1672 17 0.818921
1673 17 0.988687
1674 17 1.037736
1675 17 0.947451
1676 17 1.030828
1677 17 1.041746
1678 17 1.028230
1679 17 0.991665
1680 17 1.026583
1681 17 0.993101
1682 17 1.013049
1683 17 1.026785
1684 17 1.013591
1685 17 0.957573
1686 17 1.015795
1687 17 0.996887
1688 17 0.979425
1689 17 1.006337
1690 17 0.998885
1691 17 0.969434
1692 17 1.016772
1693 17 0.717721
1694 17 0.846502
1695 17 0.954561
1696 17 0.999398
1697 17 0.987785
1698 17 0.993346
1699 17 1.007752
1700 18 1.016135
1701 18 0.844391
1702 18 0.988589
1703 18 0.997886
1704 18 0.846912
1705 18 1.016043
1706 18 0.983874
1707 18 1.004111
1708 18 0.951935
1709 18 0.986886
1710 18 0.991165
1711 18 0.999589
1712 18 0.993622
1713 18 0.983820
1714 18 0.977507
1715 18 1.028765
1716 18 0.980461
1717 18 1.022070
1718 18 1.025953
1719 18 1.029322
1720 18 0.990631
1721 18 0.976593
1722 18 0.980338
1723 18 0.976398
1724 18 0.982150
1725 18 0.982779
1726 18 0.984580
1727 18 0.967506
1728 18 1.023754
1729 18 0.989853
1730 18 0.972058
1731 18 0.997615
1732 18 0.998275
1733 18 0.994954
1734 18 1.018593
1735 18 0.913562
1736 18 0.960912
1737 18 1.019874
1738 18 0.716207
1739 18 0.981313
1740 18 1.026613
1741 18 1.010035
1742 18 0.699545
1743 18 0.990008
1744 18 1.008221
1745 18 0.988816
1746 18 1.069199
1747 18 0.989890
1748 18 1.014248
1749 18 0.996216
1750 18 1.036307
1751 18 1.036207
1752 18 0.994663
1753 18 1.068431
1754 18 0.965649
1755 18 0.990574
1756 18 0.951277
1757 18 1.017986
1758 18 0.973860
1759 18 1.006420
1760 18 1.044161
1761 18 0.660587
1762 18 1.012427
1763 18 0.937099
1764 18 0.988926
1765 18 0.984848
1766 18 0.990021
1767 18 0.842865
1768 18 1.020318
1769 18 0.959240
1770 18 0.999250
1771 18 0.997001
1772 18 1.000983
1773 18 0.909034
1774 18 1.012515
1775 18 1.009378
1776 18 1.026646
1777 18 0.971078
1778 18 0.917621
1779 18 1.041390
1780 18 1.000126
1781 18 0.980550
1782 18 0.982641
1783 18 1.014055
1784 18 0.984561
1785 18 0.984075
1786 18 0.997724
1787 18 0.957088
1788 18 0.956861
1789 18 0.953510
1790 18 0.972567
1791 18 0.999032
1792 18 0.932173
1793 18 0.837403
1794 18 1.005058
1795 18 0.811916
1796 18 0.572979
1797 18 0.911877
1798 18 0.967608
1799 18 0.995530
1800 19 0.950572
1801 19 0.997870
1802 19 1.022559
1803 19 0.913779
1804 19 0.971478
1805 19 0.947204
1806 19 0.945430
1807 19 1.086264
1808 19 1.026430
1809 19 1.007220
1810 19 0.982124
1811 19 0.853837
1812 19 0.985965
1813 19 0.902347
1814 19 0.952325
1815 19 0.985475
1816 19 0.955858
1817 19 0.749624
1818 19 0.882788
1819 19 0.867427
1820 19 1.021410
1821 19 1.004554
1822 19 0.999631
1823 19 0.714534
1824 19 0.979096
1825 19 0.972669
1826 19 0.941472
1827 19 0.995262
1828 19 0.906383
1829 19 0.987430
1830 19 1.007949
1831 19 1.029650
1832 19 0.879939
1833 19 0.809856
1834 19 1.038211
1835 19 0.610812
1836 19 0.971892
1837 19 0.991203
1838 19 0.998088
1839 19 0.976981
1840 19 0.865963
1841 19 0.975592
1842 19 0.985030
1843 19 1.023877
1844 19 0.631591
1845 19 1.015712
1846 19 1.010729
1847 19 1.005425
1848 19 0.996376
1849 19 0.997618
1850 19 0.967525
1851 19 0.550131
1852 19 0.987949
1853 19 1.003571
1854 19 0.886809
1855 19 1.009207
1856 19 1.031966
1857 19 1.000834
1858 19 0.982461
1859 19 1.007774
1860 19 0.995734
1861 19 0.990417
1862 19 0.982810
1863 19 0.896642
1864 19 1.020067
1865 19 0.956149
1866 19 0.981784
1867 19 0.982407
1868 19 1.019615
1869 19 1.029808
1870 19 0.945496
1871 19 0.999721
1872 19 0.996221
1873 19 0.973851
1874 19 1.028227
1875 19 0.982476
1876 19 0.982356
1877 19 0.969995
1878 19 1.014890
1879 19 0.954249
1880 19 1.008892
1881 19 0.982049
1882 19 0.963342
1883 19 0.972538
1884 19 0.983200
1885 19 0.994389
1886 19 1.011494
1887 19 1.013116
1888 19 0.991868
1889 19 0.952461
1890 19 1.000583
1891 19 0.956524
1892 19 0.983878
1893 19 1.016240
1894 19 1.009745
1895 19 0.994891
1896 19 0.997606
1897 19 0.990675
1898 19 0.930582
1899 19 0.910015
1900 20 1.001849
1901 20 0.953901
1902 20 0.992443
1903 20 0.939511
1904 20 1.014850
1905 20 0.976881
1906 20 0.990326
1907 20 0.807987
1908 20 0.825937
1909 20 1.093094
1910 20 1.010366
1911 20 0.984054
1912 20 1.011802
1913 20 0.995518
1914 20 1.013997
1915 20 0.990029
1916 20 1.005539
1917 20 0.979332
1918 20 0.961199
1919 20 0.962436
1920 20 0.953077
1921 20 0.977860
1922 20 0.980299
1923 20 1.018699
1924 20 1.007772
1925 20 0.997872
1926 20 0.992194
1927 20 0.996990
1928 20 1.005800
1929 20 0.990108
1930 20 1.014287
1931 20 0.982443
1932 20 0.997818
1933 20 0.979823
1934 20 0.987957
1935 20 0.981395
1936 20 0.968939
1937 20 0.963371
1938 20 1.046869
1939 20 0.952447
1940 20 0.999000
1941 20 0.974187
1942 20 0.962009
1943 20 1.003814
1944 20 0.797057
1945 20 0.777871
1946 20 0.844248
1947 20 0.997490
1948 20 1.069777
1949 20 0.968874
1950 20 0.981989
1951 20 0.976842
1952 20 0.981712
1953 20 0.898558
1954 20 0.968470
1955 20 0.899181
1956 20 1.035868
1957 20 0.942844
1958 20 0.875440
1959 20 0.771947
1960 20 1.034888
1961 20 0.772481
1962 20 0.980304
1963 20 0.634445
1964 20 0.989521
1965 20 0.992541
1966 20 0.993903
1967 20 1.014601
1968 20 0.916895
1969 20 1.044073
1970 20 0.986041
1971 20 0.948061
1972 20 0.967903
1973 20 0.927345
1974 20 0.963216
1975 20 0.977606
1976 20 0.971417
1977 20 0.973429
1978 20 1.012370
1979 20 0.921219
1980 20 0.977479
1981 20 1.026244
1982 20 0.949691
1983 20 0.998493
1984 20 0.988916
1985 20 1.011032
1986 20 0.935454
1987 20 0.672222
1988 20 0.956009
1989 20 1.071645
1990 20 0.983728
1991 20 0.997009
1992 20 0.940788
1993 20 0.933597
1994 20 1.073424
1995 20 0.981729
1996 20 1.006532
1997 20 1.047715
1998 20 0.987186
1999 20 0.911213
2000 21 0.905422
2001 21 1.070349
2002 21 0.989166
2003 21 0.865196
2004 21 1.010434
2005 21 0.821503
2006 21 0.985879
2007 21 0.893633
2008 21 1.021211
2009 21 1.016288
2010 21 1.041456
2011 21 0.970217
2012 21 0.959078
2013 21 0.998099
2014 21 0.955481
2015 21 0.972124
2016 21 0.567448
2017 21 1.005796
2018 21 0.997569
2019 21 1.001384
2020 21 0.993585
2021 21 1.014892
2022 21 1.013037
2023 21 0.952262
2024 21 0.988189
2025 21 0.940865
2026 21 0.981917
2027 21 0.983531
2028 21 0.907462
2029 21 0.902010
2030 21 0.990840
2031 21 1.026446
2032 21 1.026797
2033 21 0.985314
2034 21 0.964810
2035 21 0.953534
2036 21 0.968782
2037 21 0.513291
2038 21 1.054335
2039 21 0.816555
2040 21 0.962214
2041 21 0.994917
2042 21 0.927690
2043 21 0.741350
2044 21 0.946106
2045 21 0.916120
2046 21 0.981403
2047 21 0.887631
2048 21 1.043836
2049 21 0.998479
2050 21 0.988468
2051 21 0.602125
2052 21 1.028602
2053 21 0.942992
2054 21 1.041139
2055 21 1.009344
2056 21 0.994515
2057 21 0.969251
2058 21 0.623850
2059 21 1.072656
2060 21 0.809187
2061 21 0.531054
2062 21 0.992653
2063 21 1.039120
2064 21 0.995779
2065 21 0.999890
2066 21 1.027741
2067 21 0.976928
2068 21 0.974473
2069 21 0.952108
2070 21 0.971253
2071 21 1.029885
2072 21 0.964171
2073 21 0.996568
2074 21 0.985150
2075 21 0.981196
2076 21 0.978766
2077 21 0.991881
2078 21 0.999419
2079 21 0.997478
2080 21 0.952729
2081 21 1.001937
2082 21 1.000243
2083 21 1.023612
2084 21 0.964802
2085 21 0.974720
2086 21 0.981755
2087 21 0.973788
2088 21 0.983573
2089 21 1.028370
2090 21 0.782087
2091 21 0.985347
2092 21 1.013100
2093 21 0.962187
2094 21 0.993450
2095 21 0.839680
2096 21 1.013375
2097 21 0.993734
2098 21 0.940673
2099 21 0.991529
2100 22 1.002545
2101 22 0.957493
2102 22 1.023028
2103 22 0.924875
2104 22 1.031783
2105 22 0.905687
2106 22 0.997018
2107 22 0.991251
2108 22 1.007295
2109 22 0.788013
2110 22 0.983718
2111 22 1.114223
2112 22 0.723785
2113 22 1.024842
2114 22 0.548454
2115 22 0.973270
2116 22 0.859425
2117 22 0.959885
2118 22 0.830418
2119 22 0.984086
2120 22 0.934121
2121 22 0.968204
2122 22 0.873673
2123 22 0.892098
2124 22 0.719890
2125 22 0.862748
2126 22 0.998549
2127 22 0.878718
2128 22 1.006415
2129 22 0.911095
2130 22 0.990374
2131 22 1.032677
2132 22 0.977385
2133 22 0.945797
2134 22 0.984169
2135 22 0.979077
2136 22 0.956054
2137 22 1.003701
2138 22 0.983337
2139 22 0.983699
2140 22 0.905666
2141 22 0.866514
2142 22 1.013199
2143 22 0.989661
2144 22 0.989062
2145 22 0.992018
2146 22 0.993318
2147 22 0.977089
2148 22 1.012318
2149 22 0.963902
2150 22 1.010348
2151 22 0.995719
2152 22 0.982572
2153 22 0.966676
2154 22 0.949635
2155 22 0.964696
2156 22 0.990358
2157 22 0.985066
2158 22 0.981096
2159 22 0.984250
2160 22 0.976254
2161 22 1.022757
2162 22 0.946394
2163 22 0.930394
2164 22 1.027654
2165 22 1.025688
2166 22 0.995630
2167 22 0.867549
2168 22 1.008478
2169 22 1.030608
2170 22 0.979761
2171 22 0.981902
2172 22 1.013757
2173 22 0.897098
2174 22 1.003699
2175 22 0.926758
2176 22 0.955480
2177 22 0.822696
2178 22 0.993844
2179 22 0.928660
2180 22 1.003118
2181 22 0.985335
2182 22 0.997484
2183 22 1.031342
2184 22 1.028833
2185 22 0.998599
2186 22 1.017079
2187 22 0.979585
2188 22 0.974829
2189 22 0.993034
2190 22 0.998395
2191 22 0.995538
2192 22 0.967484
2193 22 0.958093
2194 22 0.890397
2195 22 0.993478
2196 22 0.893282
2197 22 0.998589
2198 22 1.007436
2199 22 0.950476
2200 23 0.860914
2201 23 1.033089
2202 23 1.003524
2203 23 0.968542
2204 23 1.036232
2205 23 0.972527
2206 23 0.983718
2207 23 0.687239
2208 23 0.998399
2209 23 0.998920
2210 23 0.994038
2211 23 0.584766
2212 23 1.119728
2213 23 0.952535
2214 23 0.824896
2215 23 0.821419
2216 23 1.016805
2217 23 0.898830
2218 23 1.024183
2219 23 0.920705
2220 23 1.061963
2221 23 1.023360
2222 23 1.080128
2223 23 0.829593
2224 23 0.995226
2225 23 1.057918
2226 23 0.991892
2227 23 0.995797
2228 23 0.864564
2229 23 0.780317
2230 23 0.865646
2231 23 0.988376
2232 23 1.025777
2233 23 0.980494
2234 23 0.963316
2235 23 0.972398
2236 23 0.971903
2237 23 0.997472
2238 23 0.977531
2239 23 1.005922
2240 23 0.970952
2241 23 1.002358
2242 23 0.993673
2243 23 0.991649
2244 23 0.885233
2245 23 0.949667
2246 23 1.042917
2247 23 0.968609
2248 23 1.012761
2249 23 0.861081
2250 23 0.894926
2251 23 0.997473
2252 23 0.938328
2253 23 0.934142
2254 23 1.109873
2255 23 0.973963
2256 23 1.018356
2257 23 0.971908
2258 23 0.970196
2259 23 1.006970
2260 23 0.980036
2261 23 0.967022
2262 23 0.995258
2263 23 0.996066
2264 23 0.974912
2265 23 0.999062
2266 23 1.027182
2267 23 0.997661
2268 23 0.886413
2269 23 1.006674
2270 23 0.970048
2271 23 0.993071
2272 23 0.994743
2273 23 0.987662
2274 23 0.983408
2275 23 0.884940
2276 23 0.991981
2277 23 1.012843
2278 23 0.984277
2279 23 1.014743
2280 23 0.957972
2281 23 0.964934
2282 23 0.995792
2283 23 0.947542
2284 23 1.013807
2285 23 0.983645
2286 23 0.989600
2287 23 0.992893
2288 23 1.028688
2289 23 0.961275
2290 23 0.986256
2291 23 0.979279
2292 23 0.986539
2293 23 0.967121
2294 23 0.985819
2295 23 0.877423
2296 23 0.987331
2297 23 0.784327
2298 23 0.991429
2299 23 1.002706
