# Batch convergence for: model=snn-ae encoding=latency architecture=recurrent v_th=0.5 alpha=0.99 run=3
batch_num epoch batch_loss
0 1 0.853769
1 1 0.804030
2 1 0.798598
3 1 0.837536
4 1 0.902040
5 1 0.752091
6 1 0.826724
7 1 0.666757
8 1 0.651073
9 1 0.809077
10 1 0.755695
11 1 0.713201
12 1 0.693865
13 1 0.765880
14 1 0.704930
15 1 0.563314
16 1 0.649678
17 1 0.747626
18 1 0.696495
19 1 0.544131
20 1 0.695270
21 1 0.218628
22 1 0.624491
23 1 0.661601
24 1 0.567122
25 1 0.672042
26 1 0.573326
27 1 0.722143
28 1 0.583819
29 1 0.747371
30 1 0.525457
31 1 0.599001
32 1 0.632804
33 1 0.521233
34 1 0.591529
35 1 0.625002
36 1 0.584156
37 1 0.548355
38 1 0.570297
39 1 0.595917
40 1 0.591084
41 1 0.529145
42 1 0.474046
43 1 0.462435
44 1 0.475441
45 1 0.445578
46 1 0.453039
47 1 0.513553
48 1 0.430147
49 1 0.619620
50 1 0.200315
51 1 0.518934
52 1 0.459495
53 1 0.210899
54 1 0.652872
55 1 0.478689
56 1 0.488555
57 1 0.432803
58 1 0.415640
59 1 0.411781
60 1 0.384285
61 1 0.479882
62 1 0.428827
63 1 0.375868
64 1 0.442388
65 1 0.369795
66 1 0.096766
67 1 0.551585
68 1 0.337379
69 1 0.281780
70 1 0.364088
71 1 0.365816
72 1 0.059073
73 1 0.336510
74 1 0.304354
75 1 0.346214
76 1 0.291730
77 1 0.400380
78 1 0.303488
79 1 0.274479
80 1 0.526882
81 1 0.294891
82 1 0.258996
83 1 0.314969
84 1 0.298218
85 1 0.383087
86 1 0.258833
87 1 0.380372
88 1 0.290723
89 1 0.322728
90 1 0.342719
91 1 0.365945
92 1 0.247408
93 1 0.281278
94 1 0.222914
95 1 0.226086
96 1 0.222747
97 1 0.348223
98 1 0.269989
99 1 0.251314
100 2 0.261212
101 2 0.189668
102 2 0.206461
103 2 0.267983
104 2 0.231609
105 2 0.231969
106 2 0.321477
107 2 0.216273
108 2 0.236849
109 2 0.184987
110 2 0.235270
111 2 0.183063
112 2 0.193055
113 2 0.350422
114 2 0.184770
115 2 0.231060
116 2 0.195654
117 2 0.178867
118 2 0.235640
119 2 0.210016
120 2 0.176865
121 2 0.182393
122 2 0.193657
123 2 0.178966
124 2 0.153772
125 2 0.197441
126 2 0.167742
127 2 0.195941
128 2 0.200787
129 2 0.165471
130 2 0.244808
131 2 0.152957
132 2 0.203687
133 2 0.179183
134 2 0.184711
135 2 0.178830
136 2 0.140796
137 2 0.198141
138 2 0.219763
139 2 0.211574
140 2 0.175046
141 2 0.143094
142 2 0.183378
143 2 0.212104
144 2 0.197369
145 2 0.129335
146 2 0.155500
147 2 0.130090
148 2 0.213574
149 2 0.134257
150 2 0.231875
151 2 0.104279
152 2 0.158550
153 2 0.108010
154 2 0.178889
155 2 0.095953
156 2 0.285107
157 2 0.160261
158 2 0.136093
159 2 0.181260
160 2 0.124367
161 2 0.141446
162 2 0.117681
163 2 0.164131
164 2 0.132219
165 2 0.194224
166 2 0.036371
167 2 0.171314
168 2 0.240034
169 2 0.123693
170 2 0.143114
171 2 0.230123
172 2 0.227743
173 2 0.143920
174 2 0.126953
175 2 0.144897
176 2 0.141935
177 2 0.243994
178 2 0.120801
179 2 0.107774
180 2 0.162371
181 2 0.112374
182 2 0.158886
183 2 0.149894
184 2 0.205820
185 2 0.112596
186 2 0.185267
187 2 0.250068
188 2 0.128949
189 2 0.164198
190 2 0.125393
191 2 0.186266
192 2 0.144107
193 2 0.093498
194 2 0.299179
195 2 0.133325
196 2 0.113652
197 2 0.177322
198 2 0.170721
199 2 0.098854
200 3 0.117363
201 3 0.115966
202 3 0.159129
203 3 0.148641
204 3 0.062943
205 3 0.147778
206 3 0.144176
207 3 0.196338
208 3 0.219222
209 3 0.115133
210 3 0.187896
211 3 0.128309
212 3 0.138035
213 3 0.126817
214 3 0.116460
215 3 0.131187
216 3 0.118011
217 3 0.100074
218 3 0.290647
219 3 0.036021
220 3 0.109532
221 3 0.083724
222 3 0.153672
223 3 0.119684
224 3 0.151766
225 3 0.155282
226 3 0.194793
227 3 0.147175
228 3 0.170120
229 3 0.186463
230 3 0.083759
231 3 0.138385
232 3 0.128950
233 3 0.100825
234 3 0.155533
235 3 0.109232
236 3 0.150798
237 3 0.139914
238 3 0.116322
239 3 0.141294
240 3 0.133799
241 3 0.162483
242 3 0.088125
243 3 0.114618
244 3 0.100917
245 3 0.112535
246 3 0.168584
247 3 0.108974
248 3 0.141127
249 3 0.131881
250 3 0.110235
251 3 0.132140
252 3 0.160876
253 3 0.150560
254 3 0.217162
255 3 0.067241
256 3 0.104459
257 3 0.186447
258 3 0.160326
259 3 0.103679
260 3 0.097918
261 3 0.127760
262 3 0.126692
263 3 0.121847
264 3 0.091552
265 3 0.114764
266 3 0.113696
267 3 0.121916
268 3 0.083086
269 3 0.139071
270 3 0.184923
271 3 0.181366
272 3 0.157655
273 3 0.140543
274 3 0.132513
275 3 0.109208
276 3 0.078887
277 3 0.246853
278 3 0.086440
279 3 0.083553
280 3 0.107901
281 3 0.097650
282 3 0.100505
283 3 0.115258
284 3 0.249693
285 3 0.107045
286 3 0.126920
287 3 0.118233
288 3 0.135895
289 3 0.103820
290 3 0.118843
291 3 0.161245
292 3 0.111933
293 3 0.122743
294 3 0.089455
295 3 0.207362
296 3 0.109946
297 3 0.161722
298 3 0.100325
299 3 0.128506
300 4 0.099216
301 4 0.117700
302 4 0.093455
303 4 0.099383
304 4 0.076812
305 4 0.120921
306 4 0.146190
307 4 0.090587
308 4 0.148375
309 4 0.115746
310 4 0.125742
311 4 0.113564
312 4 0.121790
313 4 0.073645
314 4 0.064680
315 4 0.126311
316 4 0.214367
317 4 0.099659
318 4 0.096301
319 4 0.109842
320 4 0.072981
321 4 0.134517
322 4 0.118737
323 4 0.145328
324 4 0.097099
325 4 0.111700
326 4 0.114208
327 4 0.143707
328 4 0.143164
329 4 0.108900
330 4 0.184190
331 4 0.124284
332 4 0.099494
333 4 0.145447
334 4 0.095750
335 4 0.070693
336 4 0.118408
337 4 0.088194
338 4 0.135193
339 4 0.083422
340 4 0.123072
341 4 0.090120
342 4 0.125001
343 4 0.032145
344 4 0.243914
345 4 0.106683
346 4 0.068654
347 4 0.194859
348 4 0.057347
349 4 0.135551
350 4 0.106286
351 4 0.184092
352 4 0.071129
353 4 0.072779
354 4 0.136167
355 4 0.062778
356 4 0.082320
357 4 0.142461
358 4 0.139052
359 4 0.106547
360 4 0.085923
361 4 0.137146
362 4 0.078644
363 4 0.147830
364 4 0.077728
365 4 0.093859
366 4 0.098547
367 4 0.093600
368 4 0.107974
369 4 0.169462
370 4 0.176763
371 4 0.236904
372 4 0.093428
373 4 0.090945
374 4 0.132465
375 4 0.176735
376 4 0.096428
377 4 0.051824
378 4 0.089833
379 4 0.121368
380 4 0.077483
381 4 0.101374
382 4 0.097533
383 4 0.245369
384 4 0.086473
385 4 0.103102
386 4 0.080732
387 4 0.139790
388 4 0.079674
389 4 0.122031
390 4 0.104358
391 4 0.092363
392 4 0.080005
393 4 0.108876
394 4 0.109089
395 4 0.225341
396 4 0.091609
397 4 0.122768
398 4 0.124834
399 4 0.102516
400 5 0.105863
401 5 0.094108
402 5 0.168467
403 5 0.086110
404 5 0.076918
405 5 0.159695
406 5 0.101242
407 5 0.227749
408 5 0.081712
409 5 0.100778
410 5 0.123355
411 5 0.225546
412 5 0.114104
413 5 0.102848
414 5 0.128326
415 5 0.070859
416 5 0.134808
417 5 0.099661
418 5 0.178786
419 5 0.109842
420 5 0.082275
421 5 0.140562
422 5 0.085084
423 5 0.085284
424 5 0.072209
425 5 0.112360
426 5 0.073880
427 5 0.117135
428 5 0.080028
429 5 0.206648
430 5 0.089005
431 5 0.102127
432 5 0.091084
433 5 0.083183
434 5 0.103146
435 5 0.061996
436 5 0.080245
437 5 0.082491
438 5 0.031508
439 5 0.083349
440 5 0.136893
441 5 0.059879
442 5 0.061238
443 5 0.086098
444 5 0.096670
445 5 0.112775
446 5 0.076175
447 5 0.093559
448 5 0.149477
449 5 0.094702
450 5 0.085671
451 5 0.084546
452 5 0.056308
453 5 0.034531
454 5 0.108423
455 5 0.097184
456 5 0.081297
457 5 0.164195
458 5 0.125874
459 5 0.119757
460 5 0.094017
461 5 0.149572
462 5 0.099301
463 5 0.160925
464 5 0.103661
465 5 0.080718
466 5 0.127204
467 5 0.168856
468 5 0.066201
469 5 0.100625
470 5 0.084328
471 5 0.057963
472 5 0.163761
473 5 0.087200
474 5 0.063653
475 5 0.178381
476 5 0.059648
477 5 0.109426
478 5 0.123431
479 5 0.095198
480 5 0.082206
481 5 0.208341
482 5 0.125409
483 5 0.085857
484 5 0.180111
485 5 0.109268
486 5 0.084092
487 5 0.129937
488 5 0.072969
489 5 0.110137
490 5 0.099197
491 5 0.131638
492 5 0.084602
493 5 0.099433
494 5 0.090837
495 5 0.078690
496 5 0.087925
497 5 0.092952
498 5 0.098143
499 5 0.101234
500 6 0.123150
501 6 0.080794
502 6 0.078451
503 6 0.056093
504 6 0.079500
505 6 0.062883
506 6 0.031172
507 6 0.070385
508 6 0.157035
509 6 0.059579
510 6 0.050266
511 6 0.067505
512 6 0.089551
513 6 0.071793
514 6 0.109811
515 6 0.097514
516 6 0.079332
517 6 0.092488
518 6 0.065783
519 6 0.052976
520 6 0.070654
521 6 0.064702
522 6 0.097489
523 6 0.082707
524 6 0.063628
525 6 0.102880
526 6 0.065687
527 6 0.085973
528 6 0.085977
529 6 0.095759
530 6 0.065236
531 6 0.100278
532 6 0.112462
533 6 0.105960
534 6 0.100062
535 6 0.122972
536 6 0.066961
537 6 0.145123
538 6 0.089143
539 6 0.072700
540 6 0.109006
541 6 0.056652
542 6 0.066560
543 6 0.171486
544 6 0.071602
545 6 0.098120
546 6 0.111798
547 6 0.078687
548 6 0.078250
549 6 0.098043
550 6 0.078475
551 6 0.226116
552 6 0.056426
553 6 0.231085
554 6 0.111386
555 6 0.100921
556 6 0.086369
557 6 0.111607
558 6 0.078655
559 6 0.034059
560 6 0.103328
561 6 0.091575
562 6 0.051065
563 6 0.103761
564 6 0.137247
565 6 0.092098
566 6 0.109589
567 6 0.101631
568 6 0.140847
569 6 0.079498
570 6 0.130710
571 6 0.121322
572 6 0.078973
573 6 0.150191
574 6 0.096315
575 6 0.137534
576 6 0.168609
577 6 0.103105
578 6 0.103593
579 6 0.129015
580 6 0.095214
581 6 0.220603
582 6 0.147776
583 6 0.046225
584 6 0.115972
585 6 0.138245
586 6 0.082844
587 6 0.088566
588 6 0.198810
589 6 0.221331
590 6 0.239712
591 6 0.093183
592 6 0.104879
593 6 0.083828
594 6 0.109787
595 6 0.132784
596 6 0.094369
597 6 0.109423
598 6 0.072729
599 6 0.104105
600 7 0.103472
601 7 0.121649
602 7 0.140833
603 7 0.115652
604 7 0.030651
605 7 0.085973
606 7 0.082115
607 7 0.097397
608 7 0.096034
609 7 0.068322
610 7 0.077680
611 7 0.123097
612 7 0.136635
613 7 0.100072
614 7 0.074565
615 7 0.108646
616 7 0.069950
617 7 0.167876
618 7 0.141129
619 7 0.068214
620 7 0.139409
621 7 0.076302
622 7 0.079896
623 7 0.051363
624 7 0.117399
625 7 0.121107
626 7 0.108249
627 7 0.078443
628 7 0.114852
629 7 0.076282
630 7 0.097697
631 7 0.135824
632 7 0.080100
633 7 0.106317
634 7 0.117573
635 7 0.095358
636 7 0.087858
637 7 0.063124
638 7 0.106326
639 7 0.073896
640 7 0.075372
641 7 0.060959
642 7 0.100294
643 7 0.053707
644 7 0.069177
645 7 0.139017
646 7 0.106534
647 7 0.078667
648 7 0.096725
649 7 0.288614
650 7 0.096109
651 7 0.221938
652 7 0.105842
653 7 0.158878
654 7 0.091457
655 7 0.102306
656 7 0.149648
657 7 0.082580
658 7 0.058810
659 7 0.114444
660 7 0.082847
661 7 0.098546
662 7 0.102380
663 7 0.086673
664 7 0.096947
665 7 0.092240
666 7 0.064613
667 7 0.055575
668 7 0.075060
669 7 0.077609
670 7 0.102985
671 7 0.053799
672 7 0.210735
673 7 0.233387
674 7 0.090889
675 7 0.082433
676 7 0.088542
677 7 0.077334
678 7 0.085729
679 7 0.080302
680 7 0.082170
681 7 0.176281
682 7 0.067799
683 7 0.083632
684 7 0.059379
685 7 0.158885
686 7 0.105085
687 7 0.066171
688 7 0.196502
689 7 0.123890
690 7 0.083108
691 7 0.079096
692 7 0.186018
693 7 0.186873
694 7 0.076374
695 7 0.064076
696 7 0.148253
697 7 0.080111
698 7 0.054550
699 7 0.076353
700 8 0.111481
701 8 0.105657
702 8 0.078275
703 8 0.139111
704 8 0.065708
705 8 0.090262
706 8 0.237879
707 8 0.079269
708 8 0.071650
709 8 0.080023
710 8 0.082351
711 8 0.082601
712 8 0.120984
713 8 0.103432
714 8 0.088938
715 8 0.099181
716 8 0.228494
717 8 0.106228
718 8 0.209952
719 8 0.098984
720 8 0.061671
721 8 0.088042
722 8 0.084428
723 8 0.134950
724 8 0.106458
725 8 0.108750
726 8 0.086463
727 8 0.060530
728 8 0.083419
729 8 0.068277
730 8 0.081431
731 8 0.051366
732 8 0.107875
733 8 0.080843
734 8 0.071876
735 8 0.138222
736 8 0.131547
737 8 0.061307
738 8 0.101651
739 8 0.094148
740 8 0.074605
741 8 0.063104
742 8 0.091254
743 8 0.091102
744 8 0.069332
745 8 0.077700
746 8 0.033094
747 8 0.098400
748 8 0.053827
749 8 0.078246
750 8 0.102849
751 8 0.073523
752 8 0.125983
753 8 0.070771
754 8 0.135014
755 8 0.097890
756 8 0.092649
757 8 0.196953
758 8 0.064513
759 8 0.137264
760 8 0.120532
761 8 0.062296
762 8 0.103586
763 8 0.075798
764 8 0.058515
765 8 0.144800
766 8 0.091112
767 8 0.102191
768 8 0.078562
769 8 0.072144
770 8 0.073016
771 8 0.069459
772 8 0.116829
773 8 0.119440
774 8 0.102553
775 8 0.145674
776 8 0.096338
777 8 0.099351
778 8 0.061691
779 8 0.172714
780 8 0.134763
781 8 0.049735
782 8 0.173256
783 8 0.202848
784 8 0.331039
785 8 0.105457
786 8 0.129245
787 8 0.046129
788 8 0.075647
789 8 0.029860
790 8 0.100520
791 8 0.098964
792 8 0.093944
793 8 0.215897
794 8 0.130327
795 8 0.082047
796 8 0.120598
797 8 0.081539
798 8 0.076406
799 8 0.060700
800 9 0.150557
801 9 0.073549
802 9 0.107735
803 9 0.104950
804 9 0.088758
805 9 0.071333
806 9 0.083441
807 9 0.090590
808 9 0.074536
809 9 0.112624
810 9 0.056539
811 9 0.083456
812 9 0.110866
813 9 0.129378
814 9 0.116799
815 9 0.067525
816 9 0.079501
817 9 0.057349
818 9 0.200096
819 9 0.082853
820 9 0.113861
821 9 0.054267
822 9 0.076096
823 9 0.079879
824 9 0.068937
825 9 0.121215
826 9 0.078829
827 9 0.091338
828 9 0.095817
829 9 0.059127
830 9 0.029697
831 9 0.110050
832 9 0.103912
833 9 0.179620
834 9 0.093779
835 9 0.071044
836 9 0.138182
837 9 0.120457
838 9 0.094897
839 9 0.062172
840 9 0.088396
841 9 0.101787
842 9 0.065032
843 9 0.080252
844 9 0.102175
845 9 0.177248
846 9 0.105955
847 9 0.098193
848 9 0.130953
849 9 0.080555
850 9 0.099799
851 9 0.068105
852 9 0.080527
853 9 0.094587
854 9 0.067609
855 9 0.098316
856 9 0.067856
857 9 0.098231
858 9 0.077286
859 9 0.097989
860 9 0.124878
861 9 0.155083
862 9 0.056300
863 9 0.065352
864 9 0.032187
865 9 0.095053
866 9 0.088047
867 9 0.084119
868 9 0.074026
869 9 0.049772
870 9 0.116092
871 9 0.080081
872 9 0.132737
873 9 0.090393
874 9 0.076400
875 9 0.087125
876 9 0.129388
877 9 0.077153
878 9 0.096625
879 9 0.058475
880 9 0.090360
881 9 0.053789
882 9 0.079592
883 9 0.089173
884 9 0.069374
885 9 0.072937
886 9 0.127606
887 9 0.145570
888 9 0.084214
889 9 0.078692
890 9 0.081945
891 9 0.228665
892 9 0.142015
893 9 0.088854
894 9 0.107682
895 9 0.213970
896 9 0.175145
897 9 0.065491
898 9 0.088937
899 9 0.128032
900 10 0.098574
901 10 0.117727
902 10 0.078510
903 10 0.073736
904 10 0.087433
905 10 0.083591
906 10 0.109675
907 10 0.087475
908 10 0.049703
909 10 0.079076
910 10 0.069606
911 10 0.101206
912 10 0.201208
913 10 0.050333
914 10 0.104449
915 10 0.056092
916 10 0.057330
917 10 0.081445
918 10 0.091781
919 10 0.057336
920 10 0.082459
921 10 0.066872
922 10 0.137402
923 10 0.058222
924 10 0.085859
925 10 0.127780
926 10 0.104699
927 10 0.083998
928 10 0.094772
929 10 0.054472
930 10 0.095858
931 10 0.111816
932 10 0.099884
933 10 0.075621
934 10 0.071037
935 10 0.159950
936 10 0.066963
937 10 0.082269
938 10 0.064429
939 10 0.097837
940 10 0.093957
941 10 0.186577
942 10 0.097981
943 10 0.029237
944 10 0.067600
945 10 0.128600
946 10 0.105924
947 10 0.056760
948 10 0.122333
949 10 0.107214
950 10 0.056500
951 10 0.085562
952 10 0.076758
953 10 0.098988
954 10 0.103451
955 10 0.201087
956 10 0.078197
957 10 0.120293
958 10 0.082693
959 10 0.072432
960 10 0.082253
961 10 0.162638
962 10 0.128232
963 10 0.074662
964 10 0.150440
965 10 0.076465
966 10 0.103442
967 10 0.062842
968 10 0.109321
969 10 0.091293
970 10 0.031728
971 10 0.122672
972 10 0.066082
973 10 0.126814
974 10 0.070089
975 10 0.101346
976 10 0.096997
977 10 0.110199
978 10 0.092346
979 10 0.112362
980 10 0.083609
981 10 0.055647
982 10 0.206520
983 10 0.068048
984 10 0.147003
985 10 0.084134
986 10 0.081015
987 10 0.109890
988 10 0.077738
989 10 0.136802
990 10 0.076992
991 10 0.145797
992 10 0.070612
993 10 0.103958
994 10 0.126416
995 10 0.106540
996 10 0.061057
997 10 0.115264
998 10 0.224161
999 10 0.087035
1000 11 0.219568
1001 11 0.065131
1002 11 0.093166
1003 11 0.068033
1004 11 0.055314
1005 11 0.090624
1006 11 0.127155
1007 11 0.114206
1008 11 0.064013
1009 11 0.106574
1010 11 0.063274
1011 11 0.092547
1012 11 0.060064
1013 11 0.174301
1014 11 0.056586
1015 11 0.138870
1016 11 0.104942
1017 11 0.125017
1018 11 0.090020
1019 11 0.087781
1020 11 0.080284
1021 11 0.081608
1022 11 0.074193
1023 11 0.116908
1024 11 0.062540
1025 11 0.101792
1026 11 0.066566
1027 11 0.124157
1028 11 0.094764
1029 11 0.073614
1030 11 0.091489
1031 11 0.080581
1032 11 0.102474
1033 11 0.100581
1034 11 0.183134
1035 11 0.089123
1036 11 0.073460
1037 11 0.028704
1038 11 0.124538
1039 11 0.084434
1040 11 0.124553
1041 11 0.066215
1042 11 0.090042
1043 11 0.078755
1044 11 0.064322
1045 11 0.093913
1046 11 0.141119
1047 11 0.138061
1048 11 0.103451
1049 11 0.067995
1050 11 0.031181
1051 11 0.104859
1052 11 0.078958
1053 11 0.115133
1054 11 0.097416
1055 11 0.081785
1056 11 0.083360
1057 11 0.077552
1058 11 0.110928
1059 11 0.148885
1060 11 0.103723
1061 11 0.089387
1062 11 0.125179
1063 11 0.084836
1064 11 0.100102
1065 11 0.082180
1066 11 0.142067
1067 11 0.096879
1068 11 0.079425
1069 11 0.079052
1070 11 0.088874
1071 11 0.083720
1072 11 0.105017
1073 11 0.114798
1074 11 0.063259
1075 11 0.078891
1076 11 0.110867
1077 11 0.079684
1078 11 0.110455
1079 11 0.109846
1080 11 0.128232
1081 11 0.221389
1082 11 0.059215
1083 11 0.076731
1084 11 0.067344
1085 11 0.212603
1086 11 0.096016
1087 11 0.100822
1088 11 0.135739
1089 11 0.062703
1090 11 0.139208
1091 11 0.058372
1092 11 0.084074
1093 11 0.097105
1094 11 0.088938
1095 11 0.137669
1096 11 0.080828
1097 11 0.045198
1098 11 0.101623
1099 11 0.101152
1100 12 0.069441
1101 12 0.099888
1102 12 0.117291
1103 12 0.083812
1104 12 0.096393
1105 12 0.057273
1106 12 0.075568
1107 12 0.079266
1108 12 0.078481
1109 12 0.104957
1110 12 0.127356
1111 12 0.143570
1112 12 0.107103
1113 12 0.156665
1114 12 0.095479
1115 12 0.125555
1116 12 0.125504
1117 12 0.097499
1118 12 0.062159
1119 12 0.151317
1120 12 0.064712
1121 12 0.065812
1122 12 0.065358
1123 12 0.093005
1124 12 0.133081
1125 12 0.096259
1126 12 0.102647
1127 12 0.049141
1128 12 0.083711
1129 12 0.059871
1130 12 0.090156
1131 12 0.061630
1132 12 0.050891
1133 12 0.080799
1134 12 0.077768
1135 12 0.088651
1136 12 0.096512
1137 12 0.161191
1138 12 0.215585
1139 12 0.080027
1140 12 0.056605
1141 12 0.076372
1142 12 0.117104
1143 12 0.086245
1144 12 0.082150
1145 12 0.145481
1146 12 0.096182
1147 12 0.110243
1148 12 0.129995
1149 12 0.083626
1150 12 0.108827
1151 12 0.108212
1152 12 0.028372
1153 12 0.104287
1154 12 0.100756
1155 12 0.196754
1156 12 0.093031
1157 12 0.078695
1158 12 0.030712
1159 12 0.082860
1160 12 0.095814
1161 12 0.076051
1162 12 0.088574
1163 12 0.092969
1164 12 0.103944
1165 12 0.066702
1166 12 0.083721
1167 12 0.186546
1168 12 0.084372
1169 12 0.086578
1170 12 0.074366
1171 12 0.079949
1172 12 0.088053
1173 12 0.085851
1174 12 0.124854
1175 12 0.073067
1176 12 0.119311
1177 12 0.058835
1178 12 0.089302
1179 12 0.115510
1180 12 0.063088
1181 12 0.123458
1182 12 0.092787
1183 12 0.076589
1184 12 0.205612
1185 12 0.079619
1186 12 0.188812
1187 12 0.095425
1188 12 0.063342
1189 12 0.079853
1190 12 0.085390
1191 12 0.089599
1192 12 0.065855
1193 12 0.090031
1194 12 0.053227
1195 12 0.094303
1196 12 0.055859
1197 12 0.072891
1198 12 0.060430
1199 12 0.125859
1200 13 0.149551
1201 13 0.085207
1202 13 0.102211
1203 13 0.091297
1204 13 0.088174
1205 13 0.101584
1206 13 0.091921
1207 13 0.104464
1208 13 0.077393
1209 13 0.105429
1210 13 0.094893
1211 13 0.100757
1212 13 0.084620
1213 13 0.127463
1214 13 0.073557
1215 13 0.140162
1216 13 0.077197
1217 13 0.057266
1218 13 0.107725
1219 13 0.092592
1220 13 0.059550
1221 13 0.127326
1222 13 0.064967
1223 13 0.132659
1224 13 0.092906
1225 13 0.030383
1226 13 0.090743
1227 13 0.086007
1228 13 0.075962
1229 13 0.070656
1230 13 0.119626
1231 13 0.064151
1232 13 0.084161
1233 13 0.089958
1234 13 0.085860
1235 13 0.078413
1236 13 0.078678
1237 13 0.083747
1238 13 0.065924
1239 13 0.101941
1240 13 0.095543
1241 13 0.088719
1242 13 0.084461
1243 13 0.071420
1244 13 0.063343
1245 13 0.113703
1246 13 0.078363
1247 13 0.089210
1248 13 0.086674
1249 13 0.166147
1250 13 0.078422
1251 13 0.064728
1252 13 0.062422
1253 13 0.134414
1254 13 0.100965
1255 13 0.120891
1256 13 0.104250
1257 13 0.128730
1258 13 0.063479
1259 13 0.217865
1260 13 0.069120
1261 13 0.090109
1262 13 0.089542
1263 13 0.085519
1264 13 0.074018
1265 13 0.102135
1266 13 0.081863
1267 13 0.083219
1268 13 0.083250
1269 13 0.083456
1270 13 0.075137
1271 13 0.049370
1272 13 0.052803
1273 13 0.132920
1274 13 0.056339
1275 13 0.115040
1276 13 0.108887
1277 13 0.098231
1278 13 0.093203
1279 13 0.081300
1280 13 0.096887
1281 13 0.084494
1282 13 0.090600
1283 13 0.081118
1284 13 0.073437
1285 13 0.086143
1286 13 0.133984
1287 13 0.076351
1288 13 0.115865
1289 13 0.103016
1290 13 0.141989
1291 13 0.102137
1292 13 0.054429
1293 13 0.082372
1294 13 0.210840
1295 13 0.185776
1296 13 0.119824
1297 13 0.088447
1298 13 0.027856
1299 13 0.183319
1300 14 0.100382
1301 14 0.198483
1302 14 0.101892
1303 14 0.091845
1304 14 0.123410
1305 14 0.183737
1306 14 0.117676
1307 14 0.097081
1308 14 0.094120
1309 14 0.090961
1310 14 0.175843
1311 14 0.079046
1312 14 0.059312
1313 14 0.085800
1314 14 0.084443
1315 14 0.109050
1316 14 0.101905
1317 14 0.078361
1318 14 0.086323
1319 14 0.062705
1320 14 0.135290
1321 14 0.083404
1322 14 0.111434
1323 14 0.139366
1324 14 0.029873
1325 14 0.078470
1326 14 0.104711
1327 14 0.077344
1328 14 0.079526
1329 14 0.079704
1330 14 0.101839
1331 14 0.061303
1332 14 0.080998
1333 14 0.109730
1334 14 0.062893
1335 14 0.063053
1336 14 0.064888
1337 14 0.061435
1338 14 0.063457
1339 14 0.086877
1340 14 0.079289
1341 14 0.116211
1342 14 0.081369
1343 14 0.179676
1344 14 0.179729
1345 14 0.065484
1346 14 0.171303
1347 14 0.086654
1348 14 0.057010
1349 14 0.094308
1350 14 0.118976
1351 14 0.098611
1352 14 0.105933
1353 14 0.088038
1354 14 0.070451
1355 14 0.112081
1356 14 0.081981
1357 14 0.072666
1358 14 0.056628
1359 14 0.089156
1360 14 0.108746
1361 14 0.099125
1362 14 0.108815
1363 14 0.079162
1364 14 0.129595
1365 14 0.081508
1366 14 0.081883
1367 14 0.116122
1368 14 0.095165
1369 14 0.057431
1370 14 0.059974
1371 14 0.049786
1372 14 0.055319
1373 14 0.089376
1374 14 0.061586
1375 14 0.076248
1376 14 0.074860
1377 14 0.066769
1378 14 0.083171
1379 14 0.079909
1380 14 0.114190
1381 14 0.097274
1382 14 0.065188
1383 14 0.095897
1384 14 0.112128
1385 14 0.100072
1386 14 0.075472
1387 14 0.062337
1388 14 0.080419
1389 14 0.215067
1390 14 0.186258
1391 14 0.158018
1392 14 0.052816
1393 14 0.112855
1394 14 0.082125
1395 14 0.092710
1396 14 0.114781
1397 14 0.140221
1398 14 0.103312
1399 14 0.085920
1400 15 0.109944
1401 15 0.077045
1402 15 0.053980
1403 15 0.071583
1404 15 0.135275
1405 15 0.089049
1406 15 0.107040
1407 15 0.105147
1408 15 0.074269
1409 15 0.105361
1410 15 0.074141
1411 15 0.060259
1412 15 0.095480
1413 15 0.093668
1414 15 0.052314
1415 15 0.081374
1416 15 0.084161
1417 15 0.059244
1418 15 0.061175
1419 15 0.104550
1420 15 0.058008
1421 15 0.083909
1422 15 0.108789
1423 15 0.107842
1424 15 0.123319
1425 15 0.142239
1426 15 0.085219
1427 15 0.127434
1428 15 0.118574
1429 15 0.103664
1430 15 0.098533
1431 15 0.093563
1432 15 0.091085
1433 15 0.029407
1434 15 0.060786
1435 15 0.117901
1436 15 0.224202
1437 15 0.110689
1438 15 0.074956
1439 15 0.065378
1440 15 0.087486
1441 15 0.103287
1442 15 0.104367
1443 15 0.076612
1444 15 0.090168
1445 15 0.070646
1446 15 0.088805
1447 15 0.096488
1448 15 0.093060
1449 15 0.079530
1450 15 0.088871
1451 15 0.104538
1452 15 0.119135
1453 15 0.098659
1454 15 0.058941
1455 15 0.098797
1456 15 0.061468
1457 15 0.154928
1458 15 0.291881
1459 15 0.117361
1460 15 0.053202
1461 15 0.087811
1462 15 0.098290
1463 15 0.027116
1464 15 0.082944
1465 15 0.078166
1466 15 0.076772
1467 15 0.179288
1468 15 0.138027
1469 15 0.102240
1470 15 0.087539
1471 15 0.196969
1472 15 0.060627
1473 15 0.062867
1474 15 0.110724
1475 15 0.080548
1476 15 0.076084
1477 15 0.062696
1478 15 0.081756
1479 15 0.080512
1480 15 0.101108
1481 15 0.176247
1482 15 0.093816
1483 15 0.074187
1484 15 0.053082
1485 15 0.062247
1486 15 0.076025
1487 15 0.092262
1488 15 0.115670
1489 15 0.058737
1490 15 0.059082
1491 15 0.084767
1492 15 0.055552
1493 15 0.083757
1494 15 0.057900
1495 15 0.048627
1496 15 0.070550
1497 15 0.122277
1498 15 0.102462
1499 15 0.068999
1500 16 0.073157
1501 16 0.080781
1502 16 0.086184
1503 16 0.069311
1504 16 0.082463
1505 16 0.050252
1506 16 0.027030
1507 16 0.096005
1508 16 0.076125
1509 16 0.085360
1510 16 0.147463
1511 16 0.091630
1512 16 0.101794
1513 16 0.097971
1514 16 0.054058
1515 16 0.087044
1516 16 0.055757
1517 16 0.082580
1518 16 0.150130
1519 16 0.108603
1520 16 0.074974
1521 16 0.092754
1522 16 0.102565
1523 16 0.101208
1524 16 0.080013
1525 16 0.128025
1526 16 0.109108
1527 16 0.045300
1528 16 0.057879
1529 16 0.110290
1530 16 0.112663
1531 16 0.056427
1532 16 0.128872
1533 16 0.200355
1534 16 0.048425
1535 16 0.056591
1536 16 0.099888
1537 16 0.184294
1538 16 0.109387
1539 16 0.085137
1540 16 0.113155
1541 16 0.078259
1542 16 0.078394
1543 16 0.096536
1544 16 0.088583
1545 16 0.074618
1546 16 0.076785
1547 16 0.070408
1548 16 0.109438
1549 16 0.080270
1550 16 0.059718
1551 16 0.068910
1552 16 0.089988
1553 16 0.071858
1554 16 0.194923
1555 16 0.128878
1556 16 0.064049
1557 16 0.112294
1558 16 0.067039
1559 16 0.107912
1560 16 0.058015
1561 16 0.060765
1562 16 0.087864
1563 16 0.111327
1564 16 0.092035
1565 16 0.113633
1566 16 0.095951
1567 16 0.084804
1568 16 0.086177
1569 16 0.056643
1570 16 0.058570
1571 16 0.075196
1572 16 0.066882
1573 16 0.095524
1574 16 0.059313
1575 16 0.107098
1576 16 0.077807
1577 16 0.100881
1578 16 0.124705
1579 16 0.090457
1580 16 0.104633
1581 16 0.079164
1582 16 0.057912
1583 16 0.090522
1584 16 0.091227
1585 16 0.094492
1586 16 0.102229
1587 16 0.085689
1588 16 0.104417
1589 16 0.074895
1590 16 0.115652
1591 16 0.067569
1592 16 0.096242
1593 16 0.102171
1594 16 0.174978
1595 16 0.205830
1596 16 0.091045
1597 16 0.058304
1598 16 0.083379
1599 16 0.112150
1600 17 0.110908
1601 17 0.073371
1602 17 0.104530
1603 17 0.091381
1604 17 0.082644
1605 17 0.087158
1606 17 0.096161
1607 17 0.101834
1608 17 0.099556
1609 17 0.075745
1610 17 0.074568
1611 17 0.141499
1612 17 0.048688
1613 17 0.077036
1614 17 0.166736
1615 17 0.058439
1616 17 0.059962
1617 17 0.085723
1618 17 0.120034
1619 17 0.081637
1620 17 0.057599
1621 17 0.074580
1622 17 0.071900
1623 17 0.064393
1624 17 0.070438
1625 17 0.077154
1626 17 0.061739
1627 17 0.073325
1628 17 0.078644
1629 17 0.043750
1630 17 0.065912
1631 17 0.076541
1632 17 0.117465
1633 17 0.081028
1634 17 0.102383
1635 17 0.077644
1636 17 0.085322
1637 17 0.070876
1638 17 0.075019
1639 17 0.057350
1640 17 0.091241
1641 17 0.080670
1642 17 0.064348
1643 17 0.058681
1644 17 0.094909
1645 17 0.109212
1646 17 0.100921
1647 17 0.056389
1648 17 0.076321
1649 17 0.069214
1650 17 0.060304
1651 17 0.084310
1652 17 0.078926
1653 17 0.206821
1654 17 0.108589
1655 17 0.104878
1656 17 0.050711
1657 17 0.065858
1658 17 0.075512
1659 17 0.113025
1660 17 0.192706
1661 17 0.068628
1662 17 0.128611
1663 17 0.042820
1664 17 0.066934
1665 17 0.028484
1666 17 0.108118
1667 17 0.089958
1668 17 0.062446
1669 17 0.096755
1670 17 0.158717
1671 17 0.128465
1672 17 0.103083
1673 17 0.123322
1674 17 0.165946
1675 17 0.134005
1676 17 0.088304
1677 17 0.103668
1678 17 0.125267
1679 17 0.088504
1680 17 0.088722
1681 17 0.103118
1682 17 0.092906
1683 17 0.099192
1684 17 0.081080
1685 17 0.129326
1686 17 0.084530
1687 17 0.058966
1688 17 0.086366
1689 17 0.094012
1690 17 0.058739
1691 17 0.076372
1692 17 0.128163
1693 17 0.125713
1694 17 0.118078
1695 17 0.062843
1696 17 0.083121
1697 17 0.100376
1698 17 0.081646
1699 17 0.120594
1700 18 0.080856
1701 18 0.050965
1702 18 0.101657
1703 18 0.118249
1704 18 0.091880
1705 18 0.186343
1706 18 0.081974
1707 18 0.077233
1708 18 0.080951
1709 18 0.077612
1710 18 0.063234
1711 18 0.081505
1712 18 0.094406
1713 18 0.065808
1714 18 0.116611
1715 18 0.083378
1716 18 0.072402
1717 18 0.178406
1718 18 0.066548
1719 18 0.077463
1720 18 0.089874
1721 18 0.137782
1722 18 0.058355
1723 18 0.195027
1724 18 0.055733
1725 18 0.057372
1726 18 0.059219
1727 18 0.089603
1728 18 0.078067
1729 18 0.066659
1730 18 0.079488
1731 18 0.062585
1732 18 0.061825
1733 18 0.085926
1734 18 0.137761
1735 18 0.116169
1736 18 0.091997
1737 18 0.085142
1738 18 0.102261
1739 18 0.082424
1740 18 0.073805
1741 18 0.037719
1742 18 0.057121
1743 18 0.053172
1744 18 0.068560
1745 18 0.116084
1746 18 0.130444
1747 18 0.069560
1748 18 0.119366
1749 18 0.104885
1750 18 0.078962
1751 18 0.088729
1752 18 0.047414
1753 18 0.095282
1754 18 0.078174
1755 18 0.075475
1756 18 0.077340
1757 18 0.095238
1758 18 0.053607
1759 18 0.115599
1760 18 0.080802
1761 18 0.111528
1762 18 0.126057
1763 18 0.061280
1764 18 0.071867
1765 18 0.111348
1766 18 0.080993
1767 18 0.091038
1768 18 0.131728
1769 18 0.106869
1770 18 0.166541
1771 18 0.102513
1772 18 0.073388
1773 18 0.026583
1774 18 0.049493
1775 18 0.077687
1776 18 0.081401
1777 18 0.097202
1778 18 0.098474
1779 18 0.088611
1780 18 0.074487
1781 18 0.076325
1782 18 0.114627
1783 18 0.079194
1784 18 0.084615
1785 18 0.106191
1786 18 0.062380
1787 18 0.073331
1788 18 0.063934
1789 18 0.102272
1790 18 0.080746
1791 18 0.073418
1792 18 0.103278
1793 18 0.101732
1794 18 0.094736
1795 18 0.082333
1796 18 0.061724
1797 18 0.058842
1798 18 0.081297
1799 18 0.085286
1800 19 0.071473
1801 19 0.056874
1802 19 0.056536
1803 19 0.058395
1804 19 0.089830
1805 19 0.078882
1806 19 0.057422
1807 19 0.057575
1808 19 0.058587
1809 19 0.108560
1810 19 0.067514
1811 19 0.065234
1812 19 0.074985
1813 19 0.099013
1814 19 0.069042
1815 19 0.081187
1816 19 0.065769
1817 19 0.096721
1818 19 0.063239
1819 19 0.051039
1820 19 0.207465
1821 19 0.088380
1822 19 0.066973
1823 19 0.026235
1824 19 0.100142
1825 19 0.142255
1826 19 0.109789
1827 19 0.134986
1828 19 0.109263
1829 19 0.074303
1830 19 0.085367
1831 19 0.079767
1832 19 0.070566
1833 19 0.069663
1834 19 0.081974
1835 19 0.055912
1836 19 0.093011
1837 19 0.120928
1838 19 0.104257
1839 19 0.121306
1840 19 0.083074
1841 19 0.144742
1842 19 0.106456
1843 19 0.113114
1844 19 0.150723
1845 19 0.096260
1846 19 0.134486
1847 19 0.037535
1848 19 0.048279
1849 19 0.119731
1850 19 0.114510
1851 19 0.027862
1852 19 0.072267
1853 19 0.083965
1854 19 0.066424
1855 19 0.115062
1856 19 0.085534
1857 19 0.066454
1858 19 0.066765
1859 19 0.096282
1860 19 0.066311
1861 19 0.245239
1862 19 0.069054
1863 19 0.110729
1864 19 0.088578
1865 19 0.100383
1866 19 0.061213
1867 19 0.107853
1868 19 0.084996
1869 19 0.077565
1870 19 0.086127
1871 19 0.159967
1872 19 0.046722
1873 19 0.053660
1874 19 0.087631
1875 19 0.092905
1876 19 0.069196
1877 19 0.080809
1878 19 0.178864
1879 19 0.041261
1880 19 0.083331
1881 19 0.082476
1882 19 0.113098
1883 19 0.086547
1884 19 0.054949
1885 19 0.095555
1886 19 0.101956
1887 19 0.049016
1888 19 0.096354
1889 19 0.077084
1890 19 0.081576
1891 19 0.069679
1892 19 0.088254
1893 19 0.102585
1894 19 0.089992
1895 19 0.137131
1896 19 0.098829
1897 19 0.076069
1898 19 0.105255
1899 19 0.130607
1900 20 0.040613
1901 20 0.070804
1902 20 0.074018
1903 20 0.056641
1904 20 0.072335
1905 20 0.108739
1906 20 0.092911
1907 20 0.111848
1908 20 0.075916
1909 20 0.080421
1910 20 0.075595
1911 20 0.062055
1912 20 0.062009
1913 20 0.045241
1914 20 0.079001
1915 20 0.081760
1916 20 0.091116
1917 20 0.114382
1918 20 0.063239
1919 20 0.140918
1920 20 0.096519
1921 20 0.087929
1922 20 0.053896
1923 20 0.095668
1924 20 0.073352
1925 20 0.058130
1926 20 0.110589
1927 20 0.061670
1928 20 0.078118
1929 20 0.055180
1930 20 0.185276
1931 20 0.096323
1932 20 0.083593
1933 20 0.101060
1934 20 0.074873
1935 20 0.067363
1936 20 0.054794
1937 20 0.026046
1938 20 0.094218
1939 20 0.149661
1940 20 0.080232
1941 20 0.117248
1942 20 0.103520
1943 20 0.055895
1944 20 0.103182
1945 20 0.161625
1946 20 0.095923
1947 20 0.101332
1948 20 0.116739
1949 20 0.052327
1950 20 0.075360
1951 20 0.077243
1952 20 0.098250
1953 20 0.068140
1954 20 0.079460
1955 20 0.150324
1956 20 0.070067
1957 20 0.070994
1958 20 0.108533
1959 20 0.078260
1960 20 0.071522
1961 20 0.054053
1962 20 0.057410
1963 20 0.027595
1964 20 0.075646
1965 20 0.086135
1966 20 0.112467
1967 20 0.084682
1968 20 0.062035
1969 20 0.110295
1970 20 0.077867
1971 20 0.074373
1972 20 0.103791
1973 20 0.086599
1974 20 0.125457
1975 20 0.146917
1976 20 0.071615
1977 20 0.051306
1978 20 0.108416
1979 20 0.062917
1980 20 0.202424
1981 20 0.086967
1982 20 0.073805
1983 20 0.158602
1984 20 0.074238
1985 20 0.097002
1986 20 0.043183
1987 20 0.122308
1988 20 0.093384
1989 20 0.111728
1990 20 0.083251
1991 20 0.047406
1992 20 0.071354
1993 20 0.088268
1994 20 0.078710
1995 20 0.097022
1996 20 0.081388
1997 20 0.059047
1998 20 0.082869
1999 20 0.090282
2000 21 0.078913
2001 21 0.072196
2002 21 0.069387
2003 21 0.096066
2004 21 0.072090
2005 21 0.065201
2006 21 0.079674
2007 21 0.062999
2008 21 0.049344
2009 21 0.103794
2010 21 0.083677
2011 21 0.069504
2012 21 0.082681
2013 21 0.065286
2014 21 0.084665
2015 21 0.066781
2016 21 0.141096
2017 21 0.091073
2018 21 0.238234
2019 21 0.070758
2020 21 0.071160
2021 21 0.074239
2022 21 0.093326
2023 21 0.053574
2024 21 0.073921
2025 21 0.058044
2026 21 0.102880
2027 21 0.102984
2028 21 0.081047
2029 21 0.126404
2030 21 0.088058
2031 21 0.113178
2032 21 0.090204
2033 21 0.145565
2034 21 0.061418
2035 21 0.069635
2036 21 0.084380
2037 21 0.053421
2038 21 0.090571
2039 21 0.061477
2040 21 0.065111
2041 21 0.077110
2042 21 0.087762
2043 21 0.077566
2044 21 0.057161
2045 21 0.050544
2046 21 0.057537
2047 21 0.056418
2048 21 0.199672
2049 21 0.060283
2050 21 0.037607
2051 21 0.095994
2052 21 0.093251
2053 21 0.061747
2054 21 0.086504
2055 21 0.055160
2056 21 0.109156
2057 21 0.091232
2058 21 0.027508
2059 21 0.078239
2060 21 0.063907
2061 21 0.109097
2062 21 0.075656
2063 21 0.097862
2064 21 0.105730
2065 21 0.089589
2066 21 0.086324
2067 21 0.155686
2068 21 0.144111
2069 21 0.103773
2070 21 0.089672
2071 21 0.096085
2072 21 0.068848
2073 21 0.123196
2074 21 0.099841
2075 21 0.080440
2076 21 0.108168
2077 21 0.103357
2078 21 0.072775
2079 21 0.059519
2080 21 0.048562
2081 21 0.088217
2082 21 0.094061
2083 21 0.119793
2084 21 0.025716
2085 21 0.093830
2086 21 0.116279
2087 21 0.101089
2088 21 0.077633
2089 21 0.108667
2090 21 0.100126
2091 21 0.063018
2092 21 0.177254
2093 21 0.091482
2094 21 0.074410
2095 21 0.078470
2096 21 0.061272
2097 21 0.088077
2098 21 0.094149
2099 21 0.093922
2100 22 0.077367
2101 22 0.048973
2102 22 0.132200
2103 22 0.069211
2104 22 0.101016
2105 22 0.160810
2106 22 0.060049
2107 22 0.101429
2108 22 0.073609
2109 22 0.025722
2110 22 0.057509
2111 22 0.082819
2112 22 0.103048
2113 22 0.122613
2114 22 0.027215
2115 22 0.138365
2116 22 0.073548
2117 22 0.163066
2118 22 0.093767
2119 22 0.098128
2120 22 0.041771
2121 22 0.092144
2122 22 0.075084
2123 22 0.082872
2124 22 0.092441
2125 22 0.114995
2126 22 0.102387
2127 22 0.089831
2128 22 0.074650
2129 22 0.035739
2130 22 0.072457
2131 22 0.091724
2132 22 0.092818
2133 22 0.081094
2134 22 0.101926
2135 22 0.068619
2136 22 0.088800
2137 22 0.054862
2138 22 0.103082
2139 22 0.102516
2140 22 0.077800
2141 22 0.088149
2142 22 0.078311
2143 22 0.071426
2144 22 0.065860
2145 22 0.067236
2146 22 0.095771
2147 22 0.111895
2148 22 0.179410
2149 22 0.071154
2150 22 0.097935
2151 22 0.051790
2152 22 0.049531
2153 22 0.075945
2154 22 0.100029
2155 22 0.094019
2156 22 0.086924
2157 22 0.122215
2158 22 0.126685
2159 22 0.102044
2160 22 0.116849
2161 22 0.061872
2162 22 0.117530
2163 22 0.057599
2164 22 0.101545
2165 22 0.083799
2166 22 0.148579
2167 22 0.104684
2168 22 0.066247
2169 22 0.106700
2170 22 0.088572
2171 22 0.061171
2172 22 0.088654
2173 22 0.072047
2174 22 0.066555
2175 22 0.098642
2176 22 0.067491
2177 22 0.051588
2178 22 0.053249
2179 22 0.091808
2180 22 0.053677
2181 22 0.079044
2182 22 0.089992
2183 22 0.073641
2184 22 0.075081
2185 22 0.062850
2186 22 0.075338
2187 22 0.079391
2188 22 0.193913
2189 22 0.076232
2190 22 0.078342
2191 22 0.061932
2192 22 0.064693
2193 22 0.055521
2194 22 0.105100
2195 22 0.103116
2196 22 0.069288
2197 22 0.065635
2198 22 0.103331
2199 22 0.062395
2200 23 0.086213
2201 23 0.074957
2202 23 0.085796
2203 23 0.077010
2204 23 0.087258
2205 23 0.141773
2206 23 0.061903
2207 23 0.102871
2208 23 0.051794
2209 23 0.077607
2210 23 0.059200
2211 23 0.117269
2212 23 0.136656
2213 23 0.105844
2214 23 0.065687
2215 23 0.110583
2216 23 0.104643
2217 23 0.104295
2218 23 0.075120
2219 23 0.092850
2220 23 0.129040
2221 23 0.100159
2222 23 0.090208
2223 23 0.111966
2224 23 0.071765
2225 23 0.099705
2226 23 0.084741
2227 23 0.062746
2228 23 0.085727
2229 23 0.025473
2230 23 0.055394
2231 23 0.081169
2232 23 0.085762
2233 23 0.057561
2234 23 0.067983
2235 23 0.195072
2236 23 0.060695
2237 23 0.091814
2238 23 0.093501
2239 23 0.078538
2240 23 0.114618
2241 23 0.093608
2242 23 0.094427
2243 23 0.050920
2244 23 0.125096
2245 23 0.168810
2246 23 0.095275
2247 23 0.107733
2248 23 0.078301
2249 23 0.104827
2250 23 0.122697
2251 23 0.091440
2252 23 0.070647
2253 23 0.088932
2254 23 0.055958
2255 23 0.060731
2256 23 0.119850
2257 23 0.065979
2258 23 0.087844
2259 23 0.076292
2260 23 0.079284
2261 23 0.032329
2262 23 0.094159
2263 23 0.072919
2264 23 0.044436
2265 23 0.103556
2266 23 0.074663
2267 23 0.061675
2268 23 0.082228
2269 23 0.100640
2270 23 0.061579
2271 23 0.103538
2272 23 0.106711
2273 23 0.076909
2274 23 0.088341
2275 23 0.079672
2276 23 0.075343
2277 23 0.218238
2278 23 0.104598
2279 23 0.084916
2280 23 0.057114
2281 23 0.093322
2282 23 0.223836
2283 23 0.059361
2284 23 0.106527
2285 23 0.080054
2286 23 0.074774
2287 23 0.120450
2288 23 0.085759
2289 23 0.068857
2290 23 0.077113
2291 23 0.089090
2292 23 0.072235
2293 23 0.074994
2294 23 0.082407
2295 23 0.027046
2296 23 0.117312
2297 23 0.050272
2298 23 0.072632
2299 23 0.067196
2300 24 0.107822
2301 24 0.078192
2302 24 0.093782
2303 24 0.118149
2304 24 0.158400
2305 24 0.070610
2306 24 0.062381
2307 24 0.069899
2308 24 0.099523
2309 24 0.067553
2310 24 0.080499
2311 24 0.189628
2312 24 0.099714
2313 24 0.100066
2314 24 0.090469
2315 24 0.076050
2316 24 0.078320
2317 24 0.070171
2318 24 0.088646
2319 24 0.126915
2320 24 0.095613
2321 24 0.099363
2322 24 0.087953
2323 24 0.109966
2324 24 0.075405
2325 24 0.026782
2326 24 0.137703
2327 24 0.077136
2328 24 0.058912
2329 24 0.038575
2330 24 0.071771
2331 24 0.047112
2332 24 0.089966
2333 24 0.107541
2334 24 0.108618
2335 24 0.057032
2336 24 0.086796
2337 24 0.074988
2338 24 0.053860
2339 24 0.082894
2340 24 0.104847
2341 24 0.086368
2342 24 0.142371
2343 24 0.073023
2344 24 0.085841
2345 24 0.105204
2346 24 0.080666
2347 24 0.072234
2348 24 0.098760
2349 24 0.080105
2350 24 0.085286
2351 24 0.078504
2352 24 0.060234
2353 24 0.079884
2354 24 0.078957
2355 24 0.094832
2356 24 0.102273
2357 24 0.081173
2358 24 0.093602
2359 24 0.084084
2360 24 0.067442
2361 24 0.094127
2362 24 0.062435
2363 24 0.078639
2364 24 0.073768
2365 24 0.094223
2366 24 0.070829
2367 24 0.068702
2368 24 0.080591
2369 24 0.111711
2370 24 0.062640
2371 24 0.097612
2372 24 0.074745
2373 24 0.129234
2374 24 0.052343
2375 24 0.098023
2376 24 0.062934
2377 24 0.063275
2378 24 0.073663
2379 24 0.089376
2380 24 0.081018
2381 24 0.071104
2382 24 0.076989
2383 24 0.072489
2384 24 0.068095
2385 24 0.112138
2386 24 0.025427
2387 24 0.114693
2388 24 0.093103
2389 24 0.066529
2390 24 0.055469
2391 24 0.046544
2392 24 0.062521
2393 24 0.083491
2394 24 0.049201
2395 24 0.112116
2396 24 0.123270
2397 24 0.082300
2398 24 0.090858
2399 24 0.066011
2400 25 0.097195
2401 25 0.127808
2402 25 0.080855
2403 25 0.069257
2404 25 0.045549
2405 25 0.119459
2406 25 0.062392
2407 25 0.090182
2408 25 0.051300
2409 25 0.125230
2410 25 0.089501
2411 25 0.062421
2412 25 0.058536
2413 25 0.058360
2414 25 0.078499
2415 25 0.075355
2416 25 0.106427
2417 25 0.117568
2418 25 0.116029
2419 25 0.064665
2420 25 0.071901
2421 25 0.078244
2422 25 0.048503
2423 25 0.054197
2424 25 0.147907
2425 25 0.045517
2426 25 0.058146
2427 25 0.035654
2428 25 0.078055
2429 25 0.086403
2430 25 0.082562
2431 25 0.045830
2432 25 0.136954
2433 25 0.099431
2434 25 0.078189
2435 25 0.063695
2436 25 0.085194
2437 25 0.109499
2438 25 0.083512
2439 25 0.175914
2440 25 0.082738
2441 25 0.112092
2442 25 0.069785
2443 25 0.063809
2444 25 0.168430
2445 25 0.043643
2446 25 0.025022
2447 25 0.070080
2448 25 0.065512
2449 25 0.078303
2450 25 0.081372
2451 25 0.074684
2452 25 0.077305
2453 25 0.077394
2454 25 0.189016
2455 25 0.093134
2456 25 0.072313
2457 25 0.095167
2458 25 0.070369
2459 25 0.124064
2460 25 0.120892
2461 25 0.078448
2462 25 0.224782
2463 25 0.076666
2464 25 0.105144
2465 25 0.142430
2466 25 0.073770
2467 25 0.111507
2468 25 0.113672
2469 25 0.094844
2470 25 0.083802
2471 25 0.082557
2472 25 0.056381
2473 25 0.091474
2474 25 0.074121
2475 25 0.095021
2476 25 0.091851
2477 25 0.081008
2478 25 0.102782
2479 25 0.083329
2480 25 0.092624
2481 25 0.080366
2482 25 0.114054
2483 25 0.063735
2484 25 0.056360
2485 25 0.093875
2486 25 0.085943
2487 25 0.100121
2488 25 0.037863
2489 25 0.087796
2490 25 0.137757
2491 25 0.096895
2492 25 0.082181
2493 25 0.127377
2494 25 0.102545
2495 25 0.088349
2496 25 0.068398
2497 25 0.098553
2498 25 0.037951
2499 25 0.058142
2500 26 0.065375
2501 26 0.107460
2502 26 0.061323
2503 26 0.074759
2504 26 0.164332
2505 26 0.217444
2506 26 0.060236
2507 26 0.044736
2508 26 0.101627
2509 26 0.085211
2510 26 0.072293
2511 26 0.105544
2512 26 0.095676
2513 26 0.043100
2514 26 0.133214
2515 26 0.087983
2516 26 0.056743
2517 26 0.075569
2518 26 0.086874
2519 26 0.091627
2520 26 0.060732
2521 26 0.071489
2522 26 0.107073
2523 26 0.055277
2524 26 0.081370
2525 26 0.074071
2526 26 0.146414
2527 26 0.088648
2528 26 0.088092
2529 26 0.092677
2530 26 0.093554
2531 26 0.096699
2532 26 0.100922
2533 26 0.077678
2534 26 0.087388
2535 26 0.203820
2536 26 0.067123
2537 26 0.114160
2538 26 0.049955
2539 26 0.079378
2540 26 0.088227
2541 26 0.085261
2542 26 0.047340
2543 26 0.093926
2544 26 0.085214
2545 26 0.123789
2546 26 0.084136
2547 26 0.059404
2548 26 0.077935
2549 26 0.069769
2550 26 0.061231
2551 26 0.025121
2552 26 0.101814
2553 26 0.078121
2554 26 0.103413
2555 26 0.110355
2556 26 0.078021
2557 26 0.100957
2558 26 0.063660
2559 26 0.077725
2560 26 0.036691
2561 26 0.084892
2562 26 0.112715
2563 26 0.084108
2564 26 0.067974
2565 26 0.082084
2566 26 0.075545
2567 26 0.095851
2568 26 0.084541
2569 26 0.075592
2570 26 0.063656
2571 26 0.074216
2572 26 0.086145
2573 26 0.081335
2574 26 0.185817
2575 26 0.073676
2576 26 0.075242
2577 26 0.090477
2578 26 0.064279
2579 26 0.078939
2580 26 0.112102
2581 26 0.071741
2582 26 0.079732
2583 26 0.056038
2584 26 0.072148
2585 26 0.054780
2586 26 0.102704
2587 26 0.108267
2588 26 0.104883
2589 26 0.086141
2590 26 0.068362
2591 26 0.090963
2592 26 0.055005
2593 26 0.114001
2594 26 0.211890
2595 26 0.074704
2596 26 0.078334
2597 26 0.084160
2598 26 0.194843
2599 26 0.040703
2600 27 0.092707
2601 27 0.199582
2602 27 0.066530
2603 27 0.063431
2604 27 0.064713
2605 27 0.077251
2606 27 0.125553
2607 27 0.081994
2608 27 0.101022
2609 27 0.056246
2610 27 0.090817
2611 27 0.082509
2612 27 0.059599
2613 27 0.098848
2614 27 0.109966
2615 27 0.054766
2616 27 0.069115
2617 27 0.067447
2618 27 0.120994
2619 27 0.080300
2620 27 0.068412
2621 27 0.080330
2622 27 0.115914
2623 27 0.111545
2624 27 0.111166
2625 27 0.059255
2626 27 0.049722
2627 27 0.115329
2628 27 0.109372
2629 27 0.089657
2630 27 0.081454
2631 27 0.106953
2632 27 0.075345
2633 27 0.090400
2634 27 0.061917
2635 27 0.132319
2636 27 0.095426
2637 27 0.097449
2638 27 0.215992
2639 27 0.078873
2640 27 0.081765
2641 27 0.053230
2642 27 0.077992
2643 27 0.059680
2644 27 0.063569
2645 27 0.086030
2646 27 0.110895
2647 27 0.096977
2648 27 0.044727
2649 27 0.078047
2650 27 0.085986
2651 27 0.081780
2652 27 0.060831
2653 27 0.088610
2654 27 0.070007
2655 27 0.066319
2656 27 0.068663
2657 27 0.095282
2658 27 0.085979
2659 27 0.069450
2660 27 0.060245
2661 27 0.096436
2662 27 0.097649
2663 27 0.059622
2664 27 0.092365
2665 27 0.062552
2666 27 0.025066
2667 27 0.102771
2668 27 0.148801
2669 27 0.075912
2670 27 0.077566
2671 27 0.081829
2672 27 0.061567
2673 27 0.104667
2674 27 0.089314
2675 27 0.085708
2676 27 0.062461
2677 27 0.089060
2678 27 0.159876
2679 27 0.099842
2680 27 0.078963
2681 27 0.069709
2682 27 0.078173
2683 27 0.076904
2684 27 0.046295
2685 27 0.065184
2686 27 0.057899
2687 27 0.079579
2688 27 0.083363
2689 27 0.124951
2690 27 0.081289
2691 27 0.109965
2692 27 0.100355
2693 27 0.104462
2694 27 0.058334
2695 27 0.050226
2696 27 0.072184
2697 27 0.078966
2698 27 0.049956
2699 27 0.073858
2700 28 0.063748
2701 28 0.080287
2702 28 0.085178
2703 28 0.074369
2704 28 0.094681
2705 28 0.082490
2706 28 0.057469
2707 28 0.071071
2708 28 0.078224
2709 28 0.086159
2710 28 0.086076
2711 28 0.116176
2712 28 0.115071
2713 28 0.025125
2714 28 0.143609
2715 28 0.080085
2716 28 0.087543
2717 28 0.055424
2718 28 0.066721
2719 28 0.071143
2720 28 0.049753
2721 28 0.095693
2722 28 0.091425
2723 28 0.076058
2724 28 0.045326
2725 28 0.058210
2726 28 0.140338
2727 28 0.106594
2728 28 0.214563
2729 28 0.080107
2730 28 0.118319
2731 28 0.059021
2732 28 0.115874
2733 28 0.123214
2734 28 0.109998
2735 28 0.217563
2736 28 0.072882
2737 28 0.058952
2738 28 0.075832
2739 28 0.113470
2740 28 0.056143
2741 28 0.094009
2742 28 0.076387
2743 28 0.066248
2744 28 0.118851
2745 28 0.056286
2746 28 0.067419
2747 28 0.081781
2748 28 0.098018
2749 28 0.070223
2750 28 0.054756
2751 28 0.077123
2752 28 0.095394
2753 28 0.108888
2754 28 0.061375
2755 28 0.160646
2756 28 0.082933
2757 28 0.088225
2758 28 0.058054
2759 28 0.091792
2760 28 0.085496
2761 28 0.072524
2762 28 0.086234
2763 28 0.099489
2764 28 0.079533
2765 28 0.075136
2766 28 0.042716
2767 28 0.081499
2768 28 0.094712
2769 28 0.089482
2770 28 0.081286
2771 28 0.061250
2772 28 0.076174
2773 28 0.128194
2774 28 0.044167
2775 28 0.107583
2776 28 0.120737
2777 28 0.082692
2778 28 0.059732
2779 28 0.157630
2780 28 0.108717
2781 28 0.064823
2782 28 0.124082
2783 28 0.059896
2784 28 0.101656
2785 28 0.066096
2786 28 0.094697
2787 28 0.071338
2788 28 0.059591
2789 28 0.074912
2790 28 0.089359
2791 28 0.040681
2792 28 0.080180
2793 28 0.093842
2794 28 0.095400
2795 28 0.075741
2796 28 0.076099
2797 28 0.108320
2798 28 0.059840
2799 28 0.097541
2800 29 0.060902
2801 29 0.056334
2802 29 0.105826
2803 29 0.092968
2804 29 0.062302
2805 29 0.057495
2806 29 0.060393
2807 29 0.091851
2808 29 0.069953
2809 29 0.076555
2810 29 0.079405
2811 29 0.083075
2812 29 0.085787
2813 29 0.100675
2814 29 0.087183
2815 29 0.094615
2816 29 0.105221
2817 29 0.230042
2818 29 0.148328
2819 29 0.080199
2820 29 0.048936
2821 29 0.079054
2822 29 0.185209
2823 29 0.092543
2824 29 0.082356
2825 29 0.078948
2826 29 0.109379
2827 29 0.059643
2828 29 0.032896
2829 29 0.073095
2830 29 0.065131
2831 29 0.054897
2832 29 0.100395
2833 29 0.094993
2834 29 0.059065
2835 29 0.085609
2836 29 0.072699
2837 29 0.084494
2838 29 0.137488
2839 29 0.065595
2840 29 0.205014
2841 29 0.080771
2842 29 0.089490
2843 29 0.081477
2844 29 0.089452
2845 29 0.099436
2846 29 0.080515
2847 29 0.053016
2848 29 0.052482
2849 29 0.026258
2850 29 0.202425
2851 29 0.085130
2852 29 0.079644
2853 29 0.078791
2854 29 0.082159
2855 29 0.085823
2856 29 0.096119
2857 29 0.081047
2858 29 0.079165
2859 29 0.105612
2860 29 0.112820
2861 29 0.058088
2862 29 0.025037
2863 29 0.105620
2864 29 0.082154
2865 29 0.077747
2866 29 0.121205
2867 29 0.077162
2868 29 0.103646
2869 29 0.103908
2870 29 0.104555
2871 29 0.069784
2872 29 0.093410
2873 29 0.104766
2874 29 0.071635
2875 29 0.079275
2876 29 0.100822
2877 29 0.062732
2878 29 0.066363
2879 29 0.070874
2880 29 0.082262
2881 29 0.055451
2882 29 0.072915
2883 29 0.063394
2884 29 0.083102
2885 29 0.099616
2886 29 0.075188
2887 29 0.088642
2888 29 0.126889
2889 29 0.113815
2890 29 0.102790
2891 29 0.058573
2892 29 0.093852
2893 29 0.044372
2894 29 0.103489
2895 29 0.106074
2896 29 0.080441
2897 29 0.073713
2898 29 0.084876
2899 29 0.107743
2900 30 0.025949
2901 30 0.066354
2902 30 0.087830
2903 30 0.081496
2904 30 0.099439
2905 30 0.056755
2906 30 0.074207
2907 30 0.107175
2908 30 0.094168
2909 30 0.098055
2910 30 0.049692
2911 30 0.073829
2912 30 0.070972
2913 30 0.056710
2914 30 0.074300
2915 30 0.171423
2916 30 0.091971
2917 30 0.093922
2918 30 0.100554
2919 30 0.076938
2920 30 0.089578
2921 30 0.098955
2922 30 0.056158
2923 30 0.065244
2924 30 0.084443
2925 30 0.086050
2926 30 0.098583
2927 30 0.054561
2928 30 0.043736
2929 30 0.099657
2930 30 0.071628
2931 30 0.117141
2932 30 0.097782
2933 30 0.090428
2934 30 0.094851
2935 30 0.210787
2936 30 0.090703
2937 30 0.075368
2938 30 0.071963
2939 30 0.024768
2940 30 0.111470
2941 30 0.076061
2942 30 0.083464
2943 30 0.087898
2944 30 0.102873
2945 30 0.073410
2946 30 0.086674
2947 30 0.190520
2948 30 0.124476
2949 30 0.056336
2950 30 0.093357
2951 30 0.126633
2952 30 0.207579
2953 30 0.084146
2954 30 0.074417
2955 30 0.071211
2956 30 0.123010
2957 30 0.066629
2958 30 0.108920
2959 30 0.055799
2960 30 0.078239
2961 30 0.073296
2962 30 0.082749
2963 30 0.053658
2964 30 0.057387
2965 30 0.119355
2966 30 0.078508
2967 30 0.075836
2968 30 0.059746
2969 30 0.045032
2970 30 0.057401
2971 30 0.129768
2972 30 0.082898
2973 30 0.112798
2974 30 0.135489
2975 30 0.096991
2976 30 0.107932
2977 30 0.100051
2978 30 0.078344
2979 30 0.055078
2980 30 0.092843
2981 30 0.076478
2982 30 0.075393
2983 30 0.072563
2984 30 0.081024
2985 30 0.063222
2986 30 0.063958
2987 30 0.083490
2988 30 0.098478
2989 30 0.071586
2990 30 0.095824
2991 30 0.072101
2992 30 0.073057
2993 30 0.086020
2994 30 0.110193
2995 30 0.077908
2996 30 0.087893
2997 30 0.089769
2998 30 0.083134
2999 30 0.059887
