# Batch convergence for: model=snn-ae encoding=latency architecture=recurrent v_th=0.5 alpha=0.9 run=1
batch_num epoch batch_loss
0 1 0.962307
1 1 0.987679
2 1 0.821430
3 1 0.871096
4 1 1.206136
5 1 0.934518
6 1 1.087929
7 1 1.034512
8 1 1.068001
9 1 1.148423
10 1 1.054028
11 1 0.962785
12 1 0.958415
13 1 1.134232
14 1 0.992334
15 1 0.908257
16 1 0.786114
17 1 1.090976
18 1 0.942612
19 1 0.635168
20 1 1.051862
21 1 0.143793
22 1 0.931113
23 1 1.026546
24 1 0.700003
25 1 0.957404
26 1 0.833299
27 1 0.965648
28 1 0.853817
29 1 1.062463
30 1 0.769204
31 1 0.825333
32 1 0.939257
33 1 0.797009
34 1 0.985861
35 1 0.991926
36 1 0.934216
37 1 0.836782
38 1 0.927975
39 1 0.857446
40 1 0.971779
41 1 0.762423
42 1 0.695836
43 1 0.893183
44 1 0.902849
45 1 0.748222
46 1 0.761239
47 1 0.869405
48 1 0.796246
49 1 1.010253
50 1 0.357985
51 1 0.911784
52 1 1.000015
53 1 0.295327
54 1 1.220653
55 1 0.934605
56 1 0.955687
57 1 0.790349
58 1 0.642245
59 1 0.839745
60 1 0.887769
61 1 0.854844
62 1 0.847910
63 1 0.938134
64 1 0.686998
65 1 0.658821
66 1 0.034839
67 1 0.935481
68 1 0.731121
69 1 0.759857
70 1 0.676776
71 1 0.580391
72 1 0.105483
73 1 0.804132
74 1 0.922019
75 1 0.874039
76 1 0.624510
77 1 0.846592
78 1 0.610300
79 1 0.651424
80 1 1.063873
81 1 0.718893
82 1 0.727722
83 1 0.933785
84 1 0.757130
85 1 0.855620
86 1 0.627685
87 1 1.041624
88 1 0.684983
89 1 0.802459
90 1 0.407696
91 1 0.852364
92 1 0.467647
93 1 0.729205
94 1 0.672644
95 1 0.714197
96 1 0.675965
97 1 0.713226
98 1 0.766497
99 1 0.794308
100 2 0.754335
101 2 0.706406
102 2 0.736438
103 2 0.662856
104 2 0.855269
105 2 0.807616
106 2 0.639975
107 2 0.710757
108 2 0.711128
109 2 0.645261
110 2 0.611373
111 2 0.283398
112 2 0.806093
113 2 0.994183
114 2 0.596982
115 2 0.777072
116 2 0.638794
117 2 0.698320
118 2 0.497958
119 2 0.567084
120 2 0.674856
121 2 0.744481
122 2 0.570893
123 2 0.740625
124 2 0.644854
125 2 0.738456
126 2 0.721170
127 2 0.746876
128 2 0.815622
129 2 0.689922
130 2 0.646019
131 2 0.686118
132 2 0.590127
133 2 0.779193
134 2 0.692222
135 2 0.723756
136 2 0.639428
137 2 0.555960
138 2 0.724131
139 2 0.879275
140 2 0.615972
141 2 0.766588
142 2 0.719857
143 2 0.596997
144 2 0.559813
145 2 0.611792
146 2 0.714327
147 2 0.789051
148 2 0.852160
149 2 0.741897
150 2 0.388327
151 2 0.675650
152 2 0.694132
153 2 0.590219
154 2 0.595613
155 2 0.034427
156 2 0.852785
157 2 0.650830
158 2 0.775497
159 2 0.624373
160 2 0.755876
161 2 0.621171
162 2 0.679853
163 2 0.749336
164 2 0.623288
165 2 0.669781
166 2 0.118744
167 2 0.593688
168 2 0.708358
169 2 0.808102
170 2 0.533777
171 2 0.720501
172 2 0.760637
173 2 0.617893
174 2 0.785110
175 2 0.664523
176 2 0.699887
177 2 0.264576
178 2 0.763507
179 2 0.564591
180 2 0.874385
181 2 0.668780
182 2 0.664093
183 2 0.732771
184 2 0.746643
185 2 0.123070
186 2 0.881326
187 2 0.641516
188 2 0.625796
189 2 0.684844
190 2 0.784949
191 2 0.576610
192 2 0.673266
193 2 0.722682
194 2 1.014672
195 2 0.668923
196 2 0.714524
197 2 0.579291
198 2 0.473198
199 2 0.594432
200 3 0.551199
201 3 0.639652
202 3 0.545646
203 3 0.589796
204 3 0.149132
205 3 0.770582
206 3 0.598472
207 3 0.512449
208 3 0.951627
209 3 0.619410
210 3 0.549449
211 3 0.499856
212 3 0.646858
213 3 0.664023
214 3 0.736581
215 3 0.603175
216 3 0.832685
217 3 0.633220
218 3 0.984352
219 3 0.066388
220 3 0.749348
221 3 0.674327
222 3 0.709145
223 3 0.749490
224 3 0.703372
225 3 0.585967
226 3 0.541489
227 3 0.537212
228 3 0.706187
229 3 0.397161
230 3 0.615531
231 3 0.303828
232 3 0.604073
233 3 0.799915
234 3 0.623082
235 3 0.601487
236 3 0.694234
237 3 0.716053
238 3 0.657908
239 3 0.681739
240 3 0.822903
241 3 0.472777
242 3 0.607056
243 3 0.688348
244 3 0.620710
245 3 0.605505
246 3 0.662455
247 3 0.648657
248 3 0.529401
249 3 0.564710
250 3 0.811826
251 3 0.649301
252 3 0.738459
253 3 0.577052
254 3 0.606139
255 3 0.614569
256 3 0.660671
257 3 0.546577
258 3 0.569622
259 3 0.687665
260 3 0.554151
261 3 0.615516
262 3 0.708737
263 3 0.635255
264 3 0.650666
265 3 0.693246
266 3 0.562651
267 3 0.584134
268 3 0.682390
269 3 0.714902
270 3 0.426740
271 3 0.529998
272 3 0.551025
273 3 0.605777
274 3 0.573783
275 3 0.554211
276 3 0.112790
277 3 0.204256
278 3 0.628509
279 3 0.722036
280 3 0.620651
281 3 0.644692
282 3 0.556166
283 3 0.609829
284 3 0.763525
285 3 0.750660
286 3 0.677385
287 3 0.610720
288 3 0.617860
289 3 0.683874
290 3 0.679656
291 3 0.849775
292 3 0.620556
293 3 0.735327
294 3 0.648419
295 3 0.397331
296 3 0.482432
297 3 0.656823
298 3 0.715018
299 3 0.714290
300 4 0.661979
301 4 0.607893
302 4 0.604990
303 4 0.561734
304 4 0.574615
305 4 0.708946
306 4 0.549505
307 4 0.625709
308 4 0.777204
309 4 0.581934
310 4 0.584793
311 4 0.666058
312 4 0.587344
313 4 0.616020
314 4 0.643736
315 4 0.638299
316 4 0.434441
317 4 0.491106
318 4 0.761223
319 4 0.693646
320 4 0.649609
321 4 0.492674
322 4 0.731093
323 4 0.668083
324 4 0.540862
325 4 0.676727
326 4 0.662319
327 4 0.638338
328 4 0.219843
329 4 0.541564
330 4 0.602603
331 4 0.547214
332 4 0.667011
333 4 0.594387
334 4 0.711316
335 4 0.623437
336 4 0.538321
337 4 0.654158
338 4 0.600052
339 4 0.644218
340 4 0.549791
341 4 0.596068
342 4 0.648294
343 4 0.033812
344 4 0.815716
345 4 0.616678
346 4 0.561236
347 4 0.603877
348 4 0.598071
349 4 0.643098
350 4 0.643919
351 4 0.469301
352 4 0.599620
353 4 0.719481
354 4 0.190772
355 4 0.610281
356 4 0.537300
357 4 0.726759
358 4 0.656971
359 4 0.114107
360 4 0.037454
361 4 0.675662
362 4 0.608627
363 4 0.505909
364 4 0.684433
365 4 0.629243
366 4 0.605780
367 4 0.546155
368 4 0.638332
369 4 0.538155
370 4 0.452117
371 4 0.401222
372 4 0.583688
373 4 0.638011
374 4 0.476337
375 4 0.510699
376 4 0.543638
377 4 0.592917
378 4 0.669029
379 4 0.599036
380 4 0.581409
381 4 0.554259
382 4 0.643394
383 4 0.845478
384 4 0.652796
385 4 0.591999
386 4 0.703444
387 4 0.642589
388 4 0.518837
389 4 0.531204
390 4 0.652715
391 4 0.486344
392 4 0.586497
393 4 0.634819
394 4 0.673634
395 4 0.790501
396 4 0.618874
397 4 0.635666
398 4 0.678877
399 4 0.564986
400 5 0.553009
401 5 0.681611
402 5 0.641519
403 5 0.532437
404 5 0.594107
405 5 0.543100
406 5 0.585642
407 5 0.729146
408 5 0.563892
409 5 0.610904
410 5 0.651968
411 5 0.806046
412 5 0.538532
413 5 0.141962
414 5 0.537700
415 5 0.613017
416 5 0.202535
417 5 0.472783
418 5 0.456286
419 5 0.518506
420 5 0.658437
421 5 0.221407
422 5 0.547230
423 5 0.588536
424 5 0.598011
425 5 0.656945
426 5 0.576214
427 5 0.484023
428 5 0.528354
429 5 0.453922
430 5 0.591027
431 5 0.620406
432 5 0.568585
433 5 0.579936
434 5 0.504617
435 5 0.653809
436 5 0.501761
437 5 0.679377
438 5 0.066193
439 5 0.598903
440 5 0.706647
441 5 0.497604
442 5 0.578674
443 5 0.551464
444 5 0.550798
445 5 0.490770
446 5 0.617335
447 5 0.505084
448 5 0.549925
449 5 0.516868
450 5 0.504725
451 5 0.627899
452 5 0.614431
453 5 0.094494
454 5 0.556447
455 5 0.523431
456 5 0.530389
457 5 0.473751
458 5 0.614119
459 5 0.615199
460 5 0.578072
461 5 0.495258
462 5 0.668618
463 5 0.544189
464 5 0.633716
465 5 0.586997
466 5 0.499522
467 5 0.466355
468 5 0.602733
469 5 0.564620
470 5 0.648069
471 5 0.493655
472 5 0.443478
473 5 0.526471
474 5 0.529755
475 5 0.636551
476 5 0.627473
477 5 0.433255
478 5 0.544637
479 5 0.479609
480 5 0.553523
481 5 0.832056
482 5 0.558777
483 5 0.539045
484 5 0.423072
485 5 0.527985
486 5 0.578182
487 5 0.606982
488 5 0.540441
489 5 0.517972
490 5 0.562776
491 5 0.491716
492 5 0.544587
493 5 0.512812
494 5 0.498582
495 5 0.625519
496 5 0.573729
497 5 0.555621
498 5 0.546183
499 5 0.662017
500 6 0.540128
501 6 0.112233
502 6 0.505760
503 6 0.493926
504 6 0.589276
505 6 0.507323
506 6 0.033552
507 6 0.583959
508 6 0.585002
509 6 0.515290
510 6 0.504251
511 6 0.537610
512 6 0.504290
513 6 0.543123
514 6 0.690310
515 6 0.536681
516 6 0.518709
517 6 0.455012
518 6 0.549771
519 6 0.544624
520 6 0.497788
521 6 0.522419
522 6 0.458003
523 6 0.571350
524 6 0.505250
525 6 0.523992
526 6 0.604896
527 6 0.564354
528 6 0.496975
529 6 0.529655
530 6 0.573769
531 6 0.495104
532 6 0.548445
533 6 0.539881
534 6 0.436331
535 6 0.490215
536 6 0.486445
537 6 0.473221
538 6 0.569246
539 6 0.552002
540 6 0.507278
541 6 0.534337
542 6 0.507879
543 6 0.510794
544 6 0.517674
545 6 0.524936
546 6 0.433819
547 6 0.511275
548 6 0.520804
549 6 0.492042
550 6 0.529269
551 6 0.419668
552 6 0.464427
553 6 0.347405
554 6 0.497982
555 6 0.581617
556 6 0.507937
557 6 0.488777
558 6 0.527688
559 6 0.130980
560 6 0.471477
561 6 0.522094
562 6 0.452719
563 6 0.479733
564 6 0.223987
565 6 0.452976
566 6 0.478533
567 6 0.472268
568 6 0.412929
569 6 0.548302
570 6 0.160822
571 6 0.461853
572 6 0.451444
573 6 0.444593
574 6 0.523210
575 6 0.391828
576 6 0.403256
577 6 0.535116
578 6 0.469874
579 6 0.463540
580 6 0.461737
581 6 0.667859
582 6 0.522779
583 6 0.529201
584 6 0.552222
585 6 0.485678
586 6 0.496410
587 6 0.560444
588 6 0.408747
589 6 0.559795
590 6 0.651261
591 6 0.548696
592 6 0.407807
593 6 0.423120
594 6 0.493215
595 6 0.573607
596 6 0.415017
597 6 0.471449
598 6 0.520714
599 6 0.592900
600 7 0.485443
601 7 0.512137
602 7 0.414100
603 7 0.456020
604 7 0.033519
605 7 0.554610
606 7 0.377869
607 7 0.520102
608 7 0.419365
609 7 0.488746
610 7 0.445732
611 7 0.567765
612 7 0.468572
613 7 0.376399
614 7 0.471745
615 7 0.472688
616 7 0.429731
617 7 0.396039
618 7 0.374132
619 7 0.488772
620 7 0.280893
621 7 0.339829
622 7 0.397202
623 7 0.415408
624 7 0.500294
625 7 0.536640
626 7 0.489211
627 7 0.461600
628 7 0.363548
629 7 0.463142
630 7 0.552895
631 7 0.410079
632 7 0.376955
633 7 0.457355
634 7 0.530647
635 7 0.405223
636 7 0.110078
637 7 0.440707
638 7 0.420020
639 7 0.462659
640 7 0.364247
641 7 0.410776
642 7 0.435931
643 7 0.376236
644 7 0.450932
645 7 0.397567
646 7 0.354704
647 7 0.550137
648 7 0.433884
649 7 0.234636
650 7 0.447821
651 7 0.535763
652 7 0.510946
653 7 0.526418
654 7 0.480950
655 7 0.401259
656 7 0.384051
657 7 0.413864
658 7 0.457319
659 7 0.445211
660 7 0.475475
661 7 0.423435
662 7 0.385008
663 7 0.493155
664 7 0.440985
665 7 0.372932
666 7 0.476632
667 7 0.429638
668 7 0.453605
669 7 0.390972
670 7 0.469126
671 7 0.420695
672 7 0.515697
673 7 0.584641
674 7 0.447408
675 7 0.448162
676 7 0.429520
677 7 0.367910
678 7 0.427666
679 7 0.502881
680 7 0.438978
681 7 0.410254
682 7 0.353872
683 7 0.451227
684 7 0.374873
685 7 0.407142
686 7 0.470425
687 7 0.391004
688 7 0.390442
689 7 0.402176
690 7 0.405437
691 7 0.551225
692 7 0.364491
693 7 0.097064
694 7 0.502522
695 7 0.389310
696 7 0.430553
697 7 0.316453
698 7 0.443337
699 7 0.397496
700 8 0.446242
701 8 0.388848
702 8 0.326447
703 8 0.510943
704 8 0.373652
705 8 0.445003
706 8 0.392246
707 8 0.434106
708 8 0.389346
709 8 0.418352
710 8 0.404927
711 8 0.369123
712 8 0.447029
713 8 0.372467
714 8 0.375850
715 8 0.394291
716 8 0.558978
717 8 0.438264
718 8 0.535239
719 8 0.400464
720 8 0.389787
721 8 0.425734
722 8 0.477437
723 8 0.306159
724 8 0.499886
725 8 0.428890
726 8 0.510557
727 8 0.331259
728 8 0.439316
729 8 0.336449
730 8 0.424401
731 8 0.352608
732 8 0.408726
733 8 0.461891
734 8 0.369343
735 8 0.356786
736 8 0.330316
737 8 0.385812
738 8 0.381675
739 8 0.406079
740 8 0.378603
741 8 0.371218
742 8 0.363129
743 8 0.306464
744 8 0.414587
745 8 0.371449
746 8 0.071065
747 8 0.442076
748 8 0.282892
749 8 0.322463
750 8 0.454896
751 8 0.359447
752 8 0.289626
753 8 0.418317
754 8 0.439244
755 8 0.360437
756 8 0.407804
757 8 0.405047
758 8 0.352166
759 8 0.412620
760 8 0.329554
761 8 0.305959
762 8 0.384624
763 8 0.368053
764 8 0.328902
765 8 0.467828
766 8 0.441949
767 8 0.406973
768 8 0.474120
769 8 0.157568
770 8 0.420975
771 8 0.292038
772 8 0.314588
773 8 0.432379
774 8 0.373191
775 8 0.357517
776 8 0.322235
777 8 0.352373
778 8 0.337534
779 8 0.359316
780 8 0.326644
781 8 0.406534
782 8 0.343790
783 8 0.260656
784 8 0.425648
785 8 0.362754
786 8 0.376573
787 8 0.307031
788 8 0.386549
789 8 0.120438
790 8 0.350051
791 8 0.364132
792 8 0.315435
793 8 0.482070
794 8 0.480090
795 8 0.361816
796 8 0.354681
797 8 0.288841
798 8 0.367604
799 8 0.302943
800 9 0.428514
801 9 0.297049
802 9 0.306518
803 9 0.353748
804 9 0.398217
805 9 0.283031
806 9 0.352309
807 9 0.458338
808 9 0.281978
809 9 0.322575
810 9 0.288033
811 9 0.335322
812 9 0.374626
813 9 0.337814
814 9 0.319733
815 9 0.374830
816 9 0.445314
817 9 0.284921
818 9 0.538988
819 9 0.354812
820 9 0.333431
821 9 0.338282
822 9 0.390981
823 9 0.356066
824 9 0.401110
825 9 0.408041
826 9 0.330391
827 9 0.336027
828 9 0.389055
829 9 0.293133
830 9 0.095554
831 9 0.384013
832 9 0.299503
833 9 0.337596
834 9 0.383413
835 9 0.171050
836 9 0.293096
837 9 0.297085
838 9 0.356873
839 9 0.299966
840 9 0.349108
841 9 0.336573
842 9 0.297333
843 9 0.368653
844 9 0.354268
845 9 0.364238
846 9 0.326994
847 9 0.362570
848 9 0.258459
849 9 0.291249
850 9 0.317820
851 9 0.292583
852 9 0.263455
853 9 0.382180
854 9 0.286845
855 9 0.360515
856 9 0.321898
857 9 0.294503
858 9 0.268867
859 9 0.329307
860 9 0.364044
861 9 0.296632
862 9 0.306936
863 9 0.344378
864 9 0.207162
865 9 0.354236
866 9 0.318392
867 9 0.314317
868 9 0.356713
869 9 0.279851
870 9 0.312796
871 9 0.258486
872 9 0.277011
873 9 0.314702
874 9 0.308407
875 9 0.375662
876 9 0.315612
877 9 0.255290
878 9 0.347547
879 9 0.274898
880 9 0.290824
881 9 0.241603
882 9 0.373068
883 9 0.286991
884 9 0.319917
885 9 0.309122
886 9 0.325576
887 9 0.343513
888 9 0.266044
889 9 0.258935
890 9 0.314208
891 9 0.493191
892 9 0.430287
893 9 0.339404
894 9 0.308357
895 9 0.382356
896 9 0.270619
897 9 0.300226
898 9 0.308803
899 9 0.371799
900 10 0.303088
901 10 0.363117
902 10 0.325210
903 10 0.301912
904 10 0.278803
905 10 0.374106
906 10 0.280944
907 10 0.347215
908 10 0.259565
909 10 0.268327
910 10 0.342849
911 10 0.314821
912 10 0.396248
913 10 0.327909
914 10 0.264287
915 10 0.294651
916 10 0.275930
917 10 0.313682
918 10 0.290263
919 10 0.267452
920 10 0.258695
921 10 0.285571
922 10 0.317232
923 10 0.208226
924 10 0.312990
925 10 0.259891
926 10 0.352215
927 10 0.301695
928 10 0.315958
929 10 0.255351
930 10 0.318723
931 10 0.275801
932 10 0.287729
933 10 0.301717
934 10 0.309115
935 10 0.411949
936 10 0.289367
937 10 0.341231
938 10 0.287906
939 10 0.303684
940 10 0.329276
941 10 0.272602
942 10 0.317658
943 10 0.033684
944 10 0.234881
945 10 0.466946
946 10 0.306160
947 10 0.233290
948 10 0.188406
949 10 0.266458
950 10 0.244988
951 10 0.308292
952 10 0.300865
953 10 0.349868
954 10 0.310017
955 10 0.380872
956 10 0.320732
957 10 0.260573
958 10 0.258985
959 10 0.267765
960 10 0.316430
961 10 0.233958
962 10 0.322125
963 10 0.311222
964 10 0.388107
965 10 0.235659
966 10 0.347959
967 10 0.263296
968 10 0.354359
969 10 0.301471
970 10 0.037165
971 10 0.333908
972 10 0.236942
973 10 0.218945
974 10 0.294217
975 10 0.263277
976 10 0.247714
977 10 0.317408
978 10 0.255435
979 10 0.316850
980 10 0.323118
981 10 0.292144
982 10 0.289695
983 10 0.168081
984 10 0.339518
985 10 0.250921
986 10 0.257140
987 10 0.253496
988 10 0.381228
989 10 0.282204
990 10 0.260355
991 10 0.292375
992 10 0.255727
993 10 0.265246
994 10 0.340161
995 10 0.291893
996 10 0.283886
997 10 0.286966
998 10 0.394157
999 10 0.331741
1000 11 0.460287
1001 11 0.301029
1002 11 0.269514
1003 11 0.273976
1004 11 0.238930
1005 11 0.310089
1006 11 0.229468
1007 11 0.363858
1008 11 0.228606
1009 11 0.315771
1010 11 0.313332
1011 11 0.261747
1012 11 0.286087
1013 11 0.427856
1014 11 0.293344
1015 11 0.247802
1016 11 0.302558
1017 11 0.222295
1018 11 0.303042
1019 11 0.214178
1020 11 0.203041
1021 11 0.273139
1022 11 0.322911
1023 11 0.251652
1024 11 0.256555
1025 11 0.277841
1026 11 0.250669
1027 11 0.270113
1028 11 0.320712
1029 11 0.218356
1030 11 0.263355
1031 11 0.262606
1032 11 0.293309
1033 11 0.273605
1034 11 0.278072
1035 11 0.312606
1036 11 0.250212
1037 11 0.063655
1038 11 0.287392
1039 11 0.251805
1040 11 0.269166
1041 11 0.351417
1042 11 0.309142
1043 11 0.262605
1044 11 0.224621
1045 11 0.259386
1046 11 0.340780
1047 11 0.252734
1048 11 0.243821
1049 11 0.266873
1050 11 0.083769
1051 11 0.273008
1052 11 0.249372
1053 11 0.250056
1054 11 0.255360
1055 11 0.233690
1056 11 0.343747
1057 11 0.208198
1058 11 0.331094
1059 11 0.280607
1060 11 0.337176
1061 11 0.253825
1062 11 0.409468
1063 11 0.266900
1064 11 0.206729
1065 11 0.333450
1066 11 0.229462
1067 11 0.280600
1068 11 0.289460
1069 11 0.206378
1070 11 0.078687
1071 11 0.286336
1072 11 0.268710
1073 11 0.235634
1074 11 0.184955
1075 11 0.247771
1076 11 0.286005
1077 11 0.263958
1078 11 0.222651
1079 11 0.263055
1080 11 0.268068
1081 11 0.316027
1082 11 0.206682
1083 11 0.231213
1084 11 0.264972
1085 11 0.325305
1086 11 0.216269
1087 11 0.219721
1088 11 0.242074
1089 11 0.234473
1090 11 0.279576
1091 11 0.223128
1092 11 0.258078
1093 11 0.242714
1094 11 0.205849
1095 11 0.272201
1096 11 0.260629
1097 11 0.197367
1098 11 0.257677
1099 11 0.206486
1100 12 0.221517
1101 12 0.312629
1102 12 0.268054
1103 12 0.199994
1104 12 0.235411
1105 12 0.189016
1106 12 0.258179
1107 12 0.228948
1108 12 0.226111
1109 12 0.262032
1110 12 0.239916
1111 12 0.307984
1112 12 0.266772
1113 12 0.255197
1114 12 0.303648
1115 12 0.306999
1116 12 0.310940
1117 12 0.226109
1118 12 0.264876
1119 12 0.207589
1120 12 0.216468
1121 12 0.189868
1122 12 0.192697
1123 12 0.279949
1124 12 0.252050
1125 12 0.280257
1126 12 0.256458
1127 12 0.217607
1128 12 0.266425
1129 12 0.218941
1130 12 0.202577
1131 12 0.222887
1132 12 0.238696
1133 12 0.317226
1134 12 0.233174
1135 12 0.292454
1136 12 0.223578
1137 12 0.310342
1138 12 0.341985
1139 12 0.193377
1140 12 0.193692
1141 12 0.218185
1142 12 0.243468
1143 12 0.264602
1144 12 0.215900
1145 12 0.268476
1146 12 0.253344
1147 12 0.256446
1148 12 0.299428
1149 12 0.260920
1150 12 0.261580
1151 12 0.226112
1152 12 0.033779
1153 12 0.199623
1154 12 0.263408
1155 12 0.287176
1156 12 0.278851
1157 12 0.259721
1158 12 0.064285
1159 12 0.236958
1160 12 0.222690
1161 12 0.276709
1162 12 0.219495
1163 12 0.337484
1164 12 0.268581
1165 12 0.202535
1166 12 0.283776
1167 12 0.368557
1168 12 0.149694
1169 12 0.221336
1170 12 0.215029
1171 12 0.247018
1172 12 0.256841
1173 12 0.078628
1174 12 0.261386
1175 12 0.261882
1176 12 0.199306
1177 12 0.165675
1178 12 0.237181
1179 12 0.239944
1180 12 0.201644
1181 12 0.289899
1182 12 0.232686
1183 12 0.242249
1184 12 0.368819
1185 12 0.268981
1186 12 0.192383
1187 12 0.240833
1188 12 0.232970
1189 12 0.194491
1190 12 0.211539
1191 12 0.302877
1192 12 0.172743
1193 12 0.216777
1194 12 0.220740
1195 12 0.214715
1196 12 0.163828
1197 12 0.262400
1198 12 0.242857
1199 12 0.228458
1200 13 0.340186
1201 13 0.176034
1202 13 0.238587
1203 13 0.232856
1204 13 0.241678
1205 13 0.260237
1206 13 0.231240
1207 13 0.201935
1208 13 0.252862
1209 13 0.285948
1210 13 0.206258
1211 13 0.201684
1212 13 0.223083
1213 13 0.269412
1214 13 0.223319
1215 13 0.244340
1216 13 0.224290
1217 13 0.195285
1218 13 0.244325
1219 13 0.200309
1220 13 0.194771
1221 13 0.231817
1222 13 0.197420
1223 13 0.270705
1224 13 0.253636
1225 13 0.037237
1226 13 0.183041
1227 13 0.248999
1228 13 0.260495
1229 13 0.209808
1230 13 0.320022
1231 13 0.160119
1232 13 0.202951
1233 13 0.258706
1234 13 0.194919
1235 13 0.221410
1236 13 0.212728
1237 13 0.288818
1238 13 0.213967
1239 13 0.281334
1240 13 0.137144
1241 13 0.234935
1242 13 0.246576
1243 13 0.231662
1244 13 0.178931
1245 13 0.190106
1246 13 0.239424
1247 13 0.263253
1248 13 0.233961
1249 13 0.246169
1250 13 0.240149
1251 13 0.243957
1252 13 0.176488
1253 13 0.252648
1254 13 0.287575
1255 13 0.211121
1256 13 0.205166
1257 13 0.242166
1258 13 0.196016
1259 13 0.372792
1260 13 0.232326
1261 13 0.240804
1262 13 0.229987
1263 13 0.231891
1264 13 0.192081
1265 13 0.178046
1266 13 0.204361
1267 13 0.233132
1268 13 0.204339
1269 13 0.242155
1270 13 0.275207
1271 13 0.178540
1272 13 0.136383
1273 13 0.226000
1274 13 0.179995
1275 13 0.258378
1276 13 0.264764
1277 13 0.227319
1278 13 0.244499
1279 13 0.218654
1280 13 0.217114
1281 13 0.176776
1282 13 0.309741
1283 13 0.254567
1284 13 0.187406
1285 13 0.202995
1286 13 0.200433
1287 13 0.223825
1288 13 0.273401
1289 13 0.274165
1290 13 0.271532
1291 13 0.211804
1292 13 0.249686
1293 13 0.241834
1294 13 0.332164
1295 13 0.366157
1296 13 0.232362
1297 13 0.165780
1298 13 0.033818
1299 13 0.306226
1300 14 0.258142
1301 14 0.366045
1302 14 0.250767
1303 14 0.256939
1304 14 0.249919
1305 14 0.188374
1306 14 0.258483
1307 14 0.250885
1308 14 0.296980
1309 14 0.227670
1310 14 0.310701
1311 14 0.206708
1312 14 0.172170
1313 14 0.180850
1314 14 0.219019
1315 14 0.248778
1316 14 0.289241
1317 14 0.261396
1318 14 0.201620
1319 14 0.156000
1320 14 0.253071
1321 14 0.203720
1322 14 0.152228
1323 14 0.221473
1324 14 0.037239
1325 14 0.195163
1326 14 0.297695
1327 14 0.160610
1328 14 0.213381
1329 14 0.172158
1330 14 0.222574
1331 14 0.175869
1332 14 0.166838
1333 14 0.239283
1334 14 0.169802
1335 14 0.199931
1336 14 0.227362
1337 14 0.169755
1338 14 0.192157
1339 14 0.215644
1340 14 0.201104
1341 14 0.202897
1342 14 0.155671
1343 14 0.319788
1344 14 0.197846
1345 14 0.222077
1346 14 0.230883
1347 14 0.129085
1348 14 0.187981
1349 14 0.210858
1350 14 0.187260
1351 14 0.252250
1352 14 0.275933
1353 14 0.194476
1354 14 0.272752
1355 14 0.229702
1356 14 0.264964
1357 14 0.156722
1358 14 0.171649
1359 14 0.260489
1360 14 0.255777
1361 14 0.199596
1362 14 0.264359
1363 14 0.222858
1364 14 0.233859
1365 14 0.147718
1366 14 0.191146
1367 14 0.221870
1368 14 0.158559
1369 14 0.252117
1370 14 0.174128
1371 14 0.218710
1372 14 0.161138
1373 14 0.218319
1374 14 0.228108
1375 14 0.174558
1376 14 0.175987
1377 14 0.182535
1378 14 0.171712
1379 14 0.247342
1380 14 0.252420
1381 14 0.180785
1382 14 0.222661
1383 14 0.205505
1384 14 0.168530
1385 14 0.272110
1386 14 0.253223
1387 14 0.159337
1388 14 0.173402
1389 14 0.364268
1390 14 0.225257
1391 14 0.269645
1392 14 0.082495
1393 14 0.246295
1394 14 0.257985
1395 14 0.208755
1396 14 0.259291
1397 14 0.326670
1398 14 0.195693
1399 14 0.251302
1400 15 0.251716
1401 15 0.201069
1402 15 0.181241
1403 15 0.249670
1404 15 0.287616
1405 15 0.214339
1406 15 0.259205
1407 15 0.229266
1408 15 0.202199
1409 15 0.239760
1410 15 0.193317
1411 15 0.163997
1412 15 0.226895
1413 15 0.217751
1414 15 0.175228
1415 15 0.177056
1416 15 0.246785
1417 15 0.177625
1418 15 0.152453
1419 15 0.248165
1420 15 0.263985
1421 15 0.156906
1422 15 0.253951
1423 15 0.247443
1424 15 0.211066
1425 15 0.223298
1426 15 0.186029
1427 15 0.239832
1428 15 0.203336
1429 15 0.176528
1430 15 0.264987
1431 15 0.159773
1432 15 0.211761
1433 15 0.037244
1434 15 0.139902
1435 15 0.289330
1436 15 0.324023
1437 15 0.214919
1438 15 0.194291
1439 15 0.202432
1440 15 0.220209
1441 15 0.205664
1442 15 0.260764
1443 15 0.215862
1444 15 0.233700
1445 15 0.201733
1446 15 0.150044
1447 15 0.248111
1448 15 0.230138
1449 15 0.197435
1450 15 0.190335
1451 15 0.231116
1452 15 0.222474
1453 15 0.226459
1454 15 0.180100
1455 15 0.282241
1456 15 0.166650
1457 15 0.271665
1458 15 0.269868
1459 15 0.269642
1460 15 0.154964
1461 15 0.184414
1462 15 0.220908
1463 15 0.062584
1464 15 0.250981
1465 15 0.200587
1466 15 0.249854
1467 15 0.327324
1468 15 0.246779
1469 15 0.279047
1470 15 0.202253
1471 15 0.319214
1472 15 0.163639
1473 15 0.192110
1474 15 0.210706
1475 15 0.201665
1476 15 0.187112
1477 15 0.225663
1478 15 0.149965
1479 15 0.228192
1480 15 0.224097
1481 15 0.283770
1482 15 0.170010
1483 15 0.181017
1484 15 0.181236
1485 15 0.225602
1486 15 0.135769
1487 15 0.198493
1488 15 0.271653
1489 15 0.164857
1490 15 0.179997
1491 15 0.246743
1492 15 0.252029
1493 15 0.246183
1494 15 0.139272
1495 15 0.157217
1496 15 0.203583
1497 15 0.206165
1498 15 0.223237
1499 15 0.166283
1500 16 0.196150
1501 16 0.146886
1502 16 0.204807
1503 16 0.129286
1504 16 0.211343
1505 16 0.191905
1506 16 0.133803
1507 16 0.216107
1508 16 0.188088
1509 16 0.239314
1510 16 0.215524
1511 16 0.176747
1512 16 0.197798
1513 16 0.262688
1514 16 0.179370
1515 16 0.250138
1516 16 0.149174
1517 16 0.231827
1518 16 0.252335
1519 16 0.179804
1520 16 0.185646
1521 16 0.194161
1522 16 0.251001
1523 16 0.254921
1524 16 0.153571
1525 16 0.236130
1526 16 0.184486
1527 16 0.174704
1528 16 0.120706
1529 16 0.245780
1530 16 0.266970
1531 16 0.176839
1532 16 0.255495
1533 16 0.159952
1534 16 0.170220
1535 16 0.178334
1536 16 0.196528
1537 16 0.336507
1538 16 0.261756
1539 16 0.197649
1540 16 0.241699
1541 16 0.207242
1542 16 0.290650
1543 16 0.162607
1544 16 0.188061
1545 16 0.167168
1546 16 0.209186
1547 16 0.167308
1548 16 0.203388
1549 16 0.212423
1550 16 0.157238
1551 16 0.233433
1552 16 0.176384
1553 16 0.182578
1554 16 0.348419
1555 16 0.194360
1556 16 0.158033
1557 16 0.251587
1558 16 0.169929
1559 16 0.225225
1560 16 0.138417
1561 16 0.184621
1562 16 0.163699
1563 16 0.206705
1564 16 0.141804
1565 16 0.200086
1566 16 0.155426
1567 16 0.206638
1568 16 0.176157
1569 16 0.239289
1570 16 0.127235
1571 16 0.237786
1572 16 0.185335
1573 16 0.231119
1574 16 0.252596
1575 16 0.249448
1576 16 0.162404
1577 16 0.190300
1578 16 0.205607
1579 16 0.247485
1580 16 0.252285
1581 16 0.228280
1582 16 0.134182
1583 16 0.187068
1584 16 0.204875
1585 16 0.300251
1586 16 0.183836
1587 16 0.203714
1588 16 0.234767
1589 16 0.145688
1590 16 0.184626
1591 16 0.037211
1592 16 0.193566
1593 16 0.187248
1594 16 0.221827
1595 16 0.254786
1596 16 0.205048
1597 16 0.177990
1598 16 0.266285
1599 16 0.301411
1600 17 0.187743
1601 17 0.203303
1602 17 0.220766
1603 17 0.176205
1604 17 0.217391
1605 17 0.198925
1606 17 0.177209
1607 17 0.236455
1608 17 0.222801
1609 17 0.253562
1610 17 0.154393
1611 17 0.231277
1612 17 0.191550
1613 17 0.193151
1614 17 0.307493
1615 17 0.173550
1616 17 0.239167
1617 17 0.193629
1618 17 0.176653
1619 17 0.187205
1620 17 0.174189
1621 17 0.171697
1622 17 0.193868
1623 17 0.138769
1624 17 0.180333
1625 17 0.149448
1626 17 0.222782
1627 17 0.163366
1628 17 0.143773
1629 17 0.111724
1630 17 0.160114
1631 17 0.223439
1632 17 0.245856
1633 17 0.276313
1634 17 0.137976
1635 17 0.188211
1636 17 0.179666
1637 17 0.167127
1638 17 0.192844
1639 17 0.139211
1640 17 0.202425
1641 17 0.226973
1642 17 0.155797
1643 17 0.157910
1644 17 0.218268
1645 17 0.161930
1646 17 0.217168
1647 17 0.181353
1648 17 0.209252
1649 17 0.161612
1650 17 0.230286
1651 17 0.177728
1652 17 0.199170
1653 17 0.302035
1654 17 0.234290
1655 17 0.160815
1656 17 0.060243
1657 17 0.172340
1658 17 0.225192
1659 17 0.250223
1660 17 0.328458
1661 17 0.198618
1662 17 0.188058
1663 17 0.149356
1664 17 0.191851
1665 17 0.151379
1666 17 0.284530
1667 17 0.158909
1668 17 0.165116
1669 17 0.172345
1670 17 0.269873
1671 17 0.198544
1672 17 0.226332
1673 17 0.211680
1674 17 0.176000
1675 17 0.190854
1676 17 0.199039
1677 17 0.187998
1678 17 0.217105
1679 17 0.218535
1680 17 0.191251
1681 17 0.270253
1682 17 0.225307
1683 17 0.210229
1684 17 0.168582
1685 17 0.246120
1686 17 0.183319
1687 17 0.156073
1688 17 0.201367
1689 17 0.304431
1690 17 0.166541
1691 17 0.181466
1692 17 0.266772
1693 17 0.185088
1694 17 0.174409
1695 17 0.128972
1696 17 0.168678
1697 17 0.179460
1698 17 0.205252
1699 17 0.207761
1700 18 0.159995
1701 18 0.160495
1702 18 0.227753
1703 18 0.156481
1704 18 0.253976
1705 18 0.296072
1706 18 0.164901
1707 18 0.221993
1708 18 0.134145
1709 18 0.193845
1710 18 0.202951
1711 18 0.204399
1712 18 0.191095
1713 18 0.119908
1714 18 0.201064
1715 18 0.128813
1716 18 0.178579
1717 18 0.314012
1718 18 0.184381
1719 18 0.158119
1720 18 0.248477
1721 18 0.231129
1722 18 0.211705
1723 18 0.286038
1724 18 0.168884
1725 18 0.133113
1726 18 0.135508
1727 18 0.205056
1728 18 0.144739
1729 18 0.169891
1730 18 0.248947
1731 18 0.170986
1732 18 0.122416
1733 18 0.187013
1734 18 0.228358
1735 18 0.211459
1736 18 0.152177
1737 18 0.199186
1738 18 0.307973
1739 18 0.146596
1740 18 0.142870
1741 18 0.134116
1742 18 0.105209
1743 18 0.168710
1744 18 0.209828
1745 18 0.191799
1746 18 0.203445
1747 18 0.174611
1748 18 0.209037
1749 18 0.254152
1750 18 0.224096
1751 18 0.201125
1752 18 0.136000
1753 18 0.194410
1754 18 0.193677
1755 18 0.180391
1756 18 0.185508
1757 18 0.183132
1758 18 0.136486
1759 18 0.265945
1760 18 0.167845
1761 18 0.249830
1762 18 0.175349
1763 18 0.197644
1764 18 0.141921
1765 18 0.262491
1766 18 0.241119
1767 18 0.163223
1768 18 0.205156
1769 18 0.218577
1770 18 0.291274
1771 18 0.238433
1772 18 0.227225
1773 18 0.033746
1774 18 0.175326
1775 18 0.208580
1776 18 0.236371
1777 18 0.167003
1778 18 0.170824
1779 18 0.251718
1780 18 0.264021
1781 18 0.185813
1782 18 0.178045
1783 18 0.204661
1784 18 0.188714
1785 18 0.230565
1786 18 0.132809
1787 18 0.153696
1788 18 0.139820
1789 18 0.231912
1790 18 0.163613
1791 18 0.188466
1792 18 0.182235
1793 18 0.133649
1794 18 0.149087
1795 18 0.127012
1796 18 0.037147
1797 18 0.174731
1798 18 0.229723
1799 18 0.213698
1800 19 0.188857
1801 19 0.130981
1802 19 0.150462
1803 19 0.153178
1804 19 0.163877
1805 19 0.183752
1806 19 0.153129
1807 19 0.126879
1808 19 0.176545
1809 19 0.230965
1810 19 0.133164
1811 19 0.110641
1812 19 0.180308
1813 19 0.166241
1814 19 0.137461
1815 19 0.159351
1816 19 0.203089
1817 19 0.199785
1818 19 0.200584
1819 19 0.147880
1820 19 0.259146
1821 19 0.209144
1822 19 0.208921
1823 19 0.033732
1824 19 0.152119
1825 19 0.251349
1826 19 0.206176
1827 19 0.218062
1828 19 0.293229
1829 19 0.148151
1830 19 0.267400
1831 19 0.137935
1832 19 0.139108
1833 19 0.212250
1834 19 0.206231
1835 19 0.161629
1836 19 0.265893
1837 19 0.195703
1838 19 0.214492
1839 19 0.163943
1840 19 0.151706
1841 19 0.194744
1842 19 0.190271
1843 19 0.307238
1844 19 0.297456
1845 19 0.134939
1846 19 0.194641
1847 19 0.124614
1848 19 0.214348
1849 19 0.175068
1850 19 0.201256
1851 19 0.037112
1852 19 0.197446
1853 19 0.237210
1854 19 0.123666
1855 19 0.170796
1856 19 0.136194
1857 19 0.155255
1858 19 0.166251
1859 19 0.209935
1860 19 0.145688
1861 19 0.211636
1862 19 0.151297
1863 19 0.182217
1864 19 0.194178
1865 19 0.193074
1866 19 0.185743
1867 19 0.184463
1868 19 0.172851
1869 19 0.163342
1870 19 0.143734
1871 19 0.258793
1872 19 0.130646
1873 19 0.179825
1874 19 0.202629
1875 19 0.176437
1876 19 0.166054
1877 19 0.124529
1878 19 0.321722
1879 19 0.172525
1880 19 0.158538
1881 19 0.186875
1882 19 0.245214
1883 19 0.141244
1884 19 0.127059
1885 19 0.282911
1886 19 0.204218
1887 19 0.162348
1888 19 0.198662
1889 19 0.130353
1890 19 0.232574
1891 19 0.202634
1892 19 0.187178
1893 19 0.163478
1894 19 0.151090
1895 19 0.167160
1896 19 0.242353
1897 19 0.180821
1898 19 0.259809
1899 19 0.245246
1900 20 0.149881
1901 20 0.190243
1902 20 0.113037
1903 20 0.142881
1904 20 0.186565
1905 20 0.296061
1906 20 0.140710
1907 20 0.168352
1908 20 0.208809
1909 20 0.149918
1910 20 0.203952
1911 20 0.110039
1912 20 0.156225
1913 20 0.109516
1914 20 0.202132
1915 20 0.152061
1916 20 0.195611
1917 20 0.165665
1918 20 0.108869
1919 20 0.200723
1920 20 0.235324
1921 20 0.226639
1922 20 0.173912
1923 20 0.229278
1924 20 0.166593
1925 20 0.146743
1926 20 0.258335
1927 20 0.138584
1928 20 0.172256
1929 20 0.136899
1930 20 0.303444
1931 20 0.189953
1932 20 0.218206
1933 20 0.168856
1934 20 0.222737
1935 20 0.168013
1936 20 0.172943
1937 20 0.149308
1938 20 0.193139
1939 20 0.166670
1940 20 0.185297
1941 20 0.183435
1942 20 0.109413
1943 20 0.198423
1944 20 0.208508
1945 20 0.285487
1946 20 0.148145
1947 20 0.168077
1948 20 0.175866
1949 20 0.138683
1950 20 0.150953
1951 20 0.140145
1952 20 0.182516
1953 20 0.161380
1954 20 0.142079
1955 20 0.183745
1956 20 0.190648
1957 20 0.156672
1958 20 0.250322
1959 20 0.168278
1960 20 0.130670
1961 20 0.118827
1962 20 0.222841
1963 20 0.120679
1964 20 0.119632
1965 20 0.154656
1966 20 0.152675
1967 20 0.195048
1968 20 0.175265
1969 20 0.209886
1970 20 0.133552
1971 20 0.159658
1972 20 0.211420
1973 20 0.149357
1974 20 0.201213
1975 20 0.189679
1976 20 0.176370
1977 20 0.163065
1978 20 0.305746
1979 20 0.151029
1980 20 0.281552
1981 20 0.146986
1982 20 0.174801
1983 20 0.270957
1984 20 0.201956
1985 20 0.171247
1986 20 0.155041
1987 20 0.279662
1988 20 0.110221
1989 20 0.185054
1990 20 0.162980
1991 20 0.086457
1992 20 0.145468
1993 20 0.246158
1994 20 0.190458
1995 20 0.190464
1996 20 0.245217
1997 20 0.212445
1998 20 0.137526
1999 20 0.139430
2000 21 0.238114
2001 21 0.114259
2002 21 0.143380
2003 21 0.140884
2004 21 0.243859
2005 21 0.167133
2006 21 0.167813
2007 21 0.143734
2008 21 0.155719
2009 21 0.223347
2010 21 0.173030
2011 21 0.158420
2012 21 0.194480
2013 21 0.209592
2014 21 0.233709
2015 21 0.200172
2016 21 0.312765
2017 21 0.202617
2018 21 0.302792
2019 21 0.240660
2020 21 0.148553
2021 21 0.179818
2022 21 0.211483
2023 21 0.160467
2024 21 0.180066
2025 21 0.118315
2026 21 0.180951
2027 21 0.161772
2028 21 0.153043
2029 21 0.224543
2030 21 0.126896
2031 21 0.161165
2032 21 0.202125
2033 21 0.179645
2034 21 0.113033
2035 21 0.147136
2036 21 0.164201
2037 21 0.078167
2038 21 0.184044
2039 21 0.131250
2040 21 0.133345
2041 21 0.090305
2042 21 0.163335
2043 21 0.157387
2044 21 0.157323
2045 21 0.195781
2046 21 0.211239
2047 21 0.147614
2048 21 0.271071
2049 21 0.121029
2050 21 0.095791
2051 21 0.177447
2052 21 0.192716
2053 21 0.125470
2054 21 0.181665
2055 21 0.140971
2056 21 0.227113
2057 21 0.167681
2058 21 0.060435
2059 21 0.192302
2060 21 0.130887
2061 21 0.256379
2062 21 0.149617
2063 21 0.195883
2064 21 0.186762
2065 21 0.184798
2066 21 0.214031
2067 21 0.271692
2068 21 0.163940
2069 21 0.240064
2070 21 0.204707
2071 21 0.122307
2072 21 0.175607
2073 21 0.164244
2074 21 0.184045
2075 21 0.229570
2076 21 0.179966
2077 21 0.258650
2078 21 0.153571
2079 21 0.187389
2080 21 0.139220
2081 21 0.208386
2082 21 0.189568
2083 21 0.191158
2084 21 0.033612
2085 21 0.215385
2086 21 0.173675
2087 21 0.186272
2088 21 0.146159
2089 21 0.292990
2090 21 0.224535
2091 21 0.132411
2092 21 0.322441
2093 21 0.176022
2094 21 0.143214
2095 21 0.188794
2096 21 0.170542
2097 21 0.134763
2098 21 0.158637
2099 21 0.198521
2100 22 0.185653
2101 22 0.158040
2102 22 0.160425
2103 22 0.193695
2104 22 0.216109
2105 22 0.158043
2106 22 0.145589
2107 22 0.235260
2108 22 0.178263
2109 22 0.080404
2110 22 0.172694
2111 22 0.231156
2112 22 0.301513
2113 22 0.167032
2114 22 0.036982
2115 22 0.155542
2116 22 0.133299
2117 22 0.127704
2118 22 0.235395
2119 22 0.204616
2120 22 0.119611
2121 22 0.158845
2122 22 0.218879
2123 22 0.174074
2124 22 0.194095
2125 22 0.181672
2126 22 0.207623
2127 22 0.213145
2128 22 0.160758
2129 22 0.163604
2130 22 0.144483
2131 22 0.166449
2132 22 0.166767
2133 22 0.199098
2134 22 0.135353
2135 22 0.168594
2136 22 0.164744
2137 22 0.133267
2138 22 0.132614
2139 22 0.217645
2140 22 0.171232
2141 22 0.146066
2142 22 0.146534
2143 22 0.186235
2144 22 0.101437
2145 22 0.133995
2146 22 0.208993
2147 22 0.183966
2148 22 0.316869
2149 22 0.198621
2150 22 0.160775
2151 22 0.092470
2152 22 0.139786
2153 22 0.109435
2154 22 0.196897
2155 22 0.161551
2156 22 0.189292
2157 22 0.237925
2158 22 0.198171
2159 22 0.146130
2160 22 0.190415
2161 22 0.092382
2162 22 0.170483
2163 22 0.133797
2164 22 0.180123
2165 22 0.119132
2166 22 0.282603
2167 22 0.260838
2168 22 0.154664
2169 22 0.256705
2170 22 0.194769
2171 22 0.136151
2172 22 0.183369
2173 22 0.240872
2174 22 0.107386
2175 22 0.108822
2176 22 0.097827
2177 22 0.078072
2178 22 0.100423
2179 22 0.181820
2180 22 0.123425
2181 22 0.138598
2182 22 0.173438
2183 22 0.100815
2184 22 0.184292
2185 22 0.169869
2186 22 0.213091
2187 22 0.188860
2188 22 0.276919
2189 22 0.177768
2190 22 0.197543
2191 22 0.094298
2192 22 0.123141
2193 22 0.137693
2194 22 0.156125
2195 22 0.169773
2196 22 0.108200
2197 22 0.157470
2198 22 0.210369
2199 22 0.123982
2200 23 0.221242
2201 23 0.155040
2202 23 0.181371
2203 23 0.172519
2204 23 0.204731
2205 23 0.171757
2206 23 0.125034
2207 23 0.303079
2208 23 0.113181
2209 23 0.082895
2210 23 0.108459
2211 23 0.270951
2212 23 0.206221
2213 23 0.218976
2214 23 0.139121
2215 23 0.224651
2216 23 0.171358
2217 23 0.168489
2218 23 0.198421
2219 23 0.178791
2220 23 0.175122
2221 23 0.173795
2222 23 0.175143
2223 23 0.178657
2224 23 0.127243
2225 23 0.178522
2226 23 0.145346
2227 23 0.181205
2228 23 0.206358
2229 23 0.105261
2230 23 0.153304
2231 23 0.189795
2232 23 0.143619
2233 23 0.150277
2234 23 0.164935
2235 23 0.232392
2236 23 0.121161
2237 23 0.137650
2238 23 0.210601
2239 23 0.243274
2240 23 0.157895
2241 23 0.125839
2242 23 0.261324
2243 23 0.131644
2244 23 0.190876
2245 23 0.290177
2246 23 0.145965
2247 23 0.129679
2248 23 0.116304
2249 23 0.164749
2250 23 0.191924
2251 23 0.112522
2252 23 0.190902
2253 23 0.202820
2254 23 0.106410
2255 23 0.184006
2256 23 0.156408
2257 23 0.103904
2258 23 0.156589
2259 23 0.137869
2260 23 0.179355
2261 23 0.095234
2262 23 0.195891
2263 23 0.145063
2264 23 0.135002
2265 23 0.225739
2266 23 0.145041
2267 23 0.127333
2268 23 0.167087
2269 23 0.201370
2270 23 0.143831
2271 23 0.136130
2272 23 0.176302
2273 23 0.132264
2274 23 0.140024
2275 23 0.118098
2276 23 0.171084
2277 23 0.286065
2278 23 0.134598
2279 23 0.209127
2280 23 0.141484
2281 23 0.181076
2282 23 0.303862
2283 23 0.143138
2284 23 0.141276
2285 23 0.148693
2286 23 0.297688
2287 23 0.205949
2288 23 0.120936
2289 23 0.095622
2290 23 0.192466
2291 23 0.161118
2292 23 0.202246
2293 23 0.107560
2294 23 0.124249
2295 23 0.036894
2296 23 0.158651
2297 23 0.123767
2298 23 0.149988
2299 23 0.173011
2300 24 0.175913
2301 24 0.146649
2302 24 0.205336
2303 24 0.155859
2304 24 0.308515
2305 24 0.159995
2306 24 0.137249
2307 24 0.182608
2308 24 0.232452
2309 24 0.114611
2310 24 0.138410
2311 24 0.229399
2312 24 0.146503
2313 24 0.161403
2314 24 0.235247
2315 24 0.107238
2316 24 0.158657
2317 24 0.183827
2318 24 0.340855
2319 24 0.200885
2320 24 0.085317
2321 24 0.163572
2322 24 0.132685
2323 24 0.119049
2324 24 0.149581
2325 24 0.036862
2326 24 0.164622
2327 24 0.111269
2328 24 0.178514
2329 24 0.088548
2330 24 0.155990
2331 24 0.087249
2332 24 0.166249
2333 24 0.154965
2334 24 0.179219
2335 24 0.138900
2336 24 0.177884
2337 24 0.141717
2338 24 0.160837
2339 24 0.135843
2340 24 0.170604
2341 24 0.130862
2342 24 0.251998
2343 24 0.179442
2344 24 0.256027
2345 24 0.263045
2346 24 0.216277
2347 24 0.130191
2348 24 0.167134
2349 24 0.147932
2350 24 0.102624
2351 24 0.222876
2352 24 0.169722
2353 24 0.132594
2354 24 0.188879
2355 24 0.198760
2356 24 0.201162
2357 24 0.184978
2358 24 0.190593
2359 24 0.179165
2360 24 0.144987
2361 24 0.232987
2362 24 0.095733
2363 24 0.148841
2364 24 0.116901
2365 24 0.214131
2366 24 0.114866
2367 24 0.166745
2368 24 0.189666
2369 24 0.143180
2370 24 0.153812
2371 24 0.183480
2372 24 0.161730
2373 24 0.202791
2374 24 0.145234
2375 24 0.127852
2376 24 0.110937
2377 24 0.115770
2378 24 0.186112
2379 24 0.155315
2380 24 0.219039
2381 24 0.105769
2382 24 0.166619
2383 24 0.107702
2384 24 0.197023
2385 24 0.156505
2386 24 0.033455
2387 24 0.174315
2388 24 0.176502
2389 24 0.138537
2390 24 0.167200
2391 24 0.139307
2392 24 0.121937
2393 24 0.198707
2394 24 0.091029
2395 24 0.239137
2396 24 0.183658
2397 24 0.251625
2398 24 0.155534
2399 24 0.102876
2400 25 0.135988
2401 25 0.181674
2402 25 0.173640
2403 25 0.116750
2404 25 0.135647
2405 25 0.203625
2406 25 0.104927
2407 25 0.134097
2408 25 0.118053
2409 25 0.200338
2410 25 0.183725
2411 25 0.169579
2412 25 0.139085
2413 25 0.137554
2414 25 0.172474
2415 25 0.142757
2416 25 0.135326
2417 25 0.203839
2418 25 0.142243
2419 25 0.163446
2420 25 0.172199
2421 25 0.155441
2422 25 0.122808
2423 25 0.118362
2424 25 0.140237
2425 25 0.155373
2426 25 0.133694
2427 25 0.056114
2428 25 0.158896
2429 25 0.111949
2430 25 0.190272
2431 25 0.097742
2432 25 0.158464
2433 25 0.172404
2434 25 0.193175
2435 25 0.099388
2436 25 0.141336
2437 25 0.164553
2438 25 0.173592
2439 25 0.278410
2440 25 0.164079
2441 25 0.178854
2442 25 0.146464
2443 25 0.114199
2444 25 0.264109
2445 25 0.146464
2446 25 0.050401
2447 25 0.103698
2448 25 0.108100
2449 25 0.120204
2450 25 0.277148
2451 25 0.082802
2452 25 0.305164
2453 25 0.110144
2454 25 0.286374
2455 25 0.176888
2456 25 0.131322
2457 25 0.099737
2458 25 0.145324
2459 25 0.188576
2460 25 0.162651
2461 25 0.137768
2462 25 0.215205
2463 25 0.156350
2464 25 0.206611
2465 25 0.260146
2466 25 0.190521
2467 25 0.213049
2468 25 0.164695
2469 25 0.153226
2470 25 0.163369
2471 25 0.130700
2472 25 0.172747
2473 25 0.141548
2474 25 0.122742
2475 25 0.164417
2476 25 0.234290
2477 25 0.107243
2478 25 0.173966
2479 25 0.144835
2480 25 0.183595
2481 25 0.114168
2482 25 0.235058
2483 25 0.084277
2484 25 0.145757
2485 25 0.160102
2486 25 0.167088
2487 25 0.126730
2488 25 0.090449
2489 25 0.148825
2490 25 0.119542
2491 25 0.113021
2492 25 0.097699
2493 25 0.140812
2494 25 0.212404
2495 25 0.175077
2496 25 0.157679
2497 25 0.153512
2498 25 0.133836
2499 25 0.092037
2500 26 0.138121
2501 26 0.172191
2502 26 0.099009
2503 26 0.120487
2504 26 0.161302
2505 26 0.239284
2506 26 0.130429
2507 26 0.096205
2508 26 0.176419
2509 26 0.181471
2510 26 0.125986
2511 26 0.156574
2512 26 0.196897
2513 26 0.135606
2514 26 0.159651
2515 26 0.163619
2516 26 0.121268
2517 26 0.116608
2518 26 0.179900
2519 26 0.149883
2520 26 0.164349
2521 26 0.151561
2522 26 0.132823
2523 26 0.153309
2524 26 0.138746
2525 26 0.119300
2526 26 0.139044
2527 26 0.163075
2528 26 0.136692
2529 26 0.107464
2530 26 0.116640
2531 26 0.153793
2532 26 0.134418
2533 26 0.130893
2534 26 0.145498
2535 26 0.244594
2536 26 0.125846
2537 26 0.161725
2538 26 0.086641
2539 26 0.167042
2540 26 0.124137
2541 26 0.160410
2542 26 0.111397
2543 26 0.227528
2544 26 0.132296
2545 26 0.185872
2546 26 0.210257
2547 26 0.080761
2548 26 0.171609
2549 26 0.132373
2550 26 0.133016
2551 26 0.033329
2552 26 0.178928
2553 26 0.215983
2554 26 0.157232
2555 26 0.167192
2556 26 0.192843
2557 26 0.150404
2558 26 0.088689
2559 26 0.199637
2560 26 0.085805
2561 26 0.231392
2562 26 0.194877
2563 26 0.131780
2564 26 0.133853
2565 26 0.128405
2566 26 0.120022
2567 26 0.179653
2568 26 0.114496
2569 26 0.181036
2570 26 0.144681
2571 26 0.104700
2572 26 0.159312
2573 26 0.096980
2574 26 0.250188
2575 26 0.118462
2576 26 0.152913
2577 26 0.258693
2578 26 0.108221
2579 26 0.174411
2580 26 0.278520
2581 26 0.212057
2582 26 0.134878
2583 26 0.094899
2584 26 0.250988
2585 26 0.108782
2586 26 0.166938
2587 26 0.190697
2588 26 0.175754
2589 26 0.155554
2590 26 0.142706
2591 26 0.292976
2592 26 0.121993
2593 26 0.206660
2594 26 0.250727
2595 26 0.241701
2596 26 0.153798
2597 26 0.195089
2598 26 0.297459
2599 26 0.099884
2600 27 0.228455
2601 27 0.248544
2602 27 0.123024
2603 27 0.156749
2604 27 0.115693
2605 27 0.192782
2606 27 0.235900
2607 27 0.166875
2608 27 0.148670
2609 27 0.089795
2610 27 0.138255
2611 27 0.105306
2612 27 0.155666
2613 27 0.173700
2614 27 0.316303
2615 27 0.100088
2616 27 0.095534
2617 27 0.159438
2618 27 0.182282
2619 27 0.195419
2620 27 0.124403
2621 27 0.135247
2622 27 0.133167
2623 27 0.141552
2624 27 0.211999
2625 27 0.080376
2626 27 0.143972
2627 27 0.128082
2628 27 0.140247
2629 27 0.119777
2630 27 0.215723
2631 27 0.133996
2632 27 0.141965
2633 27 0.104992
2634 27 0.158825
2635 27 0.136315
2636 27 0.166706
2637 27 0.264729
2638 27 0.234933
2639 27 0.161609
2640 27 0.155839
2641 27 0.111347
2642 27 0.114961
2643 27 0.121249
2644 27 0.120483
2645 27 0.095763
2646 27 0.192920
2647 27 0.146117
2648 27 0.036641
2649 27 0.124261
2650 27 0.144885
2651 27 0.175265
2652 27 0.097521
2653 27 0.171314
2654 27 0.132371
2655 27 0.171295
2656 27 0.164505
2657 27 0.082678
2658 27 0.192042
2659 27 0.137080
2660 27 0.114449
2661 27 0.181669
2662 27 0.195878
2663 27 0.079128
2664 27 0.275264
2665 27 0.085464
2666 27 0.033266
2667 27 0.170374
2668 27 0.296010
2669 27 0.105480
2670 27 0.213797
2671 27 0.128854
2672 27 0.100072
2673 27 0.135985
2674 27 0.176253
2675 27 0.145080
2676 27 0.217027
2677 27 0.119409
2678 27 0.137991
2679 27 0.189103
2680 27 0.122331
2681 27 0.162492
2682 27 0.178359
2683 27 0.122734
2684 27 0.077596
2685 27 0.221486
2686 27 0.172616
2687 27 0.100759
2688 27 0.169977
2689 27 0.183708
2690 27 0.157658
2691 27 0.193676
2692 27 0.138827
2693 27 0.153845
2694 27 0.206743
2695 27 0.076184
2696 27 0.129343
2697 27 0.132457
2698 27 0.079116
2699 27 0.096621
2700 28 0.118403
2701 28 0.107252
2702 28 0.101432
2703 28 0.140716
2704 28 0.150641
2705 28 0.179220
2706 28 0.123677
2707 28 0.189536
2708 28 0.157069
2709 28 0.200087
2710 28 0.170320
2711 28 0.145283
2712 28 0.156249
2713 28 0.033217
2714 28 0.185382
2715 28 0.112464
2716 28 0.140171
2717 28 0.112879
2718 28 0.122210
2719 28 0.138243
2720 28 0.135364
2721 28 0.154875
2722 28 0.151148
2723 28 0.176175
2724 28 0.151307
2725 28 0.103232
2726 28 0.180835
2727 28 0.250828
2728 28 0.248920
2729 28 0.111381
2730 28 0.131000
2731 28 0.111334
2732 28 0.139352
2733 28 0.185564
2734 28 0.114026
2735 28 0.279635
2736 28 0.127608
2737 28 0.091475
2738 28 0.098685
2739 28 0.218465
2740 28 0.091941
2741 28 0.170692
2742 28 0.119035
2743 28 0.102832
2744 28 0.159964
2745 28 0.137482
2746 28 0.139914
2747 28 0.203902
2748 28 0.132146
2749 28 0.172827
2750 28 0.078518
2751 28 0.081217
2752 28 0.110147
2753 28 0.139027
2754 28 0.106779
2755 28 0.144449
2756 28 0.143111
2757 28 0.163315
2758 28 0.112295
2759 28 0.184408
2760 28 0.131920
2761 28 0.164981
2762 28 0.182138
2763 28 0.142537
2764 28 0.102975
2765 28 0.102152
2766 28 0.036526
2767 28 0.107758
2768 28 0.122298
2769 28 0.197766
2770 28 0.116669
2771 28 0.134381
2772 28 0.221277
2773 28 0.188503
2774 28 0.100547
2775 28 0.182124
2776 28 0.217178
2777 28 0.190562
2778 28 0.147160
2779 28 0.257223
2780 28 0.251890
2781 28 0.084897
2782 28 0.253564
2783 28 0.100273
2784 28 0.177003
2785 28 0.131187
2786 28 0.141746
2787 28 0.225474
2788 28 0.129615
2789 28 0.130526
2790 28 0.225929
2791 28 0.074286
2792 28 0.217815
2793 28 0.105828
2794 28 0.175785
2795 28 0.147470
2796 28 0.154804
2797 28 0.181981
2798 28 0.102080
2799 28 0.158814
2800 29 0.094910
2801 29 0.130295
2802 29 0.130511
2803 29 0.110390
2804 29 0.100716
2805 29 0.121579
2806 29 0.110110
2807 29 0.167405
2808 29 0.089729
2809 29 0.179135
2810 29 0.168727
2811 29 0.168293
2812 29 0.190709
2813 29 0.191439
2814 29 0.104470
2815 29 0.186623
2816 29 0.205318
2817 29 0.269410
2818 29 0.165139
2819 29 0.131300
2820 29 0.121200
2821 29 0.160404
2822 29 0.251709
2823 29 0.164629
2824 29 0.141748
2825 29 0.110145
2826 29 0.161736
2827 29 0.197215
2828 29 0.063630
2829 29 0.138307
2830 29 0.100851
2831 29 0.133384
2832 29 0.139632
2833 29 0.229158
2834 29 0.095323
2835 29 0.147658
2836 29 0.105349
2837 29 0.226156
2838 29 0.183534
2839 29 0.127258
2840 29 0.244459
2841 29 0.168680
2842 29 0.138052
2843 29 0.181722
2844 29 0.150407
2845 29 0.086710
2846 29 0.149521
2847 29 0.079925
2848 29 0.090779
2849 29 0.036502
2850 29 0.270131
2851 29 0.221303
2852 29 0.202649
2853 29 0.100735
2854 29 0.089480
2855 29 0.133321
2856 29 0.195843
2857 29 0.156362
2858 29 0.115149
2859 29 0.138054
2860 29 0.146964
2861 29 0.073399
2862 29 0.033139
2863 29 0.219722
2864 29 0.149679
2865 29 0.108165
2866 29 0.106052
2867 29 0.174096
2868 29 0.141125
2869 29 0.093883
2870 29 0.171196
2871 29 0.120013
2872 29 0.161386
2873 29 0.138810
2874 29 0.127352
2875 29 0.192214
2876 29 0.144660
2877 29 0.138348
2878 29 0.127960
2879 29 0.099633
2880 29 0.113103
2881 29 0.130082
2882 29 0.133635
2883 29 0.086227
2884 29 0.251300
2885 29 0.166767
2886 29 0.094682
2887 29 0.180423
2888 29 0.219195
2889 29 0.172694
2890 29 0.125224
2891 29 0.187997
2892 29 0.146615
2893 29 0.077354
2894 29 0.260601
2895 29 0.162982
2896 29 0.125193
2897 29 0.134521
2898 29 0.170393
2899 29 0.235833
2900 30 0.054734
2901 30 0.195423
2902 30 0.167744
2903 30 0.143167
2904 30 0.136984
2905 30 0.186757
2906 30 0.124339
2907 30 0.155403
2908 30 0.225496
2909 30 0.111038
2910 30 0.086489
2911 30 0.205003
2912 30 0.147454
2913 30 0.085768
2914 30 0.132505
2915 30 0.134205
2916 30 0.161311
2917 30 0.142931
2918 30 0.169496
2919 30 0.176729
2920 30 0.119450
2921 30 0.239423
2922 30 0.161387
2923 30 0.162729
2924 30 0.169034
2925 30 0.106495
2926 30 0.164309
2927 30 0.145608
2928 30 0.127808
2929 30 0.178121
2930 30 0.085526
2931 30 0.192119
2932 30 0.142350
2933 30 0.186245
2934 30 0.126349
2935 30 0.223283
2936 30 0.147756
2937 30 0.204091
2938 30 0.104492
2939 30 0.033046
2940 30 0.102399
2941 30 0.091475
2942 30 0.183705
2943 30 0.121302
2944 30 0.125324
2945 30 0.076974
2946 30 0.117070
2947 30 0.289079
2948 30 0.233293
2949 30 0.099263
2950 30 0.167521
2951 30 0.126518
2952 30 0.297749
2953 30 0.175739
2954 30 0.117358
2955 30 0.100867
2956 30 0.096274
2957 30 0.118930
2958 30 0.263303
2959 30 0.093533
2960 30 0.135920
2961 30 0.167828
2962 30 0.093641
2963 30 0.096466
2964 30 0.104147
2965 30 0.144582
2966 30 0.142344
2967 30 0.103644
2968 30 0.104322
2969 30 0.074555
2970 30 0.172316
2971 30 0.211434
2972 30 0.161155
2973 30 0.134057
2974 30 0.319711
2975 30 0.134722
2976 30 0.161284
2977 30 0.152126
2978 30 0.136336
2979 30 0.130116
2980 30 0.141219
2981 30 0.098082
2982 30 0.155361
2983 30 0.078352
2984 30 0.134619
2985 30 0.101513
2986 30 0.087325
2987 30 0.145489
2988 30 0.205584
2989 30 0.114727
2990 30 0.161457
2991 30 0.134417
2992 30 0.143015
2993 30 0.129071
2994 30 0.147331
2995 30 0.133238
2996 30 0.135770
2997 30 0.134914
2998 30 0.107212
2999 30 0.138309
