# Batch convergence for: model=snn-ae encoding=direct architecture=conv1d v_th=0.5 alpha=0.8 run=1
batch_num epoch batch_loss
0 1 1.193475
1 1 1.510065
2 1 0.928300
3 1 0.730027
4 1 0.842560
5 1 1.097400
6 1 1.192850
7 1 0.938014
8 1 0.600175
9 1 1.132147
10 1 0.901704
11 1 0.960418
12 1 1.077969
13 1 0.857772
14 1 0.557399
15 1 1.083469
16 1 1.081285
17 1 0.995280
18 1 1.043222
19 1 0.994023
20 1 0.939078
21 1 0.749248
22 1 1.048337
23 1 1.031336
24 1 0.892284
25 1 1.020510
26 1 1.097278
27 1 1.069989
28 1 0.037360
29 1 1.152628
30 1 1.065145
31 1 0.909764
32 1 1.209625
33 1 1.101778
34 1 1.169511
35 1 0.187809
36 1 1.245198
37 1 0.956947
38 1 0.792494
39 1 0.101927
40 1 0.501438
41 1 0.937133
42 1 0.971889
43 1 1.073722
44 1 0.836753
45 1 0.876548
46 1 0.887639
47 1 0.843728
48 1 1.001740
49 1 1.022876
50 1 0.834097
51 1 1.035861
52 1 1.112319
53 1 0.914488
54 1 0.953728
55 1 0.928829
56 1 1.015642
57 1 0.996311
58 1 0.134842
59 1 0.906939
60 1 0.972765
61 1 1.047602
62 1 1.009810
63 1 0.791569
64 1 1.078126
65 1 1.103382
66 1 0.734841
67 1 0.612929
68 1 0.983521
69 1 0.984217
70 1 0.985929
71 1 0.789307
72 1 0.751368
73 1 1.159666
74 1 0.911158
75 1 1.083179
76 1 1.165277
77 1 1.038767
78 1 1.180346
79 1 0.961614
80 1 0.994663
81 1 0.948734
82 1 0.174461
83 1 0.804923
84 1 0.958449
85 1 0.968205
86 1 0.187085
87 1 0.959740
88 1 0.985452
89 1 0.905179
90 1 0.876885
91 1 1.176535
92 1 0.864297
93 1 0.932990
94 1 0.562745
95 1 1.054396
96 1 0.917439
97 1 0.836541
98 1 1.058917
99 1 0.941083
100 2 1.029953
101 2 0.037974
102 2 1.001072
103 2 0.965527
104 2 0.975229
105 2 0.915844
106 2 1.055672
107 2 0.972457
108 2 0.973947
109 2 0.816420
110 2 0.942829
111 2 0.738036
112 2 1.015898
113 2 0.993989
114 2 0.886899
115 2 0.911497
116 2 0.962034
117 2 0.915363
118 2 0.811426
119 2 1.025044
120 2 0.948152
121 2 0.829563
122 2 0.650461
123 2 0.911317
124 2 0.620951
125 2 0.896048
126 2 0.971769
127 2 0.764283
128 2 1.009044
129 2 0.887029
130 2 0.982578
131 2 0.980946
132 2 0.991629
133 2 0.529348
134 2 0.998231
135 2 1.050093
136 2 0.186651
137 2 0.907836
138 2 1.025479
139 2 1.041186
140 2 0.126333
141 2 1.018613
142 2 1.055072
143 2 0.904988
144 2 0.987032
145 2 0.997746
146 2 1.010244
147 2 0.094596
148 2 0.948554
149 2 0.908030
150 2 0.763990
151 2 0.867548
152 2 0.881382
153 2 0.463602
154 2 0.917697
155 2 0.819076
156 2 0.661751
157 2 0.915994
158 2 0.798097
159 2 1.027725
160 2 0.593176
161 2 0.943511
162 2 0.148514
163 2 0.947780
164 2 0.827865
165 2 0.964938
166 2 0.768921
167 2 0.959322
168 2 0.957190
169 2 1.018199
170 2 0.965796
171 2 0.683844
172 2 0.935457
173 2 0.908410
174 2 0.974989
175 2 0.985702
176 2 0.970595
177 2 0.739802
178 2 0.929276
179 2 1.006661
180 2 0.906637
181 2 0.858143
182 2 0.101819
183 2 1.004577
184 2 0.946091
185 2 0.739886
186 2 0.891250
187 2 0.994719
188 2 1.021734
189 2 0.959079
190 2 0.938436
191 2 0.763050
192 2 1.004592
193 2 0.960073
194 2 0.914723
195 2 1.038994
196 2 0.935545
197 2 1.053572
198 2 0.461740
199 2 0.928352
200 3 1.086122
201 3 0.963483
202 3 0.563337
203 3 0.974453
204 3 0.777616
205 3 0.986563
206 3 1.043927
207 3 0.646331
208 3 0.934072
209 3 0.850580
210 3 0.994472
211 3 1.015776
212 3 1.048343
213 3 0.927116
214 3 1.011295
215 3 0.097773
216 3 0.946288
217 3 0.118464
218 3 0.916445
219 3 0.729521
220 3 0.778191
221 3 0.039015
222 3 0.767462
223 3 0.969938
224 3 0.968601
225 3 0.889353
226 3 0.994991
227 3 0.926879
228 3 0.910952
229 3 0.873863
230 3 0.981781
231 3 0.748418
232 3 0.292257
233 3 1.017899
234 3 0.978081
235 3 0.978364
236 3 0.914968
237 3 0.925018
238 3 0.991366
239 3 1.048898
240 3 0.912213
241 3 0.965116
242 3 0.953074
243 3 0.906958
244 3 0.959574
245 3 0.858728
246 3 1.011471
247 3 0.972027
248 3 1.061199
249 3 0.521858
250 3 0.910641
251 3 0.976325
252 3 0.709402
253 3 1.020321
254 3 0.967870
255 3 1.013257
256 3 0.533724
257 3 1.002352
258 3 0.971466
259 3 0.841529
260 3 0.956548
261 3 1.010564
262 3 1.030600
263 3 1.048318
264 3 0.915457
265 3 0.978620
266 3 0.919576
267 3 0.907948
268 3 0.952006
269 3 0.997652
270 3 0.638808
271 3 0.932959
272 3 1.070437
273 3 1.044787
274 3 0.753439
275 3 0.904465
276 3 0.728463
277 3 0.777478
278 3 0.995646
279 3 0.808596
280 3 0.070401
281 3 0.920977
282 3 0.927286
283 3 0.970823
284 3 0.625801
285 3 0.983152
286 3 0.943508
287 3 0.949899
288 3 0.926174
289 3 0.186652
290 3 0.897953
291 3 1.009685
292 3 0.960406
293 3 0.597783
294 3 0.773016
295 3 0.810155
296 3 0.952322
297 3 0.999764
298 3 0.794900
299 3 1.028674
300 4 0.993470
301 4 1.006591
302 4 0.929186
303 4 0.944725
304 4 0.186309
305 4 0.913365
306 4 0.890779
307 4 0.994276
308 4 0.973573
309 4 0.894682
310 4 0.984428
311 4 0.951797
312 4 0.617597
313 4 0.879271
314 4 0.810758
315 4 0.781559
316 4 0.613493
317 4 0.748111
318 4 0.827837
319 4 0.883515
320 4 1.010444
321 4 1.008383
322 4 0.931041
323 4 1.074196
324 4 0.942709
325 4 0.944137
326 4 0.544528
327 4 1.034087
328 4 0.748610
329 4 0.962400
330 4 0.998278
331 4 0.952335
332 4 1.005514
333 4 0.986872
334 4 0.505830
335 4 0.863646
336 4 0.582997
337 4 1.003751
338 4 0.902530
339 4 0.103194
340 4 0.961088
341 4 0.775292
342 4 0.957759
343 4 0.724278
344 4 0.608366
345 4 0.956257
346 4 0.976053
347 4 0.811415
348 4 0.944920
349 4 1.035729
350 4 0.946762
351 4 0.445515
352 4 0.962469
353 4 1.007505
354 4 0.734079
355 4 0.039924
356 4 0.914967
357 4 0.950171
358 4 0.927341
359 4 0.730022
360 4 0.710135
361 4 0.938926
362 4 0.799321
363 4 1.021329
364 4 0.945508
365 4 0.942067
366 4 0.941216
367 4 0.918492
368 4 0.779871
369 4 1.015546
370 4 0.795165
371 4 0.728773
372 4 0.967224
373 4 0.937963
374 4 0.935837
375 4 0.947396
376 4 0.946006
377 4 1.069688
378 4 0.118666
379 4 0.980326
380 4 0.936566
381 4 0.908641
382 4 1.090020
383 4 0.967451
384 4 0.927684
385 4 1.021986
386 4 0.906025
387 4 0.954587
388 4 0.846973
389 4 1.040713
390 4 0.959957
391 4 0.950506
392 4 0.102250
393 4 0.976401
394 4 0.943987
395 4 0.919456
396 4 0.879212
397 4 1.044932
398 4 0.933227
399 4 0.098655
400 5 0.953054
401 5 0.998008
402 5 0.586693
403 5 0.836139
404 5 1.085895
405 5 1.066081
406 5 0.926815
407 5 0.607424
408 5 0.883831
409 5 0.904113
410 5 0.978097
411 5 1.005093
412 5 0.098548
413 5 0.728142
414 5 0.931556
415 5 1.000139
416 5 0.783708
417 5 0.955899
418 5 0.974829
419 5 0.948284
420 5 0.926259
421 5 0.712787
422 5 0.876715
423 5 0.976892
424 5 0.809927
425 5 0.971973
426 5 0.186557
427 5 0.935753
428 5 0.909742
429 5 0.809773
430 5 0.954831
431 5 0.975279
432 5 1.089073
433 5 0.905867
434 5 0.749397
435 5 0.823930
436 5 0.912443
437 5 0.527915
438 5 0.649825
439 5 0.496810
440 5 0.939745
441 5 0.972389
442 5 0.930902
443 5 0.944324
444 5 0.902407
445 5 1.083090
446 5 0.902953
447 5 0.948080
448 5 0.943682
449 5 0.944484
450 5 0.958969
451 5 1.008524
452 5 0.916093
453 5 0.669551
454 5 1.052080
455 5 0.093999
456 5 0.797170
457 5 0.972951
458 5 0.980318
459 5 0.944731
460 5 0.949817
461 5 1.001436
462 5 1.029614
463 5 1.101160
464 5 0.918546
465 5 0.882571
466 5 0.888268
467 5 0.478388
468 5 0.759509
469 5 0.922604
470 5 1.023733
471 5 0.920870
472 5 0.708015
473 5 0.954548
474 5 0.040744
475 5 0.696439
476 5 0.995630
477 5 0.930479
478 5 0.765984
479 5 0.938295
480 5 0.958118
481 5 0.964226
482 5 0.955837
483 5 0.954952
484 5 0.779472
485 5 0.932559
486 5 0.976720
487 5 0.972862
488 5 0.775506
489 5 0.911245
490 5 0.858288
491 5 0.962605
492 5 1.098434
493 5 0.933668
494 5 0.119170
495 5 0.975399
496 5 0.939828
497 5 0.102507
498 5 0.479494
499 5 0.847105
500 6 0.098879
501 6 0.669791
502 6 0.102359
503 6 0.118945
504 6 1.102261
505 6 0.823689
506 6 0.608128
507 6 0.965758
508 6 0.774407
509 6 0.882124
510 6 0.961618
511 6 0.944973
512 6 0.923351
513 6 0.979897
514 6 1.024924
515 6 0.966634
516 6 0.801407
517 6 0.944068
518 6 0.186397
519 6 0.949801
520 6 0.999650
521 6 0.908294
522 6 0.943517
523 6 0.881663
524 6 0.922352
525 6 0.904746
526 6 0.784349
527 6 0.922986
528 6 0.965384
529 6 0.937256
530 6 0.993838
531 6 0.071055
532 6 0.987083
533 6 0.503992
534 6 0.459852
535 6 0.965005
536 6 0.916539
537 6 0.867504
538 6 0.940164
539 6 0.974645
540 6 0.906630
541 6 0.874297
542 6 0.927526
543 6 0.963990
544 6 0.772654
545 6 1.073192
546 6 0.983892
547 6 0.984921
548 6 0.910313
549 6 0.496676
550 6 0.915212
551 6 0.670913
552 6 0.881141
553 6 0.735757
554 6 0.913426
555 6 0.803553
556 6 0.879540
557 6 0.954946
558 6 0.996701
559 6 0.692167
560 6 0.944574
561 6 0.988087
562 6 0.999939
563 6 1.025683
564 6 0.605573
565 6 0.931991
566 6 0.931898
567 6 0.981345
568 6 1.031886
569 6 1.034720
570 6 0.597852
571 6 0.952769
572 6 0.897391
573 6 0.961774
574 6 0.948895
575 6 0.799272
576 6 0.675250
577 6 1.004703
578 6 0.750446
579 6 0.980345
580 6 1.024308
581 6 0.948252
582 6 0.966231
583 6 0.041600
584 6 1.122261
585 6 0.602808
586 6 0.866698
587 6 0.912376
588 6 0.433381
589 6 0.603052
590 6 0.900216
591 6 0.856569
592 6 0.911630
593 6 0.921372
594 6 0.945220
595 6 0.896686
596 6 0.949192
597 6 1.071134
598 6 0.759399
599 6 0.916201
600 7 0.099096
601 7 0.990266
602 7 0.873213
603 7 0.977769
604 7 0.710951
605 7 0.878185
606 7 0.935765
607 7 0.877337
608 7 0.942609
609 7 0.757896
610 7 0.988458
611 7 0.894454
612 7 0.940902
613 7 0.947764
614 7 0.071274
615 7 0.893931
616 7 0.882639
617 7 0.742850
618 7 0.986530
619 7 0.186762
620 7 0.588435
621 7 0.896954
622 7 0.863509
623 7 0.041516
624 7 0.947110
625 7 0.812526
626 7 0.987337
627 7 0.986370
628 7 0.744580
629 7 0.792882
630 7 1.131065
631 7 0.907847
632 7 0.102547
633 7 0.880837
634 7 0.986203
635 7 0.638621
636 7 0.604858
637 7 0.912187
638 7 0.867908
639 7 0.900826
640 7 0.764659
641 7 0.957511
642 7 0.936504
643 7 0.119051
644 7 0.825622
645 7 0.475535
646 7 0.925193
647 7 0.963244
648 7 0.918701
649 7 0.547743
650 7 0.934194
651 7 0.607351
652 7 0.948031
653 7 0.670856
654 7 0.870468
655 7 0.848968
656 7 0.920082
657 7 1.023396
658 7 0.969565
659 7 1.090091
660 7 0.894557
661 7 0.856913
662 7 0.966963
663 7 0.912360
664 7 0.912045
665 7 0.931735
666 7 0.817900
667 7 0.879031
668 7 0.935863
669 7 0.776110
670 7 0.941109
671 7 0.848159
672 7 0.942607
673 7 0.863764
674 7 0.916817
675 7 0.986647
676 7 0.948851
677 7 0.889593
678 7 0.979249
679 7 0.904208
680 7 0.558625
681 7 0.979542
682 7 0.891102
683 7 1.012637
684 7 0.910279
685 7 0.926117
686 7 0.983542
687 7 0.910326
688 7 0.758930
689 7 1.080702
690 7 0.531089
691 7 0.961364
692 7 0.765152
693 7 0.634934
694 7 0.952405
695 7 1.008208
696 7 1.000265
697 7 0.465505
698 7 1.016492
699 7 0.827551
700 8 0.970936
701 8 0.099363
702 8 0.943720
703 8 0.680756
704 8 0.798421
705 8 0.887436
706 8 0.671808
707 8 0.965945
708 8 0.950417
709 8 0.774641
710 8 1.000008
711 8 0.999836
712 8 0.563463
713 8 0.918600
714 8 0.917386
715 8 1.006130
716 8 0.906511
717 8 0.927178
718 8 0.605556
719 8 0.848247
720 8 0.947470
721 8 0.980501
722 8 0.922713
723 8 1.033252
724 8 0.927049
725 8 0.927364
726 8 0.972018
727 8 0.917395
728 8 0.542836
729 8 0.886483
730 8 0.819357
731 8 0.042360
732 8 1.003328
733 8 0.983844
734 8 0.812352
735 8 0.430432
736 8 0.924591
737 8 0.832003
738 8 0.834280
739 8 0.916426
740 8 0.072047
741 8 0.903424
742 8 0.855168
743 8 0.940659
744 8 0.925629
745 8 0.917257
746 8 0.676883
747 8 0.897777
748 8 0.851634
749 8 0.933646
750 8 0.745642
751 8 0.973731
752 8 0.954919
753 8 0.943822
754 8 0.966311
755 8 0.931275
756 8 0.989891
757 8 0.957396
758 8 0.865170
759 8 0.974527
760 8 0.898320
761 8 0.945780
762 8 0.916325
763 8 0.458146
764 8 0.955768
765 8 0.838524
766 8 0.878509
767 8 0.969845
768 8 0.930022
769 8 0.718696
770 8 0.954718
771 8 0.932754
772 8 1.024621
773 8 1.024447
774 8 0.948013
775 8 0.931888
776 8 0.927388
777 8 0.540151
778 8 0.187099
779 8 0.739932
780 8 0.905545
781 8 0.168327
782 8 0.699192
783 8 0.499235
784 8 0.535437
785 8 0.844863
786 8 1.161188
787 8 0.930852
788 8 0.770117
789 8 0.493254
790 8 1.036792
791 8 1.000534
792 8 0.916543
793 8 0.945054
794 8 0.888309
795 8 0.760098
796 8 0.953214
797 8 0.103194
798 8 0.962128
799 8 0.878136
800 9 0.960210
801 9 0.741695
802 9 0.907136
803 9 0.951628
804 9 0.937602
805 9 0.827437
806 9 0.971330
807 9 0.513709
808 9 0.795427
809 9 0.820509
810 9 0.912954
811 9 0.864340
812 9 0.969532
813 9 0.944983
814 9 0.923327
815 9 0.763335
816 9 0.949839
817 9 0.971943
818 9 0.954604
819 9 0.511576
820 9 0.854438
821 9 0.119085
822 9 0.072133
823 9 0.948665
824 9 0.916283
825 9 0.969570
826 9 0.915431
827 9 0.901773
828 9 0.990378
829 9 0.955918
830 9 0.554713
831 9 0.944340
832 9 0.935967
833 9 0.429245
834 9 0.959018
835 9 0.599559
836 9 0.921099
837 9 0.880798
838 9 1.045880
839 9 0.862372
840 9 0.957096
841 9 0.905597
842 9 0.958459
843 9 0.797146
844 9 0.883559
845 9 0.577092
846 9 0.867588
847 9 1.052602
848 9 0.503070
849 9 1.093387
850 9 0.713174
851 9 0.922403
852 9 0.916776
853 9 1.051617
854 9 0.817004
855 9 0.848956
856 9 0.214600
857 9 1.005222
858 9 0.931211
859 9 0.878799
860 9 0.864234
861 9 0.999276
862 9 0.940278
863 9 0.905956
864 9 0.598738
865 9 0.952655
866 9 1.027191
867 9 0.937261
868 9 1.026045
869 9 0.043405
870 9 0.888086
871 9 0.103469
872 9 0.848423
873 9 0.881880
874 9 0.933189
875 9 0.944163
876 9 0.644707
877 9 0.845678
878 9 0.963723
879 9 0.886890
880 9 0.850696
881 9 0.939489
882 9 0.942650
883 9 0.997261
884 9 0.925901
885 9 0.918931
886 9 0.559668
887 9 0.736724
888 9 0.891907
889 9 0.516711
890 9 0.822608
891 9 0.904316
892 9 1.092127
893 9 0.566209
894 9 0.099939
895 9 0.619203
896 9 0.769915
897 9 0.848037
898 9 0.906274
899 9 0.862971
900 10 1.147997
901 10 0.685473
902 10 0.495354
903 10 0.831524
904 10 0.856138
905 10 0.962884
906 10 0.457344
907 10 0.898848
908 10 0.043239
909 10 0.998274
910 10 0.186777
911 10 0.972669
912 10 0.604880
913 10 0.948534
914 10 0.823916
915 10 0.941349
916 10 1.042481
917 10 0.754857
918 10 0.941963
919 10 0.822571
920 10 0.781618
921 10 0.895118
922 10 0.992918
923 10 0.960654
924 10 0.872091
925 10 0.900066
926 10 0.797647
927 10 0.809013
928 10 0.852690
929 10 0.806966
930 10 0.912520
931 10 0.906599
932 10 0.978513
933 10 0.072783
934 10 0.916329
935 10 0.473057
936 10 0.894423
937 10 0.961333
938 10 0.874207
939 10 0.745548
940 10 0.859745
941 10 0.964725
942 10 0.965160
943 10 0.716596
944 10 0.943825
945 10 0.912023
946 10 0.947426
947 10 1.102323
948 10 0.444087
949 10 0.899487
950 10 0.811479
951 10 0.920668
952 10 0.769945
953 10 0.947222
954 10 0.948741
955 10 0.958410
956 10 0.916527
957 10 0.570501
958 10 0.906291
959 10 0.844741
960 10 0.601996
961 10 0.893266
962 10 0.931241
963 10 0.989091
964 10 0.747693
965 10 0.736912
966 10 0.883464
967 10 0.832760
968 10 0.941589
969 10 0.939817
970 10 0.426002
971 10 0.802683
972 10 0.868964
973 10 0.427163
974 10 0.888592
975 10 0.849643
976 10 0.924650
977 10 0.948339
978 10 0.892077
979 10 0.957330
980 10 0.851675
981 10 0.119765
982 10 0.778896
983 10 0.572539
984 10 1.001734
985 10 0.849289
986 10 0.994521
987 10 0.882263
988 10 1.026648
989 10 1.043410
990 10 0.103277
991 10 0.678913
992 10 0.783335
993 10 0.100050
994 10 0.901964
995 10 0.983352
996 10 0.915741
997 10 0.996270
998 10 1.012670
999 10 0.803340
1000 11 0.908545
1001 11 0.788446
1002 11 0.843595
1003 11 0.919499
1004 11 0.900294
1005 11 0.753821
1006 11 0.573105
1007 11 0.989384
1008 11 0.859989
1009 11 0.827083
1010 11 0.752151
1011 11 0.790519
1012 11 0.849567
1013 11 0.936062
1014 11 0.043253
1015 11 0.968400
1016 11 0.927732
1017 11 0.772014
1018 11 0.917705
1019 11 0.881542
1020 11 0.848475
1021 11 0.747157
1022 11 0.897892
1023 11 0.915716
1024 11 0.834906
1025 11 0.872895
1026 11 0.792814
1027 11 0.768370
1028 11 0.925837
1029 11 0.982578
1030 11 0.833068
1031 11 0.864116
1032 11 0.933694
1033 11 0.971196
1034 11 0.746772
1035 11 0.874878
1036 11 0.752841
1037 11 0.715423
1038 11 0.666442
1039 11 0.892300
1040 11 0.889568
1041 11 0.870291
1042 11 0.995493
1043 11 0.930267
1044 11 0.728893
1045 11 0.119701
1046 11 0.470488
1047 11 0.862810
1048 11 0.790417
1049 11 0.993010
1050 11 0.590658
1051 11 0.964654
1052 11 0.072688
1053 11 0.872462
1054 11 0.872104
1055 11 0.103573
1056 11 1.127778
1057 11 0.494000
1058 11 0.991019
1059 11 0.677388
1060 11 0.920019
1061 11 0.743850
1062 11 0.969513
1063 11 0.949526
1064 11 0.525065
1065 11 0.897945
1066 11 0.963865
1067 11 0.907526
1068 11 1.033074
1069 11 0.873950
1070 11 0.527341
1071 11 0.870739
1072 11 1.028669
1073 11 0.909073
1074 11 0.874020
1075 11 0.187077
1076 11 0.958260
1077 11 0.961613
1078 11 0.745271
1079 11 0.941431
1080 11 0.853438
1081 11 0.554761
1082 11 0.938174
1083 11 0.968275
1084 11 0.782562
1085 11 0.603197
1086 11 0.878898
1087 11 0.100247
1088 11 0.955141
1089 11 0.888774
1090 11 0.504444
1091 11 0.919275
1092 11 0.957317
1093 11 0.932846
1094 11 0.899611
1095 11 0.917051
1096 11 0.778328
1097 11 0.924744
1098 11 0.596490
1099 11 0.963015
1100 12 0.746878
1101 12 0.841725
1102 12 0.839968
1103 12 0.759003
1104 12 0.930485
1105 12 0.043631
1106 12 0.894648
1107 12 0.103227
1108 12 0.721181
1109 12 1.000783
1110 12 0.925056
1111 12 0.878409
1112 12 0.848877
1113 12 0.974744
1114 12 0.896693
1115 12 0.984852
1116 12 0.534956
1117 12 0.930803
1118 12 0.921948
1119 12 0.928593
1120 12 0.889872
1121 12 0.186823
1122 12 0.726191
1123 12 0.956029
1124 12 0.458538
1125 12 0.772272
1126 12 0.721632
1127 12 0.878174
1128 12 0.994744
1129 12 0.886909
1130 12 0.869778
1131 12 0.798881
1132 12 0.901248
1133 12 0.923569
1134 12 0.767888
1135 12 0.805671
1136 12 0.926988
1137 12 0.782312
1138 12 0.631682
1139 12 0.505798
1140 12 0.908839
1141 12 0.928116
1142 12 0.919041
1143 12 0.902526
1144 12 0.747635
1145 12 0.674641
1146 12 0.934813
1147 12 0.725588
1148 12 0.631241
1149 12 0.948043
1150 12 0.915185
1151 12 0.920250
1152 12 0.679982
1153 12 0.890569
1154 12 0.099895
1155 12 0.411548
1156 12 0.926913
1157 12 0.952235
1158 12 0.403658
1159 12 0.974230
1160 12 0.956807
1161 12 0.947739
1162 12 0.116986
1163 12 0.981276
1164 12 0.952263
1165 12 0.781857
1166 12 0.504448
1167 12 0.935735
1168 12 0.947597
1169 12 0.792638
1170 12 0.780487
1171 12 0.980341
1172 12 0.852132
1173 12 0.789848
1174 12 0.919858
1175 12 0.806585
1176 12 0.906694
1177 12 0.875655
1178 12 0.748768
1179 12 0.875098
1180 12 0.855155
1181 12 0.877333
1182 12 0.920613
1183 12 0.565478
1184 12 0.883693
1185 12 0.915273
1186 12 0.664286
1187 12 0.929429
1188 12 0.878640
1189 12 0.828532
1190 12 0.790898
1191 12 0.928452
1192 12 0.890911
1193 12 0.456496
1194 12 0.120392
1195 12 0.852860
1196 12 0.819395
1197 12 0.937600
1198 12 0.888050
1199 12 1.014616
1200 13 0.521453
1201 13 0.747562
1202 13 0.715591
1203 13 0.493141
1204 13 0.902284
1205 13 0.836351
1206 13 0.868350
1207 13 0.932791
1208 13 0.923347
1209 13 0.968071
1210 13 0.930112
1211 13 0.789038
1212 13 0.945333
1213 13 0.859337
1214 13 0.914970
1215 13 1.014529
1216 13 0.919331
1217 13 0.878476
1218 13 0.699300
1219 13 0.910041
1220 13 0.911403
1221 13 0.940718
1222 13 0.734011
1223 13 0.760061
1224 13 0.898127
1225 13 0.506301
1226 13 0.821428
1227 13 0.889633
1228 13 0.985232
1229 13 0.187070
1230 13 0.846358
1231 13 0.499356
1232 13 0.154763
1233 13 1.010313
1234 13 0.829408
1235 13 0.764697
1236 13 0.520569
1237 13 0.982344
1238 13 0.779880
1239 13 0.789731
1240 13 0.917544
1241 13 0.878894
1242 13 0.831857
1243 13 0.073436
1244 13 0.879509
1245 13 0.376413
1246 13 0.965138
1247 13 0.973411
1248 13 0.955612
1249 13 0.617343
1250 13 0.830498
1251 13 0.925075
1252 13 0.905226
1253 13 0.597394
1254 13 0.831818
1255 13 0.884135
1256 13 0.952919
1257 13 0.748887
1258 13 0.889110
1259 13 0.657105
1260 13 0.997280
1261 13 0.907326
1262 13 0.906208
1263 13 0.900654
1264 13 0.744493
1265 13 0.957291
1266 13 0.565843
1267 13 0.724060
1268 13 0.875926
1269 13 0.910784
1270 13 0.970639
1271 13 0.947912
1272 13 0.979099
1273 13 0.866282
1274 13 0.824134
1275 13 0.861947
1276 13 1.007834
1277 13 0.926491
1278 13 0.903766
1279 13 0.798020
1280 13 0.822261
1281 13 0.873981
1282 13 0.768069
1283 13 0.785828
1284 13 0.873566
1285 13 0.917546
1286 13 0.820544
1287 13 0.043911
1288 13 0.480578
1289 13 1.092308
1290 13 0.671239
1291 13 0.100342
1292 13 0.776250
1293 13 0.503702
1294 13 0.831922
1295 13 0.796226
1296 13 0.936739
1297 13 0.120432
1298 13 0.749024
1299 13 0.813599
1300 14 0.976281
1301 14 0.854332
1302 14 0.768333
1303 14 1.093908
1304 14 0.428607
1305 14 0.832528
1306 14 0.847575
1307 14 0.609945
1308 14 0.848348
1309 14 1.046424
1310 14 0.927964
1311 14 0.763771
1312 14 0.043703
1313 14 0.773103
1314 14 0.861874
1315 14 0.682648
1316 14 0.962620
1317 14 0.073312
1318 14 0.941970
1319 14 0.533827
1320 14 0.626053
1321 14 0.801167
1322 14 0.321309
1323 14 0.675214
1324 14 0.279676
1325 14 0.755413
1326 14 0.815842
1327 14 0.906728
1328 14 0.801455
1329 14 0.902644
1330 14 0.885692
1331 14 0.944924
1332 14 0.971270
1333 14 0.864161
1334 14 0.817652
1335 14 0.871174
1336 14 0.815194
1337 14 0.818955
1338 14 0.919004
1339 14 0.979053
1340 14 0.493885
1341 14 0.610764
1342 14 0.455267
1343 14 0.934118
1344 14 0.925856
1345 14 0.935001
1346 14 0.935802
1347 14 0.900570
1348 14 0.780078
1349 14 0.926497
1350 14 0.949992
1351 14 0.886726
1352 14 0.928082
1353 14 0.973483
1354 14 0.984992
1355 14 0.855919
1356 14 0.972636
1357 14 0.913662
1358 14 0.916063
1359 14 1.082875
1360 14 0.831122
1361 14 0.847962
1362 14 0.887174
1363 14 0.672315
1364 14 0.866621
1365 14 0.809217
1366 14 0.737025
1367 14 0.920511
1368 14 0.100444
1369 14 0.120491
1370 14 0.795050
1371 14 0.909757
1372 14 0.903686
1373 14 0.895436
1374 14 0.884693
1375 14 0.819257
1376 14 0.764653
1377 14 0.798741
1378 14 0.562228
1379 14 0.777097
1380 14 0.913801
1381 14 0.924843
1382 14 0.780424
1383 14 0.102505
1384 14 0.851774
1385 14 0.925704
1386 14 0.859787
1387 14 0.222913
1388 14 0.939798
1389 14 0.629087
1390 14 0.549660
1391 14 0.975629
1392 14 0.727089
1393 14 0.719644
1394 14 0.809249
1395 14 0.804831
1396 14 0.888638
1397 14 0.546128
1398 14 0.855929
1399 14 0.904168
1400 15 0.848124
1401 15 0.734827
1402 15 0.089815
1403 15 0.924530
1404 15 0.474345
1405 15 0.792920
1406 15 0.969165
1407 15 0.863563
1408 15 0.849658
1409 15 0.732473
1410 15 0.753659
1411 15 0.758673
1412 15 0.883490
1413 15 0.901418
1414 15 0.816144
1415 15 0.493965
1416 15 0.508933
1417 15 0.884101
1418 15 0.338896
1419 15 1.011658
1420 15 0.982866
1421 15 0.845996
1422 15 0.927549
1423 15 0.896411
1424 15 0.978682
1425 15 0.680771
1426 15 0.102457
1427 15 0.609851
1428 15 0.927184
1429 15 0.977267
1430 15 0.735481
1431 15 0.975521
1432 15 0.143262
1433 15 0.340839
1434 15 0.187022
1435 15 0.971396
1436 15 0.602196
1437 15 0.768997
1438 15 0.909502
1439 15 0.749695
1440 15 0.877325
1441 15 0.884397
1442 15 0.876042
1443 15 0.821282
1444 15 0.697422
1445 15 1.149239
1446 15 0.773193
1447 15 0.932761
1448 15 0.899959
1449 15 0.888094
1450 15 0.942065
1451 15 0.893478
1452 15 0.685563
1453 15 1.009302
1454 15 0.905517
1455 15 1.054108
1456 15 0.583920
1457 15 0.449339
1458 15 0.295350
1459 15 0.780227
1460 15 0.955147
1461 15 0.707649
1462 15 0.100380
1463 15 0.266854
1464 15 0.867162
1465 15 0.968764
1466 15 0.927462
1467 15 0.932220
1468 15 0.898917
1469 15 0.945802
1470 15 0.926069
1471 15 0.868043
1472 15 0.851547
1473 15 0.680301
1474 15 0.801939
1475 15 0.857154
1476 15 0.640415
1477 15 0.887430
1478 15 0.957708
1479 15 0.938716
1480 15 0.906186
1481 15 0.780261
1482 15 0.774871
1483 15 0.789645
1484 15 0.900617
1485 15 0.906098
1486 15 0.074026
1487 15 0.848478
1488 15 0.682764
1489 15 0.917365
1490 15 0.794385
1491 15 0.927155
1492 15 0.886648
1493 15 0.920944
1494 15 0.770506
1495 15 0.850902
1496 15 0.952548
1497 15 0.919343
1498 15 0.957777
1499 15 0.486454
1500 16 0.882695
1501 16 0.186798
1502 16 0.879925
1503 16 0.882194
1504 16 0.509911
1505 16 0.043963
1506 16 0.302808
1507 16 0.741902
1508 16 0.794726
1509 16 0.102158
1510 16 0.708792
1511 16 0.728652
1512 16 0.829146
1513 16 0.791499
1514 16 0.794726
1515 16 0.834457
1516 16 0.961598
1517 16 1.003980
1518 16 0.855153
1519 16 0.917202
1520 16 0.073966
1521 16 0.985662
1522 16 0.937843
1523 16 0.822343
1524 16 0.536327
1525 16 0.895169
1526 16 0.668482
1527 16 0.865329
1528 16 0.127899
1529 16 0.714847
1530 16 0.401531
1531 16 0.790431
1532 16 0.485078
1533 16 0.262923
1534 16 0.944108
1535 16 0.736036
1536 16 0.914789
1537 16 0.931560
1538 16 0.698237
1539 16 0.940736
1540 16 0.885429
1541 16 0.915903
1542 16 0.959926
1543 16 0.872960
1544 16 0.899814
1545 16 0.564700
1546 16 0.780018
1547 16 0.878276
1548 16 0.815535
1549 16 0.893547
1550 16 0.858000
1551 16 0.952356
1552 16 0.857651
1553 16 0.800096
1554 16 0.843518
1555 16 0.949159
1556 16 0.760030
1557 16 0.666978
1558 16 0.446109
1559 16 0.704697
1560 16 0.867723
1561 16 0.807602
1562 16 0.997443
1563 16 0.835275
1564 16 0.757919
1565 16 0.925555
1566 16 0.869066
1567 16 0.934902
1568 16 0.954393
1569 16 0.807944
1570 16 0.763099
1571 16 1.000000
1572 16 0.871389
1573 16 0.898848
1574 16 0.619812
1575 16 0.819778
1576 16 0.839919
1577 16 0.886575
1578 16 1.063748
1579 16 0.896440
1580 16 0.716225
1581 16 0.981686
1582 16 0.915342
1583 16 0.667986
1584 16 0.813698
1585 16 0.739276
1586 16 0.701675
1587 16 1.028191
1588 16 1.010345
1589 16 0.908547
1590 16 0.973947
1591 16 0.515693
1592 16 0.100166
1593 16 0.886573
1594 16 0.914883
1595 16 0.595708
1596 16 0.888303
1597 16 0.863692
1598 16 0.689508
1599 16 0.810487
1600 17 0.313466
1601 17 0.603986
1602 17 0.886838
1603 17 0.824277
1604 17 0.436787
1605 17 0.917820
1606 17 0.982675
1607 17 0.684921
1608 17 1.001853
1609 17 0.911786
1610 17 0.907230
1611 17 0.682011
1612 17 0.928288
1613 17 1.004058
1614 17 0.884427
1615 17 0.721733
1616 17 0.958033
1617 17 0.820621
1618 17 1.074071
1619 17 0.835995
1620 17 0.982461
1621 17 0.846960
1622 17 0.961812
1623 17 0.704237
1624 17 0.877360
1625 17 0.074222
1626 17 0.840198
1627 17 0.941057
1628 17 0.934568
1629 17 0.965528
1630 17 0.887246
1631 17 0.950807
1632 17 0.399066
1633 17 0.706883
1634 17 0.572252
1635 17 1.087600
1636 17 0.749068
1637 17 0.825920
1638 17 0.860609
1639 17 0.784932
1640 17 0.917548
1641 17 0.954544
1642 17 0.694339
1643 17 0.059381
1644 17 0.971748
1645 17 0.100207
1646 17 0.876772
1647 17 0.875328
1648 17 0.950073
1649 17 0.897138
1650 17 0.774352
1651 17 0.669730
1652 17 0.529653
1653 17 0.665287
1654 17 0.811494
1655 17 0.850524
1656 17 0.578916
1657 17 0.748789
1658 17 0.883297
1659 17 1.003644
1660 17 0.867069
1661 17 0.789971
1662 17 0.851350
1663 17 0.932935
1664 17 0.867564
1665 17 0.715477
1666 17 0.529914
1667 17 0.785475
1668 17 0.768355
1669 17 0.882193
1670 17 0.536420
1671 17 0.717189
1672 17 0.868304
1673 17 1.085412
1674 17 0.929212
1675 17 0.826942
1676 17 0.859882
1677 17 0.908909
1678 17 0.859995
1679 17 0.101590
1680 17 1.057636
1681 17 0.680375
1682 17 0.771687
1683 17 0.924044
1684 17 0.859543
1685 17 0.922484
1686 17 0.845450
1687 17 0.121065
1688 17 0.504324
1689 17 0.732928
1690 17 0.997292
1691 17 0.874495
1692 17 0.952156
1693 17 0.436386
1694 17 0.616607
1695 17 0.205157
1696 17 0.900934
1697 17 0.864765
1698 17 0.750854
1699 17 0.936411
1700 18 0.087982
1701 18 0.776859
1702 18 0.986972
1703 18 0.803442
1704 18 0.734635
1705 18 0.866306
1706 18 0.896880
1707 18 0.954003
1708 18 0.909432
1709 18 0.842651
1710 18 0.908104
1711 18 0.961839
1712 18 0.100140
1713 18 0.895599
1714 18 0.804808
1715 18 0.937302
1716 18 1.021267
1717 18 0.956065
1718 18 0.665916
1719 18 0.892987
1720 18 0.669297
1721 18 0.674233
1722 18 0.801272
1723 18 0.619957
1724 18 0.818257
1725 18 0.811522
1726 18 0.185811
1727 18 0.964606
1728 18 0.944581
1729 18 0.591876
1730 18 0.977763
1731 18 0.968755
1732 18 0.791746
1733 18 0.864274
1734 18 0.909798
1735 18 0.647597
1736 18 0.836769
1737 18 0.506889
1738 18 0.449555
1739 18 0.703670
1740 18 1.005990
1741 18 0.868822
1742 18 0.285084
1743 18 0.148421
1744 18 0.937626
1745 18 0.960477
1746 18 0.896241
1747 18 0.688395
1748 18 0.721265
1749 18 0.970286
1750 18 0.900347
1751 18 0.861108
1752 18 0.829895
1753 18 0.883004
1754 18 0.751320
1755 18 0.101478
1756 18 0.874331
1757 18 0.928089
1758 18 0.877722
1759 18 0.748561
1760 18 0.836678
1761 18 0.657148
1762 18 0.909458
1763 18 0.854628
1764 18 0.760446
1765 18 0.637438
1766 18 0.859649
1767 18 0.863838
1768 18 0.902052
1769 18 0.853541
1770 18 0.849442
1771 18 0.827746
1772 18 0.899228
1773 18 0.639912
1774 18 0.825164
1775 18 0.963542
1776 18 0.866049
1777 18 0.802802
1778 18 0.784397
1779 18 0.854209
1780 18 0.908245
1781 18 0.841602
1782 18 0.478505
1783 18 0.990623
1784 18 0.844720
1785 18 0.401799
1786 18 0.044285
1787 18 0.703947
1788 18 0.871234
1789 18 0.932281
1790 18 0.961148
1791 18 0.697827
1792 18 0.648881
1793 18 0.581103
1794 18 0.572142
1795 18 0.720582
1796 18 0.271395
1797 18 0.635532
1798 18 0.967495
1799 18 0.774674
1800 19 0.832868
1801 19 0.843082
1802 19 0.810009
1803 19 0.832205
1804 19 0.470206
1805 19 0.768007
1806 19 0.760564
1807 19 0.849988
1808 19 0.820726
1809 19 0.732720
1810 19 0.185632
1811 19 0.795732
1812 19 0.863147
1813 19 0.609067
1814 19 0.824910
1815 19 0.525174
1816 19 0.998009
1817 19 0.840073
1818 19 0.526143
1819 19 0.731956
1820 19 0.609135
1821 19 1.174268
1822 19 0.894695
1823 19 0.401057
1824 19 0.938778
1825 19 0.976354
1826 19 0.802847
1827 19 0.971967
1828 19 0.769837
1829 19 0.973515
1830 19 0.834168
1831 19 0.929015
1832 19 0.760978
1833 19 0.729048
1834 19 0.993818
1835 19 0.297633
1836 19 0.761387
1837 19 0.579590
1838 19 0.842273
1839 19 0.904561
1840 19 0.867980
1841 19 0.670650
1842 19 0.854984
1843 19 0.968281
1844 19 0.597000
1845 19 0.074690
1846 19 0.749910
1847 19 0.911354
1848 19 0.044737
1849 19 0.886501
1850 19 0.952819
1851 19 0.229211
1852 19 0.601694
1853 19 0.795524
1854 19 0.770265
1855 19 1.015528
1856 19 0.990023
1857 19 0.748868
1858 19 0.893108
1859 19 0.899683
1860 19 1.028705
1861 19 0.611307
1862 19 0.911547
1863 19 0.916861
1864 19 0.764531
1865 19 0.853447
1866 19 0.891984
1867 19 0.625198
1868 19 1.068365
1869 19 0.968224
1870 19 0.798637
1871 19 0.776023
1872 19 0.157234
1873 19 0.881328
1874 19 1.013314
1875 19 0.892212
1876 19 0.884397
1877 19 0.648861
1878 19 0.788832
1879 19 0.879190
1880 19 0.810158
1881 19 0.469280
1882 19 0.753780
1883 19 0.766088
1884 19 0.761376
1885 19 0.885207
1886 19 0.882910
1887 19 0.856296
1888 19 0.101606
1889 19 0.830582
1890 19 0.921705
1891 19 0.629475
1892 19 1.076671
1893 19 0.952350
1894 19 0.967562
1895 19 0.100427
1896 19 0.959057
1897 19 0.760440
1898 19 0.581716
1899 19 0.469802
1900 20 0.870253
1901 20 0.843984
1902 20 0.074700
1903 20 0.809941
1904 20 0.960244
1905 20 0.917383
1906 20 0.101316
1907 20 0.803440
1908 20 0.933252
1909 20 0.953591
1910 20 1.007222
1911 20 0.185744
1912 20 0.890925
1913 20 0.121703
1914 20 0.860130
1915 20 0.925521
1916 20 0.899002
1917 20 0.861366
1918 20 0.831142
1919 20 0.493666
1920 20 0.943930
1921 20 0.745290
1922 20 0.876804
1923 20 0.926285
1924 20 0.954345
1925 20 0.932310
1926 20 0.871437
1927 20 0.987492
1928 20 0.891043
1929 20 0.832304
1930 20 0.771173
1931 20 0.956090
1932 20 0.816433
1933 20 0.826687
1934 20 0.923261
1935 20 0.874002
1936 20 0.752067
1937 20 0.566197
1938 20 0.862984
1939 20 0.931476
1940 20 0.931748
1941 20 0.814568
1942 20 0.942137
1943 20 0.760864
1944 20 0.465218
1945 20 0.332800
1946 20 0.956133
1947 20 0.523308
1948 20 0.998079
1949 20 0.939841
1950 20 0.544795
1951 20 0.697566
1952 20 0.895785
1953 20 0.879098
1954 20 0.817275
1955 20 0.938228
1956 20 0.519799
1957 20 0.749403
1958 20 0.614066
1959 20 0.556390
1960 20 0.936547
1961 20 0.572438
1962 20 0.788170
1963 20 0.298999
1964 20 0.752222
1965 20 0.774870
1966 20 0.100333
1967 20 0.957530
1968 20 0.559025
1969 20 0.756244
1970 20 0.863628
1971 20 0.856347
1972 20 0.942134
1973 20 0.789392
1974 20 1.038058
1975 20 0.698188
1976 20 0.796165
1977 20 0.967647
1978 20 0.779854
1979 20 0.818253
1980 20 0.606252
1981 20 0.858007
1982 20 0.865349
1983 20 0.927704
1984 20 0.634115
1985 20 0.943761
1986 20 0.879400
1987 20 0.418442
1988 20 0.978305
1989 20 0.943570
1990 20 0.863461
1991 20 0.056756
1992 20 0.840202
1993 20 0.419186
1994 20 1.007259
1995 20 0.879851
1996 20 0.824713
1997 20 0.719817
1998 20 0.508913
1999 20 0.738211
2000 21 0.795496
2001 21 0.923279
2002 21 0.589202
2003 21 0.798753
2004 21 0.960351
2005 21 0.644434
2006 21 0.503430
2007 21 0.897946
2008 21 0.121490
2009 21 0.945758
2010 21 0.850838
2011 21 0.803570
2012 21 0.977090
2013 21 0.924213
2014 21 0.963121
2015 21 0.865369
2016 21 0.459503
2017 21 0.904415
2018 21 0.925526
2019 21 0.931301
2020 21 0.940806
2021 21 0.869919
2022 21 0.816575
2023 21 0.713775
2024 21 0.757219
2025 21 0.786594
2026 21 0.936536
2027 21 0.870522
2028 21 0.880997
2029 21 0.432063
2030 21 0.713820
2031 21 0.845115
2032 21 0.905071
2033 21 0.751286
2034 21 0.890462
2035 21 0.775819
2036 21 0.888135
2037 21 0.336439
2038 21 0.958171
2039 21 0.768057
2040 21 0.831070
2041 21 0.044885
2042 21 0.556008
2043 21 0.673989
2044 21 0.451977
2045 21 0.908553
2046 21 0.876856
2047 21 0.945936
2048 21 0.580074
2049 21 0.914295
2050 21 0.946612
2051 21 0.626572
2052 21 0.100204
2053 21 0.832914
2054 21 0.931031
2055 21 0.630077
2056 21 0.971533
2057 21 0.795036
2058 21 0.549846
2059 21 0.878143
2060 21 0.744668
2061 21 0.348379
2062 21 1.107691
2063 21 0.746005
2064 21 0.754363
2065 21 0.928800
2066 21 1.001231
2067 21 0.938217
2068 21 0.668991
2069 21 0.782055
2070 21 0.908278
2071 21 0.960446
2072 21 0.662826
2073 21 0.783725
2074 21 0.878103
2075 21 0.859500
2076 21 0.533335
2077 21 0.778216
2078 21 0.831118
2079 21 0.916704
2080 21 0.870430
2081 21 0.869501
2082 21 0.998430
2083 21 0.984771
2084 21 0.688229
2085 21 0.595713
2086 21 0.891344
2087 21 0.902383
2088 21 0.860985
2089 21 0.892021
2090 21 0.305837
2091 21 0.185903
2092 21 0.862769
2093 21 0.790622
2094 21 0.075239
2095 21 0.680340
2096 21 1.003967
2097 21 0.791424
2098 21 0.891802
2099 21 0.101096
2100 22 0.975068
2101 22 0.910611
2102 22 0.913987
2103 22 0.798189
2104 22 0.982078
2105 22 0.812875
2106 22 0.861767
2107 22 0.989663
2108 22 0.959248
2109 22 0.646713
2110 22 0.841308
2111 22 0.903479
2112 22 0.432990
2113 22 0.775237
2114 22 0.206385
2115 22 0.668608
2116 22 0.736484
2117 22 0.883886
2118 22 0.839278
2119 22 0.814311
2120 22 0.897321
2121 22 0.876971
2122 22 0.864025
2123 22 0.727280
2124 22 0.599912
2125 22 0.838931
2126 22 0.975244
2127 22 0.397684
2128 22 0.956625
2129 22 0.866722
2130 22 0.100834
2131 22 0.933592
2132 22 0.500719
2133 22 0.821880
2134 22 0.890199
2135 22 0.924001
2136 22 0.800566
2137 22 0.872643
2138 22 0.505240
2139 22 0.665394
2140 22 0.960607
2141 22 0.608071
2142 22 0.515149
2143 22 0.757014
2144 22 0.817043
2145 22 0.089975
2146 22 0.925233
2147 22 0.872629
2148 22 0.744693
2149 22 0.861050
2150 22 0.736870
2151 22 0.121798
2152 22 0.998246
2153 22 0.726240
2154 22 0.645171
2155 22 0.583733
2156 22 0.524639
2157 22 0.840265
2158 22 0.857491
2159 22 0.872199
2160 22 0.733386
2161 22 0.888081
2162 22 0.931818
2163 22 0.739689
2164 22 0.925853
2165 22 0.952434
2166 22 0.814619
2167 22 0.784556
2168 22 0.856594
2169 22 0.877966
2170 22 0.850905
2171 22 0.802610
2172 22 0.894494
2173 22 0.964697
2174 22 0.892554
2175 22 0.903410
2176 22 0.862515
2177 22 0.694274
2178 22 0.593816
2179 22 0.849275
2180 22 0.752681
2181 22 0.867676
2182 22 0.931350
2183 22 0.968616
2184 22 0.630491
2185 22 0.942540
2186 22 1.043857
2187 22 0.960051
2188 22 0.607324
2189 22 0.828201
2190 22 0.903047
2191 22 0.044524
2192 22 0.942353
2193 22 0.866885
2194 22 0.461075
2195 22 0.100378
2196 22 0.843535
2197 22 0.753010
2198 22 0.897765
2199 22 0.240533
2200 23 0.860689
2201 23 0.962789
2202 23 1.012872
2203 23 0.934705
2204 23 0.920758
2205 23 0.750884
2206 23 0.202134
2207 23 0.388238
2208 23 0.913995
2209 23 0.786237
2210 23 0.044645
2211 23 0.394299
2212 23 0.852311
2213 23 0.905806
2214 23 0.860228
2215 23 0.706878
2216 23 0.900150
2217 23 0.759190
2218 23 0.914320
2219 23 0.882931
2220 23 0.874785
2221 23 0.957717
2222 23 0.963851
2223 23 0.767590
2224 23 0.122884
2225 23 0.880596
2226 23 0.772003
2227 23 0.918322
2228 23 0.807921
2229 23 0.371323
2230 23 0.752586
2231 23 0.799564
2232 23 0.987908
2233 23 0.785719
2234 23 0.908926
2235 23 0.634057
2236 23 0.758234
2237 23 0.965176
2238 23 0.565176
2239 23 0.737759
2240 23 0.951878
2241 23 0.766787
2242 23 1.004181
2243 23 0.575070
2244 23 0.818297
2245 23 0.460342
2246 23 0.997331
2247 23 0.893363
2248 23 0.920998
2249 23 0.590287
2250 23 0.770339
2251 23 0.743254
2252 23 0.789023
2253 23 0.992257
2254 23 0.916203
2255 23 0.466929
2256 23 0.954095
2257 23 0.920246
2258 23 0.895087
2259 23 0.883054
2260 23 0.841611
2261 23 0.828680
2262 23 0.742872
2263 23 0.705215
2264 23 0.884869
2265 23 0.875097
2266 23 0.819666
2267 23 0.796492
2268 23 0.617541
2269 23 0.863565
2270 23 0.945202
2271 23 0.100501
2272 23 0.670042
2273 23 0.977920
2274 23 0.791217
2275 23 0.759859
2276 23 0.075628
2277 23 0.881791
2278 23 0.853580
2279 23 0.820107
2280 23 0.775519
2281 23 0.724318
2282 23 0.843261
2283 23 0.886313
2284 23 0.880712
2285 23 0.812851
2286 23 0.645038
2287 23 0.761555
2288 23 1.022246
2289 23 0.912152
2290 23 0.632594
2291 23 0.937229
2292 23 0.987758
2293 23 0.713160
2294 23 0.492410
2295 23 0.658307
2296 23 0.773443
2297 23 0.406383
2298 23 0.118682
2299 23 0.814473
2300 24 0.887245
2301 24 0.612595
2302 24 1.130294
2303 24 0.852712
2304 24 0.846565
2305 24 0.873176
2306 24 0.947918
2307 24 0.860060
2308 24 0.836385
2309 24 0.520316
2310 24 0.829511
2311 24 0.654311
2312 24 1.100910
2313 24 0.938892
2314 24 0.863206
2315 24 0.934877
2316 24 0.853008
2317 24 0.679973
2318 24 0.700320
2319 24 0.467413
2320 24 0.045079
2321 24 0.491102
2322 24 0.500371
2323 24 0.844879
2324 24 0.835253
2325 24 0.565219
2326 24 0.686742
2327 24 0.791749
2328 24 0.784445
2329 24 0.898543
2330 24 0.860283
2331 24 0.121980
2332 24 0.282500
2333 24 0.770288
2334 24 0.833897
2335 24 0.784525
2336 24 1.011284
2337 24 0.919245
2338 24 0.791821
2339 24 0.732051
2340 24 0.934597
2341 24 0.886577
2342 24 0.737939
2343 24 0.883115
2344 24 0.825405
2345 24 0.963980
2346 24 0.967426
2347 24 0.926661
2348 24 0.923311
2349 24 0.903465
2350 24 0.896717
2351 24 0.950713
2352 24 0.867444
2353 24 0.840227
2354 24 0.738852
2355 24 0.906543
2356 24 0.811659
2357 24 0.989522
2358 24 0.890170
2359 24 0.643784
2360 24 0.804602
2361 24 0.944965
2362 24 0.185886
2363 24 0.832708
2364 24 0.692932
2365 24 0.911103
2366 24 0.883000
2367 24 0.844093
2368 24 0.650491
2369 24 0.922683
2370 24 0.888825
2371 24 0.874095
2372 24 0.912376
2373 24 0.789247
2374 24 0.561562
2375 24 0.893051
2376 24 0.765518
2377 24 0.773306
2378 24 0.106244
2379 24 0.858185
2380 24 0.883724
2381 24 0.132004
2382 24 0.816441
2383 24 0.823090
2384 24 0.629838
2385 24 0.801660
2386 24 0.282159
2387 24 0.863129
2388 24 0.230391
2389 24 0.853219
2390 24 0.763372
2391 24 0.917189
2392 24 0.701751
2393 24 0.882024
2394 24 0.177457
2395 24 0.776749
2396 24 0.980483
2397 24 0.944867
2398 24 0.100706
2399 24 0.736960
