# Batch convergence for: model=snn-ae encoding=latency architecture=recurrent v_th=1.5 alpha=0.8 run=3
batch_num epoch batch_loss
0 1 0.409582
1 1 0.584471
2 1 0.477431
3 1 0.502647
4 1 0.695077
5 1 0.406307
6 1 0.415688
7 1 0.654709
8 1 0.297705
9 1 0.531058
10 1 0.481525
11 1 0.522202
12 1 0.492845
13 1 0.725609
14 1 0.484849
15 1 0.511554
16 1 0.364802
17 1 0.557686
18 1 0.449903
19 1 0.218392
20 1 0.519975
21 1 0.035094
22 1 0.593174
23 1 0.494587
24 1 0.350259
25 1 0.277094
26 1 0.327632
27 1 0.468350
28 1 0.395967
29 1 0.339511
30 1 0.397558
31 1 0.630413
32 1 0.400313
33 1 0.473474
34 1 0.384820
35 1 0.477190
36 1 0.646004
37 1 0.251568
38 1 0.539990
39 1 0.452214
40 1 0.537914
41 1 0.402515
42 1 0.607327
43 1 0.370418
44 1 0.524287
45 1 0.548486
46 1 0.379987
47 1 0.624409
48 1 0.405957
49 1 0.519408
50 1 0.054404
51 1 0.560683
52 1 0.484791
53 1 0.069948
54 1 0.722719
55 1 0.437075
56 1 0.425597
57 1 0.422775
58 1 0.384197
59 1 0.528106
60 1 0.376379
61 1 0.387776
62 1 0.507400
63 1 0.532017
64 1 0.328281
65 1 0.247993
66 1 0.011690
67 1 0.486778
68 1 0.389439
69 1 0.531751
70 1 0.324172
71 1 0.432001
72 1 0.015500
73 1 0.461566
74 1 0.486831
75 1 0.495843
76 1 0.529729
77 1 0.378151
78 1 0.410968
79 1 0.296172
80 1 0.631378
81 1 0.416925
82 1 0.450043
83 1 0.645996
84 1 0.398127
85 1 0.413516
86 1 0.333614
87 1 0.366757
88 1 0.394481
89 1 0.341747
90 1 0.330138
91 1 0.407055
92 1 0.228441
93 1 0.412092
94 1 0.688733
95 1 0.420064
96 1 0.431110
97 1 0.245340
98 1 0.350712
99 1 0.236581
100 2 0.288018
101 2 0.401395
102 2 0.338900
103 2 0.535748
104 2 0.390399
105 2 0.372295
106 2 0.375946
107 2 0.499020
108 2 0.284361
109 2 0.438478
110 2 0.227574
111 2 0.054038
112 2 0.368782
113 2 0.508388
114 2 0.375367
115 2 0.254962
116 2 0.308087
117 2 0.501984
118 2 0.303221
119 2 0.461034
120 2 0.367838
121 2 0.410416
122 2 0.456569
123 2 0.546667
124 2 0.241998
125 2 0.378261
126 2 0.398221
127 2 0.565720
128 2 0.300413
129 2 0.428433
130 2 0.271394
131 2 0.204656
132 2 0.286077
133 2 0.551908
134 2 0.313970
135 2 0.462662
136 2 0.341730
137 2 0.314264
138 2 0.363841
139 2 0.386300
140 2 0.323157
141 2 0.273421
142 2 0.328751
143 2 0.216049
144 2 0.414020
145 2 0.250615
146 2 0.357862
147 2 0.298047
148 2 0.426766
149 2 0.317049
150 2 0.330394
151 2 0.401887
152 2 0.521462
153 2 0.470143
154 2 0.250513
155 2 0.011665
156 2 0.549100
157 2 0.399941
158 2 0.539050
159 2 0.322475
160 2 0.390984
161 2 0.239551
162 2 0.335372
163 2 0.472126
164 2 0.378965
165 2 0.231050
166 2 0.015338
167 2 0.218768
168 2 0.522272
169 2 0.289419
170 2 0.310134
171 2 0.348331
172 2 0.533566
173 2 0.238351
174 2 0.471984
175 2 0.290209
176 2 0.424436
177 2 0.069154
178 2 0.455033
179 2 0.333873
180 2 0.382342
181 2 0.314369
182 2 0.448996
183 2 0.433666
184 2 0.375929
185 2 0.034687
186 2 0.386306
187 2 0.249932
188 2 0.427967
189 2 0.379498
190 2 0.391197
191 2 0.226264
192 2 0.306459
193 2 0.319826
194 2 0.482613
195 2 0.463107
196 2 0.269555
197 2 0.476260
198 2 0.288137
199 2 0.347438
200 3 0.354439
201 3 0.383931
202 3 0.361955
203 3 0.265018
204 3 0.011640
205 3 0.427346
206 3 0.259713
207 3 0.198568
208 3 0.586184
209 3 0.249455
210 3 0.276141
211 3 0.238236
212 3 0.259745
213 3 0.312928
214 3 0.376524
215 3 0.260935
216 3 0.337752
217 3 0.255701
218 3 0.616769
219 3 0.015276
220 3 0.436534
221 3 0.248754
222 3 0.413420
223 3 0.401629
224 3 0.314667
225 3 0.303016
226 3 0.259305
227 3 0.358562
228 3 0.322626
229 3 0.254989
230 3 0.485706
231 3 0.053343
232 3 0.393191
233 3 0.350707
234 3 0.290107
235 3 0.336072
236 3 0.471065
237 3 0.406160
238 3 0.460919
239 3 0.342571
240 3 0.343380
241 3 0.269632
242 3 0.300529
243 3 0.344880
244 3 0.412213
245 3 0.337925
246 3 0.248679
247 3 0.286834
248 3 0.349651
249 3 0.309775
250 3 0.431811
251 3 0.399338
252 3 0.355612
253 3 0.274403
254 3 0.415634
255 3 0.421419
256 3 0.360788
257 3 0.630947
258 3 0.233415
259 3 0.407907
260 3 0.279645
261 3 0.334182
262 3 0.312206
263 3 0.468803
264 3 0.390487
265 3 0.351291
266 3 0.300075
267 3 0.233888
268 3 0.338122
269 3 0.375297
270 3 0.203062
271 3 0.207859
272 3 0.213474
273 3 0.362265
274 3 0.201670
275 3 0.262013
276 3 0.034442
277 3 0.068470
278 3 0.401132
279 3 0.440682
280 3 0.359552
281 3 0.289372
282 3 0.331547
283 3 0.291450
284 3 0.425385
285 3 0.416241
286 3 0.400083
287 3 0.329483
288 3 0.421297
289 3 0.310909
290 3 0.289816
291 3 0.317769
292 3 0.290419
293 3 0.295922
294 3 0.384153
295 3 0.151558
296 3 0.335747
297 3 0.391869
298 3 0.421787
299 3 0.375938
300 4 0.266920
301 4 0.224677
302 4 0.427136
303 4 0.253452
304 4 0.313909
305 4 0.374844
306 4 0.277701
307 4 0.353524
308 4 0.373632
309 4 0.354724
310 4 0.269438
311 4 0.292899
312 4 0.342131
313 4 0.390700
314 4 0.358916
315 4 0.205167
316 4 0.245159
317 4 0.345398
318 4 0.456894
319 4 0.424097
320 4 0.284229
321 4 0.208689
322 4 0.232150
323 4 0.288010
324 4 0.216044
325 4 0.318367
326 4 0.325450
327 4 0.246881
328 4 0.117304
329 4 0.237770
330 4 0.325054
331 4 0.397004
332 4 0.384276
333 4 0.352974
334 4 0.309324
335 4 0.358271
336 4 0.215901
337 4 0.366301
338 4 0.356271
339 4 0.253933
340 4 0.228510
341 4 0.385684
342 4 0.283707
343 4 0.011603
344 4 0.375706
345 4 0.298649
346 4 0.398327
347 4 0.313461
348 4 0.357074
349 4 0.305401
350 4 0.317130
351 4 0.188438
352 4 0.300746
353 4 0.285210
354 4 0.052688
355 4 0.273729
356 4 0.328253
357 4 0.350751
358 4 0.242081
359 4 0.034184
360 4 0.015134
361 4 0.293370
362 4 0.342655
363 4 0.270065
364 4 0.362003
365 4 0.387949
366 4 0.291970
367 4 0.251802
368 4 0.370088
369 4 0.400915
370 4 0.249115
371 4 0.202208
372 4 0.349072
373 4 0.354977
374 4 0.351501
375 4 0.214253
376 4 0.237088
377 4 0.261841
378 4 0.330721
379 4 0.317128
380 4 0.354870
381 4 0.248428
382 4 0.400194
383 4 0.608741
384 4 0.286127
385 4 0.249396
386 4 0.329493
387 4 0.410042
388 4 0.299839
389 4 0.324016
390 4 0.226287
391 4 0.258167
392 4 0.262627
393 4 0.347114
394 4 0.353730
395 4 0.483617
396 4 0.348424
397 4 0.369614
398 4 0.304221
399 4 0.297411
400 5 0.243773
401 5 0.297807
402 5 0.355486
403 5 0.252722
404 5 0.264387
405 5 0.235627
406 5 0.326278
407 5 0.354873
408 5 0.360306
409 5 0.241368
410 5 0.370910
411 5 0.552452
412 5 0.233490
413 5 0.034056
414 5 0.281228
415 5 0.457524
416 5 0.086225
417 5 0.238191
418 5 0.225013
419 5 0.324906
420 5 0.293316
421 5 0.067516
422 5 0.286556
423 5 0.319902
424 5 0.314446
425 5 0.364016
426 5 0.364407
427 5 0.375807
428 5 0.289970
429 5 0.185768
430 5 0.287144
431 5 0.414609
432 5 0.340843
433 5 0.296313
434 5 0.213097
435 5 0.391371
436 5 0.263744
437 5 0.248209
438 5 0.011609
439 5 0.273065
440 5 0.347404
441 5 0.259444
442 5 0.259839
443 5 0.284739
444 5 0.372742
445 5 0.288615
446 5 0.414475
447 5 0.264741
448 5 0.253647
449 5 0.381383
450 5 0.306336
451 5 0.276479
452 5 0.431882
453 5 0.015064
454 5 0.250841
455 5 0.251412
456 5 0.320970
457 5 0.400890
458 5 0.344506
459 5 0.273674
460 5 0.373364
461 5 0.304685
462 5 0.336745
463 5 0.237370
464 5 0.335502
465 5 0.326565
466 5 0.236563
467 5 0.188869
468 5 0.318311
469 5 0.349630
470 5 0.329642
471 5 0.281271
472 5 0.238554
473 5 0.375460
474 5 0.313099
475 5 0.311159
476 5 0.287682
477 5 0.276161
478 5 0.230713
479 5 0.230856
480 5 0.328406
481 5 0.494224
482 5 0.224421
483 5 0.321132
484 5 0.126128
485 5 0.337292
486 5 0.282283
487 5 0.437202
488 5 0.260808
489 5 0.336237
490 5 0.287106
491 5 0.323901
492 5 0.299790
493 5 0.325230
494 5 0.220029
495 5 0.404711
496 5 0.300339
497 5 0.377074
498 5 0.316664
499 5 0.370503
500 6 0.332690
501 6 0.033877
502 6 0.328751
503 6 0.204732
504 6 0.251137
505 6 0.418208
506 6 0.011625
507 6 0.395077
508 6 0.340540
509 6 0.321163
510 6 0.253287
511 6 0.354749
512 6 0.341533
513 6 0.301322
514 6 0.334175
515 6 0.367373
516 6 0.376949
517 6 0.280540
518 6 0.231119
519 6 0.395192
520 6 0.285256
521 6 0.364684
522 6 0.223549
523 6 0.269093
524 6 0.401360
525 6 0.256394
526 6 0.349185
527 6 0.362455
528 6 0.277179
529 6 0.444700
530 6 0.395445
531 6 0.282870
532 6 0.246134
533 6 0.246071
534 6 0.341605
535 6 0.237653
536 6 0.288151
537 6 0.289336
538 6 0.331662
539 6 0.289147
540 6 0.278670
541 6 0.296855
542 6 0.300656
543 6 0.292508
544 6 0.450168
545 6 0.304374
546 6 0.225234
547 6 0.308562
548 6 0.282266
549 6 0.266796
550 6 0.278985
551 6 0.155066
552 6 0.428896
553 6 0.195402
554 6 0.405298
555 6 0.318653
556 6 0.305596
557 6 0.312082
558 6 0.389494
559 6 0.015031
560 6 0.227745
561 6 0.208004
562 6 0.333612
563 6 0.262720
564 6 0.066723
565 6 0.331004
566 6 0.227128
567 6 0.278780
568 6 0.215064
569 6 0.331352
570 6 0.080363
571 6 0.366438
572 6 0.240371
573 6 0.215780
574 6 0.292103
575 6 0.239207
576 6 0.252361
577 6 0.338094
578 6 0.228173
579 6 0.348871
580 6 0.265269
581 6 0.488896
582 6 0.360317
583 6 0.314218
584 6 0.286614
585 6 0.211252
586 6 0.276559
587 6 0.280100
588 6 0.229104
589 6 0.388928
590 6 0.555075
591 6 0.239187
592 6 0.242247
593 6 0.228773
594 6 0.480947
595 6 0.306894
596 6 0.244818
597 6 0.298317
598 6 0.351659
599 6 0.352422
600 7 0.304578
601 7 0.298590
602 7 0.272423
603 7 0.331524
604 7 0.011688
605 7 0.282211
606 7 0.289494
607 7 0.314526
608 7 0.364704
609 7 0.387018
610 7 0.344700
611 7 0.331465
612 7 0.208035
613 7 0.221749
614 7 0.307349
615 7 0.339451
616 7 0.347157
617 7 0.214645
618 7 0.235845
619 7 0.327584
620 7 0.066406
621 7 0.274291
622 7 0.290125
623 7 0.387824
624 7 0.353608
625 7 0.189888
626 7 0.299425
627 7 0.246110
628 7 0.206600
629 7 0.397660
630 7 0.360710
631 7 0.299163
632 7 0.348774
633 7 0.268913
634 7 0.225768
635 7 0.280894
636 7 0.033646
637 7 0.250357
638 7 0.274330
639 7 0.362062
640 7 0.243421
641 7 0.334252
642 7 0.255064
643 7 0.317456
644 7 0.275661
645 7 0.185459
646 7 0.213559
647 7 0.272703
648 7 0.345323
649 7 0.051291
650 7 0.227067
651 7 0.319401
652 7 0.328778
653 7 0.285032
654 7 0.202888
655 7 0.281643
656 7 0.224462
657 7 0.389995
658 7 0.343533
659 7 0.277759
660 7 0.267047
661 7 0.271216
662 7 0.293646
663 7 0.250384
664 7 0.328171
665 7 0.416300
666 7 0.260017
667 7 0.257572
668 7 0.255895
669 7 0.298615
670 7 0.422714
671 7 0.421074
672 7 0.453355
673 7 0.427276
674 7 0.295252
675 7 0.410233
676 7 0.280549
677 7 0.355874
678 7 0.378632
679 7 0.328708
680 7 0.281671
681 7 0.285885
682 7 0.336499
683 7 0.247633
684 7 0.340501
685 7 0.232387
686 7 0.510095
687 7 0.336386
688 7 0.293231
689 7 0.205478
690 7 0.290155
691 7 0.296884
692 7 0.277152
693 7 0.015037
694 7 0.241611
695 7 0.309015
696 7 0.341286
697 7 0.224969
698 7 0.372783
699 7 0.427007
700 8 0.374963
701 8 0.233911
702 8 0.291934
703 8 0.379712
704 8 0.349575
705 8 0.312692
706 8 0.139653
707 8 0.382308
708 8 0.213968
709 8 0.368593
710 8 0.286980
711 8 0.332827
712 8 0.208838
713 8 0.297996
714 8 0.343382
715 8 0.318893
716 8 0.495219
717 8 0.279808
718 8 0.327833
719 8 0.299389
720 8 0.258431
721 8 0.343469
722 8 0.292027
723 8 0.288183
724 8 0.259381
725 8 0.225699
726 8 0.291979
727 8 0.237628
728 8 0.278000
729 8 0.292575
730 8 0.265434
731 8 0.263688
732 8 0.291408
733 8 0.371644
734 8 0.333659
735 8 0.275075
736 8 0.295334
737 8 0.378557
738 8 0.303550
739 8 0.234494
740 8 0.243925
741 8 0.344058
742 8 0.208136
743 8 0.325192
744 8 0.347717
745 8 0.392060
746 8 0.015052
747 8 0.216410
748 8 0.333169
749 8 0.267069
750 8 0.206667
751 8 0.225630
752 8 0.326729
753 8 0.258870
754 8 0.204017
755 8 0.208809
756 8 0.382347
757 8 0.349486
758 8 0.323192
759 8 0.307715
760 8 0.358195
761 8 0.296574
762 8 0.392979
763 8 0.250880
764 8 0.293757
765 8 0.186524
766 8 0.352034
767 8 0.393838
768 8 0.349768
769 8 0.033514
770 8 0.323236
771 8 0.374002
772 8 0.266181
773 8 0.282435
774 8 0.193275
775 8 0.287271
776 8 0.222607
777 8 0.305933
778 8 0.272024
779 8 0.337637
780 8 0.298175
781 8 0.214640
782 8 0.204170
783 8 0.090019
784 8 0.065627
785 8 0.279900
786 8 0.329614
787 8 0.385419
788 8 0.406197
789 8 0.011879
790 8 0.243578
791 8 0.318299
792 8 0.288704
793 8 0.534386
794 8 0.346552
795 8 0.381764
796 8 0.199396
797 8 0.264229
798 8 0.351625
799 8 0.280590
800 9 0.342503
801 9 0.293059
802 9 0.304498
803 9 0.275978
804 9 0.311134
805 9 0.249632
806 9 0.301292
807 9 0.334243
808 9 0.403926
809 9 0.196849
810 9 0.236004
811 9 0.388173
812 9 0.294906
813 9 0.224017
814 9 0.368031
815 9 0.311338
816 9 0.255878
817 9 0.333191
818 9 0.449530
819 9 0.259751
820 9 0.234201
821 9 0.301457
822 9 0.275384
823 9 0.366627
824 9 0.310411
825 9 0.203210
826 9 0.287282
827 9 0.372975
828 9 0.318667
829 9 0.269856
830 9 0.011933
831 9 0.371246
832 9 0.304017
833 9 0.184886
834 9 0.304902
835 9 0.033395
836 9 0.295737
837 9 0.258810
838 9 0.341107
839 9 0.345230
840 9 0.260342
841 9 0.374438
842 9 0.298890
843 9 0.295648
844 9 0.276380
845 9 0.166599
846 9 0.359892
847 9 0.355109
848 9 0.065327
849 9 0.299617
850 9 0.218808
851 9 0.312061
852 9 0.270073
853 9 0.305674
854 9 0.341125
855 9 0.249488
856 9 0.344156
857 9 0.228057
858 9 0.262208
859 9 0.233498
860 9 0.341529
861 9 0.282405
862 9 0.377615
863 9 0.286529
864 9 0.015105
865 9 0.222694
866 9 0.316877
867 9 0.281547
868 9 0.319081
869 9 0.239400
870 9 0.237941
871 9 0.349633
872 9 0.234282
873 9 0.435569
874 9 0.248475
875 9 0.301774
876 9 0.296005
877 9 0.391584
878 9 0.274311
879 9 0.299612
880 9 0.226521
881 9 0.386281
882 9 0.291714
883 9 0.205484
884 9 0.403568
885 9 0.287849
886 9 0.050420
887 9 0.278202
888 9 0.290802
889 9 0.271417
890 9 0.384166
891 9 0.528861
892 9 0.248604
893 9 0.205849
894 9 0.311909
895 9 0.430333
896 9 0.317454
897 9 0.404257
898 9 0.280687
899 9 0.227529
900 10 0.222156
901 10 0.183789
902 10 0.310624
903 10 0.381736
904 10 0.350850
905 10 0.315993
906 10 0.211834
907 10 0.249535
908 10 0.284061
909 10 0.325019
910 10 0.281292
911 10 0.296665
912 10 0.318868
913 10 0.346960
914 10 0.274193
915 10 0.333576
916 10 0.318142
917 10 0.240820
918 10 0.388794
919 10 0.281527
920 10 0.293715
921 10 0.328790
922 10 0.235299
923 10 0.275947
924 10 0.327554
925 10 0.191354
926 10 0.367199
927 10 0.306124
928 10 0.230893
929 10 0.353869
930 10 0.274841
931 10 0.296153
932 10 0.273832
933 10 0.256303
934 10 0.338190
935 10 0.151545
936 10 0.351406
937 10 0.321710
938 10 0.339923
939 10 0.189650
940 10 0.213605
941 10 0.219766
942 10 0.278725
943 10 0.012108
944 10 0.330146
945 10 0.188430
946 10 0.243672
947 10 0.315472
948 10 0.050215
949 10 0.264836
950 10 0.365818
951 10 0.275300
952 10 0.315475
953 10 0.246319
954 10 0.240294
955 10 0.558129
956 10 0.235962
957 10 0.214542
958 10 0.298227
959 10 0.249395
960 10 0.239765
961 10 0.231179
962 10 0.323032
963 10 0.375755
964 10 0.184656
965 10 0.275837
966 10 0.297658
967 10 0.324971
968 10 0.266544
969 10 0.277114
970 10 0.015175
971 10 0.181836
972 10 0.317897
973 10 0.064876
974 10 0.327273
975 10 0.202426
976 10 0.390139
977 10 0.235961
978 10 0.261897
979 10 0.330624
980 10 0.377035
981 10 0.310021
982 10 0.221134
983 10 0.033337
984 10 0.268447
985 10 0.251056
986 10 0.402387
987 10 0.235762
988 10 0.336924
989 10 0.304264
990 10 0.398992
991 10 0.344271
992 10 0.309105
993 10 0.313907
994 10 0.355048
995 10 0.280023
996 10 0.266935
997 10 0.323938
998 10 0.429172
999 10 0.253641
1000 11 0.430989
1001 11 0.261414
1002 11 0.249483
1003 11 0.388362
1004 11 0.283691
1005 11 0.321415
1006 11 0.067302
1007 11 0.336962
1008 11 0.335814
1009 11 0.220431
1010 11 0.306370
1011 11 0.214595
1012 11 0.320881
1013 11 0.496455
1014 11 0.303888
1015 11 0.237725
1016 11 0.292978
1017 11 0.064726
1018 11 0.296312
1019 11 0.274135
1020 11 0.318974
1021 11 0.360979
1022 11 0.341833
1023 11 0.278107
1024 11 0.351313
1025 11 0.328253
1026 11 0.376919
1027 11 0.348856
1028 11 0.299090
1029 11 0.318597
1030 11 0.299609
1031 11 0.335693
1032 11 0.285938
1033 11 0.317740
1034 11 0.222507
1035 11 0.225001
1036 11 0.354953
1037 11 0.012273
1038 11 0.221536
1039 11 0.282419
1040 11 0.259797
1041 11 0.333279
1042 11 0.314829
1043 11 0.270059
1044 11 0.358240
1045 11 0.215909
1046 11 0.219750
1047 11 0.192332
1048 11 0.256287
1049 11 0.261709
1050 11 0.015241
1051 11 0.288292
1052 11 0.235785
1053 11 0.197189
1054 11 0.316204
1055 11 0.329287
1056 11 0.358748
1057 11 0.287266
1058 11 0.324887
1059 11 0.292810
1060 11 0.220551
1061 11 0.326177
1062 11 0.223105
1063 11 0.298428
1064 11 0.296305
1065 11 0.241261
1066 11 0.221629
1067 11 0.191482
1068 11 0.336634
1069 11 0.341601
1070 11 0.033326
1071 11 0.315831
1072 11 0.243934
1073 11 0.240646
1074 11 0.338831
1075 11 0.283183
1076 11 0.210349
1077 11 0.345086
1078 11 0.193306
1079 11 0.260922
1080 11 0.282979
1081 11 0.149760
1082 11 0.252827
1083 11 0.249280
1084 11 0.365549
1085 11 0.393442
1086 11 0.386231
1087 11 0.289914
1088 11 0.316113
1089 11 0.378616
1090 11 0.253145
1091 11 0.291780
1092 11 0.412154
1093 11 0.235867
1094 11 0.299054
1095 11 0.239195
1096 11 0.267411
1097 11 0.298247
1098 11 0.307520
1099 11 0.274988
1100 12 0.302723
1101 12 0.220338
1102 12 0.271411
1103 12 0.287148
1104 12 0.291530
1105 12 0.294838
1106 12 0.275763
1107 12 0.380009
1108 12 0.307794
1109 12 0.263939
1110 12 0.236912
1111 12 0.315019
1112 12 0.357185
1113 12 0.226836
1114 12 0.253554
1115 12 0.210101
1116 12 0.049765
1117 12 0.354832
1118 12 0.265963
1119 12 0.314780
1120 12 0.299433
1121 12 0.253051
1122 12 0.394821
1123 12 0.347545
1124 12 0.119235
1125 12 0.212764
1126 12 0.281081
1127 12 0.301808
1128 12 0.282348
1129 12 0.215094
1130 12 0.255904
1131 12 0.331858
1132 12 0.300451
1133 12 0.289638
1134 12 0.253578
1135 12 0.285726
1136 12 0.219152
1137 12 0.225843
1138 12 0.304622
1139 12 0.246435
1140 12 0.249133
1141 12 0.331141
1142 12 0.217991
1143 12 0.318489
1144 12 0.399506
1145 12 0.315565
1146 12 0.248684
1147 12 0.269833
1148 12 0.181372
1149 12 0.291006
1150 12 0.342151
1151 12 0.335189
1152 12 0.012492
1153 12 0.292675
1154 12 0.320799
1155 12 0.240400
1156 12 0.318155
1157 12 0.296209
1158 12 0.015354
1159 12 0.218857
1160 12 0.222674
1161 12 0.301257
1162 12 0.295373
1163 12 0.352501
1164 12 0.406605
1165 12 0.373311
1166 12 0.232124
1167 12 0.459788
1168 12 0.239938
1169 12 0.335079
1170 12 0.301211
1171 12 0.268641
1172 12 0.213601
1173 12 0.033308
1174 12 0.228433
1175 12 0.219303
1176 12 0.286856
1177 12 0.301284
1178 12 0.197703
1179 12 0.297436
1180 12 0.243047
1181 12 0.353739
1182 12 0.350394
1183 12 0.202325
1184 12 0.471236
1185 12 0.294154
1186 12 0.164114
1187 12 0.289108
1188 12 0.316874
1189 12 0.319752
1190 12 0.247457
1191 12 0.302658
1192 12 0.292290
1193 12 0.247264
1194 12 0.260737
1195 12 0.223783
1196 12 0.417074
1197 12 0.332919
1198 12 0.330945
1199 12 0.309002
1200 13 0.161612
1201 13 0.295357
1202 13 0.293153
1203 13 0.340034
1204 13 0.310813
1205 13 0.256783
1206 13 0.285566
1207 13 0.298933
1208 13 0.269656
1209 13 0.307131
1210 13 0.258366
1211 13 0.223999
1212 13 0.375245
1213 13 0.267229
1214 13 0.253443
1215 13 0.223273
1216 13 0.228263
1217 13 0.392775
1218 13 0.208250
1219 13 0.306143
1220 13 0.286507
1221 13 0.289130
1222 13 0.342249
1223 13 0.215037
1224 13 0.281831
1225 13 0.015422
1226 13 0.245469
1227 13 0.218748
1228 13 0.285312
1229 13 0.292256
1230 13 0.217778
1231 13 0.033332
1232 13 0.365740
1233 13 0.244025
1234 13 0.297324
1235 13 0.279395
1236 13 0.322501
1237 13 0.264651
1238 13 0.387497
1239 13 0.274564
1240 13 0.228858
1241 13 0.287950
1242 13 0.316150
1243 13 0.237445
1244 13 0.258092
1245 13 0.049518
1246 13 0.218126
1247 13 0.275453
1248 13 0.271396
1249 13 0.130908
1250 13 0.295226
1251 13 0.342325
1252 13 0.295687
1253 13 0.201324
1254 13 0.186202
1255 13 0.239992
1256 13 0.256831
1257 13 0.267819
1258 13 0.387190
1259 13 0.352961
1260 13 0.328485
1261 13 0.261509
1262 13 0.327386
1263 13 0.347985
1264 13 0.341045
1265 13 0.346130
1266 13 0.292706
1267 13 0.302123
1268 13 0.280595
1269 13 0.355538
1270 13 0.318548
1271 13 0.256127
1272 13 0.281829
1273 13 0.286143
1274 13 0.353820
1275 13 0.314408
1276 13 0.340192
1277 13 0.310955
1278 13 0.338333
1279 13 0.265368
1280 13 0.297973
1281 13 0.241037
1282 13 0.264015
1283 13 0.361732
1284 13 0.254310
1285 13 0.319432
1286 13 0.334869
1287 13 0.249898
1288 13 0.214837
1289 13 0.315688
1290 13 0.268393
1291 13 0.307231
1292 13 0.371160
1293 13 0.342148
1294 13 0.446254
1295 13 0.476913
1296 13 0.349221
1297 13 0.215103
1298 13 0.012803
1299 13 0.064014
1300 14 0.257236
1301 14 0.433512
1302 14 0.293153
1303 14 0.313804
1304 14 0.185567
1305 14 0.298131
1306 14 0.177985
1307 14 0.219541
1308 14 0.239086
1309 14 0.325437
1310 14 0.233076
1311 14 0.282488
1312 14 0.261496
1313 14 0.306613
1314 14 0.271856
1315 14 0.260146
1316 14 0.280609
1317 14 0.237210
1318 14 0.325767
1319 14 0.033342
1320 14 0.192853
1321 14 0.204657
1322 14 0.049404
1323 14 0.321650
1324 14 0.015540
1325 14 0.403274
1326 14 0.225333
1327 14 0.254446
1328 14 0.315512
1329 14 0.282510
1330 14 0.303162
1331 14 0.273827
1332 14 0.287264
1333 14 0.254387
1334 14 0.288423
1335 14 0.417915
1336 14 0.309789
1337 14 0.312499
1338 14 0.273400
1339 14 0.301127
1340 14 0.293219
1341 14 0.063894
1342 14 0.254107
1343 14 0.451235
1344 14 0.223282
1345 14 0.316202
1346 14 0.232509
1347 14 0.257992
1348 14 0.247012
1349 14 0.284371
1350 14 0.275058
1351 14 0.258787
1352 14 0.264013
1353 14 0.275858
1354 14 0.296147
1355 14 0.291265
1356 14 0.352984
1357 14 0.276028
1358 14 0.259068
1359 14 0.321451
1360 14 0.297237
1361 14 0.230210
1362 14 0.210071
1363 14 0.261684
1364 14 0.238524
1365 14 0.383433
1366 14 0.246877
1367 14 0.357979
1368 14 0.295350
1369 14 0.220271
1370 14 0.356679
1371 14 0.284781
1372 14 0.259019
1373 14 0.287116
1374 14 0.347246
1375 14 0.231781
1376 14 0.290744
1377 14 0.298102
1378 14 0.259336
1379 14 0.343407
1380 14 0.252717
1381 14 0.283070
1382 14 0.342343
1383 14 0.248863
1384 14 0.296441
1385 14 0.322904
1386 14 0.325308
1387 14 0.258846
1388 14 0.234359
1389 14 0.389318
1390 14 0.266334
1391 14 0.221560
1392 14 0.013004
1393 14 0.298782
1394 14 0.312108
1395 14 0.302743
1396 14 0.261729
1397 14 0.139382
1398 14 0.292413
1399 14 0.264346
1400 15 0.304015
1401 15 0.217482
1402 15 0.336404
1403 15 0.267846
1404 15 0.231548
1405 15 0.287800
1406 15 0.297668
1407 15 0.301348
1408 15 0.277130
1409 15 0.251831
1410 15 0.189629
1411 15 0.272843
1412 15 0.277116
1413 15 0.322661
1414 15 0.261410
1415 15 0.312237
1416 15 0.242077
1417 15 0.366110
1418 15 0.033387
1419 15 0.248583
1420 15 0.321104
1421 15 0.290955
1422 15 0.245099
1423 15 0.267937
1424 15 0.240871
1425 15 0.343739
1426 15 0.290676
1427 15 0.307697
1428 15 0.290448
1429 15 0.302773
1430 15 0.229846
1431 15 0.300643
1432 15 0.278348
1433 15 0.015676
1434 15 0.301138
1435 15 0.208340
1436 15 0.307192
1437 15 0.286429
1438 15 0.326463
1439 15 0.271835
1440 15 0.202661
1441 15 0.230207
1442 15 0.190702
1443 15 0.267906
1444 15 0.355048
1445 15 0.296894
1446 15 0.280208
1447 15 0.285170
1448 15 0.339955
1449 15 0.311803
1450 15 0.322862
1451 15 0.205757
1452 15 0.221611
1453 15 0.345873
1454 15 0.421947
1455 15 0.367634
1456 15 0.218329
1457 15 0.115856
1458 15 0.049202
1459 15 0.209167
1460 15 0.223828
1461 15 0.344574
1462 15 0.208321
1463 15 0.013155
1464 15 0.321965
1465 15 0.309427
1466 15 0.276511
1467 15 0.413970
1468 15 0.220333
1469 15 0.292716
1470 15 0.330227
1471 15 0.415772
1472 15 0.270053
1473 15 0.295347
1474 15 0.286154
1475 15 0.316594
1476 15 0.248604
1477 15 0.312974
1478 15 0.361309
1479 15 0.246375
1480 15 0.273586
1481 15 0.180886
1482 15 0.375252
1483 15 0.289762
1484 15 0.278641
1485 15 0.300836
1486 15 0.244559
1487 15 0.243220
1488 15 0.194619
1489 15 0.304007
1490 15 0.315194
1491 15 0.239551
1492 15 0.317677
1493 15 0.341717
1494 15 0.392106
1495 15 0.330783
1496 15 0.200056
1497 15 0.226375
1498 15 0.274055
1499 15 0.260893
1500 16 0.215024
1501 16 0.269157
1502 16 0.338506
1503 16 0.194554
1504 16 0.259403
1505 16 0.207614
1506 16 0.013253
1507 16 0.188762
1508 16 0.269732
1509 16 0.267634
1510 16 0.313095
1511 16 0.246171
1512 16 0.323324
1513 16 0.230482
1514 16 0.320957
1515 16 0.251687
1516 16 0.268085
1517 16 0.270195
1518 16 0.306362
1519 16 0.284445
1520 16 0.231764
1521 16 0.273044
1522 16 0.330380
1523 16 0.270050
1524 16 0.329411
1525 16 0.267238
1526 16 0.283280
1527 16 0.285572
1528 16 0.227010
1529 16 0.189075
1530 16 0.303126
1531 16 0.312625
1532 16 0.239648
1533 16 0.049117
1534 16 0.319469
1535 16 0.355546
1536 16 0.360722
1537 16 0.419756
1538 16 0.122759
1539 16 0.210697
1540 16 0.271466
1541 16 0.304485
1542 16 0.309829
1543 16 0.276775
1544 16 0.259331
1545 16 0.214302
1546 16 0.352843
1547 16 0.290355
1548 16 0.333980
1549 16 0.307150
1550 16 0.300286
1551 16 0.245781
1552 16 0.251942
1553 16 0.396667
1554 16 0.390981
1555 16 0.304334
1556 16 0.287328
1557 16 0.081043
1558 16 0.227595
1559 16 0.265440
1560 16 0.246800
1561 16 0.306583
1562 16 0.354779
1563 16 0.377991
1564 16 0.285310
1565 16 0.232149
1566 16 0.255418
1567 16 0.358370
1568 16 0.271695
1569 16 0.327203
1570 16 0.339469
1571 16 0.329364
1572 16 0.243243
1573 16 0.212480
1574 16 0.033494
1575 16 0.261286
1576 16 0.271362
1577 16 0.179138
1578 16 0.332690
1579 16 0.280724
1580 16 0.204349
1581 16 0.244258
1582 16 0.329258
1583 16 0.199054
1584 16 0.322522
1585 16 0.270053
1586 16 0.227754
1587 16 0.304620
1588 16 0.300266
1589 16 0.261149
1590 16 0.232771
1591 16 0.015864
1592 16 0.206746
1593 16 0.237979
1594 16 0.254704
1595 16 0.353204
1596 16 0.241729
1597 16 0.273351
1598 16 0.226757
1599 16 0.217238
1600 17 0.063535
1601 17 0.310507
1602 17 0.304072
1603 17 0.211576
1604 17 0.223133
1605 17 0.307310
1606 17 0.217619
1607 17 0.250052
1608 17 0.370984
1609 17 0.254664
1610 17 0.285724
1611 17 0.386705
1612 17 0.284402
1613 17 0.231859
1614 17 0.451308
1615 17 0.033513
1616 17 0.340392
1617 17 0.323365
1618 17 0.308574
1619 17 0.320742
1620 17 0.309405
1621 17 0.274054
1622 17 0.286709
1623 17 0.336090
1624 17 0.311096
1625 17 0.241826
1626 17 0.282696
1627 17 0.244279
1628 17 0.286140
1629 17 0.356372
1630 17 0.270661
1631 17 0.288971
1632 17 0.234735
1633 17 0.256609
1634 17 0.250748
1635 17 0.251902
1636 17 0.280806
1637 17 0.223163
1638 17 0.298433
1639 17 0.309279
1640 17 0.269118
1641 17 0.280818
1642 17 0.299604
1643 17 0.316534
1644 17 0.358319
1645 17 0.288543
1646 17 0.252820
1647 17 0.276137
1648 17 0.231473
1649 17 0.285060
1650 17 0.216324
1651 17 0.403558
1652 17 0.246923
1653 17 0.283262
1654 17 0.225311
1655 17 0.288346
1656 17 0.013579
1657 17 0.273953
1658 17 0.197832
1659 17 0.203536
1660 17 0.418237
1661 17 0.369049
1662 17 0.245818
1663 17 0.285502
1664 17 0.288489
1665 17 0.015957
1666 17 0.116096
1667 17 0.277756
1668 17 0.312172
1669 17 0.300318
1670 17 0.159388
1671 17 0.281578
1672 17 0.331112
1673 17 0.255382
1674 17 0.284127
1675 17 0.297050
1676 17 0.345744
1677 17 0.286833
1678 17 0.233470
1679 17 0.300854
1680 17 0.318980
1681 17 0.259471
1682 17 0.199385
1683 17 0.352722
1684 17 0.236066
1685 17 0.179485
1686 17 0.241943
1687 17 0.272723
1688 17 0.248884
1689 17 0.248172
1690 17 0.264503
1691 17 0.270661
1692 17 0.231121
1693 17 0.073526
1694 17 0.251881
1695 17 0.266525
1696 17 0.236466
1697 17 0.275477
1698 17 0.226770
1699 17 0.197172
1700 18 0.253245
1701 18 0.288414
1702 18 0.343530
1703 18 0.229773
1704 18 0.231458
1705 18 0.425786
1706 18 0.257913
1707 18 0.278087
1708 18 0.258289
1709 18 0.302703
1710 18 0.275883
1711 18 0.222790
1712 18 0.281835
1713 18 0.232913
1714 18 0.213967
1715 18 0.343334
1716 18 0.250975
1717 18 0.208589
1718 18 0.274677
1719 18 0.325511
1720 18 0.201051
1721 18 0.285038
1722 18 0.273560
1723 18 0.279289
1724 18 0.329408
1725 18 0.342782
1726 18 0.312085
1727 18 0.244661
1728 18 0.275906
1729 18 0.236387
1730 18 0.257165
1731 18 0.279506
1732 18 0.287225
1733 18 0.255646
1734 18 0.198266
1735 18 0.063423
1736 18 0.253741
1737 18 0.270060
1738 18 0.174742
1739 18 0.283914
1740 18 0.243692
1741 18 0.278719
1742 18 0.033621
1743 18 0.220193
1744 18 0.270305
1745 18 0.262478
1746 18 0.262628
1747 18 0.191832
1748 18 0.255959
1749 18 0.350486
1750 18 0.257153
1751 18 0.218929
1752 18 0.265527
1753 18 0.248762
1754 18 0.333135
1755 18 0.330904
1756 18 0.209357
1757 18 0.266496
1758 18 0.289454
1759 18 0.194994
1760 18 0.208262
1761 18 0.290265
1762 18 0.311345
1763 18 0.321245
1764 18 0.304838
1765 18 0.232292
1766 18 0.296072
1767 18 0.299066
1768 18 0.266017
1769 18 0.193278
1770 18 0.439997
1771 18 0.301255
1772 18 0.257063
1773 18 0.013807
1774 18 0.224854
1775 18 0.249278
1776 18 0.261149
1777 18 0.218297
1778 18 0.298460
1779 18 0.336757
1780 18 0.313251
1781 18 0.284431
1782 18 0.300108
1783 18 0.256984
1784 18 0.204372
1785 18 0.172497
1786 18 0.264293
1787 18 0.280431
1788 18 0.280496
1789 18 0.252805
1790 18 0.278355
1791 18 0.317298
1792 18 0.266248
1793 18 0.048890
1794 18 0.218525
1795 18 0.239810
1796 18 0.016112
1797 18 0.262680
1798 18 0.224530
1799 18 0.335506
1800 19 0.295759
1801 19 0.287754
1802 19 0.324706
1803 19 0.274595
1804 19 0.291852
1805 19 0.327232
1806 19 0.251395
1807 19 0.314756
1808 19 0.376765
1809 19 0.283418
1810 19 0.196306
1811 19 0.289705
1812 19 0.247840
1813 19 0.227832
1814 19 0.249639
1815 19 0.276448
1816 19 0.228923
1817 19 0.308600
1818 19 0.261562
1819 19 0.304058
1820 19 0.256649
1821 19 0.271158
1822 19 0.241194
1823 19 0.013908
1824 19 0.245824
1825 19 0.343575
1826 19 0.257522
1827 19 0.320148
1828 19 0.224246
1829 19 0.279452
1830 19 0.370329
1831 19 0.330908
1832 19 0.268333
1833 19 0.275558
1834 19 0.238536
1835 19 0.033709
1836 19 0.215210
1837 19 0.153606
1838 19 0.216291
1839 19 0.218210
1840 19 0.296802
1841 19 0.369672
1842 19 0.312679
1843 19 0.236945
1844 19 0.126380
1845 19 0.289050
1846 19 0.191759
1847 19 0.348247
1848 19 0.276745
1849 19 0.251911
1850 19 0.307288
1851 19 0.016178
1852 19 0.222046
1853 19 0.325122
1854 19 0.271041
1855 19 0.192788
1856 19 0.314447
1857 19 0.301028
1858 19 0.233825
1859 19 0.203036
1860 19 0.246739
1861 19 0.249527
1862 19 0.236023
1863 19 0.254586
1864 19 0.166759
1865 19 0.273214
1866 19 0.263478
1867 19 0.218368
1868 19 0.287894
1869 19 0.275114
1870 19 0.215970
1871 19 0.400940
1872 19 0.279145
1873 19 0.273400
1874 19 0.254818
1875 19 0.226304
1876 19 0.308154
1877 19 0.254239
1878 19 0.453124
1879 19 0.227579
1880 19 0.272360
1881 19 0.231106
1882 19 0.048851
1883 19 0.215866
1884 19 0.317213
1885 19 0.354352
1886 19 0.276465
1887 19 0.274947
1888 19 0.278821
1889 19 0.224086
1890 19 0.342769
1891 19 0.225441
1892 19 0.285861
1893 19 0.272306
1894 19 0.229202
1895 19 0.304932
1896 19 0.290054
1897 19 0.240999
1898 19 0.063340
1899 19 0.255155
1900 20 0.275663
1901 20 0.252397
1902 20 0.279604
1903 20 0.211769
1904 20 0.246749
1905 20 0.380437
1906 20 0.253691
1907 20 0.188950
1908 20 0.287951
1909 20 0.319948
1910 20 0.215513
1911 20 0.223870
1912 20 0.261062
1913 20 0.212091
1914 20 0.187357
1915 20 0.289293
1916 20 0.246334
1917 20 0.240178
1918 20 0.215327
1919 20 0.048819
1920 20 0.187261
1921 20 0.203317
1922 20 0.280858
1923 20 0.262818
1924 20 0.215099
1925 20 0.235809
1926 20 0.294249
1927 20 0.325540
1928 20 0.229020
1929 20 0.310247
1930 20 0.427238
1931 20 0.337305
1932 20 0.294402
1933 20 0.215001
1934 20 0.318297
1935 20 0.308519
1936 20 0.228058
1937 20 0.014115
1938 20 0.220741
1939 20 0.261597
1940 20 0.202085
1941 20 0.247970
1942 20 0.240208
1943 20 0.256997
1944 20 0.096312
1945 20 0.171228
1946 20 0.243783
1947 20 0.244951
1948 20 0.254075
1949 20 0.322145
1950 20 0.315940
1951 20 0.352553
1952 20 0.287399
1953 20 0.253536
1954 20 0.237007
1955 20 0.302040
1956 20 0.225439
1957 20 0.232225
1958 20 0.251906
1959 20 0.254118
1960 20 0.287212
1961 20 0.033775
1962 20 0.282368
1963 20 0.016290
1964 20 0.285463
1965 20 0.330979
1966 20 0.241516
1967 20 0.259257
1968 20 0.263688
1969 20 0.242569
1970 20 0.280455
1971 20 0.190728
1972 20 0.276412
1973 20 0.297847
1974 20 0.230208
1975 20 0.374311
1976 20 0.244442
1977 20 0.305680
1978 20 0.198168
1979 20 0.291902
1980 20 0.253888
1981 20 0.279577
1982 20 0.209649
1983 20 0.362718
1984 20 0.239745
1985 20 0.281360
1986 20 0.220813
1987 20 0.152354
1988 20 0.273948
1989 20 0.286358
1990 20 0.333298
1991 20 0.208659
1992 20 0.361412
1993 20 0.275624
1994 20 0.263808
1995 20 0.245427
1996 20 0.267229
1997 20 0.252691
1998 20 0.257648
1999 20 0.233087
2000 21 0.298836
2001 21 0.289666
2002 21 0.209415
2003 21 0.239823
2004 21 0.165878
2005 21 0.284458
2006 21 0.219659
2007 21 0.268635
2008 21 0.194889
2009 21 0.271622
2010 21 0.264481
2011 21 0.254208
2012 21 0.267520
2013 21 0.198676
2014 21 0.299999
2015 21 0.237234
2016 21 0.128668
2017 21 0.202080
2018 21 0.410036
2019 21 0.255387
2020 21 0.234104
2021 21 0.192155
2022 21 0.240836
2023 21 0.298209
2024 21 0.260039
2025 21 0.278346
2026 21 0.228618
2027 21 0.283135
2028 21 0.235759
2029 21 0.165027
2030 21 0.229849
2031 21 0.240622
2032 21 0.234723
2033 21 0.211284
2034 21 0.209196
2035 21 0.315503
2036 21 0.314039
2037 21 0.033813
2038 21 0.283749
2039 21 0.311258
2040 21 0.325193
2041 21 0.246138
2042 21 0.247241
2043 21 0.278367
2044 21 0.212439
2045 21 0.256747
2046 21 0.327447
2047 21 0.270714
2048 21 0.258132
2049 21 0.271303
2050 21 0.304873
2051 21 0.048784
2052 21 0.214055
2053 21 0.336930
2054 21 0.259711
2055 21 0.212084
2056 21 0.250867
2057 21 0.245324
2058 21 0.016392
2059 21 0.258414
2060 21 0.270255
2061 21 0.141274
2062 21 0.286242
2063 21 0.250816
2064 21 0.254001
2065 21 0.272526
2066 21 0.297453
2067 21 0.200527
2068 21 0.261725
2069 21 0.222101
2070 21 0.202145
2071 21 0.277857
2072 21 0.222497
2073 21 0.216066
2074 21 0.310954
2075 21 0.211081
2076 21 0.277292
2077 21 0.232810
2078 21 0.273721
2079 21 0.322782
2080 21 0.244066
2081 21 0.211559
2082 21 0.228713
2083 21 0.201831
2084 21 0.014352
2085 21 0.185645
2086 21 0.256552
2087 21 0.280941
2088 21 0.265652
2089 21 0.257641
2090 21 0.063228
2091 21 0.198693
2092 21 0.499700
2093 21 0.296322
2094 21 0.274170
2095 21 0.335199
2096 21 0.229722
2097 21 0.265333
2098 21 0.202869
2099 21 0.267202
2100 22 0.293503
2101 22 0.247769
2102 22 0.230559
2103 22 0.275717
2104 22 0.216079
2105 22 0.210565
2106 22 0.271943
2107 22 0.275796
2108 22 0.185005
2109 22 0.014387
2110 22 0.272158
2111 22 0.273661
2112 22 0.132822
2113 22 0.235833
2114 22 0.016442
2115 22 0.246077
2116 22 0.282539
2117 22 0.210145
2118 22 0.249754
2119 22 0.185914
2120 22 0.225099
2121 22 0.262852
2122 22 0.181817
2123 22 0.333789
2124 22 0.258746
2125 22 0.231905
2126 22 0.263012
2127 22 0.189035
2128 22 0.285505
2129 22 0.223494
2130 22 0.244443
2131 22 0.263241
2132 22 0.232364
2133 22 0.268600
2134 22 0.244809
2135 22 0.273982
2136 22 0.247994
2137 22 0.277559
2138 22 0.231166
2139 22 0.263880
2140 22 0.320251
2141 22 0.262612
2142 22 0.263036
2143 22 0.293451
2144 22 0.297426
2145 22 0.251211
2146 22 0.213304
2147 22 0.219065
2148 22 0.323322
2149 22 0.280704
2150 22 0.243931
2151 22 0.251974
2152 22 0.292608
2153 22 0.268251
2154 22 0.252075
2155 22 0.048740
2156 22 0.195920
2157 22 0.285643
2158 22 0.297714
2159 22 0.304230
2160 22 0.285460
2161 22 0.244407
2162 22 0.239564
2163 22 0.251707
2164 22 0.266402
2165 22 0.229892
2166 22 0.375442
2167 22 0.186508
2168 22 0.284129
2169 22 0.206952
2170 22 0.302017
2171 22 0.308327
2172 22 0.258718
2173 22 0.276562
2174 22 0.228639
2175 22 0.306285
2176 22 0.223350
2177 22 0.033886
2178 22 0.175098
2179 22 0.299440
2180 22 0.291168
2181 22 0.245187
2182 22 0.201986
2183 22 0.277973
2184 22 0.229350
2185 22 0.284819
2186 22 0.189739
2187 22 0.241140
2188 22 0.380428
2189 22 0.260267
2190 22 0.199365
2191 22 0.308963
2192 22 0.225919
2193 22 0.268334
2194 22 0.063186
2195 22 0.187403
2196 22 0.192177
2197 22 0.195898
2198 22 0.231707
2199 22 0.247768
2200 23 0.267901
2201 23 0.246592
2202 23 0.244755
2203 23 0.215767
2204 23 0.267493
2205 23 0.285111
2206 23 0.209266
2207 23 0.139687
2208 23 0.287220
2209 23 0.325830
2210 23 0.238633
2211 23 0.243961
2212 23 0.295552
2213 23 0.234214
2214 23 0.294447
2215 23 0.273688
2216 23 0.292932
2217 23 0.208053
2218 23 0.229951
2219 23 0.264507
2220 23 0.273922
2221 23 0.202834
2222 23 0.271965
2223 23 0.213287
2224 23 0.215691
2225 23 0.241437
2226 23 0.250112
2227 23 0.212050
2228 23 0.345762
2229 23 0.014577
2230 23 0.198009
2231 23 0.307114
2232 23 0.245954
2233 23 0.244808
2234 23 0.221408
2235 23 0.245656
2236 23 0.414986
2237 23 0.197113
2238 23 0.253345
2239 23 0.199139
2240 23 0.205380
2241 23 0.305947
2242 23 0.298388
2243 23 0.219123
2244 23 0.181488
2245 23 0.215106
2246 23 0.247978
2247 23 0.313772
2248 23 0.298337
2249 23 0.063156
2250 23 0.262159
2251 23 0.270823
2252 23 0.264702
2253 23 0.193947
2254 23 0.230039
2255 23 0.293865
2256 23 0.317451
2257 23 0.247117
2258 23 0.246050
2259 23 0.369612
2260 23 0.232800
2261 23 0.239568
2262 23 0.308381
2263 23 0.199671
2264 23 0.197106
2265 23 0.302916
2266 23 0.293834
2267 23 0.295115
2268 23 0.276527
2269 23 0.215013
2270 23 0.203393
2271 23 0.307868
2272 23 0.217998
2273 23 0.264552
2274 23 0.236188
2275 23 0.262781
2276 23 0.256275
2277 23 0.362183
2278 23 0.202329
2279 23 0.184736
2280 23 0.285364
2281 23 0.048713
2282 23 0.438380
2283 23 0.222888
2284 23 0.222367
2285 23 0.310027
2286 23 0.196725
2287 23 0.296353
2288 23 0.231798
2289 23 0.288508
2290 23 0.245686
2291 23 0.250286
2292 23 0.274727
2293 23 0.341980
2294 23 0.246649
2295 23 0.016615
2296 23 0.190313
2297 23 0.033913
2298 23 0.271646
2299 23 0.302323
2300 24 0.238744
2301 24 0.209783
2302 24 0.265824
2303 24 0.207129
2304 24 0.364487
2305 24 0.248716
2306 24 0.292909
2307 24 0.231035
2308 24 0.270944
2309 24 0.260656
2310 24 0.301927
2311 24 0.241957
2312 24 0.281554
2313 24 0.243187
2314 24 0.330781
2315 24 0.231662
2316 24 0.217053
2317 24 0.234609
2318 24 0.114697
2319 24 0.199214
2320 24 0.212856
2321 24 0.217079
2322 24 0.275727
2323 24 0.250530
2324 24 0.234506
2325 24 0.016633
2326 24 0.216990
2327 24 0.239662
2328 24 0.299246
2329 24 0.239485
2330 24 0.267554
2331 24 0.223193
2332 24 0.070914
2333 24 0.204117
2334 24 0.268139
2335 24 0.242130
2336 24 0.266156
2337 24 0.300753
2338 24 0.209965
2339 24 0.316854
2340 24 0.228376
2341 24 0.192285
2342 24 0.382242
2343 24 0.287941
2344 24 0.184919
2345 24 0.204801
2346 24 0.241144
2347 24 0.311086
2348 24 0.236669
2349 24 0.252769
2350 24 0.295070
2351 24 0.174225
2352 24 0.306896
2353 24 0.299219
2354 24 0.212001
2355 24 0.226568
2356 24 0.255374
2357 24 0.302956
2358 24 0.250067
2359 24 0.297900
2360 24 0.237265
2361 24 0.201532
2362 24 0.248530
2363 24 0.270527
2364 24 0.160678
2365 24 0.259882
2366 24 0.190129
2367 24 0.273505
2368 24 0.220350
2369 24 0.210954
2370 24 0.213403
2371 24 0.219129
2372 24 0.265574
2373 24 0.264805
2374 24 0.188394
2375 24 0.246196
2376 24 0.196864
2377 24 0.266490
2378 24 0.259968
2379 24 0.293125
2380 24 0.214711
2381 24 0.246365
2382 24 0.209194
2383 24 0.258075
2384 24 0.229830
2385 24 0.250861
2386 24 0.014767
2387 24 0.330789
2388 24 0.063080
2389 24 0.321342
2390 24 0.227051
2391 24 0.215694
2392 24 0.256676
2393 24 0.230090
2394 24 0.033925
2395 24 0.243527
2396 24 0.183199
2397 24 0.194570
2398 24 0.192795
2399 24 0.303502
2400 25 0.222722
2401 25 0.269804
2402 25 0.212797
2403 25 0.194915
2404 25 0.213441
2405 25 0.180279
2406 25 0.223243
2407 25 0.226522
2408 25 0.217532
2409 25 0.240318
2410 25 0.276936
2411 25 0.229288
2412 25 0.232213
2413 25 0.275315
2414 25 0.200481
2415 25 0.282483
2416 25 0.075689
2417 25 0.228309
2418 25 0.254988
2419 25 0.248734
2420 25 0.294897
2421 25 0.283209
2422 25 0.033925
2423 25 0.240060
2424 25 0.257387
2425 25 0.319765
2426 25 0.279116
2427 25 0.016711
2428 25 0.204616
2429 25 0.321160
2430 25 0.254737
2431 25 0.232309
2432 25 0.187633
2433 25 0.253535
2434 25 0.349101
2435 25 0.292756
2436 25 0.256077
2437 25 0.207599
2438 25 0.169320
2439 25 0.423754
2440 25 0.224531
2441 25 0.260250
2442 25 0.270901
2443 25 0.235793
2444 25 0.194538
2445 25 0.270112
2446 25 0.014830
2447 25 0.222943
2448 25 0.230502
2449 25 0.301446
2450 25 0.201975
2451 25 0.270270
2452 25 0.188515
2453 25 0.227358
2454 25 0.132940
2455 25 0.186926
2456 25 0.224442
2457 25 0.225501
2458 25 0.207912
2459 25 0.267974
2460 25 0.247798
2461 25 0.283284
2462 25 0.274418
2463 25 0.233348
2464 25 0.157590
2465 25 0.377953
2466 25 0.313485
2467 25 0.266236
2468 25 0.268072
2469 25 0.246764
2470 25 0.265447
2471 25 0.253812
2472 25 0.227553
2473 25 0.238390
2474 25 0.234543
2475 25 0.232686
2476 25 0.307844
2477 25 0.236798
2478 25 0.274826
2479 25 0.237777
2480 25 0.271580
2481 25 0.249372
2482 25 0.202190
2483 25 0.202371
2484 25 0.210810
2485 25 0.320463
2486 25 0.206939
2487 25 0.225200
2488 25 0.260669
2489 25 0.206976
2490 25 0.272878
2491 25 0.256637
2492 25 0.295457
2493 25 0.200924
2494 25 0.212187
2495 25 0.199489
2496 25 0.255339
2497 25 0.227521
2498 25 0.219632
2499 25 0.242210
2500 26 0.221046
2501 26 0.234338
2502 26 0.247678
2503 26 0.205067
2504 26 0.048668
2505 26 0.157036
2506 26 0.298616
2507 26 0.233006
2508 26 0.251783
2509 26 0.198199
2510 26 0.223677
2511 26 0.262632
2512 26 0.250574
2513 26 0.230702
2514 26 0.267394
2515 26 0.306873
2516 26 0.157925
2517 26 0.233569
2518 26 0.272611
2519 26 0.261428
2520 26 0.274658
2521 26 0.197925
2522 26 0.233095
2523 26 0.226981
2524 26 0.209996
2525 26 0.261612
2526 26 0.261936
2527 26 0.228327
2528 26 0.242201
2529 26 0.199208
2530 26 0.257077
2531 26 0.183711
2532 26 0.272611
2533 26 0.261196
2534 26 0.212872
2535 26 0.310655
2536 26 0.225261
2537 26 0.238023
2538 26 0.231798
2539 26 0.240540
2540 26 0.190289
2541 26 0.220312
2542 26 0.033996
2543 26 0.226076
2544 26 0.236005
2545 26 0.184330
2546 26 0.321353
2547 26 0.215930
2548 26 0.233592
2549 26 0.300111
2550 26 0.199023
2551 26 0.014946
2552 26 0.275702
2553 26 0.186255
2554 26 0.177208
2555 26 0.229093
2556 26 0.281250
2557 26 0.227386
2558 26 0.192220
2559 26 0.230479
2560 26 0.209305
2561 26 0.190288
2562 26 0.204445
2563 26 0.194225
2564 26 0.292183
2565 26 0.225427
2566 26 0.248971
2567 26 0.254429
2568 26 0.278621
2569 26 0.289035
2570 26 0.300780
2571 26 0.219532
2572 26 0.267633
2573 26 0.289580
2574 26 0.119901
2575 26 0.297561
2576 26 0.260817
2577 26 0.063042
2578 26 0.258595
2579 26 0.260806
2580 26 0.200396
2581 26 0.286875
2582 26 0.304366
2583 26 0.258404
2584 26 0.191473
2585 26 0.211336
2586 26 0.190102
2587 26 0.184466
2588 26 0.212658
2589 26 0.268226
2590 26 0.244738
2591 26 0.190737
2592 26 0.016844
2593 26 0.282021
2594 26 0.430930
2595 26 0.223669
2596 26 0.170951
2597 26 0.207758
2598 26 0.331530
2599 26 0.229689
2600 27 0.202816
2601 27 0.451050
2602 27 0.234352
2603 27 0.205920
2604 27 0.221094
2605 27 0.274476
2606 27 0.118768
2607 27 0.242657
2608 27 0.230969
2609 27 0.207039
2610 27 0.274544
2611 27 0.261422
2612 27 0.268119
2613 27 0.279442
2614 27 0.199765
2615 27 0.250288
2616 27 0.299772
2617 27 0.289521
2618 27 0.253750
2619 27 0.188884
2620 27 0.267066
2621 27 0.279106
2622 27 0.193556
2623 27 0.224739
2624 27 0.210016
2625 27 0.181902
2626 27 0.215032
2627 27 0.222640
2628 27 0.196909
2629 27 0.316461
2630 27 0.176302
2631 27 0.240767
2632 27 0.245284
2633 27 0.230104
2634 27 0.271978
2635 27 0.275162
2636 27 0.229993
2637 27 0.199249
2638 27 0.261312
2639 27 0.202550
2640 27 0.164595
2641 27 0.260776
2642 27 0.175620
2643 27 0.244739
2644 27 0.299955
2645 27 0.274989
2646 27 0.241555
2647 27 0.204545
2648 27 0.016896
2649 27 0.282834
2650 27 0.203999
2651 27 0.275128
2652 27 0.258711
2653 27 0.257304
2654 27 0.226702
2655 27 0.219312
2656 27 0.250938
2657 27 0.200826
2658 27 0.251718
2659 27 0.226337
2660 27 0.258606
2661 27 0.212777
2662 27 0.321670
2663 27 0.292877
2664 27 0.148421
2665 27 0.234477
2666 27 0.015073
2667 27 0.251430
2668 27 0.303632
2669 27 0.247651
2670 27 0.329723
2671 27 0.242244
2672 27 0.253392
2673 27 0.212413
2674 27 0.062983
2675 27 0.222947
2676 27 0.175305
2677 27 0.206128
2678 27 0.273177
2679 27 0.262325
2680 27 0.172195
2681 27 0.247256
2682 27 0.262124
2683 27 0.224435
2684 27 0.033981
2685 27 0.239731
2686 27 0.238634
2687 27 0.235169
2688 27 0.260421
2689 27 0.232021
2690 27 0.180901
2691 27 0.316107
2692 27 0.069987
2693 27 0.225963
2694 27 0.192142
2695 27 0.225171
2696 27 0.220122
2697 27 0.208036
2698 27 0.242944
2699 27 0.247544
2700 28 0.274672
2701 28 0.257222
2702 28 0.204794
2703 28 0.223706
2704 28 0.168992
2705 28 0.207212
2706 28 0.214437
2707 28 0.195037
2708 28 0.189641
2709 28 0.253804
2710 28 0.224118
2711 28 0.238028
2712 28 0.234805
2713 28 0.015101
2714 28 0.048626
2715 28 0.222420
2716 28 0.211539
2717 28 0.272471
2718 28 0.224688
2719 28 0.243213
2720 28 0.205888
2721 28 0.200458
2722 28 0.228408
2723 28 0.189988
2724 28 0.033966
2725 28 0.291134
2726 28 0.264297
2727 28 0.138016
2728 28 0.247369
2729 28 0.244341
2730 28 0.192620
2731 28 0.168608
2732 28 0.209411
2733 28 0.202107
2734 28 0.239271
2735 28 0.366104
2736 28 0.245415
2737 28 0.260963
2738 28 0.251791
2739 28 0.216671
2740 28 0.246702
2741 28 0.269831
2742 28 0.285219
2743 28 0.218853
2744 28 0.251905
2745 28 0.225238
2746 28 0.217850
2747 28 0.237841
2748 28 0.231090
2749 28 0.189227
2750 28 0.250591
2751 28 0.205405
2752 28 0.323596
2753 28 0.193441
2754 28 0.243667
2755 28 0.178726
2756 28 0.221490
2757 28 0.206227
2758 28 0.254417
2759 28 0.180010
2760 28 0.222819
2761 28 0.178142
2762 28 0.203952
2763 28 0.239179
2764 28 0.249333
2765 28 0.207519
2766 28 0.016945
2767 28 0.218034
2768 28 0.268360
2769 28 0.228789
2770 28 0.283559
2771 28 0.276265
2772 28 0.177143
2773 28 0.166017
2774 28 0.248347
2775 28 0.189903
2776 28 0.272076
2777 28 0.197084
2778 28 0.258979
2779 28 0.395488
2780 28 0.212389
2781 28 0.181962
2782 28 0.196053
2783 28 0.226832
2784 28 0.223872
2785 28 0.165219
2786 28 0.214159
2787 28 0.216287
2788 28 0.210968
2789 28 0.261393
2790 28 0.230845
2791 28 0.222887
2792 28 0.190723
2793 28 0.243669
2794 28 0.297346
2795 28 0.210395
2796 28 0.283184
2797 28 0.214417
2798 28 0.206310
2799 28 0.243808
2800 29 0.204972
2801 29 0.216476
2802 29 0.286772
2803 29 0.240167
2804 29 0.185125
2805 29 0.222596
2806 29 0.242064
2807 29 0.258792
2808 29 0.197207
2809 29 0.192510
2810 29 0.212532
2811 29 0.220051
2812 29 0.213388
2813 29 0.157775
2814 29 0.268504
2815 29 0.223152
2816 29 0.231452
2817 29 0.144178
2818 29 0.286806
2819 29 0.258365
2820 29 0.254905
2821 29 0.177119
2822 29 0.388167
2823 29 0.216031
2824 29 0.232534
2825 29 0.219517
2826 29 0.268702
2827 29 0.217956
2828 29 0.194065
2829 29 0.287572
2830 29 0.289642
2831 29 0.342998
2832 29 0.213858
2833 29 0.156465
2834 29 0.156922
2835 29 0.225670
2836 29 0.207268
2837 29 0.218300
2838 29 0.272180
2839 29 0.319312
2840 29 0.244670
2841 29 0.273077
2842 29 0.208047
2843 29 0.161307
2844 29 0.200636
2845 29 0.205452
2846 29 0.226422
2847 29 0.218948
2848 29 0.198752
2849 29 0.016998
2850 29 0.319975
2851 29 0.238525
2852 29 0.239584
2853 29 0.253763
2854 29 0.197480
2855 29 0.336013
2856 29 0.245036
2857 29 0.198276
2858 29 0.241096
2859 29 0.199525
2860 29 0.048614
2861 29 0.280743
2862 29 0.015230
2863 29 0.166985
2864 29 0.236723
2865 29 0.203643
2866 29 0.283726
2867 29 0.291215
2868 29 0.199833
2869 29 0.214348
2870 29 0.247413
2871 29 0.219592
2872 29 0.179928
2873 29 0.201092
2874 29 0.206222
2875 29 0.169134
2876 29 0.219054
2877 29 0.241747
2878 29 0.216629
2879 29 0.224825
2880 29 0.265328
2881 29 0.239699
2882 29 0.228882
2883 29 0.268907
2884 29 0.248378
2885 29 0.326357
2886 29 0.259385
2887 29 0.222720
2888 29 0.263273
2889 29 0.215955
2890 29 0.186337
2891 29 0.191394
2892 29 0.275720
2893 29 0.089708
2894 29 0.163329
2895 29 0.218640
2896 29 0.252832
2897 29 0.265806
2898 29 0.089828
2899 29 0.244420
2900 30 0.017017
2901 30 0.180429
2902 30 0.201403
2903 30 0.258812
2904 30 0.227074
2905 30 0.169374
2906 30 0.184003
2907 30 0.220253
2908 30 0.217413
2909 30 0.189711
2910 30 0.219590
2911 30 0.211494
2912 30 0.224013
2913 30 0.242546
2914 30 0.292148
2915 30 0.225394
2916 30 0.207094
2917 30 0.242812
2918 30 0.200153
2919 30 0.223231
2920 30 0.211517
2921 30 0.271159
2922 30 0.242655
2923 30 0.275867
2924 30 0.295918
2925 30 0.184859
2926 30 0.209994
2927 30 0.214315
2928 30 0.033958
2929 30 0.186165
2930 30 0.233298
2931 30 0.217588
2932 30 0.220443
2933 30 0.154245
2934 30 0.227256
2935 30 0.198735
2936 30 0.167175
2937 30 0.228688
2938 30 0.171618
2939 30 0.015253
2940 30 0.177784
2941 30 0.219243
2942 30 0.174393
2943 30 0.229036
2944 30 0.181237
2945 30 0.210746
2946 30 0.291890
2947 30 0.430485
2948 30 0.179302
2949 30 0.219910
2950 30 0.230320
2951 30 0.172856
2952 30 0.289644
2953 30 0.062861
2954 30 0.280430
2955 30 0.224090
2956 30 0.272478
2957 30 0.271546
2958 30 0.215176
2959 30 0.282378
2960 30 0.208818
2961 30 0.159496
2962 30 0.195976
2963 30 0.248553
2964 30 0.223239
2965 30 0.205035
2966 30 0.266306
2967 30 0.229571
2968 30 0.218888
2969 30 0.221755
2970 30 0.227881
2971 30 0.205828
2972 30 0.235329
2973 30 0.267119
2974 30 0.214408
2975 30 0.258895
2976 30 0.196189
2977 30 0.253663
2978 30 0.069297
2979 30 0.245047
2980 30 0.272669
2981 30 0.160589
2982 30 0.266940
2983 30 0.178113
2984 30 0.203564
2985 30 0.279124
2986 30 0.218907
2987 30 0.200537
2988 30 0.183041
2989 30 0.249950
2990 30 0.224659
2991 30 0.229129
2992 30 0.239660
2993 30 0.240833
2994 30 0.261192
2995 30 0.254251
2996 30 0.233994
2997 30 0.261401
2998 30 0.214148
2999 30 0.251975
