# Batch convergence for: model=snn-ae encoding=poisson architecture=conv1d v_th=1.5 alpha=0.9 run=3
batch_num epoch batch_loss
0 1 0.059570
1 1 0.107415
2 1 0.236739
3 1 0.033674
4 1 0.799815
5 1 0.141920
6 1 0.314290
7 1 0.129707
8 1 0.195838
9 1 0.182927
10 1 0.042431
11 1 0.216359
12 1 0.276349
13 1 0.121375
14 1 0.154521
15 1 0.121296
16 1 0.235704
17 1 0.235908
18 1 0.312708
19 1 0.130963
20 1 0.182862
21 1 0.014631
22 1 0.070137
23 1 0.264994
24 1 0.116412
25 1 0.334642
26 1 0.183848
27 1 0.202378
28 1 0.092786
29 1 0.333734
30 1 0.157192
31 1 0.224297
32 1 0.261859
33 1 0.117023
34 1 0.158584
35 1 0.145885
36 1 0.107108
37 1 0.177449
38 1 0.038919
39 1 0.045065
40 1 0.184531
41 1 0.197651
42 1 0.165700
43 1 0.150944
44 1 0.143857
45 1 0.069884
46 1 0.085462
47 1 0.055246
48 1 0.132326
49 1 0.273740
50 1 0.008735
51 1 0.415553
52 1 0.151967
53 1 0.013593
54 1 1.339544
55 1 0.354834
56 1 0.138383
57 1 0.295463
58 1 0.084415
59 1 0.369036
60 1 0.139321
61 1 0.228406
62 1 0.226275
63 1 0.112698
64 1 0.313411
65 1 0.170555
66 1 0.018907
67 1 1.012211
68 1 0.164143
69 1 0.093519
70 1 0.160262
71 1 0.011131
72 1 0.008732
73 1 0.215330
74 1 0.104591
75 1 0.089014
76 1 0.135009
77 1 0.147233
78 1 0.139627
79 1 0.217600
80 1 1.265133
81 1 0.106451
82 1 0.068141
83 1 0.232998
84 1 0.285204
85 1 0.294880
86 1 0.042772
87 1 0.236552
88 1 0.305939
89 1 0.147846
90 1 0.033292
91 1 0.307633
92 1 0.018873
93 1 0.170968
94 1 0.038898
95 1 0.165239
96 1 0.074708
97 1 0.185001
98 1 0.343950
99 1 0.094166
100 2 0.084877
101 2 0.061361
102 2 0.111894
103 2 0.210040
104 2 0.114959
105 2 0.143045
106 2 0.137842
107 2 0.071640
108 2 0.058783
109 2 0.119921
110 2 0.094054
111 2 0.008652
112 2 0.098710
113 2 1.152160
114 2 0.197264
115 2 0.162434
116 2 0.231287
117 2 0.142498
118 2 0.033171
119 2 0.078072
120 2 0.100510
121 2 0.038545
122 2 0.011054
123 2 0.069294
124 2 0.067209
125 2 0.147250
126 2 0.207349
127 2 0.141080
128 2 0.151176
129 2 0.126372
130 2 0.173451
131 2 0.083974
132 2 0.123153
133 2 0.084753
134 2 0.165553
135 2 0.226793
136 2 0.042392
137 2 0.063772
138 2 0.188834
139 2 0.325575
140 2 0.049159
141 2 0.261952
142 2 0.339639
143 2 0.193300
144 2 0.103335
145 2 0.100628
146 2 0.332118
147 2 0.068477
148 2 0.133992
149 2 0.247592
150 2 0.018773
151 2 0.041583
152 2 0.054336
153 2 0.038506
154 2 0.075611
155 2 0.018712
156 2 0.674916
157 2 0.320873
158 2 0.188587
159 2 0.090165
160 2 0.072667
161 2 0.166545
162 2 0.037926
163 2 0.257183
164 2 0.068785
165 2 0.120242
166 2 0.008653
167 2 0.096766
168 2 0.331846
169 2 0.149315
170 2 0.177182
171 2 0.797750
172 2 0.145816
173 2 0.098494
174 2 0.201776
175 2 0.134212
176 2 0.109239
177 2 0.013384
178 2 0.241311
179 2 0.092152
180 2 0.165212
181 2 0.070622
182 2 0.043838
183 2 0.207365
184 2 0.232024
185 2 0.014372
186 2 0.169519
187 2 0.107020
188 2 0.164549
189 2 0.447123
190 2 0.147582
191 2 0.200737
192 2 0.104983
193 2 0.131993
194 2 1.032700
195 2 0.112369
196 2 0.217042
197 2 0.060785
198 2 0.032439
199 2 0.062585
200 3 0.134215
201 3 0.248859
202 3 0.066439
203 3 0.129489
204 3 0.054451
205 3 0.157097
206 3 0.127004
207 3 0.010936
208 3 0.951836
209 3 0.068319
210 3 0.134804
211 3 0.078084
212 3 0.129378
213 3 0.136756
214 3 0.232242
215 3 0.200378
216 3 0.171269
217 3 0.037494
218 3 1.020801
219 3 0.008612
220 3 0.073496
221 3 0.060017
222 3 0.038135
223 3 0.105211
224 3 0.299539
225 3 0.136207
226 3 0.057905
227 3 0.097317
228 3 0.173638
229 3 0.018637
230 3 0.135796
231 3 0.008520
232 3 0.043351
233 3 0.245144
234 3 0.230415
235 3 0.091418
236 3 0.135948
237 3 0.249828
238 3 0.070325
239 3 0.291873
240 3 0.201021
241 3 0.121579
242 3 0.095132
243 3 0.207976
244 3 0.179426
245 3 0.069973
246 3 0.106153
247 3 0.079743
248 3 0.089155
249 3 0.062139
250 3 0.154082
251 3 0.270426
252 3 0.725963
253 3 0.074586
254 3 0.076990
255 3 0.077606
256 3 0.083116
257 3 0.095650
258 3 0.092550
259 3 0.040886
260 3 0.189214
261 3 0.199648
262 3 0.163662
263 3 0.073146
264 3 0.098979
265 3 0.270127
266 3 0.065666
267 3 0.141190
268 3 0.223135
269 3 0.198680
270 3 0.031999
271 3 0.102029
272 3 0.060277
273 3 0.370763
274 3 0.062634
275 3 0.138372
276 3 0.014262
277 3 0.013245
278 3 0.297491
279 3 0.130375
280 3 0.066818
281 3 0.071992
282 3 0.097211
283 3 0.073206
284 3 0.601962
285 3 0.086730
286 3 0.192429
287 3 0.247870
288 3 0.143031
289 3 0.041178
290 3 0.210104
291 3 0.138018
292 3 0.107848
293 3 0.071027
294 3 0.053083
295 3 0.032413
296 3 0.148660
297 3 0.267097
298 3 0.201825
299 3 0.224717
300 4 0.141037
301 4 0.074100
302 4 0.107715
303 4 0.217737
304 4 0.095446
305 4 0.219394
306 4 0.067485
307 4 0.118121
308 4 0.137761
309 4 0.159044
310 4 0.137005
311 4 0.095811
312 4 0.037516
313 4 0.138480
314 4 0.116886
315 4 0.087553
316 4 0.010833
317 4 0.062307
318 4 0.099038
319 4 0.090023
320 4 0.226950
321 4 0.077139
322 4 0.092031
323 4 0.157034
324 4 0.129719
325 4 0.358599
326 4 0.114801
327 4 0.146800
328 4 0.013175
329 4 0.072819
330 4 0.104622
331 4 0.153094
332 4 0.313422
333 4 0.096200
334 4 0.070574
335 4 0.040496
336 4 0.065204
337 4 0.086231
338 4 0.064168
339 4 0.066203
340 4 0.096578
341 4 0.079386
342 4 0.132087
343 4 0.018389
344 4 0.633603
345 4 0.216890
346 4 0.098060
347 4 0.616874
348 4 0.185483
349 4 0.192235
350 4 0.103584
351 4 0.031568
352 4 0.164689
353 4 0.148182
354 4 0.008453
355 4 0.058722
356 4 0.064986
357 4 0.201042
358 4 0.101313
359 4 0.014204
360 4 0.008567
361 4 0.139096
362 4 0.103533
363 4 0.120084
364 4 0.204497
365 4 0.277794
366 4 0.069275
367 4 0.061995
368 4 0.072333
369 4 0.057027
370 4 0.032145
371 4 0.018457
372 4 0.152197
373 4 0.103993
374 4 0.062956
375 4 0.138836
376 4 0.216739
377 4 0.061432
378 4 0.036487
379 4 0.127067
380 4 0.272964
381 4 0.102258
382 4 0.294110
383 4 1.049194
384 4 0.161623
385 4 0.123750
386 4 0.161694
387 4 0.228438
388 4 0.068921
389 4 0.210389
390 4 0.107843
391 4 0.135500
392 4 0.042173
393 4 0.191662
394 4 0.225410
395 4 0.999372
396 4 0.130231
397 4 0.223847
398 4 0.178750
399 4 0.047206
400 5 0.073199
401 5 0.142411
402 5 0.064613
403 5 0.066701
404 5 0.106602
405 5 0.076396
406 5 0.100716
407 5 0.595774
408 5 0.109188
409 5 0.138264
410 5 0.222565
411 5 0.999149
412 5 0.102523
413 5 0.014156
414 5 0.078293
415 5 0.143720
416 5 0.008421
417 5 0.132731
418 5 0.174184
419 5 0.163066
420 5 0.261000
421 5 0.013065
422 5 0.105939
423 5 0.123922
424 5 0.136963
425 5 0.160739
426 5 0.040193
427 5 0.100063
428 5 0.068475
429 5 0.031905
430 5 0.263903
431 5 0.147889
432 5 0.116822
433 5 0.070841
434 5 0.061423
435 5 0.039898
436 5 0.064360
437 5 0.069362
438 5 0.018241
439 5 0.134810
440 5 0.135787
441 5 0.060974
442 5 0.140581
443 5 0.061423
444 5 0.122510
445 5 0.059310
446 5 0.132099
447 5 0.154528
448 5 0.223717
449 5 0.073902
450 5 0.181605
451 5 0.236850
452 5 0.258789
453 5 0.008543
454 5 0.103750
455 5 0.064869
456 5 0.051828
457 5 0.075557
458 5 0.232074
459 5 0.090870
460 5 0.158964
461 5 0.155718
462 5 0.294141
463 5 0.058847
464 5 0.227686
465 5 0.231528
466 5 0.138556
467 5 0.030955
468 5 0.088376
469 5 0.087128
470 5 0.160779
471 5 0.096494
472 5 0.010730
473 5 0.136925
474 5 0.103191
475 5 0.680827
476 5 0.110772
477 5 0.113056
478 5 0.085858
479 5 0.103189
480 5 0.116740
481 5 0.869364
482 5 0.176052
483 5 0.102992
484 5 0.018323
485 5 0.068277
486 5 0.182714
487 5 0.244919
488 5 0.104229
489 5 0.115094
490 5 0.127616
491 5 0.128983
492 5 0.299447
493 5 0.175901
494 5 0.035742
495 5 0.087561
496 5 0.354058
497 5 0.041327
498 5 0.145011
499 5 0.037246
500 6 0.046445
501 6 0.014103
502 6 0.041289
503 6 0.035689
504 6 0.224974
505 6 0.138293
506 6 0.018169
507 6 0.241338
508 6 0.610773
509 6 0.173803
510 6 0.134843
511 6 0.102745
512 6 0.186462
513 6 0.066357
514 6 0.195686
515 6 0.165966
516 6 0.098787
517 6 0.089290
518 6 0.039608
519 6 0.145042
520 6 0.115622
521 6 0.191638
522 6 0.087078
523 6 0.206704
524 6 0.241401
525 6 0.189204
526 6 0.096672
527 6 0.253984
528 6 0.062835
529 6 0.230118
530 6 0.152352
531 6 0.064071
532 6 0.101576
533 6 0.068403
534 6 0.036332
535 6 0.058328
536 6 0.209529
537 6 0.094062
538 6 0.140552
539 6 0.105181
540 6 0.071930
541 6 0.174588
542 6 0.070911
543 6 0.056071
544 6 0.070071
545 6 0.167666
546 6 0.116209
547 6 0.139227
548 6 0.115505
549 6 0.079722
550 6 0.129107
551 6 0.018294
552 6 0.039365
553 6 0.031517
554 6 0.067623
555 6 0.051159
556 6 0.104537
557 6 0.073149
558 6 0.157570
559 6 0.008572
560 6 0.090051
561 6 0.100454
562 6 0.089249
563 6 0.155248
564 6 0.012961
565 6 0.071133
566 6 0.147997
567 6 0.222652
568 6 0.117595
569 6 0.067671
570 6 0.008391
571 6 0.135721
572 6 0.140648
573 6 0.092399
574 6 0.188604
575 6 0.060556
576 6 0.010687
577 6 0.099933
578 6 0.084912
579 6 0.065440
580 6 0.079674
581 6 0.900166
582 6 0.074853
583 6 0.056575
584 6 0.386761
585 6 0.063198
586 6 0.235608
587 6 0.142578
588 6 0.030437
589 6 0.683394
590 6 0.988753
591 6 0.094525
592 6 0.069871
593 6 0.147909
594 6 0.129373
595 6 0.133718
596 6 0.076926
597 6 0.115274
598 6 0.087075
599 6 0.315722
600 7 0.045825
601 7 0.216027
602 7 0.080138
603 7 0.214009
604 7 0.018096
605 7 0.103925
606 7 0.161607
607 7 0.191829
608 7 0.138779
609 7 0.142867
610 7 0.169020
611 7 0.133450
612 7 0.170252
613 7 0.086334
614 7 0.063228
615 7 0.071262
616 7 0.275667
617 7 0.018243
618 7 0.096873
619 7 0.038977
620 7 0.012928
621 7 0.069608
622 7 0.062193
623 7 0.070902
624 7 0.061677
625 7 0.084363
626 7 0.200751
627 7 0.136275
628 7 0.060154
629 7 0.095643
630 7 0.245969
631 7 0.117157
632 7 0.040416
633 7 0.101872
634 7 0.113489
635 7 0.062721
636 7 0.014070
637 7 0.059845
638 7 0.085679
639 7 0.216787
640 7 0.177523
641 7 0.130424
642 7 0.169028
643 7 0.034971
644 7 0.066975
645 7 0.030176
646 7 0.061118
647 7 0.156154
648 7 0.139255
649 7 0.008404
650 7 0.089397
651 7 0.608476
652 7 0.228462
653 7 0.627431
654 7 0.101616
655 7 0.266592
656 7 0.070509
657 7 0.141838
658 7 0.165280
659 7 0.074483
660 7 0.064804
661 7 0.093896
662 7 0.093449
663 7 0.062907
664 7 0.111601
665 7 0.213498
666 7 0.112284
667 7 0.114754
668 7 0.103918
669 7 0.050389
670 7 0.126905
671 7 0.068923
672 7 0.833443
673 7 0.941477
674 7 0.127572
675 7 0.334007
676 7 0.141163
677 7 0.128579
678 7 0.093658
679 7 0.066803
680 7 0.093912
681 7 0.091277
682 7 0.111248
683 7 0.235030
684 7 0.141904
685 7 0.128435
686 7 0.215042
687 7 0.069856
688 7 0.010709
689 7 0.057299
690 7 0.078180
691 7 0.171107
692 7 0.031143
693 7 0.008648
694 7 0.059809
695 7 0.175663
696 7 0.055246
697 7 0.035568
698 7 0.058112
699 7 0.068594
700 8 0.214071
701 8 0.045181
702 8 0.066606
703 8 0.575710
704 8 0.176789
705 8 0.064427
706 8 0.018221
707 8 0.200978
708 8 0.092953
709 8 0.050081
710 8 0.277159
711 8 0.133746
712 8 0.062075
713 8 0.070114
714 8 0.215409
715 8 0.216915
716 8 0.929148
717 8 0.162647
718 8 0.609833
719 8 0.163864
720 8 0.218178
721 8 0.165834
722 8 0.210100
723 8 0.164062
724 8 0.170266
725 8 0.097177
726 8 0.140350
727 8 0.125960
728 8 0.066385
729 8 0.211583
730 8 0.123159
731 8 0.074780
732 8 0.100759
733 8 0.198272
734 8 0.094514
735 8 0.029781
736 8 0.066228
737 8 0.111250
738 8 0.059544
739 8 0.070242
740 8 0.061951
741 8 0.221253
742 8 0.093077
743 8 0.071897
744 8 0.178536
745 8 0.224687
746 8 0.008704
747 8 0.175432
748 8 0.038447
749 8 0.078913
750 8 0.059417
751 8 0.130135
752 8 0.083398
753 8 0.100484
754 8 0.115393
755 8 0.129096
756 8 0.129245
757 8 0.118444
758 8 0.120213
759 8 0.118522
760 8 0.115320
761 8 0.107587
762 8 0.184536
763 8 0.094682
764 8 0.179485
765 8 0.219895
766 8 0.102274
767 8 0.137742
768 8 0.238959
769 8 0.014124
770 8 0.136356
771 8 0.113636
772 8 0.073663
773 8 0.162387
774 8 0.118048
775 8 0.054897
776 8 0.088448
777 8 0.144031
778 8 0.038110
779 8 0.010755
780 8 0.208640
781 8 0.034267
782 8 0.030954
783 8 0.008498
784 8 0.012919
785 8 0.232753
786 8 0.188428
787 8 0.087552
788 8 0.067845
789 8 0.018038
790 8 0.142255
791 8 0.095584
792 8 0.162618
793 8 0.828346
794 8 0.131130
795 8 0.036579
796 8 0.108000
797 8 0.039409
798 8 0.100722
799 8 0.110756
800 9 0.100265
801 9 0.098252
802 9 0.135927
803 9 0.060192
804 9 0.237012
805 9 0.065907
806 9 0.136618
807 9 0.035152
808 9 0.108775
809 9 0.082751
810 9 0.104491
811 9 0.101872
812 9 0.264517
813 9 0.096504
814 9 0.091621
815 9 0.084980
816 9 0.196916
817 9 0.057626
818 9 0.786393
819 9 0.065680
820 9 0.092568
821 9 0.034088
822 9 0.061337
823 9 0.153684
824 9 0.100497
825 9 0.082795
826 9 0.195313
827 9 0.075310
828 9 0.176977
829 9 0.156989
830 9 0.018023
831 9 0.188404
832 9 0.136668
833 9 0.029470
834 9 0.109712
835 9 0.014134
836 9 0.069546
837 9 0.168838
838 9 0.171812
839 9 0.110202
840 9 0.126004
841 9 0.280891
842 9 0.225499
843 9 0.065904
844 9 0.098498
845 9 0.018205
846 9 0.084058
847 9 0.198902
848 9 0.012897
849 9 0.065710
850 9 0.058913
851 9 0.185073
852 9 0.058983
853 9 0.171422
854 9 0.149348
855 9 0.097921
856 9 0.037716
857 9 0.121792
858 9 0.214494
859 9 0.172199
860 9 0.130371
861 9 0.054573
862 9 0.038054
863 9 0.226254
864 9 0.008778
865 9 0.087945
866 9 0.172646
867 9 0.061801
868 9 0.081598
869 9 0.119500
870 9 0.089703
871 9 0.127607
872 9 0.099400
873 9 0.124600
874 9 0.170383
875 9 0.188983
876 9 0.010761
877 9 0.060784
878 9 0.236028
879 9 0.133144
880 9 0.128077
881 9 0.166427
882 9 0.163923
883 9 0.073064
884 9 0.162284
885 9 0.102012
886 9 0.008541
887 9 0.587754
888 9 0.064329
889 9 0.076388
890 9 0.072289
891 9 0.892445
892 9 0.097399
893 9 0.060935
894 9 0.044274
895 9 0.596582
896 9 0.030708
897 9 0.068691
898 9 0.063375
899 9 0.114126
