feature_set fold epoch train_loss val_loss epoch_ms spike_rate sops
handcrafted-lfcc 0 1 2.186074 nan 223.785 0.210 76046
handcrafted-lfcc 0 2 0.716773 nan 204.468 0.210 70437
handcrafted-lfcc 0 3 0.377181 nan 242.734 0.259 85071
handcrafted-lfcc 0 4 0.272659 nan 277.689 0.267 83223
handcrafted-lfcc 0 5 0.221541 nan 384.844 0.275 84498
handcrafted-lfcc 0 6 0.189841 nan 402.100 0.284 87537
handcrafted-lfcc 0 7 0.163657 nan 424.420 0.278 84543
handcrafted-lfcc 0 8 0.139253 nan 334.980 0.306 89377
handcrafted-lfcc 0 9 0.119431 nan 417.454 0.305 88432
handcrafted-lfcc 0 10 0.106123 nan 244.622 0.322 94593
handcrafted-lfcc 0 11 0.091804 nan 207.332 0.310 90051
handcrafted-lfcc 0 12 0.080325 nan 299.682 0.308 88454
handcrafted-lfcc 0 13 0.067537 nan 218.611 0.299 88593
handcrafted-lfcc 0 14 0.057348 nan 230.847 0.314 89850
handcrafted-lfcc 0 15 0.049315 nan 214.696 0.336 97811
handcrafted-lfcc 0 16 0.044095 nan 225.653 0.327 93009
handcrafted-lfcc 0 17 0.038751 nan 339.037 0.332 95797
handcrafted-lfcc 0 18 0.033210 nan 268.170 0.329 93702
handcrafted-lfcc 0 19 0.030142 nan 218.413 0.324 92124
handcrafted-lfcc 0 20 0.028430 nan 222.809 0.349 97885
handcrafted-lfcc 0 21 0.023706 nan 309.782 0.353 99877
handcrafted-lfcc 0 22 0.022785 nan 260.719 0.336 92235
handcrafted-lfcc 0 23 0.019779 nan 197.726 0.337 92154
handcrafted-lfcc 0 24 0.017435 nan 211.629 0.339 94691
handcrafted-lfcc 0 25 0.015891 nan 236.926 0.338 92694
handcrafted-lfcc 0 26 0.014186 nan 338.743 0.340 94044
handcrafted-lfcc 0 27 0.013229 nan 447.342 0.331 90794
handcrafted-lfcc 0 28 0.012014 nan 283.384 0.344 94669
handcrafted-lfcc 0 29 0.011026 nan 392.703 0.347 95673
handcrafted-lfcc 0 30 0.010493 nan 356.352 0.336 91506
handcrafted-lfcc 0 31 0.009615 nan 236.459 0.342 94449
handcrafted-lfcc 0 32 0.008828 nan 236.540 0.366 102230
handcrafted-lfcc 0 33 0.008239 nan 257.168 0.367 100715
handcrafted-lfcc 0 34 0.007876 nan 222.290 0.367 102185
handcrafted-lfcc 0 35 0.007041 nan 225.308 0.346 94073
handcrafted-lfcc 0 36 0.006617 nan 221.943 0.347 94185
handcrafted-lfcc 0 37 0.006141 nan 248.777 0.359 98250
handcrafted-lfcc 0 38 0.005739 nan 840.925 0.365 100869
handcrafted-lfcc 0 39 0.005387 nan 212.786 0.369 101463
handcrafted-lfcc 0 40 0.005104 nan 214.764 0.367 100773
handcrafted-lfcc 0 41 0.004687 nan 217.596 0.368 98546
handcrafted-lfcc 0 42 0.004409 nan 212.341 0.354 97800
handcrafted-lfcc 0 43 0.004134 nan 344.654 0.348 94655
handcrafted-lfcc 0 44 0.003863 nan 239.298 0.366 99095
handcrafted-lfcc 0 45 0.003599 nan 347.525 0.377 103328
handcrafted-lfcc 0 46 0.003370 nan 346.543 0.340 92535
handcrafted-lfcc 0 47 0.003210 nan 305.288 0.369 100454
handcrafted-lfcc 0 48 0.003072 nan 403.866 0.380 103214
handcrafted-lfcc 0 49 0.002896 nan 329.388 0.340 93483
handcrafted-lfcc 0 50 0.002894 nan 274.550 0.362 96830
handcrafted-lfcc 1 1 2.007863 nan 208.104 0.196 70396
handcrafted-lfcc 1 2 0.737535 nan 184.491 0.228 76827
handcrafted-lfcc 1 3 0.295171 nan 200.429 0.265 85430
handcrafted-lfcc 1 4 0.195025 nan 233.986 0.261 81357
handcrafted-lfcc 1 5 0.153989 nan 259.678 0.272 81538
handcrafted-lfcc 1 6 0.121275 nan 208.828 0.282 86859
handcrafted-lfcc 1 7 0.096596 nan 214.835 0.280 83390
handcrafted-lfcc 1 8 0.079868 nan 203.907 0.299 89607
handcrafted-lfcc 1 9 0.065659 nan 201.342 0.290 86062
handcrafted-lfcc 1 10 0.054620 nan 198.856 0.293 86216
handcrafted-lfcc 1 11 0.047448 nan 200.045 0.292 86273
handcrafted-lfcc 1 12 0.038214 nan 214.740 0.301 86300
handcrafted-lfcc 1 13 0.032395 nan 185.038 0.282 82660
handcrafted-lfcc 1 14 0.025635 nan 180.045 0.300 87318
handcrafted-lfcc 1 15 0.022412 nan 185.066 0.311 90533
handcrafted-lfcc 1 16 0.019218 nan 183.439 0.309 87921
handcrafted-lfcc 1 17 0.016686 nan 220.292 0.303 86308
handcrafted-lfcc 1 18 0.014696 nan 209.294 0.311 88710
handcrafted-lfcc 1 19 0.013067 nan 261.686 0.303 85565
handcrafted-lfcc 1 20 0.011467 nan 296.993 0.318 90621
handcrafted-lfcc 1 21 0.009914 nan 306.251 0.316 89822
handcrafted-lfcc 1 22 0.009069 nan 326.236 0.337 95797
handcrafted-lfcc 1 23 0.008273 nan 326.606 0.311 86755
handcrafted-lfcc 1 24 0.007535 nan 581.047 0.312 87191
handcrafted-lfcc 1 25 0.007007 nan 194.197 0.334 94129
handcrafted-lfcc 1 26 0.006371 nan 273.313 0.320 88458
handcrafted-lfcc 1 27 0.005658 nan 200.657 0.339 95123
handcrafted-lfcc 1 28 0.005249 nan 183.641 0.339 94868
handcrafted-lfcc 1 29 0.004797 nan 198.651 0.335 94866
handcrafted-lfcc 1 30 0.004436 nan 230.951 0.334 92823
handcrafted-lfcc 1 31 0.004115 nan 206.668 0.332 91666
handcrafted-lfcc 1 32 0.003824 nan 195.297 0.327 89874
handcrafted-lfcc 1 33 0.003599 nan 216.483 0.332 90794
handcrafted-lfcc 1 34 0.003423 nan 200.698 0.341 94346
handcrafted-lfcc 1 35 0.003247 nan 192.259 0.343 94944
handcrafted-lfcc 1 36 0.003070 nan 183.342 0.331 90406
handcrafted-lfcc 1 37 0.002898 nan 260.535 0.342 93788
handcrafted-lfcc 1 38 0.002777 nan 183.445 0.353 98816
handcrafted-lfcc 1 39 0.002615 nan 209.485 0.336 92064
handcrafted-lfcc 1 40 0.002509 nan 265.902 0.343 94074
handcrafted-lfcc 1 41 0.002356 nan 199.320 0.327 89570
handcrafted-lfcc 1 42 0.002240 nan 238.968 0.337 92391
handcrafted-lfcc 1 43 0.002190 nan 422.200 0.338 92117
handcrafted-lfcc 1 44 0.002059 nan 304.065 0.361 100035
handcrafted-lfcc 1 45 0.001989 nan 374.784 0.330 90412
handcrafted-lfcc 1 46 0.001916 nan 387.378 0.328 89391
handcrafted-lfcc 1 47 0.001847 nan 425.126 0.347 93802
handcrafted-lfcc 1 48 0.001749 nan 577.624 0.345 96179
handcrafted-lfcc 1 49 0.001669 nan 206.741 0.332 89269
handcrafted-lfcc 1 50 0.001613 nan 263.012 0.354 97036
handcrafted-lfcc 2 1 2.007863 nan 202.694 0.196 70396
handcrafted-lfcc 2 2 0.737535 nan 225.008 0.228 76827
handcrafted-lfcc 2 3 0.295171 nan 191.676 0.265 85430
handcrafted-lfcc 2 4 0.195025 nan 204.236 0.261 81357
handcrafted-lfcc 2 5 0.153989 nan 190.370 0.272 81538
handcrafted-lfcc 2 6 0.121275 nan 188.396 0.282 86859
handcrafted-lfcc 2 7 0.096596 nan 185.049 0.280 83390
handcrafted-lfcc 2 8 0.079868 nan 201.634 0.299 89607
handcrafted-lfcc 2 9 0.065659 nan 307.881 0.290 86062
handcrafted-lfcc 2 10 0.054620 nan 311.141 0.293 86216
handcrafted-lfcc 2 11 0.047448 nan 853.331 0.292 86273
handcrafted-lfcc 2 12 0.038214 nan 199.928 0.301 86300
handcrafted-lfcc 2 13 0.032395 nan 254.929 0.282 82660
handcrafted-lfcc 2 14 0.025635 nan 271.377 0.300 87318
handcrafted-lfcc 2 15 0.022412 nan 381.458 0.311 90533
handcrafted-lfcc 2 16 0.019218 nan 349.484 0.309 87921
handcrafted-lfcc 2 17 0.016686 nan 353.589 0.303 86308
handcrafted-lfcc 2 18 0.014696 nan 518.204 0.311 88710
handcrafted-lfcc 2 19 0.013067 nan 270.690 0.303 85565
handcrafted-lfcc 2 20 0.011467 nan 214.769 0.318 90621
handcrafted-lfcc 2 21 0.009914 nan 182.973 0.316 89822
handcrafted-lfcc 2 22 0.009069 nan 199.027 0.337 95797
handcrafted-lfcc 2 23 0.008273 nan 232.035 0.311 86755
handcrafted-lfcc 2 24 0.007535 nan 261.529 0.312 87191
handcrafted-lfcc 2 25 0.007007 nan 212.842 0.334 94129
handcrafted-lfcc 2 26 0.006371 nan 190.851 0.320 88458
handcrafted-lfcc 2 27 0.005658 nan 204.023 0.339 95123
handcrafted-lfcc 2 28 0.005249 nan 306.632 0.339 94868
handcrafted-lfcc 2 29 0.004797 nan 271.221 0.335 94866
handcrafted-lfcc 2 30 0.004436 nan 182.372 0.334 92823
handcrafted-lfcc 2 31 0.004115 nan 219.226 0.332 91666
handcrafted-lfcc 2 32 0.003824 nan 313.267 0.327 89874
handcrafted-lfcc 2 33 0.003599 nan 204.070 0.332 90794
handcrafted-lfcc 2 34 0.003423 nan 208.998 0.341 94346
handcrafted-lfcc 2 35 0.003247 nan 308.270 0.343 94944
handcrafted-lfcc 2 36 0.003070 nan 186.269 0.331 90406
handcrafted-lfcc 2 37 0.002898 nan 418.946 0.342 93788
handcrafted-lfcc 2 38 0.002777 nan 287.285 0.353 98816
handcrafted-lfcc 2 39 0.002615 nan 280.976 0.336 92064
handcrafted-lfcc 2 40 0.002509 nan 384.810 0.343 94074
handcrafted-lfcc 2 41 0.002356 nan 379.061 0.327 89570
handcrafted-lfcc 2 42 0.002240 nan 195.067 0.337 92391
handcrafted-lfcc 2 43 0.002190 nan 214.387 0.338 92117
handcrafted-lfcc 2 44 0.002059 nan 223.149 0.361 100035
handcrafted-lfcc 2 45 0.001989 nan 220.728 0.330 90412
handcrafted-lfcc 2 46 0.001916 nan 188.443 0.328 89391
handcrafted-lfcc 2 47 0.001847 nan 188.064 0.347 93802
handcrafted-lfcc 2 48 0.001749 nan 217.519 0.345 96179
handcrafted-lfcc 2 49 0.001669 nan 209.913 0.332 89269
handcrafted-lfcc 2 50 0.001613 nan 221.021 0.354 97036
handcrafted-lfcc 3 1 2.007863 nan 274.041 0.196 70396
handcrafted-lfcc 3 2 0.737535 nan 282.638 0.228 76827
handcrafted-lfcc 3 3 0.295171 nan 214.096 0.265 85430
handcrafted-lfcc 3 4 0.195025 nan 186.625 0.261 81357
handcrafted-lfcc 3 5 0.153989 nan 182.654 0.272 81538
handcrafted-lfcc 3 6 0.121275 nan 192.442 0.282 86859
handcrafted-lfcc 3 7 0.096596 nan 186.548 0.280 83390
handcrafted-lfcc 3 8 0.079868 nan 257.043 0.299 89607
handcrafted-lfcc 3 9 0.065659 nan 193.141 0.290 86062
handcrafted-lfcc 3 10 0.054620 nan 300.141 0.293 86216
handcrafted-lfcc 3 11 0.047448 nan 431.525 0.292 86273
handcrafted-lfcc 3 12 0.038214 nan 317.739 0.301 86300
handcrafted-lfcc 3 13 0.032395 nan 296.890 0.282 82660
handcrafted-lfcc 3 14 0.025635 nan 346.593 0.300 87318
handcrafted-lfcc 3 15 0.022412 nan 189.073 0.311 90533
handcrafted-lfcc 3 16 0.019218 nan 200.092 0.309 87921
handcrafted-lfcc 3 17 0.016686 nan 193.918 0.303 86308
handcrafted-lfcc 3 18 0.014696 nan 191.203 0.311 88710
handcrafted-lfcc 3 19 0.013067 nan 202.281 0.303 85565
handcrafted-lfcc 3 20 0.011467 nan 193.809 0.318 90621
handcrafted-lfcc 3 21 0.009914 nan 202.887 0.316 89822
handcrafted-lfcc 3 22 0.009069 nan 265.992 0.337 95797
handcrafted-lfcc 3 23 0.008273 nan 193.474 0.311 86755
handcrafted-lfcc 3 24 0.007535 nan 224.248 0.312 87191
handcrafted-lfcc 3 25 0.007007 nan 231.337 0.334 94129
handcrafted-lfcc 3 26 0.006371 nan 330.891 0.320 88458
handcrafted-lfcc 3 27 0.005658 nan 229.261 0.339 95123
handcrafted-lfcc 3 28 0.005249 nan 326.102 0.339 94868
handcrafted-lfcc 3 29 0.004797 nan 204.685 0.335 94866
handcrafted-lfcc 3 30 0.004436 nan 192.132 0.334 92823
handcrafted-lfcc 3 31 0.004115 nan 186.401 0.332 91666
handcrafted-lfcc 3 32 0.003824 nan 257.770 0.327 89874
handcrafted-lfcc 3 33 0.003599 nan 292.023 0.332 90794
handcrafted-lfcc 3 34 0.003423 nan 315.240 0.341 94346
handcrafted-lfcc 3 35 0.003247 nan 319.683 0.343 94944
handcrafted-lfcc 3 36 0.003070 nan 296.119 0.331 90406
handcrafted-lfcc 3 37 0.002898 nan 279.821 0.342 93788
handcrafted-lfcc 3 38 0.002777 nan 197.713 0.353 98816
handcrafted-lfcc 3 39 0.002615 nan 242.112 0.336 92064
handcrafted-lfcc 3 40 0.002509 nan 212.938 0.343 94074
handcrafted-lfcc 3 41 0.002356 nan 212.723 0.327 89570
handcrafted-lfcc 3 42 0.002240 nan 354.137 0.337 92391
handcrafted-lfcc 3 43 0.002190 nan 185.864 0.338 92117
handcrafted-lfcc 3 44 0.002059 nan 202.354 0.361 100035
handcrafted-lfcc 3 45 0.001989 nan 334.374 0.330 90412
handcrafted-lfcc 3 46 0.001916 nan 195.708 0.328 89391
handcrafted-lfcc 3 47 0.001847 nan 185.444 0.347 93802
handcrafted-lfcc 3 48 0.001749 nan 201.351 0.345 96179
handcrafted-lfcc 3 49 0.001669 nan 327.643 0.332 89269
handcrafted-lfcc 3 50 0.001613 nan 202.657 0.354 97036
handcrafted-lfcc 4 1 2.007863 nan 198.288 0.196 70396
handcrafted-lfcc 4 2 0.737535 nan 221.565 0.228 76827
handcrafted-lfcc 4 3 0.295171 nan 190.853 0.265 85430
handcrafted-lfcc 4 4 0.195025 nan 203.844 0.261 81357
handcrafted-lfcc 4 5 0.153989 nan 299.330 0.272 81538
handcrafted-lfcc 4 6 0.121275 nan 311.659 0.282 86859
handcrafted-lfcc 4 7 0.096596 nan 348.823 0.280 83390
handcrafted-lfcc 4 8 0.079868 nan 279.065 0.299 89607
handcrafted-lfcc 4 9 0.065659 nan 309.657 0.290 86062
handcrafted-lfcc 4 10 0.054620 nan 367.052 0.293 86216
handcrafted-lfcc 4 11 0.047448 nan 367.867 0.292 86273
handcrafted-lfcc 4 12 0.038214 nan 250.803 0.301 86300
handcrafted-lfcc 4 13 0.032395 nan 244.464 0.282 82660
handcrafted-lfcc 4 14 0.025635 nan 222.275 0.300 87318
handcrafted-lfcc 4 15 0.022412 nan 235.474 0.311 90533
handcrafted-lfcc 4 16 0.019218 nan 184.460 0.309 87921
handcrafted-lfcc 4 17 0.016686 nan 268.453 0.303 86308
handcrafted-lfcc 4 18 0.014696 nan 273.921 0.311 88710
handcrafted-lfcc 4 19 0.013067 nan 193.890 0.303 85565
handcrafted-lfcc 4 20 0.011467 nan 192.760 0.318 90621
handcrafted-lfcc 4 21 0.009914 nan 227.294 0.316 89822
handcrafted-lfcc 4 22 0.009069 nan 188.784 0.337 95797
handcrafted-lfcc 4 23 0.008273 nan 229.465 0.311 86755
handcrafted-lfcc 4 24 0.007535 nan 190.005 0.312 87191
handcrafted-lfcc 4 25 0.007007 nan 210.184 0.334 94129
handcrafted-lfcc 4 26 0.006371 nan 234.795 0.320 88458
handcrafted-lfcc 4 27 0.005658 nan 226.983 0.339 95123
handcrafted-lfcc 4 28 0.005249 nan 408.896 0.339 94868
handcrafted-lfcc 4 29 0.004797 nan 280.183 0.335 94866
handcrafted-lfcc 4 30 0.004436 nan 286.105 0.334 92823
handcrafted-lfcc 4 31 0.004115 nan 394.611 0.332 91666
handcrafted-lfcc 4 32 0.003824 nan 340.355 0.327 89874
handcrafted-lfcc 4 33 0.003599 nan 278.791 0.332 90794
handcrafted-lfcc 4 34 0.003423 nan 219.884 0.341 94346
handcrafted-lfcc 4 35 0.003247 nan 180.465 0.343 94944
handcrafted-lfcc 4 36 0.003070 nan 230.061 0.331 90406
handcrafted-lfcc 4 37 0.002898 nan 198.408 0.342 93788
handcrafted-lfcc 4 38 0.002777 nan 240.817 0.353 98816
handcrafted-lfcc 4 39 0.002615 nan 184.916 0.336 92064
handcrafted-lfcc 4 40 0.002509 nan 189.665 0.343 94074
handcrafted-lfcc 4 41 0.002356 nan 190.777 0.327 89570
handcrafted-lfcc 4 42 0.002240 nan 184.077 0.337 92391
handcrafted-lfcc 4 43 0.002190 nan 214.449 0.338 92117
handcrafted-lfcc 4 44 0.002059 nan 269.629 0.361 100035
handcrafted-lfcc 4 45 0.001989 nan 186.544 0.330 90412
handcrafted-lfcc 4 46 0.001916 nan 263.287 0.328 89391
handcrafted-lfcc 4 47 0.001847 nan 199.753 0.347 93802
handcrafted-lfcc 4 48 0.001749 nan 232.688 0.345 96179
handcrafted-lfcc 4 49 0.001669 nan 276.827 0.332 89269
handcrafted-lfcc 4 50 0.001613 nan 240.323 0.354 97036
