feature_set fold epoch train_loss val_loss epoch_ms spike_rate sops
handcrafted-lfcc 0 1 2.373775 nan 140.619 0.173 63632
handcrafted-lfcc 0 2 1.445015 nan 136.255 0.183 63878
handcrafted-lfcc 0 3 0.980803 nan 150.625 0.272 91953
handcrafted-lfcc 0 4 0.697793 nan 149.454 0.262 84264
handcrafted-lfcc 0 5 0.532182 nan 215.403 0.272 92661
handcrafted-lfcc 0 6 0.429156 nan 229.011 0.266 88301
handcrafted-lfcc 0 7 0.342232 nan 504.895 0.278 88599
handcrafted-lfcc 0 8 0.278722 nan 275.062 0.231 67895
handcrafted-lfcc 0 9 0.225019 nan 137.014 0.313 98006
handcrafted-lfcc 0 10 0.182860 nan 118.719 0.227 65576
handcrafted-lfcc 0 11 0.154445 nan 143.050 0.275 82573
handcrafted-lfcc 0 12 0.128157 nan 125.581 0.276 86347
handcrafted-lfcc 0 13 0.107692 nan 131.510 0.294 87216
handcrafted-lfcc 0 14 0.092519 nan 124.503 0.311 94240
handcrafted-lfcc 0 15 0.081582 nan 137.041 0.292 89371
handcrafted-lfcc 0 16 0.072796 nan 804.492 0.293 88979
handcrafted-lfcc 0 17 0.072440 nan 133.726 0.351 109823
handcrafted-lfcc 0 18 0.058870 nan 130.059 0.346 105101
handcrafted-lfcc 0 19 0.050097 nan 139.275 0.318 93349
handcrafted-lfcc 0 20 0.043474 nan 164.099 0.296 89242
handcrafted-lfcc 0 21 0.039188 nan 129.912 0.314 89463
handcrafted-lfcc 0 22 0.035062 nan 133.564 0.247 66497
handcrafted-lfcc 0 23 0.031473 nan 133.230 0.365 107597
handcrafted-lfcc 0 24 0.029566 nan 135.222 0.354 104835
handcrafted-lfcc 0 25 0.028421 nan 135.918 0.281 76236
handcrafted-lfcc 0 26 0.025054 nan 146.980 0.349 104633
handcrafted-lfcc 0 27 0.023527 nan 133.033 0.257 66743
handcrafted-lfcc 0 28 0.021487 nan 148.230 0.266 74899
handcrafted-lfcc 0 29 0.019692 nan 136.727 0.319 96189
handcrafted-lfcc 0 30 0.018287 nan 160.467 0.297 86831
handcrafted-lfcc 0 31 0.017435 nan 143.939 0.284 80273
handcrafted-lfcc 0 32 0.016375 nan 266.651 0.310 92176
handcrafted-lfcc 0 33 0.015281 nan 230.024 0.307 84508
handcrafted-lfcc 0 34 0.014281 nan 171.388 0.314 88024
handcrafted-lfcc 0 35 0.013679 nan 172.032 0.285 77719
handcrafted-lfcc 0 36 0.012723 nan 133.315 0.311 86006
handcrafted-lfcc 0 37 0.011906 nan 133.072 0.284 80077
handcrafted-lfcc 0 38 0.011443 nan 141.226 0.338 88010
handcrafted-lfcc 0 39 0.011090 nan 131.302 0.274 72652
handcrafted-lfcc 0 40 0.010316 nan 151.339 0.340 94330
handcrafted-lfcc 0 41 0.010067 nan 129.500 0.349 90237
handcrafted-lfcc 0 42 0.009612 nan 127.269 0.325 97611
handcrafted-lfcc 0 43 0.009020 nan 128.776 0.335 96885
handcrafted-lfcc 0 44 0.008447 nan 415.567 0.348 96859
handcrafted-lfcc 0 45 0.008010 nan 231.220 0.302 93617
handcrafted-lfcc 0 46 0.007638 nan 149.377 0.301 78739
handcrafted-lfcc 0 47 0.007434 nan 136.902 0.357 103049
handcrafted-lfcc 0 48 0.007092 nan 140.083 0.265 65641
handcrafted-lfcc 0 49 0.006640 nan 126.196 0.302 78769
handcrafted-lfcc 0 50 0.006135 nan 151.775 0.307 83250
handcrafted-lfcc 1 1 2.317414 nan 131.908 0.160 61089
handcrafted-lfcc 1 2 1.429025 nan 102.795 0.187 69152
handcrafted-lfcc 1 3 0.879809 nan 107.004 0.181 64738
handcrafted-lfcc 1 4 0.567078 nan 154.880 0.217 73018
handcrafted-lfcc 1 5 0.411443 nan 138.732 0.237 76619
handcrafted-lfcc 1 6 0.328758 nan 171.399 0.264 82350
handcrafted-lfcc 1 7 0.270821 nan 148.588 0.256 79112
handcrafted-lfcc 1 8 0.225837 nan 355.834 0.256 77603
handcrafted-lfcc 1 9 0.194167 nan 117.505 0.274 82247
handcrafted-lfcc 1 10 0.168059 nan 118.622 0.273 81560
handcrafted-lfcc 1 11 0.142163 nan 1155.627 0.279 83270
handcrafted-lfcc 1 12 0.118147 nan 179.475 0.276 81076
handcrafted-lfcc 1 13 0.100024 nan 174.399 0.284 83889
handcrafted-lfcc 1 14 0.080443 nan 186.179 0.288 84373
handcrafted-lfcc 1 15 0.067633 nan 104.982 0.281 81907
handcrafted-lfcc 1 16 0.058921 nan 342.291 0.305 88567
handcrafted-lfcc 1 17 0.050668 nan 308.648 0.282 81634
handcrafted-lfcc 1 18 0.042281 nan 217.556 0.297 85704
handcrafted-lfcc 1 19 0.036388 nan 283.479 0.293 83980
handcrafted-lfcc 1 20 0.031610 nan 196.769 0.296 85860
handcrafted-lfcc 1 21 0.027826 nan 198.152 0.305 87081
handcrafted-lfcc 1 22 0.024223 nan 345.405 0.294 83867
handcrafted-lfcc 1 23 0.021494 nan 189.948 0.296 84093
handcrafted-lfcc 1 24 0.019400 nan 325.273 0.322 91460
handcrafted-lfcc 1 25 0.017410 nan 152.097 0.306 87231
handcrafted-lfcc 1 26 0.015050 nan 110.003 0.305 86262
handcrafted-lfcc 1 27 0.013807 nan 110.372 0.306 87568
handcrafted-lfcc 1 28 0.012480 nan 101.410 0.298 83823
handcrafted-lfcc 1 29 0.011689 nan 99.922 0.303 85084
handcrafted-lfcc 1 30 0.010766 nan 119.320 0.300 83785
handcrafted-lfcc 1 31 0.009884 nan 120.991 0.305 85185
handcrafted-lfcc 1 32 0.009146 nan 182.694 0.302 84233
handcrafted-lfcc 1 33 0.008659 nan 204.378 0.307 86812
handcrafted-lfcc 1 34 0.008207 nan 142.106 0.307 86179
handcrafted-lfcc 1 35 0.007744 nan 139.135 0.309 86572
handcrafted-lfcc 1 36 0.007263 nan 173.808 0.314 87774
handcrafted-lfcc 1 37 0.006923 nan 112.350 0.301 84752
handcrafted-lfcc 1 38 0.006448 nan 115.151 0.309 85946
handcrafted-lfcc 1 39 0.006080 nan 109.417 0.320 89738
handcrafted-lfcc 1 40 0.005746 nan 139.836 0.317 86686
handcrafted-lfcc 1 41 0.005526 nan 103.901 0.318 88444
handcrafted-lfcc 1 42 0.005244 nan 107.177 0.318 87914
handcrafted-lfcc 1 43 0.004949 nan 104.133 0.310 85649
handcrafted-lfcc 1 44 0.004673 nan 101.608 0.314 86731
handcrafted-lfcc 1 45 0.004406 nan 100.334 0.316 87853
handcrafted-lfcc 1 46 0.004255 nan 130.083 0.321 88617
handcrafted-lfcc 1 47 0.004087 nan 107.310 0.313 85945
handcrafted-lfcc 1 48 0.003861 nan 118.522 0.304 83681
handcrafted-lfcc 1 49 0.003697 nan 233.857 0.323 89712
handcrafted-lfcc 1 50 0.003611 nan 124.742 0.334 92957
handcrafted-lfcc 2 1 2.317414 nan 103.064 0.160 61089
handcrafted-lfcc 2 2 1.429025 nan 161.880 0.187 69152
handcrafted-lfcc 2 3 0.879809 nan 157.457 0.181 64738
handcrafted-lfcc 2 4 0.567078 nan 97.147 0.217 73018
handcrafted-lfcc 2 5 0.411443 nan 120.707 0.237 76619
handcrafted-lfcc 2 6 0.328758 nan 121.566 0.264 82350
handcrafted-lfcc 2 7 0.270821 nan 121.218 0.256 79112
handcrafted-lfcc 2 8 0.225837 nan 114.722 0.256 77603
handcrafted-lfcc 2 9 0.194167 nan 100.685 0.274 82247
handcrafted-lfcc 2 10 0.168059 nan 150.758 0.273 81560
handcrafted-lfcc 2 11 0.142163 nan 98.449 0.279 83270
handcrafted-lfcc 2 12 0.118147 nan 102.186 0.276 81076
handcrafted-lfcc 2 13 0.100024 nan 131.634 0.284 83889
handcrafted-lfcc 2 14 0.080443 nan 299.625 0.288 84373
handcrafted-lfcc 2 15 0.067633 nan 102.391 0.281 81907
handcrafted-lfcc 2 16 0.058921 nan 105.805 0.305 88567
handcrafted-lfcc 2 17 0.050668 nan 109.974 0.282 81634
handcrafted-lfcc 2 18 0.042281 nan 103.609 0.297 85704
handcrafted-lfcc 2 19 0.036388 nan 143.494 0.293 83980
handcrafted-lfcc 2 20 0.031610 nan 109.435 0.296 85860
handcrafted-lfcc 2 21 0.027826 nan 101.032 0.305 87081
handcrafted-lfcc 2 22 0.024223 nan 95.945 0.294 83867
handcrafted-lfcc 2 23 0.021494 nan 115.371 0.296 84093
handcrafted-lfcc 2 24 0.019400 nan 195.214 0.322 91460
handcrafted-lfcc 2 25 0.017410 nan 142.645 0.306 87231
handcrafted-lfcc 2 26 0.015050 nan 157.718 0.305 86262
handcrafted-lfcc 2 27 0.013807 nan 110.312 0.306 87568
handcrafted-lfcc 2 28 0.012480 nan 114.683 0.298 83823
handcrafted-lfcc 2 29 0.011689 nan 113.110 0.303 85084
handcrafted-lfcc 2 30 0.010766 nan 102.431 0.300 83785
handcrafted-lfcc 2 31 0.009884 nan 125.703 0.305 85185
handcrafted-lfcc 2 32 0.009146 nan 102.816 0.302 84233
handcrafted-lfcc 2 33 0.008659 nan 100.975 0.307 86812
handcrafted-lfcc 2 34 0.008207 nan 115.924 0.307 86179
handcrafted-lfcc 2 35 0.007744 nan 125.073 0.309 86572
handcrafted-lfcc 2 36 0.007263 nan 97.915 0.314 87774
handcrafted-lfcc 2 37 0.006923 nan 105.567 0.301 84752
handcrafted-lfcc 2 38 0.006448 nan 283.226 0.309 85946
handcrafted-lfcc 2 39 0.006080 nan 172.282 0.320 89738
handcrafted-lfcc 2 40 0.005746 nan 119.343 0.317 86686
handcrafted-lfcc 2 41 0.005526 nan 125.860 0.318 88444
handcrafted-lfcc 2 42 0.005244 nan 127.129 0.318 87914
handcrafted-lfcc 2 43 0.004949 nan 125.851 0.310 85649
handcrafted-lfcc 2 44 0.004673 nan 103.811 0.314 86731
handcrafted-lfcc 2 45 0.004406 nan 115.594 0.316 87853
handcrafted-lfcc 2 46 0.004255 nan 113.849 0.321 88617
handcrafted-lfcc 2 47 0.004087 nan 118.330 0.313 85945
handcrafted-lfcc 2 48 0.003861 nan 107.862 0.304 83681
handcrafted-lfcc 2 49 0.003697 nan 204.471 0.323 89712
handcrafted-lfcc 2 50 0.003611 nan 111.896 0.334 92957
handcrafted-lfcc 3 1 2.317414 nan 169.937 0.160 61089
handcrafted-lfcc 3 2 1.429025 nan 444.075 0.187 69152
handcrafted-lfcc 3 3 0.879809 nan 109.961 0.181 64738
handcrafted-lfcc 3 4 0.567078 nan 319.161 0.217 73018
handcrafted-lfcc 3 5 0.411443 nan 265.722 0.237 76619
handcrafted-lfcc 3 6 0.328758 nan 121.023 0.264 82350
handcrafted-lfcc 3 7 0.270821 nan 117.247 0.256 79112
handcrafted-lfcc 3 8 0.225837 nan 114.368 0.256 77603
handcrafted-lfcc 3 9 0.194167 nan 105.135 0.274 82247
handcrafted-lfcc 3 10 0.168059 nan 126.785 0.273 81560
handcrafted-lfcc 3 11 0.142163 nan 122.240 0.279 83270
handcrafted-lfcc 3 12 0.118147 nan 150.092 0.276 81076
handcrafted-lfcc 3 13 0.100024 nan 606.649 0.284 83889
handcrafted-lfcc 3 14 0.080443 nan 279.146 0.288 84373
handcrafted-lfcc 3 15 0.067633 nan 377.654 0.281 81907
handcrafted-lfcc 3 16 0.058921 nan 233.063 0.305 88567
handcrafted-lfcc 3 17 0.050668 nan 300.422 0.282 81634
handcrafted-lfcc 3 18 0.042281 nan 406.038 0.297 85704
handcrafted-lfcc 3 19 0.036388 nan 157.016 0.293 83980
handcrafted-lfcc 3 20 0.031610 nan 105.037 0.296 85860
handcrafted-lfcc 3 21 0.027826 nan 102.893 0.305 87081
handcrafted-lfcc 3 22 0.024223 nan 108.894 0.294 83867
handcrafted-lfcc 3 23 0.021494 nan 102.917 0.296 84093
handcrafted-lfcc 3 24 0.019400 nan 104.474 0.322 91460
handcrafted-lfcc 3 25 0.017410 nan 95.544 0.306 87231
handcrafted-lfcc 3 26 0.015050 nan 106.602 0.305 86262
handcrafted-lfcc 3 27 0.013807 nan 109.188 0.306 87568
handcrafted-lfcc 3 28 0.012480 nan 101.058 0.298 83823
handcrafted-lfcc 3 29 0.011689 nan 108.696 0.303 85084
handcrafted-lfcc 3 30 0.010766 nan 115.535 0.300 83785
handcrafted-lfcc 3 31 0.009884 nan 173.202 0.305 85185
handcrafted-lfcc 3 32 0.009146 nan 122.910 0.302 84233
handcrafted-lfcc 3 33 0.008659 nan 108.100 0.307 86812
handcrafted-lfcc 3 34 0.008207 nan 129.902 0.307 86179
handcrafted-lfcc 3 35 0.007744 nan 120.694 0.309 86572
handcrafted-lfcc 3 36 0.007263 nan 103.837 0.314 87774
handcrafted-lfcc 3 37 0.006923 nan 135.624 0.301 84752
handcrafted-lfcc 3 38 0.006448 nan 404.140 0.309 85946
handcrafted-lfcc 3 39 0.006080 nan 203.427 0.320 89738
handcrafted-lfcc 3 40 0.005746 nan 397.261 0.317 86686
handcrafted-lfcc 3 41 0.005526 nan 112.390 0.318 88444
handcrafted-lfcc 3 42 0.005244 nan 120.091 0.318 87914
handcrafted-lfcc 3 43 0.004949 nan 148.805 0.310 85649
handcrafted-lfcc 3 44 0.004673 nan 187.130 0.314 86731
handcrafted-lfcc 3 45 0.004406 nan 103.960 0.316 87853
handcrafted-lfcc 3 46 0.004255 nan 104.615 0.321 88617
handcrafted-lfcc 3 47 0.004087 nan 107.149 0.313 85945
handcrafted-lfcc 3 48 0.003861 nan 112.265 0.304 83681
handcrafted-lfcc 3 49 0.003697 nan 126.914 0.323 89712
handcrafted-lfcc 3 50 0.003611 nan 244.732 0.334 92957
handcrafted-lfcc 4 1 2.317414 nan 103.294 0.160 61089
handcrafted-lfcc 4 2 1.429025 nan 101.151 0.187 69152
handcrafted-lfcc 4 3 0.879809 nan 1060.199 0.181 64738
handcrafted-lfcc 4 4 0.567078 nan 563.087 0.217 73018
handcrafted-lfcc 4 5 0.411443 nan 601.807 0.237 76619
handcrafted-lfcc 4 6 0.328758 nan 495.097 0.264 82350
handcrafted-lfcc 4 7 0.270821 nan 300.877 0.256 79112
handcrafted-lfcc 4 8 0.225837 nan 150.685 0.256 77603
handcrafted-lfcc 4 9 0.194167 nan 142.682 0.274 82247
handcrafted-lfcc 4 10 0.168059 nan 124.210 0.273 81560
handcrafted-lfcc 4 11 0.142163 nan 309.141 0.279 83270
handcrafted-lfcc 4 12 0.118147 nan 335.954 0.276 81076
handcrafted-lfcc 4 13 0.100024 nan 161.865 0.284 83889
handcrafted-lfcc 4 14 0.080443 nan 130.127 0.288 84373
handcrafted-lfcc 4 15 0.067633 nan 129.498 0.281 81907
handcrafted-lfcc 4 16 0.058921 nan 135.804 0.305 88567
handcrafted-lfcc 4 17 0.050668 nan 118.897 0.282 81634
handcrafted-lfcc 4 18 0.042281 nan 114.383 0.297 85704
handcrafted-lfcc 4 19 0.036388 nan 101.611 0.293 83980
handcrafted-lfcc 4 20 0.031610 nan 114.212 0.296 85860
handcrafted-lfcc 4 21 0.027826 nan 119.233 0.305 87081
handcrafted-lfcc 4 22 0.024223 nan 613.035 0.294 83867
handcrafted-lfcc 4 23 0.021494 nan 186.534 0.296 84093
handcrafted-lfcc 4 24 0.019400 nan 368.263 0.322 91460
handcrafted-lfcc 4 25 0.017410 nan 284.934 0.306 87231
handcrafted-lfcc 4 26 0.015050 nan 509.570 0.305 86262
handcrafted-lfcc 4 27 0.013807 nan 258.614 0.306 87568
handcrafted-lfcc 4 28 0.012480 nan 222.947 0.298 83823
handcrafted-lfcc 4 29 0.011689 nan 205.995 0.303 85084
handcrafted-lfcc 4 30 0.010766 nan 191.859 0.300 83785
handcrafted-lfcc 4 31 0.009884 nan 389.870 0.305 85185
handcrafted-lfcc 4 32 0.009146 nan 266.734 0.302 84233
handcrafted-lfcc 4 33 0.008659 nan 340.333 0.307 86812
handcrafted-lfcc 4 34 0.008207 nan 3726.219 0.307 86179
handcrafted-lfcc 4 35 0.007744 nan 1134.699 0.309 86572
handcrafted-lfcc 4 36 0.007263 nan 718.461 0.314 87774
handcrafted-lfcc 4 37 0.006923 nan 432.745 0.301 84752
handcrafted-lfcc 4 38 0.006448 nan 854.640 0.309 85946
handcrafted-lfcc 4 39 0.006080 nan 430.217 0.320 89738
handcrafted-lfcc 4 40 0.005746 nan 220.212 0.317 86686
handcrafted-lfcc 4 41 0.005526 nan 140.198 0.318 88444
handcrafted-lfcc 4 42 0.005244 nan 149.675 0.318 87914
handcrafted-lfcc 4 43 0.004949 nan 161.823 0.310 85649
handcrafted-lfcc 4 44 0.004673 nan 164.356 0.314 86731
handcrafted-lfcc 4 45 0.004406 nan 202.078 0.316 87853
handcrafted-lfcc 4 46 0.004255 nan 700.352 0.321 88617
handcrafted-lfcc 4 47 0.004087 nan 501.887 0.313 85945
handcrafted-lfcc 4 48 0.003861 nan 240.061 0.304 83681
handcrafted-lfcc 4 49 0.003697 nan 136.655 0.323 89712
handcrafted-lfcc 4 50 0.003611 nan 138.566 0.334 92957
