# Batch convergence for: model=snn-ae encoding=latency architecture=dense v_th=1 alpha=0.8 run=3
batch_num epoch batch_loss
0 1 0.476562
1 1 0.804950
2 1 0.663046
3 1 0.361418
4 1 0.738136
5 1 0.627594
6 1 0.608940
7 1 0.621123
8 1 0.473541
9 1 0.688106
10 1 0.716570
11 1 0.488473
12 1 0.601392
13 1 0.597418
14 1 0.584401
15 1 0.545878
16 1 0.611690
17 1 0.618697
18 1 0.574986
19 1 0.492603
20 1 0.705289
21 1 0.104450
22 1 0.604676
23 1 0.581426
24 1 0.465343
25 1 0.583455
26 1 0.570039
27 1 0.664092
28 1 0.566805
29 1 0.575575
30 1 0.458302
31 1 0.526629
32 1 0.527447
33 1 0.524394
34 1 0.536816
35 1 0.554101
36 1 0.622150
37 1 0.565357
38 1 0.584145
39 1 0.524638
40 1 0.494764
41 1 0.520240
42 1 0.497402
43 1 0.411935
44 1 0.515268
45 1 0.439451
46 1 0.416500
47 1 0.572337
48 1 0.488225
49 1 0.555321
50 1 0.156762
51 1 0.490952
52 1 0.540162
53 1 0.184013
54 1 0.772789
55 1 0.468023
56 1 0.514707
57 1 0.465506
58 1 0.520166
59 1 0.484338
60 1 0.497902
61 1 0.528918
62 1 0.494278
63 1 0.582872
64 1 0.450393
65 1 0.395351
66 1 0.060124
67 1 0.504329
68 1 0.367627
69 1 0.472906
70 1 0.416806
71 1 0.311405
72 1 0.032975
73 1 0.385741
74 1 0.442652
75 1 0.411664
76 1 0.371782
77 1 0.459544
78 1 0.380803
79 1 0.360923
80 1 0.760471
81 1 0.398242
82 1 0.370105
83 1 0.428078
84 1 0.401218
85 1 0.511392
86 1 0.313743
87 1 0.386929
88 1 0.398261
89 1 0.367467
90 1 0.347948
91 1 0.404223
92 1 0.283432
93 1 0.299055
94 1 0.278387
95 1 0.357440
96 1 0.301827
97 1 0.281083
98 1 0.312823
99 1 0.351990
100 2 0.320961
101 2 0.315109
102 2 0.261056
103 2 0.390430
104 2 0.359925
105 2 0.327915
106 2 0.324656
107 2 0.340748
108 2 0.242041
109 2 0.281601
110 2 0.401704
111 2 0.264850
112 2 0.243746
113 2 0.461762
114 2 0.225202
115 2 0.263012
116 2 0.276383
117 2 0.252379
118 2 0.324791
119 2 0.247934
120 2 0.291388
121 2 0.218037
122 2 0.223051
123 2 0.240851
124 2 0.244139
125 2 0.309606
126 2 0.266027
127 2 0.277725
128 2 0.275752
129 2 0.279199
130 2 0.249355
131 2 0.343661
132 2 0.242736
133 2 0.279592
134 2 0.274880
135 2 0.259772
136 2 0.248432
137 2 0.232593
138 2 0.279333
139 2 0.291054
140 2 0.204685
141 2 0.303570
142 2 0.265448
143 2 0.244182
144 2 0.222292
145 2 0.253851
146 2 0.265161
147 2 0.180615
148 2 0.245026
149 2 0.286648
150 2 0.324141
151 2 0.232351
152 2 0.221992
153 2 0.211367
154 2 0.357481
155 2 0.030421
156 2 0.246423
157 2 0.179496
158 2 0.241225
159 2 0.281961
160 2 0.157633
161 2 0.231803
162 2 0.199106
163 2 0.226246
164 2 0.228792
165 2 0.204846
166 2 0.033734
167 2 0.212904
168 2 0.298239
169 2 0.271753
170 2 0.200037
171 2 0.193511
172 2 0.249285
173 2 0.178463
174 2 0.145623
175 2 0.215831
176 2 0.232732
177 2 0.187569
178 2 0.204361
179 2 0.198414
180 2 0.220908
181 2 0.225310
182 2 0.176776
183 2 0.219152
184 2 0.279763
185 2 0.067271
186 2 0.223962
187 2 0.244982
188 2 0.209686
189 2 0.223695
190 2 0.208850
191 2 0.245879
192 2 0.195279
193 2 0.206335
194 2 0.386482
195 2 0.205889
196 2 0.203009
197 2 0.115752
198 2 0.241950
199 2 0.212697
200 3 0.180489
201 3 0.199112
202 3 0.180710
203 3 0.238619
204 3 0.030405
205 3 0.199411
206 3 0.258222
207 3 0.221292
208 3 0.366602
209 3 0.259968
210 3 0.177880
211 3 0.161979
212 3 0.238027
213 3 0.252752
214 3 0.207742
215 3 0.193680
216 3 0.329269
217 3 0.234425
218 3 0.370616
219 3 0.033625
220 3 0.191039
221 3 0.191255
222 3 0.148446
223 3 0.154074
224 3 0.170387
225 3 0.221146
226 3 0.210419
227 3 0.195689
228 3 0.229356
229 3 0.228379
230 3 0.175981
231 3 0.122255
232 3 0.166972
233 3 0.171431
234 3 0.202194
235 3 0.178665
236 3 0.144624
237 3 0.259005
238 3 0.165416
239 3 0.235990
240 3 0.155178
241 3 0.273502
242 3 0.170161
243 3 0.169913
244 3 0.256686
245 3 0.175521
246 3 0.193804
247 3 0.247410
248 3 0.218671
249 3 0.231723
250 3 0.154543
251 3 0.195620
252 3 0.168573
253 3 0.239038
254 3 0.217850
255 3 0.090783
256 3 0.193266
257 3 0.164563
258 3 0.184282
259 3 0.154565
260 3 0.210346
261 3 0.222183
262 3 0.183236
263 3 0.139717
264 3 0.153095
265 3 0.200032
266 3 0.119736
267 3 0.165992
268 3 0.190917
269 3 0.184014
270 3 0.229666
271 3 0.181588
272 3 0.178709
273 3 0.247374
274 3 0.225579
275 3 0.152132
276 3 0.066799
277 3 0.294012
278 3 0.187393
279 3 0.189182
280 3 0.130390
281 3 0.147483
282 3 0.179695
283 3 0.109820
284 3 0.258338
285 3 0.178048
286 3 0.258814
287 3 0.164709
288 3 0.143605
289 3 0.151126
290 3 0.169180
291 3 0.213666
292 3 0.154630
293 3 0.197335
294 3 0.182741
295 3 0.217185
296 3 0.175082
297 3 0.252160
298 3 0.172154
299 3 0.209834
300 4 0.193211
301 4 0.249750
302 4 0.194564
303 4 0.130398
304 4 0.133668
305 4 0.177836
306 4 0.201796
307 4 0.181815
308 4 0.187071
309 4 0.283087
310 4 0.174259
311 4 0.129266
312 4 0.120122
313 4 0.114941
314 4 0.168727
315 4 0.179433
316 4 0.116580
317 4 0.198838
318 4 0.150147
319 4 0.164770
320 4 0.230069
321 4 0.183921
322 4 0.183566
323 4 0.209768
324 4 0.183263
325 4 0.169776
326 4 0.133376
327 4 0.223819
328 4 0.163033
329 4 0.121280
330 4 0.161899
331 4 0.184089
332 4 0.202117
333 4 0.200463
334 4 0.115572
335 4 0.164772
336 4 0.136098
337 4 0.137622
338 4 0.112968
339 4 0.138265
340 4 0.165648
341 4 0.173327
342 4 0.165842
343 4 0.030117
344 4 0.183224
345 4 0.231070
346 4 0.133619
347 4 0.172824
348 4 0.079438
349 4 0.185047
350 4 0.190560
351 4 0.203272
352 4 0.161895
353 4 0.166203
354 4 0.124154
355 4 0.108814
356 4 0.124370
357 4 0.184952
358 4 0.162074
359 4 0.065989
360 4 0.055720
361 4 0.178700
362 4 0.117716
363 4 0.306486
364 4 0.152189
365 4 0.159345
366 4 0.180622
367 4 0.123677
368 4 0.144826
369 4 0.173371
370 4 0.174790
371 4 0.182845
372 4 0.172734
373 4 0.134237
374 4 0.160203
375 4 0.115779
376 4 0.215954
377 4 0.114465
378 4 0.169701
379 4 0.140269
380 4 0.139300
381 4 0.114819
382 4 0.210581
383 4 0.381103
384 4 0.186646
385 4 0.169895
386 4 0.136186
387 4 0.250866
388 4 0.158804
389 4 0.152386
390 4 0.185471
391 4 0.147210
392 4 0.132333
393 4 0.146140
394 4 0.148260
395 4 0.335717
396 4 0.127225
397 4 0.224307
398 4 0.175613
399 4 0.153484
400 5 0.221215
401 5 0.129990
402 5 0.105518
403 5 0.218258
404 5 0.151525
405 5 0.135887
406 5 0.202077
407 5 0.159388
408 5 0.112156
409 5 0.216883
410 5 0.172884
411 5 0.338138
412 5 0.137611
413 5 0.065425
414 5 0.120620
415 5 0.134783
416 5 0.115488
417 5 0.135196
418 5 0.124421
419 5 0.204676
420 5 0.165289
421 5 0.120496
422 5 0.127298
423 5 0.103842
424 5 0.146714
425 5 0.172332
426 5 0.152547
427 5 0.161424
428 5 0.154404
429 5 0.219707
430 5 0.143604
431 5 0.171164
432 5 0.124488
433 5 0.103810
434 5 0.217788
435 5 0.116646
436 5 0.100971
437 5 0.122639
438 5 0.029596
439 5 0.132562
440 5 0.165925
441 5 0.126104
442 5 0.162999
443 5 0.120235
444 5 0.147162
445 5 0.089772
446 5 0.138494
447 5 0.207261
448 5 0.204825
449 5 0.151300
450 5 0.176644
451 5 0.169199
452 5 0.138522
453 5 0.032716
454 5 0.150171
455 5 0.143854
456 5 0.146803
457 5 0.137874
458 5 0.157684
459 5 0.172350
460 5 0.138180
461 5 0.174854
462 5 0.184869
463 5 0.133795
464 5 0.142424
465 5 0.163077
466 5 0.140502
467 5 0.169797
468 5 0.122944
469 5 0.175688
470 5 0.153175
471 5 0.109311
472 5 0.134607
473 5 0.196515
474 5 0.103003
475 5 0.135375
476 5 0.227254
477 5 0.196251
478 5 0.153321
479 5 0.099291
480 5 0.179768
481 5 0.293905
482 5 0.128787
483 5 0.121903
484 5 0.186943
485 5 0.111084
486 5 0.168237
487 5 0.210843
488 5 0.161356
489 5 0.127651
490 5 0.153684
491 5 0.149098
492 5 0.189535
493 5 0.188765
494 5 0.123921
495 5 0.113954
496 5 0.138309
497 5 0.117816
498 5 0.131558
499 5 0.099623
500 6 0.156237
501 6 0.064224
502 6 0.099500
503 6 0.147430
504 6 0.299765
505 6 0.109667
506 6 0.029260
507 6 0.122884
508 6 0.119991
509 6 0.156510
510 6 0.102240
511 6 0.144457
512 6 0.106101
513 6 0.126759
514 6 0.158289
515 6 0.181183
516 6 0.104749
517 6 0.144813
518 6 0.105860
519 6 0.118254
520 6 0.171863
521 6 0.125355
522 6 0.162239
523 6 0.136733
524 6 0.169424
525 6 0.213299
526 6 0.120696
527 6 0.156808
528 6 0.075894
529 6 0.139653
530 6 0.201162
531 6 0.106975
532 6 0.174272
533 6 0.114943
534 6 0.174511
535 6 0.147505
536 6 0.151352
537 6 0.161649
538 6 0.146776
539 6 0.111932
540 6 0.147379
541 6 0.139254
542 6 0.099928
543 6 0.133153
544 6 0.099277
545 6 0.194834
546 6 0.136226
547 6 0.108234
548 6 0.075360
549 6 0.134885
550 6 0.175802
551 6 0.198618
552 6 0.092568
553 6 0.200654
554 6 0.160018
555 6 0.148320
556 6 0.100303
557 6 0.116483
558 6 0.182423
559 6 0.032330
560 6 0.139967
561 6 0.150645
562 6 0.062824
563 6 0.134996
564 6 0.130441
565 6 0.091820
566 6 0.161701
567 6 0.212471
568 6 0.213632
569 6 0.122033
570 6 0.097198
571 6 0.192626
572 6 0.150479
573 6 0.121415
574 6 0.204458
575 6 0.134643
576 6 0.134497
577 6 0.146664
578 6 0.146361
579 6 0.107175
580 6 0.154888
581 6 0.320908
582 6 0.236409
583 6 0.109330
584 6 0.190016
585 6 0.094711
586 6 0.156071
587 6 0.173985
588 6 0.178349
589 6 0.177139
590 6 0.324049
591 6 0.140138
592 6 0.091666
593 6 0.169980
594 6 0.137897
595 6 0.156491
596 6 0.141328
597 6 0.127781
598 6 0.115267
599 6 0.161122
600 7 0.129800
601 7 0.176956
602 7 0.162714
603 7 0.209845
604 7 0.028902
605 7 0.096942
606 7 0.157330
607 7 0.180767
608 7 0.119284
609 7 0.138509
610 7 0.112528
611 7 0.168324
612 7 0.220372
613 7 0.119133
614 7 0.105636
615 7 0.172191
616 7 0.126864
617 7 0.190206
618 7 0.126255
619 7 0.126913
620 7 0.138464
621 7 0.090517
622 7 0.083358
623 7 0.098578
624 7 0.087468
625 7 0.171439
626 7 0.179550
627 7 0.178759
628 7 0.141196
629 7 0.120221
630 7 0.154115
631 7 0.146745
632 7 0.098109
633 7 0.135265
634 7 0.198983
635 7 0.083706
636 7 0.062389
637 7 0.118282
638 7 0.149322
639 7 0.132961
640 7 0.129822
641 7 0.128006
642 7 0.173963
643 7 0.125801
644 7 0.132761
645 7 0.178065
646 7 0.131837
647 7 0.136777
648 7 0.144255
649 7 0.095364
650 7 0.166930
651 7 0.181406
652 7 0.135595
653 7 0.121372
654 7 0.171392
655 7 0.165379
656 7 0.100728
657 7 0.116731
658 7 0.115985
659 7 0.146242
660 7 0.128868
661 7 0.183186
662 7 0.120146
663 7 0.067396
664 7 0.154762
665 7 0.133308
666 7 0.125769
667 7 0.144625
668 7 0.113733
669 7 0.106778
670 7 0.113837
671 7 0.143136
672 7 0.339967
673 7 0.322987
674 7 0.136132
675 7 0.188617
676 7 0.152273
677 7 0.112503
678 7 0.101821
679 7 0.149123
680 7 0.120715
681 7 0.111662
682 7 0.129840
683 7 0.187862
684 7 0.113529
685 7 0.139903
686 7 0.143146
687 7 0.096451
688 7 0.103063
689 7 0.137132
690 7 0.113667
691 7 0.146978
692 7 0.158497
693 7 0.031675
694 7 0.094271
695 7 0.161771
696 7 0.106551
697 7 0.146499
698 7 0.063097
699 7 0.119577
700 8 0.173636
701 8 0.131183
702 8 0.117968
703 8 0.126102
704 8 0.127876
705 8 0.120799
706 8 0.171029
707 8 0.148943
708 8 0.103828
709 8 0.121255
710 8 0.174998
711 8 0.182631
712 8 0.161989
713 8 0.080829
714 8 0.146918
715 8 0.168758
716 8 0.308779
717 8 0.180286
718 8 0.157590
719 8 0.157034
720 8 0.097014
721 8 0.143753
722 8 0.136907
723 8 0.105247
724 8 0.126277
725 8 0.115073
726 8 0.137754
727 8 0.152231
728 8 0.135769
729 8 0.127773
730 8 0.072554
731 8 0.088622
732 8 0.162158
733 8 0.110488
734 8 0.121527
735 8 0.158220
736 8 0.125770
737 8 0.134212
738 8 0.106703
739 8 0.205960
740 8 0.106585
741 8 0.149385
742 8 0.161202
743 8 0.112736
744 8 0.125529
745 8 0.123201
746 8 0.031455
747 8 0.192738
748 8 0.089004
749 8 0.139470
750 8 0.137108
751 8 0.141195
752 8 0.061459
753 8 0.087210
754 8 0.184900
755 8 0.151864
756 8 0.135401
757 8 0.194923
758 8 0.089990
759 8 0.144886
760 8 0.143634
761 8 0.112230
762 8 0.161408
763 8 0.091802
764 8 0.108099
765 8 0.151161
766 8 0.102495
767 8 0.125064
768 8 0.159529
769 8 0.061344
770 8 0.108514
771 8 0.114913
772 8 0.141236
773 8 0.162044
774 8 0.197458
775 8 0.105711
776 8 0.138009
777 8 0.116079
778 8 0.109034
779 8 0.091731
780 8 0.144725
781 8 0.130974
782 8 0.144758
783 8 0.105343
784 8 0.268004
785 8 0.138354
786 8 0.158653
787 8 0.055712
788 8 0.108978
789 8 0.028200
790 8 0.143519
791 8 0.118351
792 8 0.163292
793 8 0.292597
794 8 0.142679
795 8 0.091456
796 8 0.116164
797 8 0.102672
798 8 0.110354
799 8 0.138963
800 9 0.135391
801 9 0.124771
802 9 0.148975
803 9 0.124349
804 9 0.127502
805 9 0.150394
806 9 0.120276
807 9 0.115137
808 9 0.099016
809 9 0.136026
810 9 0.119976
811 9 0.107753
812 9 0.174647
813 9 0.128163
814 9 0.129057
815 9 0.122311
816 9 0.136347
817 9 0.061331
818 9 0.281807
819 9 0.154080
820 9 0.143734
821 9 0.160675
822 9 0.142255
823 9 0.131243
824 9 0.100553
825 9 0.178325
826 9 0.123054
827 9 0.112587
828 9 0.159762
829 9 0.126722
830 9 0.028051
831 9 0.164061
832 9 0.100476
833 9 0.157002
834 9 0.141219
835 9 0.060566
836 9 0.163390
837 9 0.126860
838 9 0.119906
839 9 0.109859
840 9 0.131212
841 9 0.197687
842 9 0.165145
843 9 0.083777
844 9 0.152699
845 9 0.150809
846 9 0.149786
847 9 0.159028
848 9 0.112888
849 9 0.131697
850 9 0.128251
851 9 0.127643
852 9 0.107309
853 9 0.143075
854 9 0.117417
855 9 0.164027
856 9 0.092242
857 9 0.083982
858 9 0.090829
859 9 0.171606
860 9 0.158768
861 9 0.105535
862 9 0.090479
863 9 0.129152
864 9 0.030603
865 9 0.133501
866 9 0.121035
867 9 0.068438
868 9 0.109997
869 9 0.082645
870 9 0.099580
871 9 0.102190
872 9 0.082108
873 9 0.110763
874 9 0.149552
875 9 0.162647
876 9 0.097155
877 9 0.065141
878 9 0.177914
879 9 0.152264
880 9 0.130287
881 9 0.104954
882 9 0.131851
883 9 0.121552
884 9 0.147004
885 9 0.186925
886 9 0.144415
887 9 0.112938
888 9 0.097864
889 9 0.113739
890 9 0.143055
891 9 0.320441
892 9 0.135930
893 9 0.099463
894 9 0.138040
895 9 0.157738
896 9 0.188336
897 9 0.087001
898 9 0.125771
899 9 0.188294
900 10 0.125634
901 10 0.090643
902 10 0.156993
903 10 0.098323
904 10 0.107978
905 10 0.184642
906 10 0.087790
907 10 0.116799
908 10 0.102691
909 10 0.285462
910 10 0.081016
911 10 0.142603
912 10 0.146282
913 10 0.056093
914 10 0.065263
915 10 0.112951
916 10 0.091990
917 10 0.124178
918 10 0.115090
919 10 0.105218
920 10 0.094969
921 10 0.173817
922 10 0.134240
923 10 0.118601
924 10 0.118799
925 10 0.129864
926 10 0.137518
927 10 0.148827
928 10 0.128580
929 10 0.087912
930 10 0.187881
931 10 0.126508
932 10 0.170476
933 10 0.100326
934 10 0.121164
935 10 0.244638
936 10 0.119906
937 10 0.116521
938 10 0.126833
939 10 0.135580
940 10 0.154688
941 10 0.126662
942 10 0.156998
943 10 0.027643
944 10 0.111699
945 10 0.185024
946 10 0.152662
947 10 0.109374
948 10 0.091422
949 10 0.075452
950 10 0.136164
951 10 0.134655
952 10 0.141542
953 10 0.135672
954 10 0.142420
955 10 0.278700
956 10 0.147917
957 10 0.077672
958 10 0.089164
959 10 0.111215
960 10 0.113585
961 10 0.130728
962 10 0.104786
963 10 0.106680
964 10 0.143250
965 10 0.108513
966 10 0.143295
967 10 0.105615
968 10 0.108615
969 10 0.129798
970 10 0.030289
971 10 0.126979
972 10 0.087225
973 10 0.125231
974 10 0.133198
975 10 0.135272
976 10 0.101815
977 10 0.111441
978 10 0.084539
979 10 0.146946
980 10 0.171635
981 10 0.126949
982 10 0.141890
983 10 0.058532
984 10 0.121106
985 10 0.084137
986 10 0.100381
987 10 0.141606
988 10 0.171542
989 10 0.125569
990 10 0.114532
991 10 0.109017
992 10 0.114724
993 10 0.113785
994 10 0.139417
995 10 0.168102
996 10 0.081670
997 10 0.176173
998 10 0.302576
999 10 0.143810
1000 11 0.281298
1001 11 0.113797
1002 11 0.121562
1003 11 0.133434
1004 11 0.103156
1005 11 0.150115
1006 11 0.173092
1007 11 0.129552
1008 11 0.122658
1009 11 0.135782
1010 11 0.101569
1011 11 0.150414
1012 11 0.119357
1013 11 0.226862
1014 11 0.084704
1015 11 0.134335
1016 11 0.173628
1017 11 0.108673
1018 11 0.155909
1019 11 0.089117
1020 11 0.128888
1021 11 0.131250
1022 11 0.098607
1023 11 0.078196
1024 11 0.101528
1025 11 0.136245
1026 11 0.089067
1027 11 0.127613
1028 11 0.138101
1029 11 0.105464
1030 11 0.144831
1031 11 0.132703
1032 11 0.128991
1033 11 0.142740
1034 11 0.163494
1035 11 0.160609
1036 11 0.095313
1037 11 0.027087
1038 11 0.088304
1039 11 0.085668
1040 11 0.135970
1041 11 0.127392
1042 11 0.193427
1043 11 0.064852
1044 11 0.098037
1045 11 0.145738
1046 11 0.148531
1047 11 0.138808
1048 11 0.157249
1049 11 0.080453
1050 11 0.029734
1051 11 0.154210
1052 11 0.100275
1053 11 0.121769
1054 11 0.151641
1055 11 0.101850
1056 11 0.160725
1057 11 0.112813
1058 11 0.172403
1059 11 0.110267
1060 11 0.207371
1061 11 0.085807
1062 11 0.181458
1063 11 0.162410
1064 11 0.153183
1065 11 0.172372
1066 11 0.143898
1067 11 0.124646
1068 11 0.165060
1069 11 0.078603
1070 11 0.079854
1071 11 0.115539
1072 11 0.167890
1073 11 0.088978
1074 11 0.112697
1075 11 0.095857
1076 11 0.136919
1077 11 0.143121
1078 11 0.148932
1079 11 0.135769
1080 11 0.152818
1081 11 0.170765
1082 11 0.110908
1083 11 0.141156
1084 11 0.115999
1085 11 0.155263
1086 11 0.102941
1087 11 0.124818
1088 11 0.117149
1089 11 0.180150
1090 11 0.095502
1091 11 0.138266
1092 11 0.114834
1093 11 0.129113
1094 11 0.116488
1095 11 0.134215
1096 11 0.133088
1097 11 0.067055
1098 11 0.089180
1099 11 0.142304
1100 12 0.089492
1101 12 0.145761
1102 12 0.135742
1103 12 0.124559
1104 12 0.061015
1105 12 0.100898
1106 12 0.156506
1107 12 0.087870
1108 12 0.145266
1109 12 0.131551
1110 12 0.152278
1111 12 0.132038
1112 12 0.137954
1113 12 0.120549
1114 12 0.146240
1115 12 0.187742
1116 12 0.148837
1117 12 0.144853
1118 12 0.153854
1119 12 0.100303
1120 12 0.091849
1121 12 0.098390
1122 12 0.106546
1123 12 0.105375
1124 12 0.153954
1125 12 0.143122
1126 12 0.176467
1127 12 0.052948
1128 12 0.177260
1129 12 0.074785
1130 12 0.103552
1131 12 0.115872
1132 12 0.097873
1133 12 0.136194
1134 12 0.171596
1135 12 0.135049
1136 12 0.162376
1137 12 0.152929
1138 12 0.159111
1139 12 0.117442
1140 12 0.109315
1141 12 0.086959
1142 12 0.112228
1143 12 0.110236
1144 12 0.122554
1145 12 0.104625
1146 12 0.147668
1147 12 0.160573
1148 12 0.088334
1149 12 0.211165
1150 12 0.166819
1151 12 0.153450
1152 12 0.026708
1153 12 0.076232
1154 12 0.120432
1155 12 0.190070
1156 12 0.138857
1157 12 0.101799
1158 12 0.029258
1159 12 0.149339
1160 12 0.106425
1161 12 0.147962
1162 12 0.099446
1163 12 0.158315
1164 12 0.170374
1165 12 0.120898
1166 12 0.105594
1167 12 0.249343
1168 12 0.115328
1169 12 0.083952
1170 12 0.109609
1171 12 0.109453
1172 12 0.157169
1173 12 0.056410
1174 12 0.128569
1175 12 0.081786
1176 12 0.077611
1177 12 0.123068
1178 12 0.131517
1179 12 0.128893
1180 12 0.128343
1181 12 0.126413
1182 12 0.113365
1183 12 0.091520
1184 12 0.258730
1185 12 0.117297
1186 12 0.106267
1187 12 0.110748
1188 12 0.133421
1189 12 0.110632
1190 12 0.114977
1191 12 0.142837
1192 12 0.107012
1193 12 0.086996
1194 12 0.160162
1195 12 0.152096
1196 12 0.089920
1197 12 0.095812
1198 12 0.117094
1199 12 0.132316
1200 13 0.135971
1201 13 0.093572
1202 13 0.154808
1203 13 0.108116
1204 13 0.137319
1205 13 0.161802
1206 13 0.135970
1207 13 0.113384
1208 13 0.149720
1209 13 0.177347
1210 13 0.157842
1211 13 0.114333
1212 13 0.178422
1213 13 0.110779
1214 13 0.125164
1215 13 0.128867
1216 13 0.149769
1217 13 0.134423
1218 13 0.141762
1219 13 0.074856
1220 13 0.121165
1221 13 0.170891
1222 13 0.101145
1223 13 0.175029
1224 13 0.180637
1225 13 0.028949
1226 13 0.112328
1227 13 0.135798
1228 13 0.137087
1229 13 0.097530
1230 13 0.180041
1231 13 0.055643
1232 13 0.100612
1233 13 0.133513
1234 13 0.132866
1235 13 0.133079
1236 13 0.117068
1237 13 0.111249
1238 13 0.101362
1239 13 0.113007
1240 13 0.090260
1241 13 0.085879
1242 13 0.111591
1243 13 0.096846
1244 13 0.123265
1245 13 0.086455
1246 13 0.113249
1247 13 0.140145
1248 13 0.109390
1249 13 0.193200
1250 13 0.173178
1251 13 0.194547
1252 13 0.091497
1253 13 0.089600
1254 13 0.124273
1255 13 0.159994
1256 13 0.143751
1257 13 0.135415
1258 13 0.158008
1259 13 0.157301
1260 13 0.133105
1261 13 0.129401
1262 13 0.127654
1263 13 0.115713
1264 13 0.103440
1265 13 0.156108
1266 13 0.093871
1267 13 0.083681
1268 13 0.112959
1269 13 0.139455
1270 13 0.105203
1271 13 0.097722
1272 13 0.091112
1273 13 0.143236
1274 13 0.127444
1275 13 0.131564
1276 13 0.191579
1277 13 0.145005
1278 13 0.143323
1279 13 0.124150
1280 13 0.130241
1281 13 0.076851
1282 13 0.096143
1283 13 0.120262
1284 13 0.054818
1285 13 0.146905
1286 13 0.092377
1287 13 0.112424
1288 13 0.136062
1289 13 0.152202
1290 13 0.098564
1291 13 0.111848
1292 13 0.080905
1293 13 0.109964
1294 13 0.260806
1295 13 0.233283
1296 13 0.138501
1297 13 0.131072
1298 13 0.026091
1299 13 0.173760
1300 14 0.100670
1301 14 0.236857
1302 14 0.154084
1303 14 0.157334
1304 14 0.151959
1305 14 0.153361
1306 14 0.158506
1307 14 0.084827
1308 14 0.221215
1309 14 0.146810
1310 14 0.163126
1311 14 0.128608
1312 14 0.093616
1313 14 0.079849
1314 14 0.182561
1315 14 0.134200
1316 14 0.192485
1317 14 0.104183
1318 14 0.160648
1319 14 0.054450
1320 14 0.143674
1321 14 0.124806
1322 14 0.127512
1323 14 0.118240
1324 14 0.028311
1325 14 0.108113
1326 14 0.146962
1327 14 0.141201
1328 14 0.089765
1329 14 0.097202
1330 14 0.155544
1331 14 0.096735
1332 14 0.107648
1333 14 0.149336
1334 14 0.084486
1335 14 0.129415
1336 14 0.159851
1337 14 0.091231
1338 14 0.129503
1339 14 0.114505
1340 14 0.128975
1341 14 0.114589
1342 14 0.105696
1343 14 0.212316
1344 14 0.139341
1345 14 0.133014
1346 14 0.145173
1347 14 0.056927
1348 14 0.118708
1349 14 0.106473
1350 14 0.106855
1351 14 0.128556
1352 14 0.101875
1353 14 0.052675
1354 14 0.149162
1355 14 0.120989
1356 14 0.191769
1357 14 0.112220
1358 14 0.151240
1359 14 0.155678
1360 14 0.146036
1361 14 0.131522
1362 14 0.139401
1363 14 0.127724
1364 14 0.117915
1365 14 0.115212
1366 14 0.149303
1367 14 0.102065
1368 14 0.115447
1369 14 0.153974
1370 14 0.111532
1371 14 0.105308
1372 14 0.088435
1373 14 0.080473
1374 14 0.171594
1375 14 0.083683
1376 14 0.108334
1377 14 0.100384
1378 14 0.111913
1379 14 0.127308
1380 14 0.120897
1381 14 0.138286
1382 14 0.103996
1383 14 0.088935
1384 14 0.111876
1385 14 0.145352
1386 14 0.104134
1387 14 0.092507
1388 14 0.151653
1389 14 0.151003
1390 14 0.132557
1391 14 0.131062
1392 14 0.025759
1393 14 0.093454
1394 14 0.117920
1395 14 0.136858
1396 14 0.196142
1397 14 0.149376
1398 14 0.098247
1399 14 0.118762
1400 15 0.162804
1401 15 0.114853
1402 15 0.090757
1403 15 0.098097
1404 15 0.146051
1405 15 0.096667
1406 15 0.177132
1407 15 0.117774
1408 15 0.144804
1409 15 0.099843
1410 15 0.124227
1411 15 0.117286
1412 15 0.133125
1413 15 0.112466
1414 15 0.068522
1415 15 0.111250
1416 15 0.110597
1417 15 0.107756
1418 15 0.053357
1419 15 0.140511
1420 15 0.147170
1421 15 0.071045
1422 15 0.131938
1423 15 0.154821
1424 15 0.113780
1425 15 0.099918
1426 15 0.094599
1427 15 0.087694
1428 15 0.126519
1429 15 0.141100
1430 15 0.132425
1431 15 0.107501
1432 15 0.127434
1433 15 0.027918
1434 15 0.077240
1435 15 0.153617
1436 15 0.147490
1437 15 0.084970
1438 15 0.107988
1439 15 0.080362
1440 15 0.176951
1441 15 0.059490
1442 15 0.109901
1443 15 0.151032
1444 15 0.132584
1445 15 0.138574
1446 15 0.110505
1447 15 0.150233
1448 15 0.096094
1449 15 0.054185
1450 15 0.156303
1451 15 0.137260
1452 15 0.130854
1453 15 0.166348
1454 15 0.085648
1455 15 0.149235
1456 15 0.072533
1457 15 0.101255
1458 15 0.243292
1459 15 0.181074
1460 15 0.087986
1461 15 0.085699
1462 15 0.183632
1463 15 0.128694
1464 15 0.102095
1465 15 0.105986
1466 15 0.129790
1467 15 0.216080
1468 15 0.132433
1469 15 0.114484
1470 15 0.150487
1471 15 0.259004
1472 15 0.097986
1473 15 0.162924
1474 15 0.131183
1475 15 0.120960
1476 15 0.127093
1477 15 0.138246
1478 15 0.101722
1479 15 0.218342
1480 15 0.161210
1481 15 0.147814
1482 15 0.134325
1483 15 0.085393
1484 15 0.054438
1485 15 0.131329
1486 15 0.101455
1487 15 0.126487
1488 15 0.142105
1489 15 0.118722
1490 15 0.097470
1491 15 0.125777
1492 15 0.125049
1493 15 0.180037
1494 15 0.101593
1495 15 0.123049
1496 15 0.114454
1497 15 0.119090
1498 15 0.145741
1499 15 0.080927
1500 16 0.152303
1501 16 0.084473
1502 16 0.115952
1503 16 0.082272
1504 16 0.102138
1505 16 0.097438
1506 16 0.025217
1507 16 0.103880
1508 16 0.122161
1509 16 0.094918
1510 16 0.102706
1511 16 0.097659
1512 16 0.131768
1513 16 0.154975
1514 16 0.086129
1515 16 0.142668
1516 16 0.104596
1517 16 0.146744
1518 16 0.118695
1519 16 0.113018
1520 16 0.114240
1521 16 0.162465
1522 16 0.137218
1523 16 0.139278
1524 16 0.118984
1525 16 0.121362
1526 16 0.141058
1527 16 0.092777
1528 16 0.147259
1529 16 0.131927
1530 16 0.128052
1531 16 0.085186
1532 16 0.166097
1533 16 0.140279
1534 16 0.094391
1535 16 0.100560
1536 16 0.145744
1537 16 0.214180
1538 16 0.119813
1539 16 0.142917
1540 16 0.173715
1541 16 0.104603
1542 16 0.170215
1543 16 0.123506
1544 16 0.102771
1545 16 0.081976
1546 16 0.118116
1547 16 0.106499
1548 16 0.127305
1549 16 0.117983
1550 16 0.154115
1551 16 0.146509
1552 16 0.083398
1553 16 0.088318
1554 16 0.222046
1555 16 0.104886
1556 16 0.121725
1557 16 0.116882
1558 16 0.078948
1559 16 0.136275
1560 16 0.111907
1561 16 0.101174
1562 16 0.093813
1563 16 0.131249
1564 16 0.081366
1565 16 0.128816
1566 16 0.150097
1567 16 0.095043
1568 16 0.098618
1569 16 0.129600
1570 16 0.094270
1571 16 0.102447
1572 16 0.055860
1573 16 0.126914
1574 16 0.051830
1575 16 0.156587
1576 16 0.094119
1577 16 0.108521
1578 16 0.144172
1579 16 0.126819
1580 16 0.100212
1581 16 0.157796
1582 16 0.133413
1583 16 0.114373
1584 16 0.100015
1585 16 0.110479
1586 16 0.111443
1587 16 0.101864
1588 16 0.164968
1589 16 0.102055
1590 16 0.154988
1591 16 0.027340
1592 16 0.106383
1593 16 0.115636
1594 16 0.129015
1595 16 0.151187
1596 16 0.146098
1597 16 0.147391
1598 16 0.102367
1599 16 0.197545
1600 17 0.098608
1601 17 0.152618
1602 17 0.159690
1603 17 0.134862
1604 17 0.095502
1605 17 0.141675
1606 17 0.107488
1607 17 0.145569
1608 17 0.157086
1609 17 0.092461
1610 17 0.107070
1611 17 0.103428
1612 17 0.105754
1613 17 0.171220
1614 17 0.173919
1615 17 0.051069
1616 17 0.088267
1617 17 0.145748
1618 17 0.112032
1619 17 0.075449
1620 17 0.112171
1621 17 0.100932
1622 17 0.102246
1623 17 0.093688
1624 17 0.106340
1625 17 0.105991
1626 17 0.133180
1627 17 0.099161
1628 17 0.141197
1629 17 0.060813
1630 17 0.087880
1631 17 0.135168
1632 17 0.125002
1633 17 0.152552
1634 17 0.083854
1635 17 0.133532
1636 17 0.111042
1637 17 0.095425
1638 17 0.116082
1639 17 0.096146
1640 17 0.122082
1641 17 0.170285
1642 17 0.093324
1643 17 0.078613
1644 17 0.145426
1645 17 0.104589
1646 17 0.141972
1647 17 0.128217
1648 17 0.148513
1649 17 0.057143
1650 17 0.094488
1651 17 0.123716
1652 17 0.110268
1653 17 0.149440
1654 17 0.131073
1655 17 0.133142
1656 17 0.024953
1657 17 0.130381
1658 17 0.131131
1659 17 0.155858
1660 17 0.217364
1661 17 0.082301
1662 17 0.129088
1663 17 0.068188
1664 17 0.130834
1665 17 0.027018
1666 17 0.127854
1667 17 0.115650
1668 17 0.100408
1669 17 0.125520
1670 17 0.113205
1671 17 0.121662
1672 17 0.099979
1673 17 0.132180
1674 17 0.221187
1675 17 0.118335
1676 17 0.096657
1677 17 0.176715
1678 17 0.130942
1679 17 0.093620
1680 17 0.144926
1681 17 0.125302
1682 17 0.184043
1683 17 0.144365
1684 17 0.119609
1685 17 0.187957
1686 17 0.127846
1687 17 0.114814
1688 17 0.107376
1689 17 0.107288
1690 17 0.150343
1691 17 0.103479
1692 17 0.137429
1693 17 0.103067
1694 17 0.117307
1695 17 0.115116
1696 17 0.069815
1697 17 0.097143
1698 17 0.114740
1699 17 0.169704
1700 18 0.105686
1701 18 0.120654
1702 18 0.112009
1703 18 0.144382
1704 18 0.128592
1705 18 0.186122
1706 18 0.111453
1707 18 0.166232
1708 18 0.090878
1709 18 0.095221
1710 18 0.080409
1711 18 0.116956
1712 18 0.107375
1713 18 0.058021
1714 18 0.129319
1715 18 0.103002
1716 18 0.103310
1717 18 0.164436
1718 18 0.113421
1719 18 0.098323
1720 18 0.075057
1721 18 0.096749
1722 18 0.115279
1723 18 0.141959
1724 18 0.108480
1725 18 0.103128
1726 18 0.079015
1727 18 0.101355
1728 18 0.095065
1729 18 0.084294
1730 18 0.128852
1731 18 0.143165
1732 18 0.124418
1733 18 0.153262
1734 18 0.138681
1735 18 0.096208
1736 18 0.123006
1737 18 0.116173
1738 18 0.110313
1739 18 0.090056
1740 18 0.149508
1741 18 0.056871
1742 18 0.050029
1743 18 0.125744
1744 18 0.069656
1745 18 0.143464
1746 18 0.104635
1747 18 0.115848
1748 18 0.170310
1749 18 0.171813
1750 18 0.137058
1751 18 0.128745
1752 18 0.104574
1753 18 0.157508
1754 18 0.080027
1755 18 0.118688
1756 18 0.084729
1757 18 0.129782
1758 18 0.128596
1759 18 0.120482
1760 18 0.109429
1761 18 0.118814
1762 18 0.098090
1763 18 0.114357
1764 18 0.102628
1765 18 0.134099
1766 18 0.133901
1767 18 0.114776
1768 18 0.112562
1769 18 0.174309
1770 18 0.163426
1771 18 0.141697
1772 18 0.170619
1773 18 0.024722
1774 18 0.123647
1775 18 0.103844
1776 18 0.142725
1777 18 0.076351
1778 18 0.132184
1779 18 0.149508
1780 18 0.103721
1781 18 0.119980
1782 18 0.075590
1783 18 0.262447
1784 18 0.116390
1785 18 0.138426
1786 18 0.097000
1787 18 0.093465
1788 18 0.137548
1789 18 0.127743
1790 18 0.199623
1791 18 0.126840
1792 18 0.182388
1793 18 0.101368
1794 18 0.107019
1795 18 0.069287
1796 18 0.026608
1797 18 0.142980
1798 18 0.137132
1799 18 0.122579
1800 19 0.131335
1801 19 0.143422
1802 19 0.091801
1803 19 0.168495
1804 19 0.120767
1805 19 0.138149
1806 19 0.120935
1807 19 0.100445
1808 19 0.096889
1809 19 0.157685
1810 19 0.086298
1811 19 0.084414
1812 19 0.096879
1813 19 0.116439
1814 19 0.100229
1815 19 0.112251
1816 19 0.134076
1817 19 0.118444
1818 19 0.113050
1819 19 0.081260
1820 19 0.147326
1821 19 0.194706
1822 19 0.135921
1823 19 0.024468
1824 19 0.126795
1825 19 0.151737
1826 19 0.105138
1827 19 0.166626
1828 19 0.124357
1829 19 0.172189
1830 19 0.104037
1831 19 0.103144
1832 19 0.081498
1833 19 0.119139
1834 19 0.131119
1835 19 0.049054
1836 19 0.105698
1837 19 0.154326
1838 19 0.136044
1839 19 0.114271
1840 19 0.126020
1841 19 0.096014
1842 19 0.143890
1843 19 0.154694
1844 19 0.125412
1845 19 0.098697
1846 19 0.148389
1847 19 0.052139
1848 19 0.093480
1849 19 0.139798
1850 19 0.097128
1851 19 0.026215
1852 19 0.072841
1853 19 0.108859
1854 19 0.076259
1855 19 0.116117
1856 19 0.102431
1857 19 0.088577
1858 19 0.050751
1859 19 0.144149
1860 19 0.160323
1861 19 0.068612
1862 19 0.092322
1863 19 0.140679
1864 19 0.113150
1865 19 0.141457
1866 19 0.124679
1867 19 0.160314
1868 19 0.160370
1869 19 0.103911
1870 19 0.104969
1871 19 0.171801
1872 19 0.124800
1873 19 0.124915
1874 19 0.149600
1875 19 0.103859
1876 19 0.106506
1877 19 0.085877
1878 19 0.180546
1879 19 0.079913
1880 19 0.119704
1881 19 0.072476
1882 19 0.086432
1883 19 0.088250
1884 19 0.118648
1885 19 0.157926
1886 19 0.115249
1887 19 0.091085
1888 19 0.098257
1889 19 0.065574
1890 19 0.135443
1891 19 0.090736
1892 19 0.177729
1893 19 0.128475
1894 19 0.149485
1895 19 0.101188
1896 19 0.128407
1897 19 0.091549
1898 19 0.093868
1899 19 0.124908
1900 20 0.056830
1901 20 0.100596
1902 20 0.103086
1903 20 0.088080
1904 20 0.114676
1905 20 0.328998
1906 20 0.087108
1907 20 0.109798
1908 20 0.154638
1909 20 0.103342
1910 20 0.126284
1911 20 0.080502
1912 20 0.087469
1913 20 0.107628
1914 20 0.121428
1915 20 0.134998
1916 20 0.102899
1917 20 0.124940
1918 20 0.123760
1919 20 0.076293
1920 20 0.149937
1921 20 0.124591
1922 20 0.118783
1923 20 0.125534
1924 20 0.140084
1925 20 0.108598
1926 20 0.155294
1927 20 0.168778
1928 20 0.119518
1929 20 0.084864
1930 20 0.169566
1931 20 0.140274
1932 20 0.133962
1933 20 0.134666
1934 20 0.129831
1935 20 0.104666
1936 20 0.138377
1937 20 0.024191
1938 20 0.171506
1939 20 0.115394
1940 20 0.139512
1941 20 0.115278
1942 20 0.074429
1943 20 0.091756
1944 20 0.092157
1945 20 0.154399
1946 20 0.130184
1947 20 0.115705
1948 20 0.130396
1949 20 0.096163
1950 20 0.076470
1951 20 0.122079
1952 20 0.153585
1953 20 0.073634
1954 20 0.080752
1955 20 0.145427
1956 20 0.076931
1957 20 0.113585
1958 20 0.141253
1959 20 0.142702
1960 20 0.096805
1961 20 0.047288
1962 20 0.107252
1963 20 0.025908
1964 20 0.090811
1965 20 0.112808
1966 20 0.109277
1967 20 0.134130
1968 20 0.112644
1969 20 0.148676
1970 20 0.098730
1971 20 0.077116
1972 20 0.103315
1973 20 0.110177
1974 20 0.102450
1975 20 0.102372
1976 20 0.115089
1977 20 0.129094
1978 20 0.162425
1979 20 0.096692
1980 20 0.150539
1981 20 0.099791
1982 20 0.070707
1983 20 0.222379
1984 20 0.069385
1985 20 0.105603
1986 20 0.055499
1987 20 0.127836
1988 20 0.102926
1989 20 0.164682
1990 20 0.120078
1991 20 0.088091
1992 20 0.100859
1993 20 0.127713
1994 20 0.130829
1995 20 0.142013
1996 20 0.176292
1997 20 0.110419
1998 20 0.113553
1999 20 0.117908
2000 21 0.136009
2001 21 0.092940
2002 21 0.075222
2003 21 0.143262
2004 21 0.123534
2005 21 0.080408
2006 21 0.122068
2007 21 0.083724
2008 21 0.125139
2009 21 0.128301
2010 21 0.106586
2011 21 0.117843
2012 21 0.155587
2013 21 0.118539
2014 21 0.143190
2015 21 0.076311
2016 21 0.119613
2017 21 0.116150
2018 21 0.263336
2019 21 0.169736
2020 21 0.108977
2021 21 0.122272
2022 21 0.135206
2023 21 0.091061
2024 21 0.091251
2025 21 0.129542
2026 21 0.108278
2027 21 0.123560
2028 21 0.110511
2029 21 0.147955
2030 21 0.073809
2031 21 0.177958
2032 21 0.135301
2033 21 0.097026
2034 21 0.056826
2035 21 0.115468
2036 21 0.095115
2037 21 0.071860
2038 21 0.167762
2039 21 0.070220
2040 21 0.086712
2041 21 0.122959
2042 21 0.114456
2043 21 0.143034
2044 21 0.072809
2045 21 0.126173
2046 21 0.120724
2047 21 0.129334
2048 21 0.151209
2049 21 0.124334
2050 21 0.049100
2051 21 0.074709
2052 21 0.099979
2053 21 0.119887
2054 21 0.143612
2055 21 0.092590
2056 21 0.197334
2057 21 0.141188
2058 21 0.025823
2059 21 0.125020
2060 21 0.091793
2061 21 0.180032
2062 21 0.074632
2063 21 0.132209
2064 21 0.149879
2065 21 0.153909
2066 21 0.145838
2067 21 0.120959
2068 21 0.105665
2069 21 0.141967
2070 21 0.092248
2071 21 0.104094
2072 21 0.092092
2073 21 0.106219
2074 21 0.130491
2075 21 0.113909
2076 21 0.141313
2077 21 0.156135
2078 21 0.102475
2079 21 0.174247
2080 21 0.063904
2081 21 0.161077
2082 21 0.108669
2083 21 0.145049
2084 21 0.023976
2085 21 0.063606
2086 21 0.100379
2087 21 0.100811
2088 21 0.114648
2089 21 0.153790
2090 21 0.212977
2091 21 0.110860
2092 21 0.243025
2093 21 0.158248
2094 21 0.131175
2095 21 0.130072
2096 21 0.088692
2097 21 0.105117
2098 21 0.150051
2099 21 0.103660
