# Batch convergence for: model=snn-ae encoding=latency architecture=dense v_th=1.5 alpha=0.9 run=3
batch_num epoch batch_loss
0 1 0.833738
1 1 0.847398
2 1 0.863920
3 1 0.428087
4 1 1.023339
5 1 0.651992
6 1 0.870058
7 1 0.641717
8 1 0.713843
9 1 0.795433
10 1 0.649217
11 1 0.589887
12 1 0.610003
13 1 0.670474
14 1 0.597298
15 1 0.530583
16 1 0.622821
17 1 0.646796
18 1 0.617991
19 1 0.501233
20 1 0.713443
21 1 0.201891
22 1 0.611343
23 1 0.585314
24 1 0.525731
25 1 0.734612
26 1 0.647543
27 1 0.681711
28 1 0.622585
29 1 0.660111
30 1 0.466208
31 1 0.593297
32 1 0.600281
33 1 0.535541
34 1 0.528033
35 1 0.600001
36 1 0.698490
37 1 0.521398
38 1 0.634124
39 1 0.594191
40 1 0.564860
41 1 0.534631
42 1 0.503219
43 1 0.451300
44 1 0.490654
45 1 0.428761
46 1 0.530511
47 1 0.536147
48 1 0.679816
49 1 0.628252
50 1 0.111711
51 1 0.575871
52 1 0.511872
53 1 0.147509
54 1 0.912130
55 1 0.568800
56 1 0.436390
57 1 0.554338
58 1 0.421408
59 1 0.530213
60 1 0.659346
61 1 0.585947
62 1 0.557885
63 1 0.564584
64 1 0.435768
65 1 0.475421
66 1 0.029780
67 1 0.656988
68 1 0.436137
69 1 0.463704
70 1 0.414348
71 1 0.396269
72 1 0.064047
73 1 0.505155
74 1 0.487102
75 1 0.572248
76 1 0.424079
77 1 0.498103
78 1 0.356534
79 1 0.426100
80 1 0.769227
81 1 0.392036
82 1 0.391193
83 1 0.507108
84 1 0.536475
85 1 0.469734
86 1 0.428352
87 1 0.470584
88 1 0.417899
89 1 0.422643
90 1 0.422429
91 1 0.441461
92 1 0.477567
93 1 0.333650
94 1 0.413429
95 1 0.439912
96 1 0.354641
97 1 0.402904
98 1 0.343766
99 1 0.343127
100 2 0.371234
101 2 0.363567
102 2 0.377221
103 2 0.390217
104 2 0.400490
105 2 0.406213
106 2 0.317751
107 2 0.397358
108 2 0.337496
109 2 0.398584
110 2 0.271107
111 2 0.147038
112 2 0.347914
113 2 0.673521
114 2 0.417384
115 2 0.322994
116 2 0.296858
117 2 0.282258
118 2 0.294314
119 2 0.383972
120 2 0.324080
121 2 0.273413
122 2 0.268730
123 2 0.274061
124 2 0.246221
125 2 0.345100
126 2 0.318814
127 2 0.319179
128 2 0.247898
129 2 0.237568
130 2 0.283608
131 2 0.323848
132 2 0.320335
133 2 0.301567
134 2 0.396203
135 2 0.353403
136 2 0.189529
137 2 0.282828
138 2 0.353604
139 2 0.269963
140 2 0.277733
141 2 0.402546
142 2 0.281917
143 2 0.296612
144 2 0.253967
145 2 0.297449
146 2 0.249555
147 2 0.206612
148 2 0.211517
149 2 0.196738
150 2 0.267091
151 2 0.198911
152 2 0.233024
153 2 0.248561
154 2 0.256485
155 2 0.030884
156 2 0.292614
157 2 0.219269
158 2 0.260886
159 2 0.227895
160 2 0.284326
161 2 0.256267
162 2 0.297178
163 2 0.196673
164 2 0.268971
165 2 0.209005
166 2 0.033149
167 2 0.323722
168 2 0.226035
169 2 0.315624
170 2 0.227549
171 2 0.228249
172 2 0.251445
173 2 0.201003
174 2 0.221102
175 2 0.202868
176 2 0.248093
177 2 0.242479
178 2 0.239457
179 2 0.184448
180 2 0.244968
181 2 0.230958
182 2 0.192263
183 2 0.218097
184 2 0.222026
185 2 0.068784
186 2 0.216185
187 2 0.199450
188 2 0.211720
189 2 0.317311
190 2 0.226286
191 2 0.199422
192 2 0.233875
193 2 0.187804
194 2 0.365436
195 2 0.212991
196 2 0.194937
197 2 0.127110
198 2 0.255687
199 2 0.205680
200 3 0.167960
201 3 0.213226
202 3 0.160411
203 3 0.247676
204 3 0.031114
205 3 0.221594
206 3 0.279963
207 3 0.163239
208 3 0.388693
209 3 0.197059
210 3 0.213001
211 3 0.213857
212 3 0.210251
213 3 0.246950
214 3 0.215374
215 3 0.209366
216 3 0.206456
217 3 0.224486
218 3 0.360208
219 3 0.033122
220 3 0.169770
221 3 0.181532
222 3 0.157443
223 3 0.217173
224 3 0.241911
225 3 0.203718
226 3 0.211110
227 3 0.197443
228 3 0.248393
229 3 0.252592
230 3 0.140481
231 3 0.113315
232 3 0.166311
233 3 0.220746
234 3 0.190720
235 3 0.156756
236 3 0.156049
237 3 0.225049
238 3 0.157210
239 3 0.276082
240 3 0.154829
241 3 0.331403
242 3 0.217433
243 3 0.177755
244 3 0.182235
245 3 0.146479
246 3 0.252799
247 3 0.156988
248 3 0.246288
249 3 0.182996
250 3 0.176144
251 3 0.209699
252 3 0.186468
253 3 0.219381
254 3 0.208891
255 3 0.103394
256 3 0.283133
257 3 0.133416
258 3 0.177770
259 3 0.152263
260 3 0.203041
261 3 0.194057
262 3 0.166973
263 3 0.125213
264 3 0.169708
265 3 0.229567
266 3 0.136700
267 3 0.186680
268 3 0.209669
269 3 0.187809
270 3 0.214493
271 3 0.215644
272 3 0.185579
273 3 0.251930
274 3 0.206033
275 3 0.136418
276 3 0.068469
277 3 0.225920
278 3 0.215889
279 3 0.207845
280 3 0.128903
281 3 0.169372
282 3 0.152516
283 3 0.114244
284 3 0.255683
285 3 0.152196
286 3 0.227771
287 3 0.213828
288 3 0.119565
289 3 0.151351
290 3 0.158917
291 3 0.183162
292 3 0.189407
293 3 0.128992
294 3 0.157054
295 3 0.277312
296 3 0.217248
297 3 0.212863
298 3 0.217383
299 3 0.192577
300 4 0.153019
301 4 0.269319
302 4 0.120235
303 4 0.117227
304 4 0.110019
305 4 0.199171
306 4 0.202188
307 4 0.173529
308 4 0.156911
309 4 0.176973
310 4 0.229532
311 4 0.134649
312 4 0.189637
313 4 0.117774
314 4 0.134905
315 4 0.152233
316 4 0.227275
317 4 0.195425
318 4 0.134579
319 4 0.153640
320 4 0.163200
321 4 0.163924
322 4 0.207176
323 4 0.230790
324 4 0.237017
325 4 0.153726
326 4 0.154558
327 4 0.158546
328 4 0.151778
329 4 0.093931
330 4 0.189506
331 4 0.168819
332 4 0.160377
333 4 0.203096
334 4 0.153301
335 4 0.102375
336 4 0.116073
337 4 0.150197
338 4 0.088386
339 4 0.153180
340 4 0.145516
341 4 0.165093
342 4 0.153457
343 4 0.030741
344 4 0.178318
345 4 0.197743
346 4 0.142442
347 4 0.133824
348 4 0.081987
349 4 0.265072
350 4 0.187878
351 4 0.190253
352 4 0.144162
353 4 0.127712
354 4 0.101696
355 4 0.090706
356 4 0.130059
357 4 0.189619
358 4 0.207269
359 4 0.098648
360 4 0.032614
361 4 0.171774
362 4 0.136130
363 4 0.224961
364 4 0.143001
365 4 0.215331
366 4 0.131619
367 4 0.159725
368 4 0.097489
369 4 0.139824
370 4 0.183528
371 4 0.221395
372 4 0.144690
373 4 0.130906
374 4 0.267513
375 4 0.160327
376 4 0.163410
377 4 0.118578
378 4 0.155383
379 4 0.192889
380 4 0.142863
381 4 0.109231
382 4 0.188168
383 4 0.333336
384 4 0.138485
385 4 0.132524
386 4 0.142859
387 4 0.205590
388 4 0.199889
389 4 0.128014
390 4 0.129490
391 4 0.169459
392 4 0.129026
393 4 0.142324
394 4 0.122966
395 4 0.316043
396 4 0.148543
397 4 0.182071
398 4 0.156742
399 4 0.127759
400 5 0.154068
401 5 0.123957
402 5 0.088357
403 5 0.145373
404 5 0.144061
405 5 0.121230
406 5 0.200358
407 5 0.185790
408 5 0.124601
409 5 0.186271
410 5 0.154785
411 5 0.315602
412 5 0.143948
413 5 0.067286
414 5 0.124124
415 5 0.166196
416 5 0.114805
417 5 0.105414
418 5 0.185821
419 5 0.194800
420 5 0.135237
421 5 0.136159
422 5 0.138177
423 5 0.070838
424 5 0.131312
425 5 0.130747
426 5 0.111767
427 5 0.139885
428 5 0.159333
429 5 0.185983
430 5 0.161086
431 5 0.178061
432 5 0.123256
433 5 0.103071
434 5 0.142947
435 5 0.112373
436 5 0.063782
437 5 0.139315
438 5 0.053555
439 5 0.144234
440 5 0.148536
441 5 0.130397
442 5 0.202093
443 5 0.133766
444 5 0.136709
445 5 0.054420
446 5 0.130811
447 5 0.146012
448 5 0.206950
449 5 0.148775
450 5 0.158972
451 5 0.198429
452 5 0.105374
453 5 0.032011
454 5 0.149326
455 5 0.104595
456 5 0.170008
457 5 0.140917
458 5 0.179914
459 5 0.194082
460 5 0.160101
461 5 0.176564
462 5 0.160260
463 5 0.146880
464 5 0.158942
465 5 0.141177
466 5 0.174235
467 5 0.210073
468 5 0.118928
469 5 0.186717
470 5 0.151536
471 5 0.108014
472 5 0.273919
473 5 0.183258
474 5 0.090247
475 5 0.121508
476 5 0.147114
477 5 0.137730
478 5 0.182137
479 5 0.097133
480 5 0.120123
481 5 0.303948
482 5 0.146244
483 5 0.124182
484 5 0.196869
485 5 0.121708
486 5 0.142559
487 5 0.192188
488 5 0.111587
489 5 0.181086
490 5 0.163563
491 5 0.129571
492 5 0.194772
493 5 0.198770
494 5 0.118099
495 5 0.140381
496 5 0.131797
497 5 0.124286
498 5 0.115945
499 5 0.091936
500 6 0.137220
501 6 0.066244
502 6 0.099847
503 6 0.147064
504 6 0.171246
505 6 0.203736
506 6 0.029889
507 6 0.125050
508 6 0.105362
509 6 0.133759
510 6 0.104179
511 6 0.105407
512 6 0.135881
513 6 0.108541
514 6 0.155161
515 6 0.152092
516 6 0.095883
517 6 0.126495
518 6 0.085175
519 6 0.102592
520 6 0.146161
521 6 0.129623
522 6 0.155701
523 6 0.133115
524 6 0.128717
525 6 0.190833
526 6 0.112074
527 6 0.134697
528 6 0.064512
529 6 0.114890
530 6 0.167542
531 6 0.102937
532 6 0.197270
533 6 0.108331
534 6 0.139423
535 6 0.175637
536 6 0.131478
537 6 0.145851
538 6 0.120412
539 6 0.144279
540 6 0.125517
541 6 0.105699
542 6 0.093157
543 6 0.143051
544 6 0.118411
545 6 0.193460
546 6 0.197699
547 6 0.105344
548 6 0.067096
549 6 0.116715
550 6 0.174386
551 6 0.229912
552 6 0.125584
553 6 0.213944
554 6 0.160847
555 6 0.159088
556 6 0.121780
557 6 0.130795
558 6 0.149216
559 6 0.031679
560 6 0.153499
561 6 0.145049
562 6 0.050537
563 6 0.119092
564 6 0.131907
565 6 0.084117
566 6 0.154626
567 6 0.180995
568 6 0.253222
569 6 0.101095
570 6 0.099835
571 6 0.165021
572 6 0.152649
573 6 0.107966
574 6 0.182125
575 6 0.141823
576 6 0.163008
577 6 0.170517
578 6 0.151350
579 6 0.170460
580 6 0.157198
581 6 0.329798
582 6 0.146872
583 6 0.082786
584 6 0.181688
585 6 0.090038
586 6 0.167253
587 6 0.195340
588 6 0.184078
589 6 0.164917
590 6 0.320587
591 6 0.171414
592 6 0.082058
593 6 0.147143
594 6 0.134916
595 6 0.150474
596 6 0.117836
597 6 0.120292
598 6 0.134723
599 6 0.155844
600 7 0.199493
601 7 0.162718
602 7 0.180450
603 7 0.150130
604 7 0.029442
605 7 0.107151
606 7 0.131037
607 7 0.168742
608 7 0.178769
609 7 0.118190
610 7 0.125317
611 7 0.140942
612 7 0.205022
613 7 0.120337
614 7 0.109422
615 7 0.141262
616 7 0.134692
617 7 0.192997
618 7 0.144794
619 7 0.098513
620 7 0.135578
621 7 0.081318
622 7 0.078415
623 7 0.082020
624 7 0.103018
625 7 0.167805
626 7 0.141180
627 7 0.164230
628 7 0.170958
629 7 0.114279
630 7 0.141886
631 7 0.154287
632 7 0.094909
633 7 0.140553
634 7 0.147474
635 7 0.086258
636 7 0.064578
637 7 0.097902
638 7 0.160341
639 7 0.137689
640 7 0.122642
641 7 0.125103
642 7 0.196958
643 7 0.152074
644 7 0.159584
645 7 0.198849
646 7 0.188277
647 7 0.156594
648 7 0.123059
649 7 0.096738
650 7 0.160410
651 7 0.159970
652 7 0.146725
653 7 0.107023
654 7 0.210973
655 7 0.160326
656 7 0.083916
657 7 0.112515
658 7 0.125638
659 7 0.171689
660 7 0.195253
661 7 0.134256
662 7 0.119769
663 7 0.063780
664 7 0.180830
665 7 0.143845
666 7 0.104955
667 7 0.122110
668 7 0.106276
669 7 0.112487
670 7 0.112051
671 7 0.081763
672 7 0.301417
673 7 0.316740
674 7 0.135174
675 7 0.169890
676 7 0.150087
677 7 0.097707
678 7 0.096139
679 7 0.110539
680 7 0.107494
681 7 0.113905
682 7 0.097232
683 7 0.174165
684 7 0.110421
685 7 0.134613
686 7 0.141929
687 7 0.113908
688 7 0.180674
689 7 0.124179
690 7 0.132449
691 7 0.141987
692 7 0.166218
693 7 0.064060
694 7 0.101730
695 7 0.149304
696 7 0.114762
697 7 0.116873
698 7 0.066244
699 7 0.117675
700 8 0.175342
701 8 0.122866
702 8 0.092839
703 8 0.104979
704 8 0.106061
705 8 0.121788
706 8 0.171155
707 8 0.148075
708 8 0.099070
709 8 0.154591
710 8 0.186898
711 8 0.164652
712 8 0.081030
713 8 0.079368
714 8 0.196888
715 8 0.169320
716 8 0.310602
717 8 0.184190
718 8 0.149920
719 8 0.183597
720 8 0.097950
721 8 0.125672
722 8 0.090609
723 8 0.118531
724 8 0.146639
725 8 0.115997
726 8 0.137839
727 8 0.108211
728 8 0.163759
729 8 0.127024
730 8 0.074704
731 8 0.087101
732 8 0.171238
733 8 0.122866
734 8 0.115855
735 8 0.204553
736 8 0.111822
737 8 0.114480
738 8 0.122973
739 8 0.150611
740 8 0.098269
741 8 0.141986
742 8 0.120291
743 8 0.119241
744 8 0.115981
745 8 0.115763
746 8 0.030764
747 8 0.190561
748 8 0.081374
749 8 0.159481
750 8 0.196978
751 8 0.148513
752 8 0.061142
753 8 0.108052
754 8 0.204074
755 8 0.145622
756 8 0.172070
757 8 0.122466
758 8 0.101404
759 8 0.188369
760 8 0.126918
761 8 0.114989
762 8 0.104858
763 8 0.167106
764 8 0.104636
765 8 0.155906
766 8 0.103744
767 8 0.125508
768 8 0.189916
769 8 0.109978
770 8 0.134438
771 8 0.112013
772 8 0.143557
773 8 0.155101
774 8 0.191970
775 8 0.113859
776 8 0.131928
777 8 0.109371
778 8 0.080622
779 8 0.100030
780 8 0.150172
781 8 0.151363
782 8 0.157829
783 8 0.164044
784 8 0.237759
785 8 0.121625
786 8 0.149798
787 8 0.051849
788 8 0.098989
789 8 0.028578
790 8 0.163454
791 8 0.172057
792 8 0.158767
793 8 0.300364
794 8 0.145387
795 8 0.082969
796 8 0.143464
797 8 0.095846
798 8 0.109056
799 8 0.113604
800 9 0.132203
801 9 0.148053
802 9 0.121124
803 9 0.249740
804 9 0.119875
805 9 0.105487
806 9 0.129993
807 9 0.093375
808 9 0.094863
809 9 0.137872
810 9 0.118506
811 9 0.106842
812 9 0.166965
813 9 0.126256
814 9 0.132557
815 9 0.105655
816 9 0.141043
817 9 0.053731
818 9 0.276144
819 9 0.111159
820 9 0.130603
821 9 0.110230
822 9 0.098034
823 9 0.175598
824 9 0.098334
825 9 0.123424
826 9 0.120374
827 9 0.152995
828 9 0.154357
829 9 0.135340
830 9 0.028536
831 9 0.149517
832 9 0.109092
833 9 0.157437
834 9 0.143421
835 9 0.062790
836 9 0.145320
837 9 0.164473
838 9 0.129046
839 9 0.115716
840 9 0.155881
841 9 0.203618
842 9 0.149261
843 9 0.078756
844 9 0.169147
845 9 0.172110
846 9 0.137277
847 9 0.154116
848 9 0.132490
849 9 0.100276
850 9 0.208387
851 9 0.130115
852 9 0.184978
853 9 0.134442
854 9 0.110209
855 9 0.150634
856 9 0.086790
857 9 0.082982
858 9 0.096336
859 9 0.173484
860 9 0.145054
861 9 0.113724
862 9 0.084043
863 9 0.123651
864 9 0.029906
865 9 0.138080
866 9 0.121230
867 9 0.060503
868 9 0.106278
869 9 0.082045
870 9 0.132831
871 9 0.091467
872 9 0.106611
873 9 0.106644
874 9 0.175563
875 9 0.170622
876 9 0.154208
877 9 0.061281
878 9 0.212956
879 9 0.129175
880 9 0.158165
881 9 0.116870
882 9 0.132738
883 9 0.138545
884 9 0.117372
885 9 0.111420
886 9 0.103607
887 9 0.104635
888 9 0.095556
889 9 0.110364
890 9 0.162790
891 9 0.312330
892 9 0.131113
893 9 0.084778
894 9 0.160294
895 9 0.151392
896 9 0.170484
897 9 0.098286
898 9 0.161643
899 9 0.197676
900 10 0.128788
901 10 0.133198
902 10 0.104668
903 10 0.096905
904 10 0.093889
905 10 0.176299
906 10 0.091752
907 10 0.149314
908 10 0.082533
909 10 0.098020
910 10 0.084571
911 10 0.149342
912 10 0.153219
913 10 0.053280
914 10 0.085441
915 10 0.100831
916 10 0.092801
917 10 0.130255
918 10 0.116470
919 10 0.103306
920 10 0.081054
921 10 0.144676
922 10 0.110579
923 10 0.108003
924 10 0.135146
925 10 0.148279
926 10 0.161884
927 10 0.136238
928 10 0.145890
929 10 0.078860
930 10 0.216544
931 10 0.121966
932 10 0.163842
933 10 0.097676
934 10 0.137167
935 10 0.197662
936 10 0.120647
937 10 0.156513
938 10 0.132612
939 10 0.141543
940 10 0.159246
941 10 0.126963
942 10 0.158919
943 10 0.027939
944 10 0.101642
945 10 0.192204
946 10 0.148827
947 10 0.117113
948 10 0.092856
949 10 0.056946
950 10 0.110022
951 10 0.153608
952 10 0.143901
953 10 0.134044
954 10 0.175621
955 10 0.289095
956 10 0.165222
957 10 0.110805
958 10 0.144574
959 10 0.145480
960 10 0.116909
961 10 0.167046
962 10 0.156272
963 10 0.104469
964 10 0.146878
965 10 0.120088
966 10 0.119868
967 10 0.100448
968 10 0.135072
969 10 0.113248
970 10 0.029473
971 10 0.136110
972 10 0.087623
973 10 0.109462
974 10 0.129010
975 10 0.168461
976 10 0.107737
977 10 0.118709
978 10 0.085132
979 10 0.146310
980 10 0.166047
981 10 0.143171
982 10 0.189272
983 10 0.153284
984 10 0.118561
985 10 0.152604
986 10 0.100727
987 10 0.229385
988 10 0.141783
989 10 0.131041
990 10 0.093517
991 10 0.107009
992 10 0.111844
993 10 0.158064
994 10 0.154445
995 10 0.185493
996 10 0.077205
997 10 0.177192
998 10 0.306780
999 10 0.155930
1000 11 0.300031
1001 11 0.107107
1002 11 0.102475
1003 11 0.114560
1004 11 0.101421
1005 11 0.146036
1006 11 0.134647
1007 11 0.139614
1008 11 0.120402
1009 11 0.117325
1010 11 0.101377
1011 11 0.141239
1012 11 0.103314
1013 11 0.243826
1014 11 0.087291
1015 11 0.125652
1016 11 0.134483
1017 11 0.137910
1018 11 0.171187
1019 11 0.099857
1020 11 0.118833
1021 11 0.142060
1022 11 0.097581
1023 11 0.086133
1024 11 0.105176
1025 11 0.139700
1026 11 0.090422
1027 11 0.138314
1028 11 0.138998
1029 11 0.103518
1030 11 0.135593
1031 11 0.097676
1032 11 0.161143
1033 11 0.144606
1034 11 0.221873
1035 11 0.173872
1036 11 0.095978
1037 11 0.027475
1038 11 0.100348
1039 11 0.081633
1040 11 0.189050
1041 11 0.129876
1042 11 0.133410
1043 11 0.068367
1044 11 0.102384
1045 11 0.113981
1046 11 0.219183
1047 11 0.131884
1048 11 0.124897
1049 11 0.081071
1050 11 0.029082
1051 11 0.148610
1052 11 0.100699
1053 11 0.125317
1054 11 0.189062
1055 11 0.094771
1056 11 0.208561
1057 11 0.110857
1058 11 0.187535
1059 11 0.102062
1060 11 0.177501
1061 11 0.079519
1062 11 0.192258
1063 11 0.166140
1064 11 0.137628
1065 11 0.168263
1066 11 0.123144
1067 11 0.144836
1068 11 0.116836
1069 11 0.060499
1070 11 0.059811
1071 11 0.122604
1072 11 0.171832
1073 11 0.090462
1074 11 0.108288
1075 11 0.094465
1076 11 0.136704
1077 11 0.165350
1078 11 0.183853
1079 11 0.165265
1080 11 0.134574
1081 11 0.226550
1082 11 0.097428
1083 11 0.164130
1084 11 0.113062
1085 11 0.155230
1086 11 0.111410
1087 11 0.181842
1088 11 0.113222
1089 11 0.220931
1090 11 0.115554
1091 11 0.111992
1092 11 0.101861
1093 11 0.129619
1094 11 0.122345
1095 11 0.122321
1096 11 0.147778
1097 11 0.053621
1098 11 0.084981
1099 11 0.138430
1100 12 0.102505
1101 12 0.196806
1102 12 0.121466
1103 12 0.180540
1104 12 0.058632
1105 12 0.082401
1106 12 0.100993
1107 12 0.110175
1108 12 0.131613
1109 12 0.119772
1110 12 0.123666
1111 12 0.138252
1112 12 0.142042
1113 12 0.137200
1114 12 0.142003
1115 12 0.222918
1116 12 0.126500
1117 12 0.153856
1118 12 0.135455
1119 12 0.117284
1120 12 0.104705
1121 12 0.113007
1122 12 0.106500
1123 12 0.107401
1124 12 0.161111
1125 12 0.205587
1126 12 0.152846
1127 12 0.065307
1128 12 0.215536
1129 12 0.075439
1130 12 0.104909
1131 12 0.113414
1132 12 0.102227
1133 12 0.138575
1134 12 0.123757
1135 12 0.176841
1136 12 0.136468
1137 12 0.147360
1138 12 0.156273
1139 12 0.110080
1140 12 0.117414
1141 12 0.094043
1142 12 0.120558
1143 12 0.118415
1144 12 0.129581
1145 12 0.103462
1146 12 0.149110
1147 12 0.153638
1148 12 0.139566
1149 12 0.163047
1150 12 0.235866
1151 12 0.151230
1152 12 0.027129
1153 12 0.060465
1154 12 0.225430
1155 12 0.149303
1156 12 0.122220
1157 12 0.095714
1158 12 0.028607
1159 12 0.148018
1160 12 0.117612
1161 12 0.198056
1162 12 0.098555
1163 12 0.163238
1164 12 0.129710
1165 12 0.113088
1166 12 0.108415
1167 12 0.277146
1168 12 0.097641
1169 12 0.080367
1170 12 0.127986
1171 12 0.127937
1172 12 0.139863
1173 12 0.095235
1174 12 0.174659
1175 12 0.127807
1176 12 0.081961
1177 12 0.112216
1178 12 0.170417
1179 12 0.136785
1180 12 0.139411
1181 12 0.115547
1182 12 0.114130
1183 12 0.084954
1184 12 0.295526
1185 12 0.133760
1186 12 0.134257
1187 12 0.122754
1188 12 0.131447
1189 12 0.111715
1190 12 0.133225
1191 12 0.143959
1192 12 0.105788
1193 12 0.091483
1194 12 0.156297
1195 12 0.129344
1196 12 0.077990
1197 12 0.095122
1198 12 0.107996
1199 12 0.133614
1200 13 0.157048
1201 13 0.078268
1202 13 0.150099
1203 13 0.118273
1204 13 0.149885
1205 13 0.164059
1206 13 0.169582
1207 13 0.114985
1208 13 0.129452
1209 13 0.167965
1210 13 0.206604
1211 13 0.154771
1212 13 0.167939
1213 13 0.130979
1214 13 0.107704
1215 13 0.118719
1216 13 0.144052
1217 13 0.102236
1218 13 0.130809
1219 13 0.079784
1220 13 0.107777
1221 13 0.109150
1222 13 0.100961
1223 13 0.235630
1224 13 0.158856
1225 13 0.028276
1226 13 0.111707
1227 13 0.137598
1228 13 0.154114
1229 13 0.083036
1230 13 0.188813
1231 13 0.179648
1232 13 0.099056
1233 13 0.222166
1234 13 0.136713
1235 13 0.138171
1236 13 0.107065
1237 13 0.107146
1238 13 0.110953
1239 13 0.122315
1240 13 0.076882
1241 13 0.153916
1242 13 0.152478
1243 13 0.098129
1244 13 0.154394
1245 13 0.104403
1246 13 0.122828
1247 13 0.123297
1248 13 0.096334
1249 13 0.128011
1250 13 0.185919
1251 13 0.116082
1252 13 0.105398
1253 13 0.173611
1254 13 0.111207
1255 13 0.136114
1256 13 0.126569
1257 13 0.132852
1258 13 0.125896
1259 13 0.172658
1260 13 0.106241
1261 13 0.121671
1262 13 0.122151
1263 13 0.133696
1264 13 0.097448
1265 13 0.132784
1266 13 0.084691
1267 13 0.080341
1268 13 0.122592
1269 13 0.141254
1270 13 0.105176
1271 13 0.108502
1272 13 0.098680
1273 13 0.124978
1274 13 0.135327
1275 13 0.133884
1276 13 0.176064
1277 13 0.139926
1278 13 0.146389
1279 13 0.125043
1280 13 0.115261
1281 13 0.123371
1282 13 0.106427
1283 13 0.109943
1284 13 0.053392
1285 13 0.111828
1286 13 0.101793
1287 13 0.082252
1288 13 0.140193
1289 13 0.148109
1290 13 0.101214
1291 13 0.113171
1292 13 0.075204
1293 13 0.120637
1294 13 0.317114
1295 13 0.289771
1296 13 0.154061
1297 13 0.132088
1298 13 0.026644
1299 13 0.168438
1300 14 0.135335
1301 14 0.279894
1302 14 0.201271
1303 14 0.155330
1304 14 0.148969
1305 14 0.198230
1306 14 0.180771
1307 14 0.154256
1308 14 0.180470
1309 14 0.136854
1310 14 0.183406
1311 14 0.122564
1312 14 0.094717
1313 14 0.078676
1314 14 0.249323
1315 14 0.145021
1316 14 0.176043
1317 14 0.102549
1318 14 0.152793
1319 14 0.057558
1320 14 0.133656
1321 14 0.126281
1322 14 0.096083
1323 14 0.093927
1324 14 0.027866
1325 14 0.099221
1326 14 0.116051
1327 14 0.142550
1328 14 0.101666
1329 14 0.102109
1330 14 0.173703
1331 14 0.111913
1332 14 0.106065
1333 14 0.154889
1334 14 0.095777
1335 14 0.110300
1336 14 0.143705
1337 14 0.091543
1338 14 0.161570
1339 14 0.100403
1340 14 0.108882
1341 14 0.115157
1342 14 0.097549
1343 14 0.265788
1344 14 0.296041
1345 14 0.149103
1346 14 0.128869
1347 14 0.062569
1348 14 0.109016
1349 14 0.126886
1350 14 0.111587
1351 14 0.169509
1352 14 0.114241
1353 14 0.053238
1354 14 0.180846
1355 14 0.138102
1356 14 0.165460
1357 14 0.102956
1358 14 0.104575
1359 14 0.152237
1360 14 0.155753
1361 14 0.122364
1362 14 0.141164
1363 14 0.128498
1364 14 0.106390
1365 14 0.108121
1366 14 0.130544
1367 14 0.122254
1368 14 0.182461
1369 14 0.124421
1370 14 0.207763
1371 14 0.099116
1372 14 0.126441
1373 14 0.083309
1374 14 0.116807
1375 14 0.065791
1376 14 0.099939
1377 14 0.087889
1378 14 0.119490
1379 14 0.134319
1380 14 0.133426
1381 14 0.118225
1382 14 0.109369
1383 14 0.094293
1384 14 0.102762
1385 14 0.141592
1386 14 0.120669
1387 14 0.078573
1388 14 0.150158
1389 14 0.153675
1390 14 0.088271
1391 14 0.134472
1392 14 0.026305
1393 14 0.105365
1394 14 0.156829
1395 14 0.149286
1396 14 0.185456
1397 14 0.146344
1398 14 0.095517
1399 14 0.144801
1400 15 0.165626
1401 15 0.107741
1402 15 0.089635
1403 15 0.112969
1404 15 0.121626
1405 15 0.094570
1406 15 0.163526
1407 15 0.143147
1408 15 0.154052
1409 15 0.119696
1410 15 0.153426
1411 15 0.103884
1412 15 0.157512
1413 15 0.112570
1414 15 0.101920
1415 15 0.110757
1416 15 0.120737
1417 15 0.102746
1418 15 0.056591
1419 15 0.142016
1420 15 0.127649
1421 15 0.085013
1422 15 0.141382
1423 15 0.135200
1424 15 0.141905
1425 15 0.100789
1426 15 0.128482
1427 15 0.100670
1428 15 0.148274
1429 15 0.096135
1430 15 0.171844
1431 15 0.153268
1432 15 0.160731
1433 15 0.096786
1434 15 0.111450
1435 15 0.177332
1436 15 0.166564
1437 15 0.083234
1438 15 0.104895
1439 15 0.090004
1440 15 0.142498
1441 15 0.059942
1442 15 0.138145
1443 15 0.167285
1444 15 0.122214
1445 15 0.132375
1446 15 0.118956
1447 15 0.150363
1448 15 0.109592
1449 15 0.053315
1450 15 0.157099
1451 15 0.144355
1452 15 0.162871
1453 15 0.169618
1454 15 0.082298
1455 15 0.153204
1456 15 0.198732
1457 15 0.205411
1458 15 0.161812
1459 15 0.189317
1460 15 0.094790
1461 15 0.080224
1462 15 0.115969
1463 15 0.025927
1464 15 0.097850
1465 15 0.101669
1466 15 0.123086
1467 15 0.284197
1468 15 0.111027
1469 15 0.112803
1470 15 0.133856
1471 15 0.292359
1472 15 0.101127
1473 15 0.146673
1474 15 0.126108
1475 15 0.116973
1476 15 0.148461
1477 15 0.121881
1478 15 0.102882
1479 15 0.213609
1480 15 0.145815
1481 15 0.168703
1482 15 0.122160
1483 15 0.086491
1484 15 0.167798
1485 15 0.122389
1486 15 0.098381
1487 15 0.181568
1488 15 0.125262
1489 15 0.132542
1490 15 0.108508
1491 15 0.160709
1492 15 0.120749
1493 15 0.140327
1494 15 0.113871
1495 15 0.096729
1496 15 0.143802
1497 15 0.125989
1498 15 0.167470
1499 15 0.105622
1500 16 0.153175
1501 16 0.079614
1502 16 0.113717
1503 16 0.085810
1504 16 0.113260
1505 16 0.086524
1506 16 0.025807
1507 16 0.104382
1508 16 0.119065
1509 16 0.104839
1510 16 0.111003
1511 16 0.112984
1512 16 0.138147
1513 16 0.146616
1514 16 0.097044
1515 16 0.158158
1516 16 0.098799
1517 16 0.132611
1518 16 0.112729
1519 16 0.151296
1520 16 0.097382
1521 16 0.177783
1522 16 0.169303
1523 16 0.158236
1524 16 0.149882
1525 16 0.128172
1526 16 0.131973
1527 16 0.104453
1528 16 0.107084
1529 16 0.194560
1530 16 0.117070
1531 16 0.079297
1532 16 0.127351
1533 16 0.142961
1534 16 0.059161
1535 16 0.089553
1536 16 0.146674
1537 16 0.265193
1538 16 0.130727
1539 16 0.157091
1540 16 0.174908
1541 16 0.111080
1542 16 0.162249
1543 16 0.133795
1544 16 0.109809
1545 16 0.082808
1546 16 0.108416
1547 16 0.118142
1548 16 0.179073
1549 16 0.129945
1550 16 0.145216
1551 16 0.135329
1552 16 0.067630
1553 16 0.096044
1554 16 0.291254
1555 16 0.114783
1556 16 0.106679
1557 16 0.104116
1558 16 0.117384
1559 16 0.172018
1560 16 0.103805
1561 16 0.116371
1562 16 0.171775
1563 16 0.150152
1564 16 0.081085
1565 16 0.124493
1566 16 0.169895
1567 16 0.112744
1568 16 0.108576
1569 16 0.127341
1570 16 0.108306
1571 16 0.102865
1572 16 0.071045
1573 16 0.130863
1574 16 0.053672
1575 16 0.151011
1576 16 0.091966
1577 16 0.098468
1578 16 0.145276
1579 16 0.170690
1580 16 0.105985
1581 16 0.149174
1582 16 0.140416
1583 16 0.095701
1584 16 0.102680
1585 16 0.099188
1586 16 0.137417
1587 16 0.104363
1588 16 0.217244
1589 16 0.103162
1590 16 0.151522
1591 16 0.057364
1592 16 0.106327
1593 16 0.140627
1594 16 0.137497
1595 16 0.155205
1596 16 0.167181
1597 16 0.123534
1598 16 0.185354
1599 16 0.176985
1600 17 0.090236
1601 17 0.170908
1602 17 0.160789
1603 17 0.194091
1604 17 0.089423
1605 17 0.139337
1606 17 0.127801
1607 17 0.162584
1608 17 0.179160
1609 17 0.102360
1610 17 0.095707
1611 17 0.102088
1612 17 0.117956
1613 17 0.166690
1614 17 0.285099
1615 17 0.054304
1616 17 0.099220
1617 17 0.142725
1618 17 0.111054
1619 17 0.074918
1620 17 0.102912
1621 17 0.094327
1622 17 0.105275
1623 17 0.116317
1624 17 0.124898
1625 17 0.102295
1626 17 0.125022
1627 17 0.104680
1628 17 0.116805
1629 17 0.052047
1630 17 0.067726
1631 17 0.134357
1632 17 0.135883
1633 17 0.175207
1634 17 0.085848
1635 17 0.139198
1636 17 0.111496
1637 17 0.090174
1638 17 0.122075
1639 17 0.103156
1640 17 0.141556
1641 17 0.157854
1642 17 0.108650
1643 17 0.081774
1644 17 0.143654
1645 17 0.143226
1646 17 0.129775
1647 17 0.125846
1648 17 0.155043
1649 17 0.074636
1650 17 0.108349
1651 17 0.136595
1652 17 0.133711
1653 17 0.166322
1654 17 0.187333
1655 17 0.151871
1656 17 0.025388
1657 17 0.118779
1658 17 0.119435
1659 17 0.162295
1660 17 0.292696
1661 17 0.076330
1662 17 0.188899
1663 17 0.083060
1664 17 0.132539
1665 17 0.026515
1666 17 0.138302
1667 17 0.148628
1668 17 0.106625
1669 17 0.163848
1670 17 0.122442
1671 17 0.098930
1672 17 0.131590
1673 17 0.115772
1674 17 0.195448
1675 17 0.131257
1676 17 0.115918
1677 17 0.152852
1678 17 0.127338
1679 17 0.095375
1680 17 0.153562
1681 17 0.145037
1682 17 0.119377
1683 17 0.107076
1684 17 0.119127
1685 17 0.178081
1686 17 0.218344
1687 17 0.137976
1688 17 0.118708
1689 17 0.097827
1690 17 0.141081
1691 17 0.110265
1692 17 0.128841
1693 17 0.078296
1694 17 0.106876
1695 17 0.095055
1696 17 0.084858
1697 17 0.109811
1698 17 0.165157
1699 17 0.173895
1700 18 0.109266
1701 18 0.092865
1702 18 0.128754
1703 18 0.129409
1704 18 0.106040
1705 18 0.279794
1706 18 0.114346
1707 18 0.167484
1708 18 0.073247
1709 18 0.088822
1710 18 0.077294
1711 18 0.142243
1712 18 0.118320
1713 18 0.058686
1714 18 0.128824
1715 18 0.104148
1716 18 0.112354
1717 18 0.206533
1718 18 0.104693
1719 18 0.101191
1720 18 0.092499
1721 18 0.098472
1722 18 0.117990
1723 18 0.145311
1724 18 0.108356
1725 18 0.101809
1726 18 0.146233
1727 18 0.100780
1728 18 0.111418
1729 18 0.120177
1730 18 0.128083
1731 18 0.140328
1732 18 0.102541
1733 18 0.127530
1734 18 0.127053
1735 18 0.088455
1736 18 0.115690
1737 18 0.112412
1738 18 0.157681
1739 18 0.098886
1740 18 0.143723
1741 18 0.053846
1742 18 0.053415
1743 18 0.107454
1744 18 0.104869
1745 18 0.160049
1746 18 0.096215
1747 18 0.144473
1748 18 0.165896
1749 18 0.170862
1750 18 0.139393
1751 18 0.156789
1752 18 0.095303
1753 18 0.133882
1754 18 0.082630
1755 18 0.108395
1756 18 0.096333
1757 18 0.157270
1758 18 0.146049
1759 18 0.209235
1760 18 0.116354
1761 18 0.142587
1762 18 0.105674
1763 18 0.102637
1764 18 0.096365
1765 18 0.145744
1766 18 0.151222
1767 18 0.113418
1768 18 0.121662
1769 18 0.166932
1770 18 0.244933
1771 18 0.130116
1772 18 0.136506
1773 18 0.025237
1774 18 0.102473
1775 18 0.113435
1776 18 0.145258
1777 18 0.132719
1778 18 0.113724
1779 18 0.140903
1780 18 0.123760
1781 18 0.118023
1782 18 0.092549
1783 18 0.118888
1784 18 0.117121
1785 18 0.103781
1786 18 0.086207
1787 18 0.088888
1788 18 0.137342
1789 18 0.120642
1790 18 0.170416
1791 18 0.126900
1792 18 0.158520
1793 18 0.080735
1794 18 0.112965
1795 18 0.068949
1796 18 0.026190
1797 18 0.128208
1798 18 0.104671
1799 18 0.121632
1800 19 0.115298
1801 19 0.098577
1802 19 0.084079
1803 19 0.122827
1804 19 0.105527
1805 19 0.132732
1806 19 0.106260
1807 19 0.118393
1808 19 0.125922
1809 19 0.177736
1810 19 0.077903
1811 19 0.067094
1812 19 0.100650
1813 19 0.156469
1814 19 0.115888
1815 19 0.114795
1816 19 0.123210
1817 19 0.125570
1818 19 0.102044
1819 19 0.083685
1820 19 0.149078
1821 19 0.168688
1822 19 0.123444
1823 19 0.024945
1824 19 0.153090
1825 19 0.128261
1826 19 0.122680
1827 19 0.196736
1828 19 0.116332
1829 19 0.162937
1830 19 0.110223
1831 19 0.111015
1832 19 0.092116
1833 19 0.120716
1834 19 0.131460
1835 19 0.050378
1836 19 0.126259
1837 19 0.117269
1838 19 0.136849
1839 19 0.142574
1840 19 0.136425
1841 19 0.099200
1842 19 0.137022
1843 19 0.165973
1844 19 0.137347
1845 19 0.101728
1846 19 0.134680
1847 19 0.053764
1848 19 0.109473
1849 19 0.144788
1850 19 0.099823
1851 19 0.025799
1852 19 0.064241
1853 19 0.112379
1854 19 0.084876
1855 19 0.237650
1856 19 0.109725
1857 19 0.088787
1858 19 0.061204
1859 19 0.115737
1860 19 0.141206
1861 19 0.102215
1862 19 0.096784
1863 19 0.115272
1864 19 0.161903
1865 19 0.155023
1866 19 0.121746
1867 19 0.147181
1868 19 0.154556
1869 19 0.116038
1870 19 0.108450
1871 19 0.236215
1872 19 0.187458
1873 19 0.129249
1874 19 0.153627
1875 19 0.105094
1876 19 0.110762
1877 19 0.086740
1878 19 0.246377
1879 19 0.086285
1880 19 0.115668
1881 19 0.108485
1882 19 0.104293
1883 19 0.098722
1884 19 0.099077
1885 19 0.134302
1886 19 0.113261
1887 19 0.110971
1888 19 0.094480
1889 19 0.079608
1890 19 0.135224
1891 19 0.112725
1892 19 0.113623
1893 19 0.138718
1894 19 0.155794
1895 19 0.104484
1896 19 0.127763
1897 19 0.094454
1898 19 0.088894
1899 19 0.119666
1900 20 0.057461
1901 20 0.156622
1902 20 0.101937
1903 20 0.104714
1904 20 0.220646
1905 20 0.174690
1906 20 0.088165
1907 20 0.158466
1908 20 0.157622
1909 20 0.101412
1910 20 0.095540
1911 20 0.090311
1912 20 0.088381
1913 20 0.115701
1914 20 0.161906
1915 20 0.149194
1916 20 0.113785
1917 20 0.117005
1918 20 0.123260
1919 20 0.089021
1920 20 0.140522
1921 20 0.165194
1922 20 0.106836
1923 20 0.110355
1924 20 0.144639
1925 20 0.101098
1926 20 0.174066
1927 20 0.143264
1928 20 0.098145
1929 20 0.072918
1930 20 0.265127
1931 20 0.120780
1932 20 0.155300
1933 20 0.137493
1934 20 0.139810
1935 20 0.104414
1936 20 0.114312
1937 20 0.024672
1938 20 0.141735
1939 20 0.123720
1940 20 0.165747
1941 20 0.135572
1942 20 0.075416
1943 20 0.088039
1944 20 0.093827
1945 20 0.140613
1946 20 0.132556
1947 20 0.141086
1948 20 0.143966
1949 20 0.100187
1950 20 0.108551
1951 20 0.093439
1952 20 0.117090
1953 20 0.090568
1954 20 0.081074
1955 20 0.187721
1956 20 0.069278
1957 20 0.125051
1958 20 0.152627
1959 20 0.125852
1960 20 0.105290
1961 20 0.058275
1962 20 0.098543
1963 20 0.025535
1964 20 0.112935
1965 20 0.115150
1966 20 0.114011
1967 20 0.116883
1968 20 0.124004
1969 20 0.158416
1970 20 0.094713
1971 20 0.102393
1972 20 0.111712
1973 20 0.091629
1974 20 0.094721
1975 20 0.102307
1976 20 0.109054
1977 20 0.144185
1978 20 0.202891
1979 20 0.084949
1980 20 0.153269
1981 20 0.129903
1982 20 0.069906
1983 20 0.263837
1984 20 0.132446
1985 20 0.118918
1986 20 0.077439
1987 20 0.116749
1988 20 0.134896
1989 20 0.153500
1990 20 0.142140
1991 20 0.087016
1992 20 0.113373
1993 20 0.131208
1994 20 0.172927
1995 20 0.117292
1996 20 0.165474
1997 20 0.117978
1998 20 0.116173
1999 20 0.122450
