# Batch convergence for: model=snn-ae encoding=direct architecture=dense v_th=0.5 alpha=0.99 run=1
batch_num epoch batch_loss
0 1 1.464737
1 1 1.340990
2 1 1.378193
3 1 1.232266
4 1 1.124348
5 1 1.030270
6 1 1.118554
7 1 1.339523
8 1 1.117235
9 1 1.348923
10 1 1.326367
11 1 1.069518
12 1 1.161190
13 1 1.175536
14 1 1.208950
15 1 1.143042
16 1 1.155256
17 1 1.106421
18 1 0.998812
19 1 1.120010
20 1 1.038836
21 1 1.037337
22 1 1.120170
23 1 1.087896
24 1 1.048371
25 1 1.121300
26 1 0.956459
27 1 1.069175
28 1 1.093791
29 1 1.043062
30 1 0.966487
31 1 1.002816
32 1 1.102802
33 1 1.022770
34 1 1.000205
35 1 1.000472
36 1 1.063394
37 1 1.021443
38 1 1.066764
39 1 1.019053
40 1 1.081294
41 1 1.082841
42 1 0.996538
43 1 1.194725
44 1 1.010836
45 1 1.024279
46 1 1.000404
47 1 1.047907
48 1 1.116778
49 1 1.000241
50 1 0.993448
51 1 1.002051
52 1 0.998840
53 1 0.997692
54 1 1.002339
55 1 0.995209
56 1 1.026460
57 1 1.000273
58 1 1.000399
59 1 1.001311
60 1 1.003235
61 1 0.995730
62 1 1.001117
63 1 0.998935
64 1 1.067371
65 1 1.048856
66 1 1.184947
67 1 1.030504
68 1 1.036457
69 1 0.996433
70 1 1.020831
71 1 1.072226
72 1 1.105645
73 1 1.132856
74 1 1.000432
75 1 1.024058
76 1 1.106956
77 1 1.041322
78 1 1.003753
79 1 1.037642
80 1 1.002071
81 1 0.994293
82 1 1.000371
83 1 1.000872
84 1 1.103564
85 1 1.079747
86 1 1.051003
87 1 1.043051
88 1 1.000525
89 1 1.000951
90 1 0.991654
91 1 1.062510
92 1 1.014889
93 1 1.006727
94 1 1.035582
95 1 1.019068
96 1 1.024145
97 1 1.001163
98 1 0.998921
99 1 0.999884
100 2 1.064306
101 2 1.028019
102 2 0.991097
103 2 1.057498
104 2 1.001857
105 2 0.997785
106 2 1.013513
107 2 1.077115
108 2 1.060179
109 2 1.012917
110 2 0.998761
111 2 1.029686
112 2 0.995845
113 2 1.004122
114 2 1.002352
115 2 1.005636
116 2 1.165421
117 2 1.066257
118 2 1.040318
119 2 0.998576
120 2 1.013535
121 2 0.995537
122 2 0.998779
123 2 1.017950
124 2 1.020874
125 2 0.999596
126 2 0.974039
127 2 1.033499
128 2 0.977586
129 2 1.039398
130 2 0.994932
131 2 0.992965
132 2 1.036389
133 2 1.040753
134 2 1.002187
135 2 1.034093
136 2 0.997461
137 2 0.995465
138 2 1.052555
139 2 0.994902
140 2 1.032412
141 2 1.009332
142 2 0.999992
143 2 1.079361
144 2 0.999177
145 2 0.992961
146 2 0.998531
147 2 0.998937
148 2 1.020156
149 2 1.042170
150 2 0.988646
151 2 1.002485
152 2 1.085309
153 2 1.045997
154 2 0.988981
155 2 0.978653
156 2 0.999678
157 2 1.002437
158 2 1.041605
159 2 1.053733
160 2 1.018016
161 2 1.000381
162 2 0.998435
163 2 1.027952
164 2 1.001989
165 2 1.036437
166 2 0.980350
167 2 0.990609
168 2 0.993647
169 2 0.990325
170 2 1.001719
171 2 0.998989
172 2 1.001879
173 2 1.037912
174 2 1.050128
175 2 0.997604
176 2 0.993045
177 2 0.980180
178 2 0.988800
179 2 0.992877
180 2 0.992092
181 2 1.051600
182 2 1.024570
183 2 1.037504
184 2 1.005637
185 2 0.985479
186 2 1.026141
187 2 0.996057
188 2 0.994822
189 2 1.135099
190 2 1.023821
191 2 0.999779
192 2 0.980185
193 2 0.997586
194 2 1.007862
195 2 1.012552
196 2 0.990857
197 2 1.095758
198 2 0.991573
199 2 1.010703
200 3 0.994440
201 3 0.999366
202 3 0.998085
203 3 1.046294
204 3 0.971841
205 3 1.001927
206 3 1.040251
207 3 1.031573
208 3 1.007133
209 3 0.996409
210 3 0.948336
211 3 1.026138
212 3 1.091769
213 3 0.997034
214 3 1.082491
215 3 1.001266
216 3 1.054674
217 3 0.996334
218 3 1.006905
219 3 0.995860
220 3 0.994754
221 3 0.998939
222 3 1.006498
223 3 1.043457
224 3 0.988870
225 3 0.982625
226 3 0.997041
227 3 0.955533
228 3 0.999262
229 3 1.025285
230 3 0.999000
231 3 1.014369
232 3 1.018746
233 3 0.997315
234 3 0.994883
235 3 0.988440
236 3 1.049130
237 3 1.001286
238 3 1.020221
239 3 1.010540
240 3 1.001731
241 3 1.001377
242 3 1.005155
243 3 0.992107
244 3 0.993976
245 3 0.999498
246 3 0.996170
247 3 0.993569
248 3 0.995781
249 3 0.992085
250 3 0.992283
251 3 0.983982
252 3 1.067969
253 3 0.981078
254 3 0.999986
255 3 0.993849
256 3 0.996189
257 3 0.986786
258 3 1.008565
259 3 0.999331
260 3 1.002517
261 3 1.004879
262 3 0.995109
263 3 0.985214
264 3 0.986157
265 3 1.005539
266 3 1.014555
267 3 1.045716
268 3 1.011307
269 3 0.990664
270 3 0.974183
271 3 1.006448
272 3 1.012612
273 3 1.001674
274 3 0.992300
275 3 0.973295
276 3 0.960295
277 3 1.004308
278 3 1.034081
279 3 0.995551
280 3 1.016516
281 3 0.980215
282 3 1.058689
283 3 0.981594
284 3 0.997574
285 3 1.014090
286 3 0.997947
287 3 0.999194
288 3 0.981747
289 3 1.006524
290 3 1.039707
291 3 1.082083
292 3 0.990299
293 3 1.009725
294 3 1.002010
295 3 0.968526
296 3 1.019844
297 3 0.997505
298 3 0.997330
299 3 1.005325
300 4 1.072549
301 4 0.977202
302 4 1.093615
303 4 0.988583
304 4 0.994292
305 4 0.995949
306 4 1.001807
307 4 1.003409
308 4 1.013770
309 4 0.997844
310 4 0.985189
311 4 1.013628
312 4 0.989375
313 4 0.979612
314 4 0.987688
315 4 0.997105
316 4 1.008883
317 4 0.988922
318 4 1.011732
319 4 1.015000
320 4 0.990670
321 4 1.002226
322 4 0.992041
323 4 1.008193
324 4 1.031417
325 4 0.980506
326 4 1.069885
327 4 1.003607
328 4 0.975130
329 4 0.981566
330 4 0.995597
331 4 0.995059
332 4 0.987759
333 4 0.989589
334 4 1.025244
335 4 1.001055
336 4 0.996438
337 4 1.012569
338 4 0.974409
339 4 0.996698
340 4 1.015750
341 4 1.003982
342 4 1.014584
343 4 0.977778
344 4 1.033814
345 4 0.991858
346 4 0.980402
347 4 0.996762
348 4 1.061624
349 4 0.995541
350 4 1.024017
351 4 0.984539
352 4 0.981407
353 4 0.964183
354 4 0.965980
355 4 1.037466
356 4 0.986010
357 4 1.011856
358 4 0.985014
359 4 0.958556
360 4 0.928661
361 4 0.995755
362 4 1.000370
363 4 1.026385
364 4 0.964824
365 4 1.002065
366 4 1.018796
367 4 0.981645
368 4 0.991163
369 4 0.984815
370 4 0.925229
371 4 0.961159
372 4 0.993107
373 4 0.982101
374 4 1.049505
375 4 0.969822
376 4 1.058550
377 4 1.069902
378 4 1.030888
379 4 1.007151
380 4 0.962424
381 4 0.977908
382 4 1.023206
383 4 1.014173
384 4 0.999165
385 4 1.044030
386 4 0.990375
387 4 1.005333
388 4 0.999567
389 4 0.996714
390 4 0.997698
391 4 0.992866
392 4 1.000877
393 4 0.985585
394 4 1.001838
395 4 1.013372
396 4 1.001218
397 4 1.006181
398 4 1.032042
399 4 0.999161
400 5 0.972240
401 5 0.995661
402 5 0.995555
403 5 1.015922
404 5 0.984494
405 5 1.022027
406 5 0.983841
407 5 0.993549
408 5 0.976518
409 5 0.989981
410 5 1.004973
411 5 1.012729
412 5 1.017213
413 5 0.951248
414 5 1.036112
415 5 0.999666
416 5 0.947543
417 5 1.007750
418 5 0.994434
419 5 0.981727
420 5 0.983887
421 5 0.944183
422 5 0.998413
423 5 0.970804
424 5 0.986316
425 5 1.016475
426 5 0.993079
427 5 0.981481
428 5 1.008736
429 5 0.964314
430 5 0.986613
431 5 0.995006
432 5 1.017447
433 5 1.000102
434 5 0.986896
435 5 1.059443
436 5 0.983253
437 5 0.987717
438 5 0.971040
439 5 0.992215
440 5 0.994092
441 5 1.009143
442 5 1.033497
443 5 1.013043
444 5 0.970319
445 5 1.003586
446 5 0.991092
447 5 0.986354
448 5 1.021170
449 5 1.008186
450 5 1.007217
451 5 1.098171
452 5 0.986097
453 5 0.952761
454 5 1.046151
455 5 0.990840
456 5 1.024487
457 5 1.002575
458 5 1.009483
459 5 1.022211
460 5 0.990815
461 5 0.996093
462 5 1.093062
463 5 1.021441
464 5 0.984834
465 5 0.972076
466 5 1.007784
467 5 0.962269
468 5 0.994480
469 5 0.995099
470 5 1.033653
471 5 0.964165
472 5 1.034418
473 5 0.989958
474 5 0.998264
475 5 0.995187
476 5 1.017104
477 5 1.004451
478 5 0.998394
479 5 0.974235
480 5 0.999785
481 5 1.015959
482 5 0.998628
483 5 0.956771
484 5 0.966454
485 5 1.088722
486 5 0.973042
487 5 1.004896
488 5 0.999398
489 5 0.995553
490 5 0.993254
491 5 0.942843
492 5 1.026920
493 5 0.999542
494 5 1.040843
495 5 1.021139
496 5 0.985038
497 5 1.000582
498 5 0.986484
499 5 0.987841
500 6 1.031442
501 6 0.857542
502 6 0.999711
503 6 1.020318
504 6 1.030968
505 6 0.984178
506 6 0.932561
507 6 1.000349
508 6 1.027237
509 6 1.027820
510 6 1.008438
511 6 0.997228
512 6 0.990288
513 6 1.019173
514 6 1.022940
515 6 1.012693
516 6 1.044709
517 6 0.997492
518 6 0.998705
519 6 0.943337
520 6 1.097624
521 6 0.998556
522 6 0.929458
523 6 0.955341
524 6 0.983204
525 6 0.981616
526 6 1.001689
527 6 0.988133
528 6 0.961455
529 6 1.007684
530 6 0.989552
531 6 0.996177
532 6 1.037846
533 6 0.985724
534 6 0.985285
535 6 1.019989
536 6 0.985653
537 6 0.984876
538 6 1.002678
539 6 0.982159
540 6 0.964356
541 6 0.973940
542 6 0.964498
543 6 0.996192
544 6 0.978561
545 6 0.993835
546 6 1.008175
547 6 1.021759
548 6 0.981295
549 6 0.979142
550 6 1.019709
551 6 0.957785
552 6 0.999993
553 6 1.028108
554 6 0.998083
555 6 1.004909
556 6 1.001780
557 6 1.027893
558 6 0.994853
559 6 0.930778
560 6 1.036954
561 6 1.004239
562 6 0.960270
563 6 0.974135
564 6 0.884953
565 6 0.969799
566 6 0.994793
567 6 1.009491
568 6 1.002842
569 6 1.024484
570 6 0.910981
571 6 1.036866
572 6 1.000406
573 6 0.960907
574 6 1.043780
575 6 1.020937
576 6 1.011512
577 6 1.010841
578 6 0.995335
579 6 1.020199
580 6 0.961610
581 6 1.016554
582 6 1.037206
583 6 0.998783
584 6 1.077205
585 6 1.041895
586 6 0.965297
587 6 1.070640
588 6 0.979912
589 6 0.992789
590 6 1.017845
591 6 0.991304
592 6 0.964295
593 6 0.970518
594 6 0.993749
595 6 0.993724
596 6 1.010213
597 6 1.001168
598 6 0.987367
599 6 0.981768
600 7 0.997370
601 7 1.005560
602 7 1.001664
603 7 1.005610
604 7 0.873890
605 7 1.090266
606 7 0.943358
607 7 0.977557
608 7 1.009290
609 7 0.992239
610 7 1.096571
611 7 0.994069
612 7 1.021387
613 7 0.995750
614 7 0.983268
615 7 0.963967
616 7 0.945411
617 7 0.897652
618 7 0.994107
619 7 0.991308
620 7 0.928638
621 7 0.973722
622 7 0.983924
623 7 1.090900
624 7 0.991406
625 7 1.019674
626 7 0.948481
627 7 0.989735
628 7 1.018116
629 7 1.015325
630 7 1.041200
631 7 0.982953
632 7 1.004237
633 7 1.033846
634 7 0.993847
635 7 1.066351
636 7 0.848587
637 7 1.113250
638 7 0.993315
639 7 1.012242
640 7 0.911886
641 7 0.971391
642 7 1.020606
643 7 0.994080
644 7 0.995497
645 7 0.976696
646 7 1.008776
647 7 0.981665
648 7 1.006628
649 7 0.961797
650 7 0.989632
651 7 1.022725
652 7 0.981073
653 7 1.043893
654 7 0.898060
655 7 0.993837
656 7 0.968332
657 7 1.017192
658 7 1.010097
659 7 1.007197
660 7 1.022470
661 7 0.991668
662 7 0.990552
663 7 0.979455
664 7 1.000078
665 7 0.980180
666 7 0.983223
667 7 0.971692
668 7 0.995197
669 7 1.006005
670 7 1.060274
671 7 1.000875
672 7 1.017735
673 7 1.019033
674 7 1.022489
675 7 0.985901
676 7 0.970436
677 7 0.968403
678 7 1.024399
679 7 1.068898
680 7 0.984562
681 7 0.971499
682 7 0.975800
683 7 1.031465
684 7 0.998232
685 7 0.985824
686 7 1.017029
687 7 0.968938
688 7 0.993036
689 7 1.026166
690 7 0.991954
691 7 0.960306
692 7 0.936970
693 7 0.841116
694 7 0.952997
695 7 0.986281
696 7 1.036884
697 7 1.035750
698 7 0.979085
699 7 1.008063
700 8 1.005409
701 8 0.986418
702 8 1.027649
703 8 1.041351
704 8 0.991780
705 8 1.043397
706 8 0.939668
707 8 0.972487
708 8 0.965709
709 8 1.022010
710 8 1.029662
711 8 0.984449
712 8 1.022354
713 8 0.968093
714 8 1.058436
715 8 1.043938
716 8 1.018872
717 8 0.992485
718 8 0.990251
719 8 0.991801
720 8 0.975052
721 8 0.980616
722 8 1.022500
723 8 0.970957
724 8 0.991577
725 8 1.018995
726 8 0.980053
727 8 0.969849
728 8 0.992082
729 8 1.003530
730 8 0.961445
731 8 0.996895
732 8 0.993679
733 8 1.025759
734 8 0.987323
735 8 0.975927
736 8 0.994743
737 8 0.982140
738 8 0.943131
739 8 0.951419
740 8 1.033065
741 8 0.984512
742 8 0.989756
743 8 1.005013
744 8 1.072296
745 8 1.051428
746 8 0.881906
747 8 0.990486
748 8 1.012935
749 8 1.035515
750 8 0.982967
751 8 0.971497
752 8 0.977597
753 8 0.953370
754 8 1.008332
755 8 1.031211
756 8 0.988621
757 8 0.996048
758 8 0.952511
759 8 1.009510
760 8 0.983220
761 8 0.998959
762 8 0.999716
763 8 0.981177
764 8 0.982985
765 8 0.995172
766 8 1.039370
767 8 1.007144
768 8 0.983827
769 8 0.922592
770 8 0.974762
771 8 0.924498
772 8 1.021161
773 8 1.055712
774 8 0.977089
775 8 0.996125
776 8 0.994797
777 8 1.048377
778 8 1.039734
779 8 0.992529
780 8 0.977058
781 8 1.001086
782 8 0.829591
783 8 0.786530
784 8 0.840555
785 8 0.906233
786 8 1.018749
787 8 0.988105
788 8 0.975942
789 8 0.773376
790 8 1.080363
791 8 1.038830
792 8 0.999612
793 8 1.018362
794 8 0.994107
795 8 0.987948
796 8 1.027156
797 8 1.001121
798 8 0.968052
799 8 0.966600
800 9 1.026339
801 9 0.871022
802 9 0.992123
803 9 1.008612
804 9 0.967525
805 9 1.014250
806 9 0.970907
807 9 0.979674
808 9 0.997522
809 9 0.995109
810 9 0.970508
811 9 1.001190
812 9 1.006821
813 9 1.000100
814 9 0.959976
815 9 1.013292
816 9 1.026744
817 9 0.958558
818 9 1.016992
819 9 0.981501
820 9 0.989006
821 9 0.992057
822 9 0.996627
823 9 0.983427
824 9 0.971355
825 9 1.026261
826 9 0.963923
827 9 0.988833
828 9 1.013743
829 9 0.997202
830 9 0.846840
831 9 1.081426
832 9 1.049217
833 9 0.978534
834 9 1.086433
835 9 0.756904
836 9 0.950327
837 9 0.956244
838 9 1.013184
839 9 1.033769
840 9 0.988667
841 9 1.006068
842 9 0.982535
843 9 0.981573
844 9 0.938651
845 9 0.887885
846 9 0.988543
847 9 1.019907
848 9 0.805492
849 9 1.027500
850 9 0.980969
851 9 1.016685
852 9 0.950334
853 9 0.943043
854 9 1.020147
855 9 0.940730
856 9 0.991388
857 9 0.937901
858 9 0.903205
859 9 0.975743
860 9 1.014754
861 9 1.016830
862 9 1.000343
863 9 0.931892
864 9 0.730804
865 9 0.987666
866 9 0.997446
867 9 0.992780
868 9 1.029670
869 9 0.998007
870 9 0.885286
871 9 1.000696
872 9 0.961550
873 9 1.001438
874 9 0.954004
875 9 0.982304
876 9 0.985595
877 9 0.887239
878 9 1.091737
879 9 1.028012
880 9 1.004285
881 9 0.944440
882 9 0.974246
883 9 0.995920
884 9 1.001756
885 9 0.973589
886 9 0.794462
887 9 0.992874
888 9 1.026001
889 9 0.991334
890 9 1.007268
891 9 1.021525
892 9 0.997668
893 9 0.993686
894 9 1.000090
895 9 0.991531
896 9 0.944053
897 9 0.992321
898 9 1.089810
899 9 1.009852
900 10 0.998540
901 10 1.028816
902 10 1.037840
903 10 1.008768
904 10 0.987318
905 10 0.982659
906 10 0.978213
907 10 1.002596
908 10 0.996444
909 10 1.028481
910 10 0.984189
911 10 0.978712
912 10 0.989499
913 10 1.004579
914 10 0.926338
915 10 0.981881
916 10 0.997050
917 10 0.987365
918 10 0.991716
919 10 0.966124
920 10 1.017072
921 10 0.981488
922 10 1.065960
923 10 0.962159
924 10 0.976722
925 10 1.007665
926 10 0.991527
927 10 0.988606
928 10 0.987650
929 10 0.999369
930 10 1.000572
931 10 0.992293
932 10 1.009374
933 10 0.997180
934 10 0.972514
935 10 0.974391
936 10 1.002301
937 10 1.006735
938 10 0.962379
939 10 1.021990
940 10 0.974819
941 10 0.983254
942 10 1.024126
943 10 0.720673
944 10 0.889186
945 10 0.976104
946 10 0.997190
947 10 0.998568
948 10 0.724898
949 10 0.975541
950 10 0.978690
951 10 1.027982
952 10 1.006267
953 10 0.995875
954 10 0.994041
955 10 1.018238
956 10 1.016588
957 10 0.992261
958 10 0.963152
959 10 0.995939
960 10 0.960607
961 10 0.918146
962 10 0.973357
963 10 1.029082
964 10 0.879429
965 10 0.825100
966 10 0.973639
967 10 1.028120
968 10 0.953526
969 10 1.016767
970 10 0.697764
971 10 0.993814
972 10 0.961872
973 10 0.704050
974 10 0.958837
975 10 1.003657
976 10 1.010591
977 10 1.027132
978 10 0.962933
979 10 1.019061
980 10 1.052351
981 10 0.993096
982 10 0.773484
983 10 0.792729
984 10 1.023593
985 10 0.875441
986 10 1.025380
987 10 0.953200
988 10 1.015020
989 10 0.990167
990 10 1.001070
991 10 0.989988
992 10 0.986379
993 10 1.036752
994 10 0.993855
995 10 0.992085
996 10 0.948578
997 10 1.010774
998 10 1.021834
999 10 0.988026
1000 11 1.021581
1001 11 0.952256
1002 11 0.971216
1003 11 1.000276
1004 11 0.981539
1005 11 0.979745
1006 11 0.889839
1007 11 0.993033
1008 11 0.901174
1009 11 0.894853
1010 11 0.989966
1011 11 0.923475
1012 11 0.977299
1013 11 1.017140
1014 11 0.995765
1015 11 0.966505
1016 11 0.993416
1017 11 0.887622
1018 11 1.007495
1019 11 0.920239
1020 11 0.839429
1021 11 0.910579
1022 11 1.046291
1023 11 0.961132
1024 11 0.919089
1025 11 0.930537
1026 11 1.005685
1027 11 1.008788
1028 11 1.041934
1029 11 1.027152
1030 11 0.943524
1031 11 0.999814
1032 11 1.013041
1033 11 1.018224
1034 11 0.706843
1035 11 1.003852
1036 11 0.965692
1037 11 0.683690
1038 11 0.969835
1039 11 0.981121
1040 11 1.029763
1041 11 0.982142
1042 11 1.001012
1043 11 0.974286
1044 11 0.880462
1045 11 0.992371
1046 11 0.959839
1047 11 1.026465
1048 11 0.927638
1049 11 0.995413
1050 11 0.714901
1051 11 0.930436
1052 11 0.997976
1053 11 0.844009
1054 11 0.987305
1055 11 1.020740
1056 11 1.061637
1057 11 0.990140
1058 11 1.008766
1059 11 0.988343
1060 11 0.975195
1061 11 0.970200
1062 11 1.004531
1063 11 0.985570
1064 11 1.015609
1065 11 1.032190
1066 11 0.966791
1067 11 1.008568
1068 11 1.008603
1069 11 0.870389
1070 11 0.684779
1071 11 0.993235
1072 11 0.947065
1073 11 0.876840
1074 11 0.998342
1075 11 0.990215
1076 11 1.004223
1077 11 0.983751
1078 11 0.994095
1079 11 0.986170
1080 11 0.987622
1081 11 0.709921
1082 11 0.983922
1083 11 0.971202
1084 11 1.007023
1085 11 0.991116
1086 11 0.980342
1087 11 0.988960
1088 11 1.058704
1089 11 1.002297
1090 11 0.979806
1091 11 0.961037
1092 11 1.031459
1093 11 0.995983
1094 11 1.059196
1095 11 0.992846
1096 11 0.965383
1097 11 0.992535
1098 11 0.993824
1099 11 0.987567
1100 12 0.954124
1101 12 1.043966
1102 12 0.988416
1103 12 0.824128
1104 12 0.973371
1105 12 0.995277
1106 12 0.927906
1107 12 1.015727
1108 12 1.000596
1109 12 1.004203
1110 12 0.933159
1111 12 0.922205
1112 12 1.002467
1113 12 1.024645
1114 12 1.002509
1115 12 1.005999
1116 12 0.673358
1117 12 0.931505
1118 12 0.997494
1119 12 1.022927
1120 12 0.865759
1121 12 1.011524
1122 12 0.957910
1123 12 0.986039
1124 12 0.694764
1125 12 1.011610
1126 12 0.877218
1127 12 0.988460
1128 12 1.035511
1129 12 0.950143
1130 12 0.997925
1131 12 0.976904
1132 12 0.949863
1133 12 1.030079
1134 12 0.932103
1135 12 0.903244
1136 12 0.953891
1137 12 0.695639
1138 12 0.987670
1139 12 1.041016
1140 12 1.015579
1141 12 0.979998
1142 12 0.991303
1143 12 0.983185
1144 12 1.008223
1145 12 0.986360
1146 12 0.985946
1147 12 0.992793
1148 12 0.993958
1149 12 0.984175
1150 12 1.009539
1151 12 1.017129
1152 12 0.736269
1153 12 0.887962
1154 12 0.998881
1155 12 0.921489
1156 12 0.972982
1157 12 1.026562
1158 12 0.641828
1159 12 0.979952
1160 12 1.026296
1161 12 0.951576
1162 12 0.997693
1163 12 1.008520
1164 12 0.973845
1165 12 0.955695
1166 12 0.976647
1167 12 1.016155
1168 12 1.022958
1169 12 0.981351
1170 12 0.998536
1171 12 1.029843
1172 12 0.998237
1173 12 0.890454
1174 12 1.008112
1175 12 0.932053
1176 12 0.920018
1177 12 0.972721
1178 12 0.933302
1179 12 0.993290
1180 12 0.887249
1181 12 0.886603
1182 12 1.030981
1183 12 1.005787
1184 12 1.019329
1185 12 0.977783
1186 12 0.840742
1187 12 0.987725
1188 12 0.959817
1189 12 0.796370
1190 12 0.971685
1191 12 1.025678
1192 12 0.931262
1193 12 0.976275
1194 12 0.993088
1195 12 0.986220
1196 12 0.999532
1197 12 1.025095
1198 12 1.000590
1199 12 0.999852
1200 13 0.642792
1201 13 0.863558
1202 13 0.989104
1203 13 0.975711
1204 13 1.033447
1205 13 0.971407
1206 13 0.925084
1207 13 1.015270
1208 13 1.030255
1209 13 1.007392
1210 13 0.986561
1211 13 0.905642
1212 13 0.982421
1213 13 0.873594
1214 13 0.969788
1215 13 0.955116
1216 13 1.075766
1217 13 1.005388
1218 13 0.920145
1219 13 0.953666
1220 13 0.947532
1221 13 0.993055
1222 13 1.016503
1223 13 1.013624
1224 13 1.056213
1225 13 0.809382
1226 13 0.957977
1227 13 1.002804
1228 13 1.021273
1229 13 1.001242
1230 13 0.995164
1231 13 0.606343
1232 13 1.021216
1233 13 1.006841
1234 13 0.891651
1235 13 0.962892
1236 13 0.990749
1237 13 1.143755
1238 13 0.985235
1239 13 1.032058
1240 13 1.087391
1241 13 0.883855
1242 13 1.024825
1243 13 0.996945
1244 13 0.915625
1245 13 0.628217
1246 13 0.960410
1247 13 0.985788
1248 13 1.072145
1249 13 0.667603
1250 13 1.080377
1251 13 1.044024
1252 13 0.849053
1253 13 0.933854
1254 13 1.023106
1255 13 0.829777
1256 13 0.982311
1257 13 1.030391
1258 13 0.944310
1259 13 1.016256
1260 13 1.024454
1261 13 0.978243
1262 13 1.013911
1263 13 0.972588
1264 13 1.034140
1265 13 0.887967
1266 13 0.992746
1267 13 0.978265
1268 13 0.970646
1269 13 0.990840
1270 13 1.026758
1271 13 0.983136
1272 13 1.025913
1273 13 0.991062
1274 13 0.977637
1275 13 0.992341
1276 13 0.993801
1277 13 1.013792
1278 13 1.004034
1279 13 0.958519
1280 13 0.987627
1281 13 0.950472
1282 13 1.008445
1283 13 1.008428
1284 13 0.970433
1285 13 0.995243
1286 13 0.965458
1287 13 0.995972
1288 13 0.975228
1289 13 0.985874
1290 13 0.984662
1291 13 0.999915
1292 13 0.998607
1293 13 0.978742
1294 13 1.018098
1295 13 1.013330
1296 13 0.994817
1297 13 0.992216
1298 13 0.963486
1299 13 0.966670
1300 14 1.021614
1301 14 1.017163
1302 14 0.985441
1303 14 1.003934
1304 14 0.973722
1305 14 0.986899
1306 14 1.001758
1307 14 0.993577
1308 14 1.031253
1309 14 1.031985
1310 14 1.007379
1311 14 0.935753
1312 14 0.994054
1313 14 0.978159
1314 14 0.916515
1315 14 0.992153
1316 14 0.986868
1317 14 0.995945
1318 14 1.008344
1319 14 0.887500
1320 14 0.908677
1321 14 0.979630
1322 14 0.735853
1323 14 0.982683
1324 14 0.725136
1325 14 0.860566
1326 14 0.864469
1327 14 0.861785
1328 14 0.881688
1329 14 1.023185
1330 14 0.993913
1331 14 0.984273
1332 14 1.028483
1333 14 0.993686
1334 14 0.998017
1335 14 0.958032
1336 14 0.982078
1337 14 0.988680
1338 14 0.965356
1339 14 1.026990
1340 14 0.990291
1341 14 0.963368
1342 14 0.974266
1343 14 1.013316
1344 14 0.978981
1345 14 0.981591
1346 14 1.002260
1347 14 0.974380
1348 14 0.978214
1349 14 0.985591
1350 14 1.009813
1351 14 0.951276
1352 14 0.972612
1353 14 0.989802
1354 14 0.988079
1355 14 0.993473
1356 14 1.058153
1357 14 0.969120
1358 14 0.995341
1359 14 1.027320
1360 14 0.995992
1361 14 0.981503
1362 14 0.987252
1363 14 0.902233
1364 14 0.997555
1365 14 1.007066
1366 14 0.907798
1367 14 1.024634
1368 14 0.999059
1369 14 0.991304
1370 14 0.976876
1371 14 0.993384
1372 14 0.939458
1373 14 0.959858
1374 14 0.999688
1375 14 0.893869
1376 14 1.093410
1377 14 0.943299
1378 14 0.969937
1379 14 0.975894
1380 14 0.990773
1381 14 1.018040
1382 14 0.986502
1383 14 1.000018
1384 14 0.996429
1385 14 1.017217
1386 14 0.976849
1387 14 0.989332
1388 14 1.020018
1389 14 0.985669
1390 14 0.991326
1391 14 1.001766
1392 14 0.781627
1393 14 1.016250
1394 14 0.964342
1395 14 0.924162
1396 14 1.009036
1397 14 0.670237
1398 14 0.996668
1399 14 1.007040
1400 15 1.026004
1401 15 0.915427
1402 15 0.993995
1403 15 0.954661
1404 15 0.974052
1405 15 1.008319
1406 15 1.007314
1407 15 0.991653
1408 15 0.970838
1409 15 0.915126
1410 15 0.923708
1411 15 1.014817
1412 15 1.005714
1413 15 1.015960
1414 15 0.932755
1415 15 1.048353
1416 15 0.964740
1417 15 0.891960
1418 15 0.659407
1419 15 0.868475
1420 15 1.028982
1421 15 0.914909
1422 15 0.986151
1423 15 0.993716
1424 15 0.953810
1425 15 0.982623
1426 15 0.999207
1427 15 0.992806
1428 15 0.922386
1429 15 1.025347
1430 15 0.993519
1431 15 1.010021
1432 15 0.990355
1433 15 0.629459
1434 15 0.997252
1435 15 1.016881
1436 15 0.985458
1437 15 0.873663
1438 15 0.965979
1439 15 0.853414
1440 15 1.003195
1441 15 0.836433
1442 15 1.023375
1443 15 0.991159
1444 15 0.989362
1445 15 0.985038
1446 15 0.814478
1447 15 1.015753
1448 15 1.007961
1449 15 0.990494
1450 15 1.009273
1451 15 0.988515
1452 15 0.890263
1453 15 0.985368
1454 15 0.999069
1455 15 1.027634
1456 15 0.989668
1457 15 0.875666
1458 15 0.869133
1459 15 1.002831
1460 15 1.056682
1461 15 0.958595
1462 15 0.988254
1463 15 0.627550
1464 15 0.996303
1465 15 1.026189
1466 15 0.948307
1467 15 1.012208
1468 15 0.998176
1469 15 1.009342
1470 15 1.034442
1471 15 1.017368
1472 15 0.966397
1473 15 0.982042
1474 15 0.986463
1475 15 1.012710
1476 15 0.965096
1477 15 0.951018
1478 15 1.032981
1479 15 1.033896
1480 15 0.987176
1481 15 0.943364
1482 15 1.007027
1483 15 0.962649
1484 15 0.973816
1485 15 0.957177
1486 15 0.996927
1487 15 0.982088
1488 15 0.955054
1489 15 1.014114
1490 15 0.988765
1491 15 1.007699
1492 15 0.980213
1493 15 0.978350
1494 15 0.999801
1495 15 0.949127
1496 15 0.950082
1497 15 0.989728
1498 15 0.993075
1499 15 0.971667
1500 16 1.022793
1501 16 0.993162
1502 16 1.016299
1503 16 0.937775
1504 16 0.976637
1505 16 1.040491
1506 16 0.623798
1507 16 0.833810
1508 16 0.890617
1509 16 0.998444
1510 16 0.981221
1511 16 0.865110
1512 16 1.026374
1513 16 0.967047
1514 16 0.834186
1515 16 1.026887
1516 16 0.994792
1517 16 1.033894
1518 16 0.988523
1519 16 1.017096
1520 16 0.995875
1521 16 1.011682
1522 16 0.993618
1523 16 0.992180
1524 16 0.989909
1525 16 0.985488
1526 16 0.945938
1527 16 0.986811
1528 16 1.080949
1529 16 1.005953
1530 16 0.971904
1531 16 0.997284
1532 16 0.768650
1533 16 0.631771
1534 16 0.970146
1535 16 0.992507
1536 16 1.008274
1537 16 1.012393
1538 16 0.764519
1539 16 0.957269
1540 16 1.035053
1541 16 0.994629
1542 16 0.981182
1543 16 0.957387
1544 16 0.996173
1545 16 0.997687
1546 16 1.004960
1547 16 0.977529
1548 16 0.947700
1549 16 1.006980
1550 16 0.948918
1551 16 0.968835
1552 16 0.811717
1553 16 0.899166
1554 16 1.061166
1555 16 0.985423
1556 16 0.966639
1557 16 0.766396
1558 16 0.980264
1559 16 0.996324
1560 16 1.053869
1561 16 0.987677
1562 16 0.902890
1563 16 0.998218
1564 16 0.954482
1565 16 1.032542
1566 16 0.981991
1567 16 1.026113
1568 16 1.031534
1569 16 0.979991
1570 16 0.985217
1571 16 1.027153
1572 16 0.971831
1573 16 1.002500
1574 16 0.808661
1575 16 0.988334
1576 16 1.001980
1577 16 0.827118
1578 16 0.978300
1579 16 1.005734
1580 16 1.023196
1581 16 1.004497
1582 16 0.954805
1583 16 0.993143
1584 16 0.995798
1585 16 0.958632
1586 16 0.886319
1587 16 1.008137
1588 16 1.005454
1589 16 0.969169
1590 16 0.991664
1591 16 0.873124
1592 16 0.998270
1593 16 0.932443
1594 16 0.947332
1595 16 0.984248
1596 16 1.027339
1597 16 0.930722
1598 16 0.921849
1599 16 1.005232
1600 17 0.655355
1601 17 0.932721
1602 17 0.951595
1603 17 0.962723
1604 17 0.961775
1605 17 1.068001
1606 17 1.031882
1607 17 0.897413
1608 17 1.005234
1609 17 0.997684
1610 17 0.967363
1611 17 0.979914
1612 17 0.980956
1613 17 1.034310
1614 17 1.009641
1615 17 0.961039
1616 17 0.973521
1617 17 1.011061
1618 17 0.997389
1619 17 1.002154
1620 17 0.993341
1621 17 0.962781
1622 17 1.027022
1623 17 0.942556
1624 17 1.023473
1625 17 0.994819
1626 17 0.997689
1627 17 1.026325
1628 17 1.014268
1629 17 0.987845
1630 17 0.953964
1631 17 0.987743
1632 17 0.973629
1633 17 0.976742
1634 17 1.000298
1635 17 1.034863
1636 17 0.910571
1637 17 0.849115
1638 17 0.945652
1639 17 1.033023
1640 17 0.969834
1641 17 0.979824
1642 17 0.921923
1643 17 0.994154
1644 17 1.016231
1645 17 0.997272
1646 17 0.949073
1647 17 0.978965
1648 17 1.021588
1649 17 0.969868
1650 17 0.842344
1651 17 1.004561
1652 17 0.989487
1653 17 0.982516
1654 17 0.992834
1655 17 0.908029
1656 17 0.715629
1657 17 0.889822
1658 17 0.874207
1659 17 0.979903
1660 17 1.015345
1661 17 0.996929
1662 17 0.988007
1663 17 0.946235
1664 17 0.954866
1665 17 0.714883
1666 17 0.658808
1667 17 0.976959
1668 17 0.974757
1669 17 1.006090
1670 17 0.725074
1671 17 0.944018
1672 17 0.829453
1673 17 0.985882
1674 17 0.916467
1675 17 1.059023
1676 17 0.985614
1677 17 0.999025
1678 17 1.028043
1679 17 0.999477
1680 17 1.028938
1681 17 0.993202
1682 17 1.024472
1683 17 1.033135
1684 17 0.991470
1685 17 0.965852
1686 17 1.004220
1687 17 0.990991
1688 17 0.978475
1689 17 1.012910
1690 17 0.980402
1691 17 1.012668
1692 17 1.001096
1693 17 0.961732
1694 17 0.846926
1695 17 0.994292
1696 17 0.896099
1697 17 0.995086
1698 17 0.979809
1699 17 1.005218
1700 18 1.057502
1701 18 0.984282
1702 18 0.967312
1703 18 0.946532
1704 18 0.901525
1705 18 1.015071
1706 18 0.944970
1707 18 1.033530
1708 18 0.958946
1709 18 0.994148
1710 18 0.995141
1711 18 0.977397
1712 18 0.996196
1713 18 0.969297
1714 18 0.988067
1715 18 1.026693
1716 18 0.977056
1717 18 1.010057
1718 18 1.024804
1719 18 1.023864
1720 18 0.993708
1721 18 0.978189
1722 18 0.994487
1723 18 0.981733
1724 18 0.984352
1725 18 0.973547
1726 18 0.985699
1727 18 0.972623
1728 18 1.029480
1729 18 0.989182
1730 18 0.955925
1731 18 0.979515
1732 18 0.995880
1733 18 0.987800
1734 18 1.009788
1735 18 0.967831
1736 18 0.961418
1737 18 0.988090
1738 18 0.938831
1739 18 0.935098
1740 18 1.022607
1741 18 0.987478
1742 18 0.961743
1743 18 0.990168
1744 18 0.931479
1745 18 1.001615
1746 18 0.980205
1747 18 0.919297
1748 18 0.998608
1749 18 1.007714
1750 18 1.033628
1751 18 1.032306
1752 18 0.983048
1753 18 0.998335
1754 18 0.974095
1755 18 0.998194
1756 18 0.962192
1757 18 1.016435
1758 18 0.984428
1759 18 0.984918
1760 18 1.033308
1761 18 0.717728
1762 18 0.970335
1763 18 0.886061
1764 18 0.941305
1765 18 1.029834
1766 18 0.918359
1767 18 0.881862
1768 18 1.004025
1769 18 0.968090
1770 18 1.008615
1771 18 0.998530
1772 18 0.988578
1773 18 0.865058
1774 18 0.984865
1775 18 1.021307
1776 18 1.029391
1777 18 0.976256
1778 18 0.925204
1779 18 1.013146
1780 18 0.982576
1781 18 0.994813
1782 18 0.974625
1783 18 0.992290
1784 18 0.980033
1785 18 0.973983
1786 18 0.994345
1787 18 0.917271
1788 18 0.953476
1789 18 0.985780
1790 18 0.980919
1791 18 0.907924
1792 18 0.909625
1793 18 0.803476
1794 18 0.963283
1795 18 0.823572
1796 18 0.614163
1797 18 0.884724
1798 18 0.997475
1799 18 1.004656
1800 19 1.012747
1801 19 0.990174
1802 19 0.993843
1803 19 0.951724
1804 19 0.969451
1805 19 0.892023
1806 19 0.918821
1807 19 0.980869
1808 19 0.969413
1809 19 0.973693
1810 19 0.999760
1811 19 0.894712
1812 19 0.993184
1813 19 0.778937
1814 19 1.012856
1815 19 1.016311
1816 19 1.014613
1817 19 0.956744
1818 19 0.940152
1819 19 0.996263
1820 19 0.981375
1821 19 1.033704
1822 19 1.000295
1823 19 0.962540
1824 19 0.902495
1825 19 0.939040
1826 19 0.904970
1827 19 1.006746
1828 19 0.901812
1829 19 0.978864
1830 19 0.966467
1831 19 1.025793
1832 19 0.903143
1833 19 0.908997
1834 19 1.071478
1835 19 0.664317
1836 19 1.007471
1837 19 0.922979
1838 19 1.002970
1839 19 0.988083
1840 19 0.961924
1841 19 0.977023
1842 19 0.989313
1843 19 1.021117
1844 19 0.641592
1845 19 0.997786
1846 19 0.980638
1847 19 0.993738
1848 19 0.992949
1849 19 0.968122
1850 19 0.997022
1851 19 0.605140
1852 19 0.997403
1853 19 1.003551
1854 19 0.842287
1855 19 1.021690
1856 19 1.031213
1857 19 0.991438
1858 19 0.967859
1859 19 1.005636
1860 19 0.977655
1861 19 0.992491
1862 19 0.981910
1863 19 0.943695
1864 19 0.978712
1865 19 0.965265
1866 19 0.995166
1867 19 0.995233
1868 19 1.011802
1869 19 1.029922
1870 19 0.929880
1871 19 1.009761
1872 19 0.990352
1873 19 0.978499
1874 19 1.031668
1875 19 0.983759
1876 19 0.980436
1877 19 0.975386
1878 19 1.015804
1879 19 0.944004
1880 19 1.019289
1881 19 0.974578
1882 19 0.961214
1883 19 0.977385
1884 19 0.985332
1885 19 0.998017
1886 19 1.017629
1887 19 1.026882
1888 19 0.999012
1889 19 0.896458
1890 19 1.013565
1891 19 0.902186
1892 19 0.979213
1893 19 0.994910
1894 19 1.022344
1895 19 0.997270
1896 19 0.990661
1897 19 0.994879
1898 19 0.885022
1899 19 0.737261
1900 20 1.006635
1901 20 0.953079
1902 20 0.994131
1903 20 0.900709
1904 20 0.973271
1905 20 0.978682
1906 20 1.038004
1907 20 0.790302
1908 20 1.040559
1909 20 1.028073
1910 20 1.022131
1911 20 0.985181
1912 20 1.025345
1913 20 0.989671
1914 20 1.003741
1915 20 0.979920
1916 20 1.002983
1917 20 0.988508
1918 20 0.951272
1919 20 0.960979
1920 20 0.961951
1921 20 0.991821
1922 20 0.993252
1923 20 1.015141
1924 20 1.020571
1925 20 0.993619
1926 20 1.003257
1927 20 0.979246
1928 20 1.016121
1929 20 0.992540
1930 20 1.014597
1931 20 0.986677
1932 20 1.010700
1933 20 0.992612
1934 20 0.965182
1935 20 0.979629
1936 20 0.956876
1937 20 0.866087
1938 20 1.047936
1939 20 0.982449
1940 20 0.978173
1941 20 0.984475
1942 20 0.889375
1943 20 0.994500
1944 20 0.882485
1945 20 0.717529
1946 20 0.942134
1947 20 0.962164
1948 20 1.053214
1949 20 1.010432
1950 20 0.956719
1951 20 0.958264
1952 20 1.012169
1953 20 0.923076
1954 20 0.946379
1955 20 0.960751
1956 20 0.994068
1957 20 0.911939
1958 20 0.905382
1959 20 0.872022
1960 20 1.028859
1961 20 0.862234
1962 20 0.976648
1963 20 0.856261
1964 20 0.993860
1965 20 1.001379
1966 20 0.996301
1967 20 0.895150
1968 20 0.865987
1969 20 0.980823
1970 20 0.992118
1971 20 0.958839
1972 20 0.996946
1973 20 0.903493
1974 20 0.997380
1975 20 0.979012
1976 20 0.966571
1977 20 0.985444
1978 20 0.975887
1979 20 0.934734
1980 20 0.982635
1981 20 1.032710
1982 20 0.957238
1983 20 1.007685
1984 20 0.991090
1985 20 0.951414
1986 20 0.967062
1987 20 0.698567
1988 20 0.969193
1989 20 1.113782
1990 20 0.967085
1991 20 0.993676
1992 20 1.013194
1993 20 0.913475
1994 20 1.117286
1995 20 1.079986
1996 20 1.068304
1997 20 1.028909
1998 20 0.989606
1999 20 0.930309
2000 21 0.886398
2001 21 1.026203
2002 21 0.992984
2003 21 0.941078
2004 21 1.021906
2005 21 0.954305
2006 21 0.988386
2007 21 0.950588
2008 21 0.989264
2009 21 0.895358
2010 21 1.034029
2011 21 0.971101
2012 21 0.968547
2013 21 0.998460
2014 21 0.965535
2015 21 0.961342
2016 21 0.687736
2017 21 1.003049
2018 21 1.007154
2019 21 0.990148
2020 21 0.978403
2021 21 1.005045
2022 21 1.009831
2023 21 0.923813
2024 21 0.992672
2025 21 0.972423
2026 21 0.982389
2027 21 1.018889
2028 21 0.929028
2029 21 0.972437
2030 21 0.973302
2031 21 1.026140
2032 21 1.012370
2033 21 0.980285
2034 21 0.966227
2035 21 0.983057
2036 21 0.958775
2037 21 0.738789
2038 21 0.980656
2039 21 0.815891
2040 21 0.980451
2041 21 0.992398
2042 21 0.975103
2043 21 0.957185
2044 21 0.953651
2045 21 0.957612
2046 21 1.014629
2047 21 0.921413
2048 21 0.987765
2049 21 0.994836
2050 21 0.984353
2051 21 0.697096
2052 21 1.045975
2053 21 0.949520
2054 21 1.037574
2055 21 1.002566
2056 21 1.005767
2057 21 0.989127
2058 21 0.596399
2059 21 1.054798
2060 21 0.926024
2061 21 0.603779
2062 21 0.933337
2063 21 1.004119
2064 21 0.952435
2065 21 1.013323
2066 21 1.032417
2067 21 0.986910
2068 21 0.976541
2069 21 0.961753
2070 21 0.972961
2071 21 1.030696
2072 21 1.016120
2073 21 0.996435
2074 21 0.968536
2075 21 0.969668
2076 21 1.015651
2077 21 0.994927
2078 21 0.975914
2079 21 0.979731
2080 21 0.941492
2081 21 1.030505
2082 21 0.978340
2083 21 1.006901
2084 21 0.786551
2085 21 0.933189
2086 21 0.928282
2087 21 0.967430
2088 21 0.991734
2089 21 0.957627
2090 21 0.716148
2091 21 0.985832
2092 21 1.014495
2093 21 1.017753
2094 21 0.995354
2095 21 0.993637
2096 21 0.988712
2097 21 1.002797
2098 21 0.941485
2099 21 0.998262
2100 22 1.032594
2101 22 0.982066
2102 22 0.995433
2103 22 1.011907
2104 22 0.801206
2105 22 0.940628
2106 22 0.983374
2107 22 1.002065
2108 22 1.021231
2109 22 0.962334
2110 22 1.034267
2111 22 1.037457
2112 22 0.678115
2113 22 1.111191
2114 22 0.552509
2115 22 0.975057
2116 22 0.838853
2117 22 0.886109
2118 22 0.868999
2119 22 0.965121
2120 22 1.000919
2121 22 0.943030
2122 22 0.846079
2123 22 0.763702
2124 22 0.864493
2125 22 0.930107
2126 22 0.987780
2127 22 0.898169
2128 22 1.063616
2129 22 0.937611
2130 22 0.996828
2131 22 1.026281
2132 22 0.974927
2133 22 0.977863
2134 22 0.984067
2135 22 0.976613
2136 22 1.033466
2137 22 0.983782
2138 22 0.979166
2139 22 0.970049
2140 22 0.934058
2141 22 0.773383
2142 22 0.972182
2143 22 0.995459
2144 22 0.992287
2145 22 0.993941
2146 22 0.996198
2147 22 0.991275
2148 22 1.013664
2149 22 0.994729
2150 22 1.020371
2151 22 0.989939
2152 22 0.975548
2153 22 0.937353
2154 22 0.958674
2155 22 0.756584
2156 22 1.005087
2157 22 0.890016
2158 22 0.978423
2159 22 0.992362
2160 22 0.985573
2161 22 0.984362
2162 22 0.908735
2163 22 0.879796
2164 22 1.014097
2165 22 1.032187
2166 22 1.005339
2167 22 0.941323
2168 22 1.001018
2169 22 1.016815
2170 22 0.992750
2171 22 0.973726
2172 22 1.019047
2173 22 0.979456
2174 22 1.023526
2175 22 0.962799
2176 22 0.987046
2177 22 0.607675
2178 22 0.990532
2179 22 0.962238
2180 22 1.041152
2181 22 0.958769
2182 22 0.956659
2183 22 1.031305
2184 22 1.028350
2185 22 0.980919
2186 22 1.006513
2187 22 0.979460
2188 22 0.980024
2189 22 1.001684
2190 22 0.999566
2191 22 0.992978
2192 22 0.955454
2193 22 0.958401
2194 22 0.870016
2195 22 0.995945
2196 22 0.847160
2197 22 0.967961
2198 22 1.004470
2199 22 0.985177
2200 23 0.935624
2201 23 1.026725
2202 23 1.031844
2203 23 0.936743
2204 23 1.030358
2205 23 0.974047
2206 23 0.984206
2207 23 0.701888
2208 23 0.989402
2209 23 0.955402
2210 23 0.991560
2211 23 0.611693
2212 23 0.959378
2213 23 0.966569
2214 23 0.851618
2215 23 0.843281
2216 23 1.041063
2217 23 0.882832
2218 23 1.028533
2219 23 0.949873
2220 23 0.892981
2221 23 1.004219
2222 23 1.017492
2223 23 0.982933
2224 23 0.989287
2225 23 0.966398
2226 23 1.000333
2227 23 0.997785
2228 23 1.012388
2229 23 0.680034
2230 23 0.952360
2231 23 1.015149
2232 23 1.031397
2233 23 0.972154
2234 23 0.994809
2235 23 0.984354
2236 23 0.933522
2237 23 0.930463
2238 23 0.956165
2239 23 1.019731
2240 23 0.905218
2241 23 1.017821
2242 23 0.951333
2243 23 1.005044
2244 23 0.923272
2245 23 0.971868
2246 23 1.038957
2247 23 0.975375
2248 23 0.988291
2249 23 0.572839
2250 23 0.881182
2251 23 0.919362
2252 23 0.936617
2253 23 0.958686
2254 23 1.024073
2255 23 0.950447
2256 23 0.996153
2257 23 0.844820
2258 23 0.917085
2259 23 1.031482
2260 23 0.977703
2261 23 0.982245
2262 23 0.994776
2263 23 0.982069
2264 23 0.941458
2265 23 0.971406
2266 23 1.025997
2267 23 0.973336
2268 23 0.854723
2269 23 1.003636
2270 23 0.977459
2271 23 0.995500
2272 23 0.950173
2273 23 0.955541
2274 23 0.984954
2275 23 0.768450
2276 23 0.998969
2277 23 1.012884
2278 23 0.984290
2279 23 1.005308
2280 23 0.959878
2281 23 0.863057
2282 23 1.004651
2283 23 0.960662
2284 23 1.019190
2285 23 0.991009
2286 23 0.992168
2287 23 1.001256
2288 23 1.027777
2289 23 0.950195
2290 23 0.993262
2291 23 0.988974
2292 23 0.964862
2293 23 0.972281
2294 23 0.988733
2295 23 0.963256
2296 23 0.984839
2297 23 0.861836
2298 23 1.004829
2299 23 0.986083
