# Batch convergence for: model=snn-ae encoding=poisson architecture=dense v_th=0.5 alpha=0.9 run=2
batch_num epoch batch_loss
0 1 0.132812
1 1 0.309721
2 1 0.339037
3 1 0.340885
4 1 1.017232
5 1 0.173705
6 1 0.472298
7 1 0.308997
8 1 0.210024
9 1 0.151522
10 1 0.262957
11 1 0.315202
12 1 0.281258
13 1 0.246741
14 1 0.249469
15 1 0.191770
16 1 0.238697
17 1 0.374760
18 1 0.215596
19 1 0.139965
20 1 0.202042
21 1 0.031032
22 1 0.152067
23 1 0.302015
24 1 0.092718
25 1 0.489029
26 1 0.200896
27 1 0.186016
28 1 0.280497
29 1 0.262818
30 1 0.284099
31 1 0.218153
32 1 0.420614
33 1 0.205792
34 1 0.168025
35 1 0.168989
36 1 0.157652
37 1 0.326607
38 1 0.082369
39 1 0.239938
40 1 0.236044
41 1 0.145312
42 1 0.080081
43 1 0.114854
44 1 0.192479
45 1 0.148538
46 1 0.167068
47 1 0.306366
48 1 0.219115
49 1 0.252781
50 1 0.099043
51 1 0.351032
52 1 0.159193
53 1 0.030472
54 1 1.041267
55 1 0.227459
56 1 0.252904
57 1 0.205481
58 1 0.128690
59 1 0.189659
60 1 0.147482
61 1 0.236136
62 1 0.268969
63 1 0.180881
64 1 0.261471
65 1 0.098397
66 1 0.019214
67 1 0.662500
68 1 0.161727
69 1 0.088921
70 1 0.193123
71 1 0.026478
72 1 0.026514
73 1 0.209781
74 1 0.197211
75 1 0.189966
76 1 0.141910
77 1 0.180429
78 1 0.123543
79 1 0.137979
80 1 0.905836
81 1 0.138399
82 1 0.257184
83 1 0.255052
84 1 0.223544
85 1 0.281488
86 1 0.123037
87 1 0.206210
88 1 0.226726
89 1 0.153030
90 1 0.131274
91 1 0.246368
92 1 0.059681
93 1 0.149525
94 1 0.115047
95 1 0.251487
96 1 0.111863
97 1 0.157395
98 1 0.280785
99 1 0.163044
100 2 0.133341
101 2 0.149245
102 2 0.100195
103 2 0.133245
104 2 0.169706
105 2 0.227545
106 2 0.170980
107 2 0.139389
108 2 0.131803
109 2 0.161108
110 2 0.162118
111 2 0.026404
112 2 0.165553
113 2 0.915151
114 2 0.145676
115 2 0.204799
116 2 0.077002
117 2 0.092431
118 2 0.090361
119 2 0.112742
120 2 0.133971
121 2 0.135876
122 2 0.061551
123 2 0.182422
124 2 0.113884
125 2 0.174680
126 2 0.295745
127 2 0.174603
128 2 0.200797
129 2 0.142336
130 2 0.226879
131 2 0.133987
132 2 0.202572
133 2 0.167390
134 2 0.190528
135 2 0.124731
136 2 0.157715
137 2 0.117967
138 2 0.342455
139 2 0.235242
140 2 0.083389
141 2 0.368655
142 2 0.262774
143 2 0.118006
144 2 0.137508
145 2 0.156941
146 2 0.220458
147 2 0.260363
148 2 0.152537
149 2 0.179299
150 2 0.033735
151 2 0.177885
152 2 0.177495
153 2 0.112491
154 2 0.161813
155 2 0.019564
156 2 0.641942
157 2 0.130525
158 2 0.155431
159 2 0.126566
160 2 0.200936
161 2 0.171189
162 2 0.139473
163 2 0.270299
164 2 0.087756
165 2 0.170699
166 2 0.052397
167 2 0.108622
168 2 0.304166
169 2 0.208133
170 2 0.134031
171 2 0.559016
172 2 0.199692
173 2 0.182317
174 2 0.114873
175 2 0.253780
176 2 0.175823
177 2 0.029871
178 2 0.160913
179 2 0.156467
180 2 0.264566
181 2 0.135173
182 2 0.202458
183 2 0.254553
184 2 0.236959
185 2 0.096350
186 2 0.202904
187 2 0.170750
188 2 0.197840
189 2 0.293095
190 2 0.179052
191 2 0.128495
192 2 0.120077
193 2 0.192775
194 2 0.816734
195 2 0.157406
196 2 0.194369
197 2 0.092491
198 2 0.121343
199 2 0.161669
200 3 0.297744
201 3 0.215070
202 3 0.082766
203 3 0.199633
204 3 0.051818
205 3 0.188888
206 3 0.138677
207 3 0.027058
208 3 0.851359
209 3 0.120231
210 3 0.134944
211 3 0.096587
212 3 0.175507
213 3 0.270069
214 3 0.181413
215 3 0.127747
216 3 0.285086
217 3 0.163280
218 3 0.702415
219 3 0.026751
220 3 0.158657
221 3 0.143863
222 3 0.048224
223 3 0.164295
224 3 0.245475
225 3 0.104673
226 3 0.135271
227 3 0.173907
228 3 0.144733
229 3 0.034016
230 3 0.176214
231 3 0.027071
232 3 0.127208
233 3 0.219873
234 3 0.143579
235 3 0.165479
236 3 0.117478
237 3 0.238940
238 3 0.167610
239 3 0.305970
240 3 0.174827
241 3 0.268770
242 3 0.104084
243 3 0.202260
244 3 0.213996
245 3 0.157085
246 3 0.116596
247 3 0.133391
248 3 0.167129
249 3 0.109585
250 3 0.152969
251 3 0.192846
252 3 0.470880
253 3 0.129502
254 3 0.158854
255 3 0.062526
256 3 0.130537
257 3 0.163491
258 3 0.148438
259 3 0.174279
260 3 0.246093
261 3 0.137291
262 3 0.248861
263 3 0.165786
264 3 0.130289
265 3 0.275695
266 3 0.125379
267 3 0.141049
268 3 0.181333
269 3 0.282624
270 3 0.095964
271 3 0.115823
272 3 0.199134
273 3 0.238158
274 3 0.086555
275 3 0.143202
276 3 0.031002
277 3 0.030591
278 3 0.188475
279 3 0.194472
280 3 0.180594
281 3 0.095600
282 3 0.154420
283 3 0.074696
284 3 0.517308
285 3 0.180842
286 3 0.210974
287 3 0.233879
288 3 0.186786
289 3 0.142965
290 3 0.130219
291 3 0.199273
292 3 0.167845
293 3 0.142346
294 3 0.168802
295 3 0.078649
296 3 0.137691
297 3 0.241507
298 3 0.165600
299 3 0.278126
300 4 0.199754
301 4 0.127982
302 4 0.170849
303 4 0.172747
304 4 0.135946
305 4 0.166093
306 4 0.116767
307 4 0.192263
308 4 0.228459
309 4 0.142548
310 4 0.126815
311 4 0.133828
312 4 0.126535
313 4 0.121257
314 4 0.196212
315 4 0.104052
316 4 0.056686
317 4 0.099198
318 4 0.149583
319 4 0.216839
320 4 0.253529
321 4 0.069626
322 4 0.189336
323 4 0.276268
324 4 0.135156
325 4 0.237994
326 4 0.146347
327 4 0.186117
328 4 0.030873
329 4 0.074380
330 4 0.106473
331 4 0.142532
332 4 0.181541
333 4 0.137396
334 4 0.141212
335 4 0.212896
336 4 0.104082
337 4 0.198689
338 4 0.126516
339 4 0.153259
340 4 0.113367
341 4 0.232522
342 4 0.177045
343 4 0.021657
344 4 0.435926
345 4 0.231654
346 4 0.129121
347 4 0.493257
348 4 0.062430
349 4 0.119021
350 4 0.224234
351 4 0.095164
352 4 0.213604
353 4 0.157261
354 4 0.028204
355 4 0.141159
356 4 0.122721
357 4 0.278830
358 4 0.129767
359 4 0.054817
360 4 0.027989
361 4 0.296522
362 4 0.134257
363 4 0.211190
364 4 0.231502
365 4 0.198020
366 4 0.120444
367 4 0.197294
368 4 0.048941
369 4 0.167099
370 4 0.114923
371 4 0.034756
372 4 0.193900
373 4 0.174171
374 4 0.135895
375 4 0.198683
376 4 0.125416
377 4 0.168362
378 4 0.141951
379 4 0.153869
380 4 0.243698
381 4 0.094977
382 4 0.324449
383 4 0.592677
384 4 0.163317
385 4 0.206407
386 4 0.248164
387 4 0.259783
388 4 0.112304
389 4 0.138819
390 4 0.155048
391 4 0.195183
392 4 0.125277
393 4 0.258388
394 4 0.215292
395 4 0.544042
396 4 0.154351
397 4 0.215121
398 4 0.217463
399 4 0.080966
400 5 0.144475
401 5 0.266094
402 5 0.081518
403 5 0.116241
404 5 0.190200
405 5 0.069881
406 5 0.150210
407 5 0.376470
408 5 0.090615
409 5 0.217964
410 5 0.275759
411 5 0.512101
412 5 0.080756
413 5 0.032017
414 5 0.150329
415 5 0.171849
416 5 0.028696
417 5 0.141516
418 5 0.163485
419 5 0.189589
420 5 0.227696
421 5 0.031533
422 5 0.133101
423 5 0.116588
424 5 0.161423
425 5 0.143021
426 5 0.150039
427 5 0.132928
428 5 0.194440
429 5 0.125846
430 5 0.219415
431 5 0.219290
432 5 0.209832
433 5 0.165572
434 5 0.086374
435 5 0.197235
436 5 0.170462
437 5 0.179867
438 5 0.044018
439 5 0.127865
440 5 0.219096
441 5 0.103076
442 5 0.194122
443 5 0.145489
444 5 0.128926
445 5 0.063182
446 5 0.175009
447 5 0.200046
448 5 0.159129
449 5 0.134599
450 5 0.216629
451 5 0.229936
452 5 0.171614
453 5 0.028177
454 5 0.114605
455 5 0.152289
456 5 0.152836
457 5 0.125917
458 5 0.245226
459 5 0.181478
460 5 0.188602
461 5 0.119258
462 5 0.252230
463 5 0.126060
464 5 0.227528
465 5 0.152870
466 5 0.149960
467 5 0.094707
468 5 0.204382
469 5 0.129295
470 5 0.185572
471 5 0.128030
472 5 0.029923
473 5 0.245402
474 5 0.158899
475 5 0.383327
476 5 0.147556
477 5 0.124751
478 5 0.104295
479 5 0.074017
480 5 0.201307
481 5 0.462463
482 5 0.108328
483 5 0.158189
484 5 0.035130
485 5 0.133219
486 5 0.177069
487 5 0.263410
488 5 0.179948
489 5 0.118215
490 5 0.168589
491 5 0.135674
492 5 0.269655
493 5 0.192464
494 5 0.195861
495 5 0.137494
496 5 0.187219
497 5 0.137145
498 5 0.151475
499 5 0.049425
500 6 0.132171
501 6 0.032237
502 6 0.124441
503 6 0.163358
504 6 0.246798
505 6 0.208567
506 6 0.022892
507 6 0.202223
508 6 0.380204
509 6 0.199955
510 6 0.111443
511 6 0.117145
512 6 0.133434
513 6 0.114703
514 6 0.223940
515 6 0.248907
516 6 0.049289
517 6 0.139389
518 6 0.113505
519 6 0.191582
520 6 0.193131
521 6 0.160263
522 6 0.165702
523 6 0.143400
524 6 0.164629
525 6 0.157051
526 6 0.147283
527 6 0.200788
528 6 0.087404
529 6 0.192002
530 6 0.207236
531 6 0.178650
532 6 0.216852
533 6 0.161567
534 6 0.200555
535 6 0.115299
536 6 0.231399
537 6 0.187053
538 6 0.169683
539 6 0.132126
540 6 0.143622
541 6 0.127758
542 6 0.099333
543 6 0.150785
544 6 0.142062
545 6 0.245292
546 6 0.161474
547 6 0.151232
548 6 0.097478
549 6 0.139782
550 6 0.175351
551 6 0.035353
552 6 0.117903
553 6 0.060780
554 6 0.127295
555 6 0.143890
556 6 0.120979
557 6 0.138920
558 6 0.170174
559 6 0.028706
560 6 0.162598
561 6 0.070866
562 6 0.063477
563 6 0.172542
564 6 0.031620
565 6 0.091292
566 6 0.117829
567 6 0.214719
568 6 0.175483
569 6 0.108728
570 6 0.028719
571 6 0.228594
572 6 0.124528
573 6 0.120176
574 6 0.140624
575 6 0.086678
576 6 0.030052
577 6 0.183778
578 6 0.126781
579 6 0.114771
580 6 0.124459
581 6 0.436515
582 6 0.105650
583 6 0.139674
584 6 0.251423
585 6 0.081915
586 6 0.202717
587 6 0.196282
588 6 0.094836
589 6 0.317630
590 6 0.352142
591 6 0.131828
592 6 0.138830
593 6 0.191800
594 6 0.113733
595 6 0.188164
596 6 0.140922
597 6 0.150311
598 6 0.236555
599 6 0.197723
600 7 0.080568
601 7 0.279831
602 7 0.123692
603 7 0.257493
604 7 0.023278
605 7 0.123031
606 7 0.183295
607 7 0.236180
608 7 0.156077
609 7 0.164682
610 7 0.190282
611 7 0.251723
612 7 0.192873
613 7 0.160692
614 7 0.166121
615 7 0.134773
616 7 0.168771
617 7 0.035303
618 7 0.140824
619 7 0.112906
620 7 0.031667
621 7 0.094861
622 7 0.098021
623 7 0.190310
624 7 0.049393
625 7 0.175146
626 7 0.236021
627 7 0.177617
628 7 0.085903
629 7 0.153456
630 7 0.245406
631 7 0.148652
632 7 0.139736
633 7 0.132622
634 7 0.117297
635 7 0.100622
636 7 0.032133
637 7 0.113399
638 7 0.148012
639 7 0.171122
640 7 0.128355
641 7 0.176042
642 7 0.128977
643 7 0.130864
644 7 0.131485
645 7 0.129696
646 7 0.113079
647 7 0.165000
648 7 0.191145
649 7 0.028822
650 7 0.171003
651 7 0.318802
652 7 0.228806
653 7 0.302364
654 7 0.123643
655 7 0.228051
656 7 0.073115
657 7 0.149699
658 7 0.176740
659 7 0.071125
660 7 0.086037
661 7 0.147754
662 7 0.136030
663 7 0.116321
664 7 0.226986
665 7 0.198377
666 7 0.160700
667 7 0.127020
668 7 0.131485
669 7 0.235579
670 7 0.141196
671 7 0.103660
672 7 0.365920
673 7 0.307777
674 7 0.174049
675 7 0.222218
676 7 0.190372
677 7 0.132040
678 7 0.118691
679 7 0.167066
680 7 0.278067
681 7 0.102364
682 7 0.160197
683 7 0.243973
684 7 0.180614
685 7 0.157501
686 7 0.361510
687 7 0.091364
688 7 0.030765
689 7 0.112601
690 7 0.157889
691 7 0.198072
692 7 0.060589
693 7 0.029015
694 7 0.125621
695 7 0.183334
696 7 0.194406
697 7 0.107662
698 7 0.082778
699 7 0.131487
700 8 0.273635
701 8 0.080535
702 8 0.108590
703 8 0.259677
704 8 0.160237
705 8 0.113886
706 8 0.035347
707 8 0.164742
708 8 0.146406
709 8 0.139394
710 8 0.241944
711 8 0.235936
712 8 0.081713
713 8 0.073043
714 8 0.174004
715 8 0.240468
716 8 0.276834
717 8 0.199043
718 8 0.251236
719 8 0.206629
720 8 0.124910
721 8 0.189866
722 8 0.116998
723 8 0.119769
724 8 0.138282
725 8 0.171186
726 8 0.221242
727 8 0.126291
728 8 0.134819
729 8 0.173230
730 8 0.086187
731 8 0.164447
732 8 0.112801
733 8 0.164638
734 8 0.157102
735 8 0.094582
736 8 0.131862
737 8 0.181157
738 8 0.125006
739 8 0.141948
740 8 0.151278
741 8 0.241297
742 8 0.130170
743 8 0.133172
744 8 0.202983
745 8 0.164978
746 8 0.029036
747 8 0.173466
748 8 0.086251
749 8 0.146741
750 8 0.107523
751 8 0.181369
752 8 0.097559
753 8 0.140696
754 8 0.159010
755 8 0.107727
756 8 0.225128
757 8 0.146018
758 8 0.091146
759 8 0.127843
760 8 0.133576
761 8 0.183825
762 8 0.149405
763 8 0.123045
764 8 0.172026
765 8 0.115495
766 8 0.148524
767 8 0.166174
768 8 0.205404
769 8 0.032284
770 8 0.130764
771 8 0.121799
772 8 0.071425
773 8 0.237135
774 8 0.123309
775 8 0.124943
776 8 0.164202
777 8 0.148267
778 8 0.113022
779 8 0.030533
780 8 0.198891
781 8 0.130660
782 8 0.060249
783 8 0.028952
784 8 0.031711
785 8 0.181685
786 8 0.268931
787 8 0.063813
788 8 0.131089
789 8 0.023073
790 8 0.133853
791 8 0.125853
792 8 0.140478
793 8 0.331308
794 8 0.189159
795 8 0.049372
796 8 0.112723
797 8 0.135998
798 8 0.127488
799 8 0.192128
800 9 0.112462
801 9 0.144971
802 9 0.116382
803 9 0.129083
804 9 0.181440
805 9 0.117104
806 9 0.145768
807 9 0.107265
808 9 0.154550
809 9 0.130926
810 9 0.138232
811 9 0.154847
812 9 0.221483
813 9 0.114837
814 9 0.151194
815 9 0.170963
816 9 0.186882
817 9 0.063812
818 9 0.273819
819 9 0.137631
820 9 0.129474
821 9 0.130052
822 9 0.150680
823 9 0.227611
824 9 0.114483
825 9 0.134246
826 9 0.184607
827 9 0.221878
828 9 0.198376
829 9 0.217197
830 9 0.023266
831 9 0.234246
832 9 0.103631
833 9 0.159873
834 9 0.140006
835 9 0.032113
836 9 0.136412
837 9 0.121034
838 9 0.133819
839 9 0.174604
840 9 0.183459
841 9 0.262159
842 9 0.194468
843 9 0.049204
844 9 0.199860
845 9 0.035058
846 9 0.118652
847 9 0.224632
848 9 0.031522
849 9 0.108979
850 9 0.086531
851 9 0.202757
852 9 0.124584
853 9 0.195843
854 9 0.199691
855 9 0.131082
856 9 0.130185
857 9 0.072062
858 9 0.152747
859 9 0.126451
860 9 0.180484
861 9 0.133697
862 9 0.110216
863 9 0.151200
864 9 0.045870
865 9 0.149340
866 9 0.168936
867 9 0.112476
868 9 0.167985
869 9 0.139157
870 9 0.115588
871 9 0.135258
872 9 0.105683
873 9 0.168810
874 9 0.176772
875 9 0.215809
876 9 0.030397
877 9 0.085319
878 9 0.240876
879 9 0.175495
880 9 0.124106
881 9 0.211782
882 9 0.180967
883 9 0.071626
884 9 0.198472
885 9 0.130777
886 9 0.028468
887 9 0.260915
888 9 0.115596
889 9 0.127095
890 9 0.144333
891 9 0.247787
892 9 0.104956
893 9 0.081732
894 9 0.080558
895 9 0.314356
896 9 0.059709
897 9 0.090707
898 9 0.086476
899 9 0.171632
900 10 0.171706
901 10 0.030473
902 10 0.126416
903 10 0.144855
904 10 0.125306
905 10 0.217630
906 10 0.106918
907 10 0.086180
908 10 0.151525
909 10 0.121664
910 10 0.116316
911 10 0.245135
912 10 0.243099
913 10 0.063772
914 10 0.085118
915 10 0.164740
916 10 0.123604
917 10 0.202491
918 10 0.172000
919 10 0.148140
920 10 0.049182
921 10 0.182094
922 10 0.115322
923 10 0.217303
924 10 0.209283
925 10 0.135441
926 10 0.129738
927 10 0.213757
928 10 0.145342
929 10 0.118365
930 10 0.139903
931 10 0.116131
932 10 0.225676
933 10 0.149054
934 10 0.141306
935 10 0.094300
936 10 0.169368
937 10 0.071251
938 10 0.170304
939 10 0.103837
940 10 0.139276
941 10 0.132870
942 10 0.261606
943 10 0.023007
944 10 0.113978
945 10 0.189070
946 10 0.202142
947 10 0.138929
948 10 0.028531
949 10 0.097838
950 10 0.146863
951 10 0.184562
952 10 0.195413
953 10 0.151035
954 10 0.112419
955 10 0.348332
956 10 0.187675
957 10 0.097942
958 10 0.130471
959 10 0.161349
960 10 0.137385
961 10 0.153904
962 10 0.101766
963 10 0.194455
964 10 0.034904
965 10 0.135652
966 10 0.114068
967 10 0.220484
968 10 0.108459
969 10 0.225271
970 10 0.028625
971 10 0.111492
972 10 0.103815
973 10 0.031545
974 10 0.212439
975 10 0.135665
976 10 0.158536
977 10 0.222466
978 10 0.120693
979 10 0.219500
980 10 0.287832
981 10 0.135841
982 10 0.059511
983 10 0.031604
984 10 0.147974
985 10 0.124146
986 10 0.115164
987 10 0.122894
988 10 0.189232
989 10 0.109766
990 10 0.124213
991 10 0.256866
992 10 0.144293
993 10 0.080473
994 10 0.188403
995 10 0.198085
996 10 0.124721
997 10 0.237125
998 10 0.237529
999 10 0.177009
1000 11 0.211738
1001 11 0.112309
1002 11 0.129605
1003 11 0.168232
1004 11 0.193361
1005 11 0.167204
1006 11 0.028603
1007 11 0.276557
1008 11 0.147981
1009 11 0.113690
1010 11 0.243780
1011 11 0.126411
1012 11 0.165374
1013 11 0.186266
1014 11 0.138035
1015 11 0.129028
1016 11 0.111770
1017 11 0.031389
1018 11 0.235595
1019 11 0.159131
1020 11 0.119253
1021 11 0.230555
1022 11 0.145483
1023 11 0.071779
1024 11 0.124257
1025 11 0.145739
1026 11 0.127347
1027 11 0.303767
1028 11 0.230223
1029 11 0.180506
1030 11 0.198206
1031 11 0.159512
1032 11 0.151847
1033 11 0.231249
1034 11 0.059184
1035 11 0.123516
1036 11 0.152943
1037 11 0.022897
1038 11 0.030470
1039 11 0.085856
1040 11 0.105947
1041 11 0.211910
1042 11 0.139687
1043 11 0.128058
1044 11 0.126704
1045 11 0.139741
1046 11 0.094033
1047 11 0.112258
1048 11 0.108222
1049 11 0.094898
1050 11 0.028126
1051 11 0.176581
1052 11 0.150580
1053 11 0.101210
1054 11 0.208310
1055 11 0.129476
1056 11 0.173265
1057 11 0.126188
1058 11 0.239695
1059 11 0.225530
1060 11 0.125388
1061 11 0.049139
1062 11 0.158531
1063 11 0.226105
1064 11 0.137634
1065 11 0.250027
1066 11 0.172751
1067 11 0.113552
1068 11 0.147649
1069 11 0.084540
1070 11 0.031545
1071 11 0.178301
1072 11 0.189582
1073 11 0.123731
1074 11 0.139639
1075 11 0.111818
1076 11 0.071061
1077 11 0.164297
1078 11 0.102802
1079 11 0.135825
1080 11 0.128590
1081 11 0.048138
1082 11 0.103484
1083 11 0.177634
1084 11 0.143530
1085 11 0.209645
1086 11 0.139044
1087 11 0.080269
1088 11 0.118148
1089 11 0.181713
1090 11 0.106925
1091 11 0.173504
1092 11 0.141166
1093 11 0.138107
1094 11 0.169660
1095 11 0.141524
1096 11 0.206102
1097 11 0.080971
1098 11 0.097016
1099 11 0.162520
1100 12 0.095591
1101 12 0.124357
1102 12 0.132546
1103 12 0.217292
1104 12 0.107387
1105 12 0.158737
1106 12 0.131023
1107 12 0.123267
1108 12 0.181177
1109 12 0.071161
1110 12 0.101624
1111 12 0.122126
1112 12 0.123154
1113 12 0.122074
1114 12 0.157702
1115 12 0.196313
1116 12 0.028561
1117 12 0.190674
1118 12 0.188479
1119 12 0.117382
1120 12 0.129900
1121 12 0.111713
1122 12 0.159250
1123 12 0.138174
1124 12 0.034620
1125 12 0.102290
1126 12 0.196323
1127 12 0.072987
1128 12 0.224918
1129 12 0.105401
1130 12 0.117140
1131 12 0.146841
1132 12 0.162689
1133 12 0.172961
1134 12 0.174931
1135 12 0.135153
1136 12 0.169169
1137 12 0.059053
1138 12 0.229915
1139 12 0.141351
1140 12 0.139269
1141 12 0.129755
1142 12 0.115630
1143 12 0.159725
1144 12 0.150922
1145 12 0.188326
1146 12 0.229428
1147 12 0.111911
1148 12 0.030822
1149 12 0.195590
1150 12 0.217233
1151 12 0.255307
1152 12 0.023149
1153 12 0.084086
1154 12 0.080330
1155 12 0.093769
1156 12 0.147332
1157 12 0.121923
1158 12 0.028565
1159 12 0.174613
1160 12 0.086631
1161 12 0.164018
1162 12 0.201266
1163 12 0.232809
1164 12 0.137395
1165 12 0.142711
1166 12 0.175045
1167 12 0.199041
1168 12 0.103385
1169 12 0.049316
1170 12 0.129112
1171 12 0.149340
1172 12 0.151406
1173 12 0.031612
1174 12 0.113730
1175 12 0.140130
1176 12 0.071724
1177 12 0.172727
1178 12 0.086706
1179 12 0.225794
1180 12 0.206418
1181 12 0.112989
1182 12 0.142021
1183 12 0.132217
1184 12 0.250076
1185 12 0.177423
1186 12 0.031451
1187 12 0.125274
1188 12 0.206418
1189 12 0.128668
1190 12 0.185082
1191 12 0.250141
1192 12 0.145823
1193 12 0.106706
1194 12 0.147422
1195 12 0.127987
1196 12 0.086060
1197 12 0.188912
1198 12 0.168210
1199 12 0.104519
1200 13 0.058786
1201 13 0.083793
1202 13 0.204701
1203 13 0.106470
1204 13 0.206030
1205 13 0.123807
1206 13 0.204857
1207 13 0.133882
1208 13 0.177940
1209 13 0.212569
1210 13 0.190353
1211 13 0.119582
1212 13 0.233204
1213 13 0.148962
1214 13 0.159895
1215 13 0.104113
1216 13 0.174519
1217 13 0.260603
1218 13 0.086586
1219 13 0.071164
1220 13 0.182580
1221 13 0.118476
1222 13 0.165762
1223 13 0.159538
1224 13 0.203839
1225 13 0.028390
1226 13 0.123150
1227 13 0.123775
1228 13 0.161549
1229 13 0.111230
1230 13 0.158546
1231 13 0.031305
1232 13 0.123309
1233 13 0.113475
1234 13 0.124589
1235 13 0.174865
1236 13 0.139600
1237 13 0.109272
1238 13 0.145026
1239 13 0.112893
1240 13 0.098022
1241 13 0.129038
1242 13 0.086600
1243 13 0.149270
1244 13 0.159307
1245 13 0.028459
1246 13 0.071814
1247 13 0.146119
1248 13 0.110346
1249 13 0.034437
1250 13 0.216917
1251 13 0.168097
1252 13 0.131805
1253 13 0.030847
1254 13 0.112130
1255 13 0.122216
1256 13 0.132553
1257 13 0.111254
1258 13 0.205900
1259 13 0.228076
1260 13 0.115753
1261 13 0.126954
1262 13 0.160056
1263 13 0.175587
1264 13 0.154224
1265 13 0.121595
1266 13 0.081481
1267 13 0.049293
1268 13 0.112490
1269 13 0.173581
1270 13 0.147661
1271 13 0.167702
1272 13 0.113006
1273 13 0.123146
1274 13 0.145649
1275 13 0.217979
1276 13 0.243958
1277 13 0.227537
1278 13 0.139321
1279 13 0.177849
1280 13 0.151595
1281 13 0.111642
1282 13 0.150935
1283 13 0.138727
1284 13 0.064382
1285 13 0.112580
1286 13 0.093493
1287 13 0.137782
1288 13 0.094462
1289 13 0.210060
1290 13 0.195691
1291 13 0.080193
1292 13 0.085788
1293 13 0.136484
1294 13 0.259859
1295 13 0.199194
1296 13 0.118370
1297 13 0.129520
1298 13 0.023277
1299 13 0.031629
1300 14 0.111460
1301 14 0.178689
1302 14 0.210218
1303 14 0.138362
1304 14 0.093252
1305 14 0.159567
1306 14 0.170134
1307 14 0.031084
1308 14 0.252374
1309 14 0.181889
1310 14 0.214865
1311 14 0.128490
1312 14 0.170391
1313 14 0.049322
1314 14 0.111199
1315 14 0.150549
1316 14 0.135384
1317 14 0.175176
1318 14 0.205911
1319 14 0.031636
1320 14 0.058925
1321 14 0.086935
1322 14 0.028739
1323 14 0.169115
1324 14 0.028523
1325 14 0.112133
1326 14 0.112088
1327 14 0.122014
1328 14 0.128743
1329 14 0.115472
1330 14 0.195337
1331 14 0.102919
1332 14 0.148312
1333 14 0.110882
1334 14 0.090577
1335 14 0.205363
1336 14 0.176620
1337 14 0.173452
1338 14 0.183178
1339 14 0.120781
1340 14 0.126013
1341 14 0.031330
1342 14 0.106129
1343 14 0.157633
1344 14 0.150240
1345 14 0.271790
1346 14 0.071646
1347 14 0.097713
1348 14 0.144099
1349 14 0.147175
1350 14 0.158448
1351 14 0.133530
1352 14 0.101825
1353 14 0.064355
1354 14 0.163064
1355 14 0.203104
1356 14 0.232275
1357 14 0.128780
1358 14 0.147870
1359 14 0.213277
1360 14 0.117765
1361 14 0.176766
1362 14 0.150633
1363 14 0.169545
1364 14 0.117080
1365 14 0.135606
1366 14 0.354353
1367 14 0.086583
1368 14 0.080403
1369 14 0.129373
1370 14 0.122639
1371 14 0.162531
1372 14 0.109662
1373 14 0.071304
1374 14 0.166990
1375 14 0.083407
1376 14 0.128424
1377 14 0.089026
1378 14 0.136192
1379 14 0.175433
1380 14 0.115432
1381 14 0.191241
1382 14 0.153658
1383 14 0.123084
1384 14 0.112773
1385 14 0.219271
1386 14 0.175706
1387 14 0.111271
1388 14 0.174235
1389 14 0.231766
1390 14 0.081567
1391 14 0.104650
1392 14 0.023397
1393 14 0.137228
1394 14 0.145486
1395 14 0.194273
1396 14 0.213041
1397 14 0.034900
1398 14 0.109869
1399 14 0.113308
1400 15 0.110677
1401 15 0.130826
1402 15 0.144586
1403 15 0.168545
1404 15 0.093155
1405 15 0.127809
1406 15 0.227937
1407 15 0.186397
1408 15 0.223128
1409 15 0.132961
1410 15 0.086830
1411 15 0.166733
1412 15 0.251811
1413 15 0.133648
1414 15 0.118454
1415 15 0.155588
1416 15 0.135274
1417 15 0.118123
1418 15 0.031761
1419 15 0.120298
1420 15 0.175202
1421 15 0.071330
1422 15 0.124278
1423 15 0.117393
1424 15 0.104353
1425 15 0.165197
1426 15 0.122611
1427 15 0.031024
1428 15 0.101699
1429 15 0.115671
1430 15 0.101852
1431 15 0.144872
1432 15 0.128654
1433 15 0.028971
1434 15 0.110697
1435 15 0.122471
1436 15 0.176886
1437 15 0.121065
1438 15 0.128129
1439 15 0.128053
1440 15 0.122906
1441 15 0.083607
1442 15 0.114037
1443 15 0.173821
1444 15 0.086950
1445 15 0.162128
1446 15 0.117744
1447 15 0.217105
1448 15 0.133190
1449 15 0.064655
1450 15 0.229997
1451 15 0.149476
1452 15 0.126345
1453 15 0.266233
1454 15 0.085521
1455 15 0.213767
1456 15 0.081507
1457 15 0.032112
1458 15 0.029145
1459 15 0.158540
1460 15 0.103516
1461 15 0.049686
1462 15 0.080083
1463 15 0.023715
1464 15 0.109852
1465 15 0.147300
1466 15 0.177650
1467 15 0.247555
1468 15 0.135409
1469 15 0.111821
1470 15 0.190989
1471 15 0.176847
1472 15 0.121601
1473 15 0.171412
1474 15 0.153356
1475 15 0.396427
1476 15 0.199130
1477 15 0.147354
1478 15 0.134215
1479 15 0.264297
1480 15 0.219985
1481 15 0.059142
1482 15 0.167739
1483 15 0.097247
1484 15 0.097426
1485 15 0.181657
1486 15 0.155790
1487 15 0.137544
1488 15 0.035007
1489 15 0.138668
1490 15 0.144914
1491 15 0.123116
1492 15 0.204477
1493 15 0.218959
1494 15 0.140412
1495 15 0.161600
1496 15 0.071901
1497 15 0.114888
1498 15 0.189429
1499 15 0.106368
1500 16 0.168355
1501 16 0.110238
1502 16 0.211928
1503 16 0.094620
1504 16 0.135012
1505 16 0.185843
1506 16 0.023682
1507 16 0.136432
1508 16 0.176911
1509 16 0.122664
1510 16 0.224708
1511 16 0.130650
1512 16 0.086951
1513 16 0.122183
1514 16 0.111669
1515 16 0.235095
1516 16 0.138209
1517 16 0.171643
1518 16 0.161799
1519 16 0.133706
1520 16 0.165291
1521 16 0.211222
1522 16 0.140513
1523 16 0.232261
1524 16 0.125339
1525 16 0.124290
1526 16 0.193815
1527 16 0.166848
1528 16 0.128423
1529 16 0.101611
1530 16 0.093215
1531 16 0.085486
1532 16 0.058732
1533 16 0.029214
1534 16 0.064289
1535 16 0.158303
1536 16 0.230752
1537 16 0.214479
1538 16 0.035126
1539 16 0.121171
1540 16 0.233178
1541 16 0.156163
1542 16 0.211484
1543 16 0.141462
1544 16 0.112119
1545 16 0.081411
1546 16 0.141300
1547 16 0.209876
1548 16 0.119562
1549 16 0.144813
1550 16 0.169837
1551 16 0.172046
1552 16 0.083465
1553 16 0.088468
1554 16 0.171468
1555 16 0.124227
1556 16 0.120974
1557 16 0.032448
1558 16 0.106200
1559 16 0.111110
1560 16 0.116764
1561 16 0.140538
1562 16 0.071273
1563 16 0.176681
1564 16 0.049791
1565 16 0.145304
1566 16 0.151671
1567 16 0.115998
1568 16 0.117674
1569 16 0.245195
1570 16 0.139866
1571 16 0.179706
1572 16 0.101198
1573 16 0.098384
1574 16 0.032241
1575 16 0.184174
1576 16 0.120152
1577 16 0.101803
1578 16 0.261388
1579 16 0.113025
1580 16 0.124502
1581 16 0.123988
1582 16 0.165137
1583 16 0.031594
1584 16 0.127697
1585 16 0.111376
1586 16 0.130340
1587 16 0.136480
1588 16 0.213448
1589 16 0.127871
1590 16 0.172650
1591 16 0.029285
1592 16 0.080176
1593 16 0.112024
1594 16 0.104698
1595 16 0.216583
1596 16 0.139178
1597 16 0.149482
1598 16 0.087263
1599 16 0.158616
1600 17 0.032239
1601 17 0.173123
1602 17 0.120681
1603 17 0.145026
1604 17 0.105796
1605 17 0.138601
1606 17 0.071782
1607 17 0.210815
1608 17 0.263588
1609 17 0.108314
1610 17 0.137605
1611 17 0.167751
1612 17 0.161170
1613 17 0.231649
1614 17 0.162809
1615 17 0.031990
1616 17 0.111735
1617 17 0.210760
1618 17 0.116035
1619 17 0.049844
1620 17 0.137693
1621 17 0.088082
1622 17 0.146607
1623 17 0.158427
1624 17 0.146225
1625 17 0.163397
1626 17 0.200479
1627 17 0.101317
1628 17 0.216973
1629 17 0.075903
1630 17 0.095915
1631 17 0.194508
1632 17 0.109949
1633 17 0.140523
1634 17 0.117445
1635 17 0.176386
1636 17 0.120881
1637 17 0.127505
1638 17 0.180859
1639 17 0.139420
1640 17 0.132967
1641 17 0.200734
1642 17 0.111992
1643 17 0.136977
1644 17 0.225196
1645 17 0.080064
1646 17 0.119723
1647 17 0.208842
1648 17 0.173843
1649 17 0.097404
1650 17 0.130306
1651 17 0.141721
1652 17 0.131003
1653 17 0.176561
1654 17 0.110755
1655 17 0.131755
1656 17 0.024122
1657 17 0.148664
1658 17 0.176111
1659 17 0.160736
1660 17 0.184477
1661 17 0.085656
1662 17 0.129694
1663 17 0.095978
1664 17 0.174084
1665 17 0.029596
1666 17 0.035582
1667 17 0.127702
1668 17 0.140094
1669 17 0.135790
1670 17 0.059083
1671 17 0.031974
1672 17 0.101849
1673 17 0.124129
1674 17 0.191971
1675 17 0.180904
1676 17 0.136225
1677 17 0.181358
1678 17 0.094267
1679 17 0.163512
1680 17 0.307325
1681 17 0.101354
1682 17 0.111650
1683 17 0.109390
1684 17 0.198213
1685 17 0.121799
1686 17 0.136664
1687 17 0.145973
1688 17 0.198714
1689 17 0.110891
1690 17 0.172937
1691 17 0.177947
1692 17 0.109814
1693 17 0.029505
1694 17 0.111882
1695 17 0.110509
1696 17 0.071425
1697 17 0.109343
1698 17 0.087073
1699 17 0.112872
1700 18 0.146618
1701 18 0.111333
1702 18 0.188751
1703 18 0.131302
1704 18 0.129301
1705 18 0.249499
1706 18 0.127246
1707 18 0.238614
1708 18 0.071217
1709 18 0.108990
1710 18 0.108171
1711 18 0.148710
1712 18 0.079858
1713 18 0.097455
1714 18 0.114367
1715 18 0.146229
1716 18 0.177925
1717 18 0.157605
1718 18 0.087212
1719 18 0.116161
1720 18 0.031820
1721 18 0.162364
1722 18 0.164891
1723 18 0.162139
1724 18 0.138803
1725 18 0.143745
1726 18 0.147125
1727 18 0.101782
1728 18 0.127545
1729 18 0.110465
1730 18 0.172918
1731 18 0.241883
1732 18 0.137798
1733 18 0.186734
1734 18 0.104405
1735 18 0.032787
1736 18 0.148121
1737 18 0.125152
1738 18 0.035512
1739 18 0.157820
1740 18 0.172952
1741 18 0.064521
1742 18 0.032405
1743 18 0.127832
1744 18 0.094593
1745 18 0.184926
1746 18 0.115688
1747 18 0.087226
1748 18 0.234594
1749 18 0.214958
1750 18 0.229061
1751 18 0.126402
1752 18 0.160459
1753 18 0.179920
1754 18 0.050083
1755 18 0.126675
1756 18 0.127773
1757 18 0.133021
1758 18 0.192787
1759 18 0.101494
1760 18 0.072064
1761 18 0.059010
1762 18 0.136359
1763 18 0.120650
1764 18 0.127215
1765 18 0.110909
1766 18 0.192173
1767 18 0.111787
1768 18 0.112653
1769 18 0.122016
1770 18 0.431079
1771 18 0.117688
1772 18 0.161772
1773 18 0.024332
1774 18 0.102690
1775 18 0.111368
1776 18 0.196786
1777 18 0.120245
1778 18 0.119230
1779 18 0.218196
1780 18 0.154395
1781 18 0.140737
1782 18 0.106036
1783 18 0.166974
1784 18 0.126211
1785 18 0.093313
1786 18 0.136824
1787 18 0.088143
1788 18 0.166363
1789 18 0.142549
1790 18 0.186667
1791 18 0.163219
1792 18 0.233659
1793 18 0.029880
1794 18 0.135356
1795 18 0.083545
1796 18 0.029944
1797 18 0.112327
1798 18 0.108563
1799 18 0.141177
1800 19 0.157359
1801 19 0.138316
1802 19 0.085188
1803 19 0.169736
1804 19 0.134495
1805 19 0.180075
1806 19 0.119925
1807 19 0.146308
1808 19 0.099542
1809 19 0.198990
1810 19 0.109988
1811 19 0.083314
1812 19 0.108776
1813 19 0.164079
1814 19 0.132523
1815 19 0.136812
1816 19 0.161133
1817 19 0.202302
1818 19 0.111910
1819 19 0.111095
1820 19 0.160063
1821 19 0.191409
1822 19 0.072213
1823 19 0.024472
1824 19 0.130968
1825 19 0.104220
1826 19 0.104905
1827 19 0.204753
1828 19 0.110425
1829 19 0.219956
1830 19 0.135276
1831 19 0.116216
1832 19 0.087784
1833 19 0.171986
1834 19 0.170930
1835 19 0.032567
1836 19 0.100889
1837 19 0.092806
1838 19 0.123307
1839 19 0.120745
1840 19 0.147537
1841 19 0.149228
1842 19 0.175496
1843 19 0.202655
1844 19 0.035686
1845 19 0.148058
1846 19 0.086977
1847 19 0.065133
1848 19 0.136268
1849 19 0.181944
1850 19 0.115816
1851 19 0.029939
1852 19 0.081761
1853 19 0.142140
1854 19 0.127433
1855 19 0.111472
1856 19 0.109293
1857 19 0.224289
1858 19 0.097524
1859 19 0.112831
1860 19 0.176943
1861 19 0.032090
1862 19 0.159831
1863 19 0.118740
1864 19 0.115913
1865 19 0.121798
1866 19 0.167602
1867 19 0.114193
1868 19 0.220106
1869 19 0.151430
1870 19 0.111306
1871 19 0.189718
1872 19 0.128101
1873 19 0.189621
1874 19 0.217983
1875 19 0.141460
1876 19 0.196685
1877 19 0.050661
1878 19 0.181224
1879 19 0.094512
1880 19 0.144141
1881 19 0.110023
1882 19 0.030011
1883 19 0.120119
1884 19 0.138232
1885 19 0.140591
1886 19 0.192225
1887 19 0.111617
1888 19 0.155548
1889 19 0.071322
1890 19 0.201749
1891 19 0.112579
1892 19 0.126444
1893 19 0.163196
1894 19 0.172548
1895 19 0.080318
1896 19 0.144932
1897 19 0.127154
1898 19 0.033045
1899 19 0.059175
1900 20 0.064902
1901 20 0.138792
1902 20 0.143658
1903 20 0.119375
1904 20 0.072313
1905 20 0.239587
1906 20 0.122329
1907 20 0.101727
1908 20 0.157337
1909 20 0.146792
1910 20 0.111279
1911 20 0.146962
1912 20 0.127079
1913 20 0.151732
1914 20 0.155820
1915 20 0.182305
1916 20 0.112401
1917 20 0.142133
1918 20 0.163764
1919 20 0.029822
1920 20 0.120891
1921 20 0.100622
1922 20 0.164407
1923 20 0.142770
1924 20 0.224307
1925 20 0.136770
1926 20 0.195915
1927 20 0.190617
1928 20 0.145381
1929 20 0.085409
1930 20 0.167762
1931 20 0.177923
1932 20 0.179628
1933 20 0.110293
1934 20 0.174468
1935 20 0.179947
1936 20 0.167829
1937 20 0.024548
1938 20 0.138848
1939 20 0.123946
1940 20 0.121610
1941 20 0.119955
1942 20 0.083268
1943 20 0.157664
1944 20 0.033211
1945 20 0.035860
1946 20 0.118651
1947 20 0.134518
1948 20 0.234489
1949 20 0.138629
1950 20 0.105653
1951 20 0.153645
1952 20 0.116404
1953 20 0.094564
1954 20 0.050265
1955 20 0.173630
1956 20 0.081835
1957 20 0.101233
1958 20 0.189458
1959 20 0.212757
1960 20 0.116733
1961 20 0.032632
1962 20 0.185782
1963 20 0.030114
1964 20 0.126614
1965 20 0.140463
1966 20 0.080238
1967 20 0.195133
1968 20 0.154243
1969 20 0.223466
1970 20 0.208714
1971 20 0.126721
1972 20 0.108565
1973 20 0.111535
1974 20 0.115772
1975 20 0.533365
1976 20 0.123041
1977 20 0.181108
1978 20 0.158387
1979 20 0.121765
1980 20 0.177654
1981 20 0.109360
1982 20 0.071347
1983 20 0.146881
1984 20 0.032454
1985 20 0.110672
1986 20 0.097637
1987 20 0.059577
1988 20 0.159416
1989 20 0.209462
1990 20 0.125925
1991 20 0.136384
1992 20 0.177325
1993 20 0.193481
1994 20 0.206361
1995 20 0.174196
1996 20 0.245535
1997 20 0.088123
1998 20 0.125332
1999 20 0.111963
2000 21 0.202212
2001 21 0.121370
2002 21 0.081542
2003 21 0.149955
2004 21 0.123669
2005 21 0.139810
2006 21 0.188109
2007 21 0.126340
2008 21 0.148122
2009 21 0.190510
2010 21 0.108986
2011 21 0.119647
2012 21 0.260820
2013 21 0.072430
2014 21 0.232718
2015 21 0.121483
2016 21 0.059223
2017 21 0.112353
2018 21 0.147746
2019 21 0.160773
2020 21 0.175883
2021 21 0.121868
2022 21 0.137806
2023 21 0.186469
2024 21 0.126226
2025 21 0.137405
2026 21 0.214355
2027 21 0.136922
2028 21 0.111182
2029 21 0.092930
2030 21 0.050675
2031 21 0.087949
2032 21 0.109924
2033 21 0.087014
2034 21 0.111653
2035 21 0.137908
2036 21 0.135205
2037 21 0.032865
2038 21 0.172007
2039 21 0.083166
2040 21 0.085542
2041 21 0.160942
2042 21 0.158721
2043 21 0.199812
2044 21 0.105516
2045 21 0.193299
2046 21 0.164880
2047 21 0.194116
2048 21 0.176734
2049 21 0.137809
2050 21 0.104712
2051 21 0.030147
2052 21 0.080750
2053 21 0.168264
2054 21 0.158961
2055 21 0.112160
2056 21 0.213968
2057 21 0.151918
2058 21 0.030390
2059 21 0.143514
2060 21 0.088194
2061 21 0.036104
2062 21 0.071467
2063 21 0.100911
2064 21 0.196454
2065 21 0.197192
2066 21 0.238412
2067 21 0.114615
2068 21 0.156293
2069 21 0.121106
2070 21 0.102283
2071 21 0.145651
2072 21 0.117675
2073 21 0.149843
2074 21 0.354712
2075 21 0.125636
2076 21 0.110790
2077 21 0.116842
2078 21 0.175775
2079 21 0.175253
2080 21 0.166624
2081 21 0.191993
2082 21 0.122022
2083 21 0.103772
2084 21 0.025027
2085 21 0.032406
2086 21 0.159121
2087 21 0.126702
2088 21 0.109128
2089 21 0.158295
2090 21 0.033378
2091 21 0.110620
2092 21 0.509100
2093 21 0.236512
2094 21 0.147985
2095 21 0.218992
2096 21 0.101983
2097 21 0.161735
2098 21 0.145681
2099 21 0.122664
2100 22 0.197033
2101 22 0.158169
2102 22 0.157004
2103 22 0.159374
2104 22 0.170766
2105 22 0.118555
2106 22 0.160119
2107 22 0.276502
2108 22 0.115881
2109 22 0.025031
2110 22 0.206124
2111 22 0.229567
2112 22 0.036113
2113 22 0.219215
2114 22 0.030238
2115 22 0.152443
2116 22 0.119588
2117 22 0.071418
2118 22 0.110207
2119 22 0.100948
2120 22 0.097174
2121 22 0.130719
2122 22 0.120835
2123 22 0.188466
2124 22 0.164935
2125 22 0.129475
2126 22 0.260094
2127 22 0.092491
2128 22 0.200492
2129 22 0.094239
2130 22 0.180765
2131 22 0.120396
2132 22 0.132092
2133 22 0.190435
2134 22 0.129379
2135 22 0.165986
2136 22 0.200967
2137 22 0.135774
2138 22 0.116171
2139 22 0.199977
2140 22 0.148937
2141 22 0.111093
2142 22 0.129585
2143 22 0.130971
2144 22 0.091830
2145 22 0.141318
2146 22 0.117171
2147 22 0.150406
2148 22 0.205204
2149 22 0.108457
2150 22 0.165425
2151 22 0.182539
2152 22 0.117616
2153 22 0.050950
2154 22 0.120787
2155 22 0.030320
2156 22 0.032579
2157 22 0.171252
2158 22 0.126134
2159 22 0.109169
2160 22 0.114232
2161 22 0.065518
2162 22 0.102315
2163 22 0.118857
2164 22 0.138012
2165 22 0.109210
2166 22 0.300733
2167 22 0.059119
2168 22 0.111890
2169 22 0.157692
2170 22 0.166126
2171 22 0.169133
2172 22 0.187786
2173 22 0.186256
2174 22 0.184897
2175 22 0.125073
2176 22 0.163157
2177 22 0.032852
2178 22 0.082039
2179 22 0.176476
2180 22 0.166767
2181 22 0.126876
2182 22 0.143942
2183 22 0.145583
2184 22 0.088103
2185 22 0.169858
2186 22 0.124477
2187 22 0.209812
2188 22 0.183037
2189 22 0.140257
2190 22 0.072784
2191 22 0.136608
2192 22 0.083219
2193 22 0.144892
2194 22 0.033473
2195 22 0.080552
2196 22 0.126674
2197 22 0.087176
2198 22 0.112823
2199 22 0.110569
2200 23 0.160378
2201 23 0.122303
2202 23 0.189466
2203 23 0.174539
2204 23 0.241696
2205 23 0.155391
2206 23 0.110262
2207 23 0.036099
2208 23 0.097551
2209 23 0.085507
2210 23 0.135721
2211 23 0.059257
2212 23 0.194463
2213 23 0.174381
2214 23 0.119348
2215 23 0.110243
2216 23 0.199655
2217 23 0.118491
2218 23 0.196336
2219 23 0.181437
2220 23 0.190894
2221 23 0.110462
2222 23 0.202858
2223 23 0.128805
2224 23 0.128015
2225 23 0.178981
2226 23 0.193040
2227 23 0.072525
2228 23 0.151176
2229 23 0.025193
2230 23 0.111688
2231 23 0.142764
2232 23 0.109188
2233 23 0.143180
2234 23 0.108427
2235 23 0.173863
2236 23 0.087952
2237 23 0.144136
2238 23 0.133626
2239 23 0.145159
2240 23 0.102213
2241 23 0.153032
2242 23 0.116854
2243 23 0.081826
2244 23 0.104264
2245 23 0.092843
2246 23 0.171021
2247 23 0.183812
2248 23 0.166657
2249 23 0.033513
2250 23 0.186999
2251 23 0.126523
2252 23 0.189972
2253 23 0.144549
2254 23 0.101719
2255 23 0.105829
2256 23 0.115621
2257 23 0.083334
2258 23 0.071873
2259 23 0.171206
2260 23 0.126251
2261 23 0.065536
2262 23 0.116779
2263 23 0.086916
2264 23 0.094547
2265 23 0.178430
2266 23 0.087762
2267 23 0.136742
2268 23 0.167329
2269 23 0.133904
2270 23 0.118774
2271 23 0.080808
2272 23 0.193988
2273 23 0.111145
2274 23 0.137752
2275 23 0.110966
2276 23 0.140956
2277 23 0.229158
2278 23 0.124057
2279 23 0.123943
2280 23 0.153599
2281 23 0.030762
2282 23 0.187234
2283 23 0.126697
2284 23 0.134267
2285 23 0.109412
2286 23 0.033156
2287 23 0.212960
2288 23 0.144889
2289 23 0.169143
2290 23 0.134613
2291 23 0.130864
2292 23 0.170801
2293 23 0.051467
2294 23 0.125508
2295 23 0.031077
2296 23 0.114528
2297 23 0.033580
2298 23 0.122799
2299 23 0.164236
2300 24 0.189140
2301 24 0.155395
2302 24 0.178443
2303 24 0.119937
2304 24 0.155335
2305 24 0.123462
2306 24 0.179853
2307 24 0.207210
2308 24 0.125299
2309 24 0.128509
2310 24 0.109712
2311 24 0.154688
2312 24 0.159173
2313 24 0.139619
2314 24 0.141541
2315 24 0.149830
2316 24 0.157178
2317 24 0.178598
2318 24 0.036682
2319 24 0.092811
2320 24 0.135410
2321 24 0.124977
2322 24 0.133540
2323 24 0.071541
2324 24 0.126206
2325 24 0.030886
2326 24 0.219753
2327 24 0.086009
2328 24 0.143287
2329 24 0.065640
2330 24 0.174328
2331 24 0.131366
2332 24 0.030980
2333 24 0.110496
2334 24 0.118291
2335 24 0.164286
2336 24 0.202873
2337 24 0.204507
2338 24 0.147440
2339 24 0.147313
2340 24 0.164687
2341 24 0.094789
2342 24 0.146583
2343 24 0.156608
2344 24 0.059634
2345 24 0.157420
2346 24 0.160080
2347 24 0.116550
2348 24 0.183687
2349 24 0.118619
2350 24 0.088120
2351 24 0.111248
2352 24 0.158492
2353 24 0.135872
2354 24 0.126252
2355 24 0.102163
2356 24 0.133726
2357 24 0.199820
2358 24 0.225974
2359 24 0.293279
2360 24 0.086841
2361 24 0.110141
2362 24 0.110074
2363 24 0.137448
2364 24 0.126115
2365 24 0.100334
2366 24 0.110921
2367 24 0.179172
2368 24 0.088132
2369 24 0.196794
2370 24 0.097750
2371 24 0.142889
2372 24 0.160106
2373 24 0.174514
2374 24 0.082060
2375 24 0.192417
2376 24 0.082888
2377 24 0.136567
2378 24 0.140310
2379 24 0.166853
2380 24 0.128425
2381 24 0.122552
2382 24 0.051400
2383 24 0.121143
2384 24 0.033485
2385 24 0.115661
2386 24 0.025894
2387 24 0.188844
2388 24 0.034222
2389 24 0.137554
2390 24 0.112060
2391 24 0.102227
2392 24 0.110712
2393 24 0.120265
2394 24 0.033614
2395 24 0.195744
2396 24 0.104598
2397 24 0.073205
2398 24 0.080813
2399 24 0.156692
