# Batch convergence for: model=snn-ae encoding=poisson architecture=conv1d v_th=1 alpha=0.9 run=1
batch_num epoch batch_loss
0 1 0.051270
1 1 0.104908
2 1 0.270613
3 1 0.142439
4 1 1.010706
5 1 0.102927
6 1 0.231759
7 1 0.099618
8 1 0.043945
9 1 0.085139
10 1 0.104698
11 1 0.294932
12 1 0.191088
13 1 0.182994
14 1 0.077164
15 1 0.160452
16 1 0.221875
17 1 0.232312
18 1 0.202336
19 1 0.120955
20 1 0.161341
21 1 0.119418
22 1 0.164997
23 1 0.186662
24 1 0.109511
25 1 0.243163
26 1 0.251449
27 1 0.125786
28 1 0.045679
29 1 0.202271
30 1 0.347726
31 1 0.076158
32 1 0.153082
33 1 0.072760
34 1 0.091214
35 1 0.127197
36 1 0.092584
37 1 0.099207
38 1 0.059865
39 1 0.052181
40 1 0.090029
41 1 0.135895
42 1 0.050039
43 1 0.043616
44 1 0.150415
45 1 0.042333
46 1 0.079305
47 1 0.156101
48 1 0.137879
49 1 0.166916
50 1 0.015312
51 1 0.193151
52 1 0.136432
53 1 0.017767
54 1 0.917904
55 1 0.125718
56 1 0.155524
57 1 0.064365
58 1 0.046253
59 1 0.239535
60 1 0.120286
61 1 0.161748
62 1 0.306332
63 1 0.082027
64 1 0.128032
65 1 0.105104
66 1 0.015675
67 1 0.680207
68 1 0.064038
69 1 0.050831
70 1 0.120208
71 1 0.011656
72 1 0.022248
73 1 0.174858
74 1 0.109341
75 1 0.211720
76 1 0.091263
77 1 0.165632
78 1 0.147233
79 1 0.091878
80 1 0.885620
81 1 0.131012
82 1 0.106869
83 1 0.111014
84 1 0.223220
85 1 0.190821
86 1 0.088910
87 1 0.237560
88 1 0.145593
89 1 0.121022
90 1 0.022743
91 1 0.192919
92 1 0.049713
93 1 0.092001
94 1 0.050621
95 1 0.133220
96 1 0.128721
97 1 0.052912
98 1 0.079046
99 1 0.068711
100 2 0.085055
101 2 0.078558
102 2 0.062088
103 2 0.103266
104 2 0.269565
105 2 0.089419
106 2 0.109173
107 2 0.087483
108 2 0.046173
109 2 0.160486
110 2 0.068101
111 2 0.014889
112 2 0.073085
113 2 0.765304
114 2 0.103032
115 2 0.103184
116 2 0.069837
117 2 0.079710
118 2 0.022477
119 2 0.112315
120 2 0.124684
121 2 0.105888
122 2 0.011592
123 2 0.065041
124 2 0.038586
125 2 0.224744
126 2 0.125833
127 2 0.077273
128 2 0.182913
129 2 0.111995
130 2 0.135447
131 2 0.088269
132 2 0.182243
133 2 0.106998
134 2 0.148471
135 2 0.086426
136 2 0.043450
137 2 0.074306
138 2 0.249802
139 2 0.222372
140 2 0.093197
141 2 0.256397
142 2 0.212835
143 2 0.074103
144 2 0.094838
145 2 0.081300
146 2 0.141787
147 2 0.055907
148 2 0.116414
149 2 0.118244
150 2 0.022896
151 2 0.066243
152 2 0.092472
153 2 0.163792
154 2 0.119986
155 2 0.016185
156 2 0.548556
157 2 0.038918
158 2 0.147354
159 2 0.079753
160 2 0.081734
161 2 0.104738
162 2 0.054814
163 2 0.201945
164 2 0.117095
165 2 0.140514
166 2 0.081875
167 2 0.081472
168 2 0.177915
169 2 0.146009
170 2 0.063862
171 2 0.502762
172 2 0.127578
173 2 0.278502
174 2 0.091103
175 2 0.173847
176 2 0.074344
177 2 0.017512
178 2 0.198833
179 2 0.062708
180 2 0.172554
181 2 0.129813
182 2 0.043654
183 2 0.194969
184 2 0.184450
185 2 0.012280
186 2 0.207850
187 2 0.171577
188 2 0.118366
189 2 0.172512
190 2 0.118161
191 2 0.149440
192 2 0.108942
193 2 0.135871
194 2 0.632550
195 2 0.153548
196 2 0.155282
197 2 0.117587
198 2 0.076178
199 2 0.065301
200 3 0.136610
201 3 0.208873
202 3 0.061838
203 3 0.142560
204 3 0.016894
205 3 0.154607
206 3 0.084084
207 3 0.012544
208 3 0.669630
209 3 0.099422
210 3 0.090310
211 3 0.120456
212 3 0.078242
213 3 0.178495
214 3 0.105792
215 3 0.062578
216 3 0.203626
217 3 0.140255
218 3 0.601694
219 3 0.022394
220 3 0.110151
221 3 0.037656
222 3 0.134186
223 3 0.139164
224 3 0.203003
225 3 0.088507
226 3 0.066236
227 3 0.102158
228 3 0.215903
229 3 0.023045
230 3 0.213637
231 3 0.015884
232 3 0.077847
233 3 0.059738
234 3 0.233197
235 3 0.168238
236 3 0.085300
237 3 0.235148
238 3 0.117021
239 3 0.263696
240 3 0.083460
241 3 0.152246
242 3 0.098640
243 3 0.142730
244 3 0.212041
245 3 0.059655
246 3 0.177855
247 3 0.177647
248 3 0.115284
249 3 0.067359
250 3 0.132027
251 3 0.178545
252 3 0.406294
253 3 0.092693
254 3 0.124128
255 3 0.047703
256 3 0.090381
257 3 0.081755
258 3 0.100960
259 3 0.103451
260 3 0.141746
261 3 0.184597
262 3 0.161070
263 3 0.062671
264 3 0.115727
265 3 0.170198
266 3 0.096363
267 3 0.052419
268 3 0.187020
269 3 0.192159
270 3 0.070492
271 3 0.085170
272 3 0.095054
273 3 0.179408
274 3 0.095064
275 3 0.086949
276 3 0.013634
277 3 0.018382
278 3 0.149281
279 3 0.103716
280 3 0.052293
281 3 0.107712
282 3 0.189193
283 3 0.068564
284 3 0.438354
285 3 0.257226
286 3 0.146216
287 3 0.118526
288 3 0.038561
289 3 0.041128
290 3 0.119638
291 3 0.186054
292 3 0.071834
293 3 0.071244
294 3 0.095756
295 3 0.022454
296 3 0.083513
297 3 0.148782
298 3 0.109967
299 3 0.254452
300 4 0.115450
301 4 0.102314
302 4 0.109146
303 4 0.116473
304 4 0.079476
305 4 0.259635
306 4 0.039519
307 4 0.184675
308 4 0.169241
309 4 0.134219
310 4 0.138125
311 4 0.060372
312 4 0.062492
313 4 0.050433
314 4 0.109848
315 4 0.072990
316 4 0.041702
317 4 0.079929
318 4 0.138461
319 4 0.087963
320 4 0.152875
321 4 0.097392
322 4 0.210759
323 4 0.178100
324 4 0.064050
325 4 0.132518
326 4 0.136771
327 4 0.133042
328 4 0.018559
329 4 0.053086
330 4 0.081389
331 4 0.121805
332 4 0.118102
333 4 0.115651
334 4 0.088515
335 4 0.174667
336 4 0.036567
337 4 0.147343
338 4 0.038058
339 4 0.051639
340 4 0.120837
341 4 0.102382
342 4 0.089793
343 4 0.044642
344 4 0.292951
345 4 0.143442
346 4 0.074430
347 4 0.303407
348 4 0.072789
349 4 0.118720
350 4 0.157003
351 4 0.063754
352 4 0.178174
353 4 0.085061
354 4 0.016522
355 4 0.066273
356 4 0.101304
357 4 0.153698
358 4 0.101461
359 4 0.014262
360 4 0.022967
361 4 0.137072
362 4 0.148047
363 4 0.148146
364 4 0.141636
365 4 0.180056
366 4 0.097935
367 4 0.098768
368 4 0.114921
369 4 0.044288
370 4 0.022586
371 4 0.023424
372 4 0.111568
373 4 0.081134
374 4 0.056366
375 4 0.038766
376 4 0.087744
377 4 0.064753
378 4 0.089330
379 4 0.185206
380 4 0.057917
381 4 0.112420
382 4 0.238248
383 4 0.366089
384 4 0.164691
385 4 0.103218
386 4 0.193921
387 4 0.178321
388 4 0.100902
389 4 0.121859
390 4 0.118381
391 4 0.138239
392 4 0.050068
393 4 0.161150
394 4 0.082079
395 4 0.281312
396 4 0.107394
397 4 0.181193
398 4 0.148506
399 4 0.036656
400 5 0.106848
401 5 0.207042
402 5 0.055797
403 5 0.070485
404 5 0.070389
405 5 0.062627
406 5 0.111551
407 5 0.285107
408 5 0.049880
409 5 0.149842
410 5 0.238428
411 5 0.323641
412 5 0.036354
413 5 0.014690
414 5 0.085734
415 5 0.152029
416 5 0.016894
417 5 0.103434
418 5 0.057035
419 5 0.225708
420 5 0.112803
421 5 0.046787
422 5 0.102064
423 5 0.104192
424 5 0.078530
425 5 0.096356
426 5 0.103176
427 5 0.156194
428 5 0.150979
429 5 0.022807
430 5 0.240097
431 5 0.132706
432 5 0.169287
433 5 0.122499
434 5 0.070023
435 5 0.064929
436 5 0.104481
437 5 0.149948
438 5 0.018667
439 5 0.073052
440 5 0.206717
441 5 0.064294
442 5 0.100821
443 5 0.082101
444 5 0.151404
445 5 0.138794
446 5 0.078957
447 5 0.113090
448 5 0.117918
449 5 0.134474
450 5 0.141459
451 5 0.200218
452 5 0.108696
453 5 0.022677
454 5 0.089482
455 5 0.050934
456 5 0.088653
457 5 0.080516
458 5 0.151467
459 5 0.062829
460 5 0.158197
461 5 0.044690
462 5 0.157783
463 5 0.072088
464 5 0.145528
465 5 0.107641
466 5 0.157407
467 5 0.046916
468 5 0.086411
469 5 0.130768
470 5 0.090862
471 5 0.072674
472 5 0.014478
473 5 0.171810
474 5 0.037227
475 5 0.285709
476 5 0.108665
477 5 0.087574
478 5 0.062067
479 5 0.042901
480 5 0.078210
481 5 0.231586
482 5 0.088387
483 5 0.079988
484 5 0.023193
485 5 0.081500
486 5 0.145143
487 5 0.184888
488 5 0.115197
489 5 0.088698
490 5 0.063486
491 5 0.108767
492 5 0.265346
493 5 0.144503
494 5 0.070539
495 5 0.099946
496 5 0.200868
497 5 0.040850
498 5 0.057337
499 5 0.054282
500 6 0.035817
501 6 0.014904
502 6 0.040766
503 6 0.069215
504 6 0.214807
505 6 0.083424
506 6 0.018887
507 6 0.111528
508 6 0.181984
509 6 0.092431
510 6 0.064303
511 6 0.079569
512 6 0.100098
513 6 0.110803
514 6 0.174345
515 6 0.281116
516 6 0.053984
517 6 0.060407
518 6 0.098739
519 6 0.130357
520 6 0.216067
521 6 0.196029
522 6 0.113796
523 6 0.149474
524 6 0.057480
525 6 0.137439
526 6 0.117429
527 6 0.160799
528 6 0.037455
529 6 0.080325
530 6 0.124662
531 6 0.058580
532 6 0.231610
533 6 0.082390
534 6 0.046060
535 6 0.081805
536 6 0.139915
537 6 0.066082
538 6 0.180495
539 6 0.069639
540 6 0.100233
541 6 0.100713
542 6 0.049441
543 6 0.044912
544 6 0.105684
545 6 0.148230
546 6 0.056107
547 6 0.191093
548 6 0.119355
549 6 0.092658
550 6 0.093155
551 6 0.023362
552 6 0.065074
553 6 0.022781
554 6 0.058072
555 6 0.083910
556 6 0.084758
557 6 0.112558
558 6 0.144962
559 6 0.022789
560 6 0.101247
561 6 0.063014
562 6 0.048635
563 6 0.088504
564 6 0.018686
565 6 0.042148
566 6 0.088213
567 6 0.204866
568 6 0.212348
569 6 0.080829
570 6 0.016576
571 6 0.141106
572 6 0.073085
573 6 0.038205
574 6 0.118375
575 6 0.058098
576 6 0.014498
577 6 0.072738
578 6 0.065936
579 6 0.058405
580 6 0.112694
581 6 0.370378
582 6 0.079807
583 6 0.053824
584 6 0.188420
585 6 0.092251
586 6 0.110806
587 6 0.131126
588 6 0.046582
589 6 0.206780
590 6 0.230234
591 6 0.062457
592 6 0.074178
593 6 0.110735
594 6 0.112647
595 6 0.205426
596 6 0.082355
597 6 0.085122
598 6 0.087259
599 6 0.308292
600 7 0.093904
601 7 0.200077
602 7 0.083008
603 7 0.320727
604 7 0.018976
605 7 0.100379
606 7 0.127000
607 7 0.146308
608 7 0.191023
609 7 0.112363
610 7 0.233079
611 7 0.182196
612 7 0.112793
613 7 0.107391
614 7 0.072785
615 7 0.125168
616 7 0.066245
617 7 0.022930
618 7 0.078903
619 7 0.094686
620 7 0.018529
621 7 0.060071
622 7 0.036673
623 7 0.036953
624 7 0.053532
625 7 0.046673
626 7 0.134495
627 7 0.147065
628 7 0.063317
629 7 0.077125
630 7 0.174303
631 7 0.062921
632 7 0.040702
633 7 0.109846
634 7 0.124121
635 7 0.036884
636 7 0.014840
637 7 0.074263
638 7 0.081840
639 7 0.130130
640 7 0.080816
641 7 0.104088
642 7 0.107683
643 7 0.059151
644 7 0.086812
645 7 0.070380
646 7 0.088667
647 7 0.124054
648 7 0.129295
649 7 0.038375
650 7 0.110699
651 7 0.198649
652 7 0.137556
653 7 0.198911
654 7 0.080490
655 7 0.134745
656 7 0.041331
657 7 0.054583
658 7 0.098433
659 7 0.080264
660 7 0.040745
661 7 0.071466
662 7 0.102167
663 7 0.133402
664 7 0.120679
665 7 0.170300
666 7 0.070066
667 7 0.115564
668 7 0.079792
669 7 0.065525
670 7 0.101207
671 7 0.098960
672 7 0.204876
673 7 0.226715
674 7 0.074472
675 7 0.152150
676 7 0.149012
677 7 0.124255
678 7 0.080518
679 7 0.140599
680 7 0.210216
681 7 0.037852
682 7 0.084811
683 7 0.182788
684 7 0.140277
685 7 0.183245
686 7 0.159855
687 7 0.106272
688 7 0.015004
689 7 0.103075
690 7 0.176445
691 7 0.105179
692 7 0.022566
693 7 0.022643
694 7 0.059425
695 7 0.168121
696 7 0.059447
697 7 0.045688
698 7 0.098115
699 7 0.138041
700 8 0.156920
701 8 0.065956
702 8 0.100140
703 8 0.181572
704 8 0.068443
705 8 0.040676
706 8 0.022820
707 8 0.112815
708 8 0.091855
709 8 0.117067
710 8 0.197803
711 8 0.183210
712 8 0.036724
713 8 0.041325
714 8 0.086981
715 8 0.242799
716 8 0.163419
717 8 0.156952
718 8 0.140013
719 8 0.135243
720 8 0.110379
721 8 0.144166
722 8 0.121238
723 8 0.037583
724 8 0.087104
725 8 0.085075
726 8 0.122205
727 8 0.084018
728 8 0.058030
729 8 0.068561
730 8 0.036442
731 8 0.069741
732 8 0.096005
733 8 0.176941
734 8 0.099695
735 8 0.046374
736 8 0.077394
737 8 0.069713
738 8 0.076419
739 8 0.111190
740 8 0.051038
741 8 0.198547
742 8 0.061633
743 8 0.105913
744 8 0.110833
745 8 0.065401
746 8 0.022235
747 8 0.095620
748 8 0.065189
749 8 0.051641
750 8 0.049835
751 8 0.141773
752 8 0.153566
753 8 0.106158
754 8 0.125637
755 8 0.086030
756 8 0.117500
757 8 0.109468
758 8 0.048665
759 8 0.055728
760 8 0.064593
761 8 0.161654
762 8 0.087299
763 8 0.052722
764 8 0.103560
765 8 0.055252
766 8 0.083711
767 8 0.151641
768 8 0.148405
769 8 0.015278
770 8 0.068726
771 8 0.107827
772 8 0.063244
773 8 0.188621
774 8 0.080356
775 8 0.079299
776 8 0.060119
777 8 0.080427
778 8 0.050301
779 8 0.014913
780 8 0.136069
781 8 0.049080
782 8 0.022487
783 8 0.016635
784 8 0.018553
785 8 0.108566
786 8 0.149021
787 8 0.049387
788 8 0.100683
789 8 0.018897
790 8 0.071611
791 8 0.076273
792 8 0.126665
793 8 0.236776
794 8 0.123332
795 8 0.053015
796 8 0.071097
797 8 0.039788
798 8 0.081923
799 8 0.091394
800 9 0.087459
801 9 0.080339
802 9 0.140326
803 9 0.096522
804 9 0.150974
805 9 0.165255
806 9 0.091217
807 9 0.045306
808 9 0.142609
809 9 0.056076
810 9 0.109927
811 9 0.101684
812 9 0.273637
813 9 0.061081
814 9 0.064239
815 9 0.067555
816 9 0.073505
817 9 0.153425
818 9 0.132544
819 9 0.057358
820 9 0.066077
821 9 0.048868
822 9 0.048574
823 9 0.130960
824 9 0.080008
825 9 0.073320
826 9 0.143851
827 9 0.061473
828 9 0.156799
829 9 0.185443
830 9 0.018919
831 9 0.148867
832 9 0.105381
833 9 0.095633
834 9 0.121641
835 9 0.015477
836 9 0.086144
837 9 0.101624
838 9 0.136080
839 9 0.090409
840 9 0.106134
841 9 0.196365
842 9 0.146289
843 9 0.052271
844 9 0.131502
845 9 0.022660
846 9 0.071028
847 9 0.149528
848 9 0.018441
849 9 0.080823
850 9 0.049586
851 9 0.122167
852 9 0.070317
853 9 0.169337
854 9 0.081877
855 9 0.079959
856 9 0.054487
857 9 0.040197
858 9 0.090218
859 9 0.135265
860 9 0.122217
861 9 0.044743
862 9 0.064948
863 9 0.056485
864 9 0.022206
865 9 0.059535
866 9 0.127831
867 9 0.085560
868 9 0.140848
869 9 0.052334
870 9 0.063977
871 9 0.039739
872 9 0.105168
873 9 0.084913
874 9 0.168936
875 9 0.166230
876 9 0.014928
877 9 0.036200
878 9 0.191536
879 9 0.177721
880 9 0.070864
881 9 0.126999
882 9 0.124228
883 9 0.063465
884 9 0.134446
885 9 0.068601
886 9 0.016409
887 9 0.168049
888 9 0.058454
889 9 0.071680
890 9 0.088126
891 9 0.239860
892 9 0.078635
893 9 0.037035
894 9 0.033743
895 9 0.155704
896 9 0.022347
897 9 0.048274
898 9 0.041442
899 9 0.129261
900 10 0.059189
901 10 0.014997
902 10 0.071067
903 10 0.090527
904 10 0.114063
905 10 0.263782
906 10 0.045150
907 10 0.041214
908 10 0.104305
909 10 0.140751
910 10 0.051583
911 10 0.159729
912 10 0.136868
913 10 0.049699
914 10 0.036126
915 10 0.101463
916 10 0.064954
917 10 0.107153
918 10 0.143388
919 10 0.096942
920 10 0.052427
921 10 0.125872
922 10 0.059356
923 10 0.117141
924 10 0.142761
925 10 0.055463
926 10 0.071036
927 10 0.121548
928 10 0.068991
929 10 0.088952
930 10 0.232497
931 10 0.098707
932 10 0.176548
933 10 0.059700
934 10 0.082483
935 10 0.045721
936 10 0.198759
937 10 0.069320
938 10 0.055821
939 10 0.049379
940 10 0.109644
941 10 0.073651
942 10 0.168079
943 10 0.018896
944 10 0.076338
945 10 0.108553
946 10 0.122039
947 10 0.106909
948 10 0.016525
949 10 0.084718
950 10 0.071583
951 10 0.078708
952 10 0.075350
953 10 0.059883
954 10 0.108371
955 10 0.191721
956 10 0.140772
957 10 0.044603
958 10 0.105213
959 10 0.086967
960 10 0.106024
961 10 0.079283
962 10 0.037172
963 10 0.126313
964 10 0.022825
965 10 0.079751
966 10 0.060039
967 10 0.066923
968 10 0.104493
969 10 0.137360
970 10 0.022387
971 10 0.054383
972 10 0.048095
973 10 0.034559
974 10 0.119319
975 10 0.068972
976 10 0.085634
977 10 0.086728
978 10 0.040315
979 10 0.182277
980 10 0.217890
981 10 0.048530
982 10 0.022353
983 10 0.015641
984 10 0.062674
985 10 0.057857
986 10 0.058054
987 10 0.085782
988 10 0.110782
989 10 0.078629
990 10 0.039549
991 10 0.165816
992 10 0.073987
993 10 0.033270
994 10 0.121844
995 10 0.138214
996 10 0.083746
997 10 0.173021
998 10 0.169422
999 10 0.100323
1000 11 0.158319
1001 11 0.056810
1002 11 0.068189
1003 11 0.131049
1004 11 0.096663
1005 11 0.114671
1006 11 0.016726
1007 11 0.141009
1008 11 0.061873
1009 11 0.066792
1010 11 0.195514
1011 11 0.078954
1012 11 0.164327
1013 11 0.157315
1014 11 0.036504
1015 11 0.091294
1016 11 0.172472
1017 11 0.018596
1018 11 0.169025
1019 11 0.180025
1020 11 0.085642
1021 11 0.159188
1022 11 0.076627
1023 11 0.039744
1024 11 0.069098
1025 11 0.111889
1026 11 0.077174
1027 11 0.087064
1028 11 0.260883
1029 11 0.134667
1030 11 0.135861
1031 11 0.089913
1032 11 0.109272
1033 11 0.140918
1034 11 0.022233
1035 11 0.051432
1036 11 0.102288
1037 11 0.018880
1038 11 0.015475
1039 11 0.064416
1040 11 0.042059
1041 11 0.117432
1042 11 0.104942
1043 11 0.084482
1044 11 0.075845
1045 11 0.048229
1046 11 0.046111
1047 11 0.072981
1048 11 0.089243
1049 11 0.060800
1050 11 0.022015
1051 11 0.094275
1052 11 0.053801
1053 11 0.036344
1054 11 0.107566
1055 11 0.053624
1056 11 0.085555
1057 11 0.068219
1058 11 0.161948
1059 11 0.202132
1060 11 0.094191
1061 11 0.052231
1062 11 0.105814
1063 11 0.141109
1064 11 0.056555
1065 11 0.173080
1066 11 0.063607
1067 11 0.089374
1068 11 0.054168
1069 11 0.035727
1070 11 0.015910
1071 11 0.133333
1072 11 0.127861
1073 11 0.076256
1074 11 0.118408
1075 11 0.080814
1076 11 0.062924
1077 11 0.122203
1078 11 0.046039
1079 11 0.080524
1080 11 0.060424
1081 11 0.022630
1082 11 0.065161
1083 11 0.172526
1084 11 0.090443
1085 11 0.130076
1086 11 0.078186
1087 11 0.040507
1088 11 0.044901
1089 11 0.127137
1090 11 0.052262
1091 11 0.114567
1092 11 0.131877
1093 11 0.120565
1094 11 0.258339
1095 11 0.090485
1096 11 0.122100
1097 11 0.062030
1098 11 0.037051
1099 11 0.058614
1100 12 0.047688
1101 12 0.088532
1102 12 0.108831
1103 12 0.099357
1104 12 0.128976
1105 12 0.041227
1106 12 0.075504
1107 12 0.039323
1108 12 0.127631
1109 12 0.062992
1110 12 0.036767
1111 12 0.086281
1112 12 0.051083
1113 12 0.092913
1114 12 0.121538
1115 12 0.119745
1116 12 0.016618
1117 12 0.127545
1118 12 0.132260
1119 12 0.071236
1120 12 0.076075
1121 12 0.038280
1122 12 0.066170
1123 12 0.109651
1124 12 0.022712
1125 12 0.046192
1126 12 0.127467
1127 12 0.049996
1128 12 0.190153
1129 12 0.081482
1130 12 0.081808
1131 12 0.082778
1132 12 0.095011
1133 12 0.073068
1134 12 0.112612
1135 12 0.078611
1136 12 0.058353
1137 12 0.022303
1138 12 0.106579
1139 12 0.070571
1140 12 0.112476
1141 12 0.109851
1142 12 0.085665
1143 12 0.129680
1144 12 0.075959
1145 12 0.119528
1146 12 0.110027
1147 12 0.103655
1148 12 0.015849
1149 12 0.132979
1150 12 0.178210
1151 12 0.213098
1152 12 0.019423
1153 12 0.035888
1154 12 0.032764
1155 12 0.045751
1156 12 0.054637
1157 12 0.080687
1158 12 0.022563
1159 12 0.120966
1160 12 0.054281
1161 12 0.111411
1162 12 0.060075
1163 12 0.202771
1164 12 0.077881
1165 12 0.110380
1166 12 0.055884
1167 12 0.140402
1168 12 0.065099
1169 12 0.052470
1170 12 0.089624
1171 12 0.130848
1172 12 0.087332
1173 12 0.016256
1174 12 0.076489
1175 12 0.057752
1176 12 0.039788
1177 12 0.088092
1178 12 0.048324
1179 12 0.110279
1180 12 0.055891
1181 12 0.058879
1182 12 0.109302
1183 12 0.036770
1184 12 0.170207
1185 12 0.132286
1186 12 0.018959
1187 12 0.053881
1188 12 0.146308
1189 12 0.076966
1190 12 0.114631
1191 12 0.183504
1192 12 0.080650
1193 12 0.045208
1194 12 0.061099
1195 12 0.059918
1196 12 0.073338
1197 12 0.083818
1198 12 0.128713
1199 12 0.077680
1200 13 0.022529
1201 13 0.035809
1202 13 0.122578
1203 13 0.054101
1204 13 0.140904
1205 13 0.185196
1206 13 0.136339
1207 13 0.110851
1208 13 0.071515
1209 13 0.166677
1210 13 0.057833
1211 13 0.095200
1212 13 0.150178
1213 13 0.057369
1214 13 0.068060
1215 13 0.100238
1216 13 0.186143
1217 13 0.126494
1218 13 0.067985
1219 13 0.039170
1220 13 0.087623
1221 13 0.044791
1222 13 0.065854
1223 13 0.046158
1224 13 0.157671
1225 13 0.022418
1226 13 0.068662
1227 13 0.065814
1228 13 0.108404
1229 13 0.042540
1230 13 0.133307
1231 13 0.016213
1232 13 0.039357
1233 13 0.059976
1234 13 0.091697
1235 13 0.108974
1236 13 0.093726
1237 13 0.081407
1238 13 0.090429
1239 13 0.063216
1240 13 0.084344
1241 13 0.118127
1242 13 0.042112
1243 13 0.047012
1244 13 0.074379
1245 13 0.016931
1246 13 0.063681
1247 13 0.053713
1248 13 0.081649
1249 13 0.022728
1250 13 0.174672
1251 13 0.105630
1252 13 0.075675
1253 13 0.015896
1254 13 0.070085
1255 13 0.036442
1256 13 0.062996
1257 13 0.086891
1258 13 0.130534
1259 13 0.106079
1260 13 0.057649
1261 13 0.059290
1262 13 0.121375
1263 13 0.126944
1264 13 0.096720
1265 13 0.140480
1266 13 0.049130
1267 13 0.051927
1268 13 0.089600
1269 13 0.114996
1270 13 0.156018
1271 13 0.101413
1272 13 0.171734
1273 13 0.089534
1274 13 0.101747
1275 13 0.131216
1276 13 0.155409
1277 13 0.157437
1278 13 0.120792
1279 13 0.104917
1280 13 0.053866
1281 13 0.079212
1282 13 0.095665
1283 13 0.073299
1284 13 0.050784
1285 13 0.063794
1286 13 0.047828
1287 13 0.045289
1288 13 0.051770
1289 13 0.164047
1290 13 0.109360
1291 13 0.032444
1292 13 0.064416
1293 13 0.055553
1294 13 0.243017
1295 13 0.126646
1296 13 0.069921
1297 13 0.047490
1298 13 0.019555
1299 13 0.018929
1300 14 0.076473
1301 14 0.162430
1302 14 0.100956
1303 14 0.106311
1304 14 0.068460
1305 14 0.176182
1306 14 0.067204
1307 14 0.016151
1308 14 0.253723
1309 14 0.101837
1310 14 0.152069
1311 14 0.104070
1312 14 0.063492
1313 14 0.051794
1314 14 0.117462
1315 14 0.045805
1316 14 0.119325
1317 14 0.046761
1318 14 0.147064
1319 14 0.016393
1320 14 0.022585
1321 14 0.048236
1322 14 0.016899
1323 14 0.122743
1324 14 0.022347
1325 14 0.075081
1326 14 0.058235
1327 14 0.057399
1328 14 0.088250
1329 14 0.057641
1330 14 0.118346
1331 14 0.065784
1332 14 0.124110
1333 14 0.098359
1334 14 0.064414
1335 14 0.118971
1336 14 0.118907
1337 14 0.065522
1338 14 0.065317
1339 14 0.093141
1340 14 0.115487
1341 14 0.018446
1342 14 0.044993
1343 14 0.127133
1344 14 0.078760
1345 14 0.107950
1346 14 0.063451
1347 14 0.112349
1348 14 0.114546
1349 14 0.070795
1350 14 0.191498
1351 14 0.084649
1352 14 0.036281
1353 14 0.050578
1354 14 0.109070
1355 14 0.108871
1356 14 0.148008
1357 14 0.083641
1358 14 0.118672
1359 14 0.206271
1360 14 0.074309
1361 14 0.059143
1362 14 0.057724
1363 14 0.103849
1364 14 0.044936
1365 14 0.077351
1366 14 0.112024
1367 14 0.057157
1368 14 0.032330
1369 14 0.047507
1370 14 0.103513
1371 14 0.099500
1372 14 0.061424
1373 14 0.039197
1374 14 0.105277
1375 14 0.035559
1376 14 0.088927
1377 14 0.047657
1378 14 0.055199
1379 14 0.111803
1380 14 0.115892
1381 14 0.103328
1382 14 0.073080
1383 14 0.039272
1384 14 0.056435
1385 14 0.134885
1386 14 0.131340
1387 14 0.057456
1388 14 0.133953
1389 14 0.126248
1390 14 0.037202
1391 14 0.087684
1392 14 0.019501
1393 14 0.077467
1394 14 0.053842
1395 14 0.132383
1396 14 0.161665
1397 14 0.022856
1398 14 0.081032
1399 14 0.055893
1400 15 0.104742
1401 15 0.056176
1402 15 0.036163
1403 15 0.221157
1404 15 0.055548
1405 15 0.096105
1406 15 0.182914
1407 15 0.130183
1408 15 0.133699
1409 15 0.092302
1410 15 0.048049
1411 15 0.065428
1412 15 0.098717
1413 15 0.148681
1414 15 0.060965
1415 15 0.070015
1416 15 0.054878
1417 15 0.094889
1418 15 0.016591
1419 15 0.084290
1420 15 0.102505
1421 15 0.038919
1422 15 0.053890
1423 15 0.097989
1424 15 0.077511
1425 15 0.159225
1426 15 0.039201
1427 15 0.016068
1428 15 0.036131
1429 15 0.057929
1430 15 0.045970
1431 15 0.053294
1432 15 0.047124
1433 15 0.022611
1434 15 0.037677
1435 15 0.095190
1436 15 0.081417
1437 15 0.057033
1438 15 0.076632
1439 15 0.087395
1440 15 0.051075
1441 15 0.041458
1442 15 0.069232
1443 15 0.104649
1444 15 0.042406
1445 15 0.104050
1446 15 0.097616
1447 15 0.135726
1448 15 0.077424
1449 15 0.050902
1450 15 0.158965
1451 15 0.057674
1452 15 0.078775
1453 15 0.157302
1454 15 0.064330
1455 15 0.156567
1456 15 0.051605
1457 15 0.019010
1458 15 0.017086
1459 15 0.109226
1460 15 0.065406
1461 15 0.052382
1462 15 0.032236
1463 15 0.019545
1464 15 0.080982
1465 15 0.123052
1466 15 0.104311
1467 15 0.140871
1468 15 0.045279
1469 15 0.057740
1470 15 0.071446
1471 15 0.154374
1472 15 0.068013
1473 15 0.159219
1474 15 0.062906
1475 15 0.115587
1476 15 0.132903
1477 15 0.115491
1478 15 0.155314
1479 15 0.219691
1480 15 0.157325
1481 15 0.022689
1482 15 0.065575
1483 15 0.047340
1484 15 0.145794
1485 15 0.107200
1486 15 0.061872
1487 15 0.059409
1488 15 0.022744
1489 15 0.104413
1490 15 0.068069
1491 15 0.068663
1492 15 0.112891
1493 15 0.120225
1494 15 0.072806
1495 15 0.099356
1496 15 0.076538
1497 15 0.106771
1498 15 0.132150
1499 15 0.045167
1500 16 0.118932
1501 16 0.037763
1502 16 0.108521
1503 16 0.059690
1504 16 0.061311
1505 16 0.036247
1506 16 0.019620
1507 16 0.057054
1508 16 0.116892
1509 16 0.038975
1510 16 0.179077
1511 16 0.087566
1512 16 0.042555
1513 16 0.088076
1514 16 0.072230
1515 16 0.143906
1516 16 0.103785
1517 16 0.147567
1518 16 0.084390
1519 16 0.105060
1520 16 0.092040
1521 16 0.213835
1522 16 0.081963
1523 16 0.106877
1524 16 0.079009
1525 16 0.045271
1526 16 0.102763
1527 16 0.111018
1528 16 0.050838
1529 16 0.045851
1530 16 0.045753
1531 16 0.093923
1532 16 0.022699
1533 16 0.017304
1534 16 0.050849
1535 16 0.065067
1536 16 0.131410
1537 16 0.134194
1538 16 0.022958
1539 16 0.078122
1540 16 0.187287
1541 16 0.115229
1542 16 0.136441
1543 16 0.062717
1544 16 0.055796
1545 16 0.037190
1546 16 0.167497
1547 16 0.150078
1548 16 0.082070
1549 16 0.053584
1550 16 0.136074
1551 16 0.107337
1552 16 0.035653
1553 16 0.047236
1554 16 0.114410
1555 16 0.053822
1556 16 0.067892
1557 16 0.019226
1558 16 0.044909
1559 16 0.080389
1560 16 0.065785
1561 16 0.116213
1562 16 0.038887
1563 16 0.111499
1564 16 0.052290
1565 16 0.057581
1566 16 0.059320
1567 16 0.057846
1568 16 0.081284
1569 16 0.121915
1570 16 0.073003
1571 16 0.128633
1572 16 0.083860
1573 16 0.063217
1574 16 0.016908
1575 16 0.156240
1576 16 0.132427
1577 16 0.036120
1578 16 0.122164
1579 16 0.055665
1580 16 0.071023
1581 16 0.051607
1582 16 0.094351
1583 16 0.016506
1584 16 0.087813
1585 16 0.063988
1586 16 0.123972
1587 16 0.077025
1588 16 0.157347
1589 16 0.067783
1590 16 0.087580
1591 16 0.022730
1592 16 0.031881
1593 16 0.077590
1594 16 0.077323
1595 16 0.146896
1596 16 0.103200
1597 16 0.064267
1598 16 0.048105
1599 16 0.110793
1600 17 0.019179
1601 17 0.101935
1602 17 0.068876
1603 17 0.057001
1604 17 0.044764
1605 17 0.110498
1606 17 0.067858
1607 17 0.115922
1608 17 0.156122
1609 17 0.083176
1610 17 0.079956
1611 17 0.111635
1612 17 0.099116
1613 17 0.148664
1614 17 0.110422
1615 17 0.017066
1616 17 0.075174
1617 17 0.166134
1618 17 0.045140
1619 17 0.052305
1620 17 0.103104
1621 17 0.078533
1622 17 0.129846
1623 17 0.072684
1624 17 0.094134
1625 17 0.048010
1626 17 0.158159
1627 17 0.081615
1628 17 0.063866
1629 17 0.062305
1630 17 0.035690
1631 17 0.107126
1632 17 0.045892
1633 17 0.072739
1634 17 0.059315
1635 17 0.072261
1636 17 0.068583
1637 17 0.125970
1638 17 0.136646
1639 17 0.072465
1640 17 0.062738
1641 17 0.141402
1642 17 0.055585
1643 17 0.055730
1644 17 0.196601
1645 17 0.031856
1646 17 0.087023
1647 17 0.102955
1648 17 0.137149
1649 17 0.095105
1650 17 0.056775
1651 17 0.065855
1652 17 0.072727
1653 17 0.099517
1654 17 0.085966
1655 17 0.062669
1656 17 0.019786
1657 17 0.055607
1658 17 0.103423
1659 17 0.113877
1660 17 0.259328
1661 17 0.063975
1662 17 0.084448
1663 17 0.061588
1664 17 0.083398
1665 17 0.022760
1666 17 0.022975
1667 17 0.082426
1668 17 0.067664
1669 17 0.106896
1670 17 0.022751
1671 17 0.016694
1672 17 0.036056
1673 17 0.053690
1674 17 0.119287
1675 17 0.105042
1676 17 0.076989
1677 17 0.126725
1678 17 0.122107
1679 17 0.046187
1680 17 0.393317
1681 17 0.045871
1682 17 0.077554
1683 17 0.084017
1684 17 0.267207
1685 17 0.085212
1686 17 0.069858
1687 17 0.049519
1688 17 0.060511
1689 17 0.057181
1690 17 0.151549
1691 17 0.116134
1692 17 0.094817
1693 17 0.017154
1694 17 0.076140
1695 17 0.037707
1696 17 0.058579
1697 17 0.111226
1698 17 0.048058
1699 17 0.062031
1700 18 0.046909
1701 18 0.075029
1702 18 0.120723
1703 18 0.062514
1704 18 0.056970
1705 18 0.500686
1706 18 0.067991
1707 18 0.155661
1708 18 0.038710
1709 18 0.080380
1710 18 0.063805
1711 18 0.078218
1712 18 0.031685
1713 18 0.104726
1714 18 0.106125
1715 18 0.126317
1716 18 0.136592
1717 18 0.233952
1718 18 0.042810
1719 18 0.057661
1720 18 0.016555
1721 18 0.113803
1722 18 0.103361
1723 18 0.096896
1724 18 0.072124
1725 18 0.067551
1726 18 0.037437
1727 18 0.035988
1728 18 0.082405
1729 18 0.126653
1730 18 0.134778
1731 18 0.140662
1732 18 0.119061
1733 18 0.057154
1734 18 0.086721
1735 18 0.019119
1736 18 0.055206
1737 18 0.103275
1738 18 0.022895
1739 18 0.064656
1740 18 0.128697
1741 18 0.073469
1742 18 0.016791
1743 18 0.054432
1744 18 0.076609
1745 18 0.104540
1746 18 0.045216
1747 18 0.081649
1748 18 0.163009
1749 18 0.154650
1750 18 0.077610
1751 18 0.051510
1752 18 0.098369
1753 18 0.096985
1754 18 0.051990
1755 18 0.053494
1756 18 0.100150
1757 18 0.106035
1758 18 0.142701
1759 18 0.078135
1760 18 0.103457
1761 18 0.022441
1762 18 0.077136
1763 18 0.093729
1764 18 0.084702
1765 18 0.138942
1766 18 0.131612
1767 18 0.077771
1768 18 0.061473
1769 18 0.129926
1770 18 0.218213
1771 18 0.070054
1772 18 0.107356
1773 18 0.019550
1774 18 0.065898
1775 18 0.066854
1776 18 0.139189
1777 18 0.056821
1778 18 0.083367
1779 18 0.119977
1780 18 0.161760
1781 18 0.053413
1782 18 0.045238
1783 18 0.095461
1784 18 0.059164
1785 18 0.051695
1786 18 0.036517
1787 18 0.047667
1788 18 0.089487
1789 18 0.083239
1790 18 0.132844
1791 18 0.136498
1792 18 0.129682
1793 18 0.017296
1794 18 0.054910
1795 18 0.035720
1796 18 0.022542
1797 18 0.056267
1798 18 0.082980
1799 18 0.065815
1800 19 0.102930
1801 19 0.095462
1802 19 0.069178
1803 19 0.090459
1804 19 0.054722
1805 19 0.117389
1806 19 0.070805
1807 19 0.067964
1808 19 0.042980
1809 19 0.097152
1810 19 0.037493
1811 19 0.035652
1812 19 0.080453
1813 19 0.103913
1814 19 0.083186
1815 19 0.069719
1816 19 0.118760
1817 19 0.109355
1818 19 0.056034
1819 19 0.074918
1820 19 0.185063
1821 19 0.146360
1822 19 0.063004
1823 19 0.019789
1824 19 0.062185
1825 19 0.077045
1826 19 0.035857
1827 19 0.150729
1828 19 0.056996
1829 19 0.126473
1830 19 0.079555
1831 19 0.057699
1832 19 0.049031
1833 19 0.097790
1834 19 0.078795
1835 19 0.017123
1836 19 0.046031
1837 19 0.045648
1838 19 0.057687
1839 19 0.095656
1840 19 0.055660
1841 19 0.079001
1842 19 0.122251
1843 19 0.125303
1844 19 0.022923
1845 19 0.046908
1846 19 0.048205
1847 19 0.051553
1848 19 0.036181
1849 19 0.110334
1850 19 0.045341
1851 19 0.022671
1852 19 0.037492
1853 19 0.087536
1854 19 0.103199
1855 19 0.112540
1856 19 0.112366
1857 19 0.067404
1858 19 0.081409
1859 19 0.099573
1860 19 0.152642
1861 19 0.016456
1862 19 0.098647
1863 19 0.083435
1864 19 0.073237
1865 19 0.085505
1866 19 0.110713
1867 19 0.078331
1868 19 0.218592
1869 19 0.132831
1870 19 0.077302
1871 19 0.188299
1872 19 0.046684
1873 19 0.125662
1874 19 0.139280
1875 19 0.053759
1876 19 0.125664
1877 19 0.058682
1878 19 0.165277
1879 19 0.061602
1880 19 0.058812
1881 19 0.045096
1882 19 0.017304
1883 19 0.057125
1884 19 0.072768
1885 19 0.068106
1886 19 0.097151
1887 19 0.076547
1888 19 0.046669
1889 19 0.038428
1890 19 0.134572
1891 19 0.107293
1892 19 0.100740
1893 19 0.121861
1894 19 0.116019
1895 19 0.031714
1896 19 0.057258
1897 19 0.086579
1898 19 0.019119
1899 19 0.022682
1900 20 0.051667
1901 20 0.065566
1902 20 0.046791
1903 20 0.056772
1904 20 0.072994
1905 20 0.123574
1906 20 0.053539
1907 20 0.035766
1908 20 0.110687
1909 20 0.153602
1910 20 0.091737
1911 20 0.040284
1912 20 0.067946
1913 20 0.087810
1914 20 0.055934
1915 20 0.126084
1916 20 0.055521
1917 20 0.062340
1918 20 0.086393
1919 20 0.017125
1920 20 0.092311
1921 20 0.061806
1922 20 0.099730
1923 20 0.119577
1924 20 0.138967
1925 20 0.110152
1926 20 0.160358
1927 20 0.092579
1928 20 0.054563
1929 20 0.063613
1930 20 0.141230
1931 20 0.115869
1932 20 0.137856
1933 20 0.098642
1934 20 0.117405
1935 20 0.123785
1936 20 0.055489
1937 20 0.019536
1938 20 0.092607
1939 20 0.053790
1940 20 0.084825
1941 20 0.105278
1942 20 0.035843
1943 20 0.063587
1944 20 0.018975
1945 20 0.022654
1946 20 0.083410
1947 20 0.054503
1948 20 0.140399
1949 20 0.072891
1950 20 0.052033
1951 20 0.114374
1952 20 0.092102
1953 20 0.058350
1954 20 0.051887
1955 20 0.077395
1956 20 0.056188
1957 20 0.048342
1958 20 0.096308
1959 20 0.121054
1960 20 0.062053
1961 20 0.049766
1962 20 0.067741
1963 20 0.022428
1964 20 0.087347
1965 20 0.066458
1966 20 0.031671
1967 20 0.094685
1968 20 0.056422
1969 20 0.095025
1970 20 0.097381
1971 20 0.088576
1972 20 0.079195
1973 20 0.075603
1974 20 0.049761
1975 20 0.125614
1976 20 0.069195
1977 20 0.101482
1978 20 0.124116
1979 20 0.052173
1980 20 0.112289
1981 20 0.082127
1982 20 0.038205
1983 20 0.121902
1984 20 0.016334
1985 20 0.056777
1986 20 0.088350
1987 20 0.022411
1988 20 0.088862
1989 20 0.172045
1990 20 0.059119
1991 20 0.036445
1992 20 0.118986
1993 20 0.082501
1994 20 0.103072
1995 20 0.076889
1996 20 0.156206
1997 20 0.054520
1998 20 0.086709
1999 20 0.093344
2000 21 0.105687
2001 21 0.072919
2002 21 0.037520
2003 21 0.083228
2004 21 0.087343
2005 21 0.075237
2006 21 0.069714
2007 21 0.086483
2008 21 0.055582
2009 21 0.099941
2010 21 0.081459
2011 21 0.065784
2012 21 0.186232
2013 21 0.063523
2014 21 0.114163
2015 21 0.070439
2016 21 0.022050
2017 21 0.055804
2018 21 0.181102
2019 21 0.107692
2020 21 0.114547
2021 21 0.051916
2022 21 0.095513
2023 21 0.078654
2024 21 0.097930
2025 21 0.066215
2026 21 0.092632
2027 21 0.107257
2028 21 0.098953
2029 21 0.063107
2030 21 0.051704
2031 21 0.042848
2032 21 0.056347
2033 21 0.048137
2034 21 0.083587
2035 21 0.072103
2036 21 0.083622
2037 21 0.016514
2038 21 0.122380
2039 21 0.035298
2040 21 0.063750
2041 21 0.036584
2042 21 0.054939
2043 21 0.096483
2044 21 0.044801
2045 21 0.114314
2046 21 0.094953
2047 21 0.055659
2048 21 0.120246
2049 21 0.100682
2050 21 0.051670
2051 21 0.016748
2052 21 0.031901
2053 21 0.086599
2054 21 0.071669
2055 21 0.056523
2056 21 0.161342
2057 21 0.090870
2058 21 0.022005
2059 21 0.053635
2060 21 0.047552
2061 21 0.022248
2062 21 0.038278
2063 21 0.045226
2064 21 0.095381
2065 21 0.144192
2066 21 0.140191
2067 21 0.084962
2068 21 0.090206
2069 21 0.092887
2070 21 0.035594
2071 21 0.148262
2072 21 0.116196
2073 21 0.057468
2074 21 0.158123
2075 21 0.056095
2076 21 0.107544
2077 21 0.067757
2078 21 0.111222
2079 21 0.130113
2080 21 0.067459
2081 21 0.145245
2082 21 0.084976
2083 21 0.091787
2084 21 0.019194
2085 21 0.016040
2086 21 0.099371
2087 21 0.064532
2088 21 0.085757
2089 21 0.104430
2090 21 0.018403
2091 21 0.037760
2092 21 0.391456
2093 21 0.144513
2094 21 0.057186
2095 21 0.076655
2096 21 0.074136
2097 21 0.111105
2098 21 0.057175
2099 21 0.039705
2100 22 0.156254
2101 22 0.088488
2102 22 0.060862
2103 22 0.131718
2104 22 0.151703
2105 22 0.083732
2106 22 0.150847
2107 22 0.154586
2108 22 0.096994
2109 22 0.019077
2110 22 0.124073
2111 22 0.071157
2112 22 0.022186
2113 22 0.131485
2114 22 0.021872
2115 22 0.085565
2116 22 0.067644
2117 22 0.038171
2118 22 0.056186
2119 22 0.049919
2120 22 0.084158
2121 22 0.064679
2122 22 0.072597
2123 22 0.077916
2124 22 0.122503
2125 22 0.078449
2126 22 0.123579
2127 22 0.051523
2128 22 0.223743
2129 22 0.061640
2130 22 0.039823
2131 22 0.057886
2132 22 0.057774
2133 22 0.119468
2134 22 0.057475
2135 22 0.128983
2136 22 0.149582
2137 22 0.072757
2138 22 0.059218
2139 22 0.104914
2140 22 0.076728
2141 22 0.068370
2142 22 0.085561
2143 22 0.101703
2144 22 0.071869
2145 22 0.047284
2146 22 0.077272
2147 22 0.106143
2148 22 0.182145
2149 22 0.083339
2150 22 0.053526
2151 22 0.058400
2152 22 0.075112
2153 22 0.051040
2154 22 0.091804
2155 22 0.016409
2156 22 0.015692
2157 22 0.121833
2158 22 0.059334
2159 22 0.083991
2160 22 0.088289
2161 22 0.051894
2162 22 0.035548
2163 22 0.056740
2164 22 0.089864
2165 22 0.084949
2166 22 0.197677
2167 22 0.021888
2168 22 0.056296
2169 22 0.111396
2170 22 0.101916
2171 22 0.067495
2172 22 0.144352
2173 22 0.099256
2174 22 0.072583
2175 22 0.064421
2176 22 0.123378
2177 22 0.016448
2178 22 0.038180
2179 22 0.105774
2180 22 0.065069
2181 22 0.075551
2182 22 0.062686
2183 22 0.119904
2184 22 0.051625
2185 22 0.091104
2186 22 0.051978
2187 22 0.128523
2188 22 0.103356
2189 22 0.066287
2190 22 0.063763
2191 22 0.045990
2192 22 0.035372
2193 22 0.063635
2194 22 0.018158
2195 22 0.031502
2196 22 0.114809
2197 22 0.049573
2198 22 0.056174
2199 22 0.039461
