# Batch convergence for: model=snn-ae encoding=latency architecture=dense v_th=1 alpha=0.8 run=2
batch_num epoch batch_loss
0 1 0.566680
1 1 0.683707
2 1 0.669503
3 1 0.521301
4 1 0.844463
5 1 0.711973
6 1 0.622570
7 1 0.669200
8 1 0.488651
9 1 0.635811
10 1 0.760478
11 1 0.599627
12 1 0.578391
13 1 0.651411
14 1 0.573334
15 1 0.509284
16 1 0.508108
17 1 0.638692
18 1 0.623549
19 1 0.490111
20 1 0.612849
21 1 0.100810
22 1 0.554393
23 1 0.622686
24 1 0.466598
25 1 0.623549
26 1 0.485092
27 1 0.742317
28 1 0.544974
29 1 0.543151
30 1 0.459532
31 1 0.518703
32 1 0.524999
33 1 0.464181
34 1 0.488294
35 1 0.550747
36 1 0.583847
37 1 0.430126
38 1 0.613289
39 1 0.502768
40 1 0.486659
41 1 0.427269
42 1 0.446327
43 1 0.449348
44 1 0.445928
45 1 0.414112
46 1 0.401067
47 1 0.408305
48 1 0.536402
49 1 0.534461
50 1 0.111821
51 1 0.487484
52 1 0.442848
53 1 0.136396
54 1 0.742031
55 1 0.482365
56 1 0.496628
57 1 0.456623
58 1 0.414659
59 1 0.418621
60 1 0.450558
61 1 0.424879
62 1 0.464207
63 1 0.442317
64 1 0.398318
65 1 0.356437
66 1 0.029903
67 1 0.512828
68 1 0.301155
69 1 0.348583
70 1 0.358324
71 1 0.298578
72 1 0.033231
73 1 0.346874
74 1 0.473609
75 1 0.359398
76 1 0.323411
77 1 0.368081
78 1 0.326551
79 1 0.351979
80 1 0.594958
81 1 0.339101
82 1 0.296955
83 1 0.356615
84 1 0.278001
85 1 0.328883
86 1 0.297926
87 1 0.380725
88 1 0.317224
89 1 0.420567
90 1 0.265550
91 1 0.343784
92 1 0.262911
93 1 0.271591
94 1 0.288887
95 1 0.276232
96 1 0.282671
97 1 0.252649
98 1 0.272740
99 1 0.257645
100 2 0.319438
101 2 0.223995
102 2 0.218788
103 2 0.235375
104 2 0.325114
105 2 0.226205
106 2 0.391770
107 2 0.226194
108 2 0.262621
109 2 0.311750
110 2 0.325954
111 2 0.129519
112 2 0.278223
113 2 0.419338
114 2 0.216821
115 2 0.265812
116 2 0.206439
117 2 0.178447
118 2 0.237971
119 2 0.226196
120 2 0.172641
121 2 0.276568
122 2 0.169439
123 2 0.241251
124 2 0.180614
125 2 0.256477
126 2 0.223561
127 2 0.229472
128 2 0.310987
129 2 0.216649
130 2 0.289471
131 2 0.264233
132 2 0.230536
133 2 0.202057
134 2 0.176639
135 2 0.197341
136 2 0.171003
137 2 0.195603
138 2 0.207923
139 2 0.262994
140 2 0.162354
141 2 0.238299
142 2 0.255370
143 2 0.219168
144 2 0.245179
145 2 0.199150
146 2 0.248002
147 2 0.254877
148 2 0.180150
149 2 0.209799
150 2 0.292563
151 2 0.198860
152 2 0.197163
153 2 0.184380
154 2 0.324434
155 2 0.031124
156 2 0.235992
157 2 0.119884
158 2 0.229790
159 2 0.203247
160 2 0.249588
161 2 0.163639
162 2 0.173287
163 2 0.184068
164 2 0.162180
165 2 0.210229
166 2 0.033952
167 2 0.129892
168 2 0.243940
169 2 0.188834
170 2 0.252066
171 2 0.174882
172 2 0.247097
173 2 0.177569
174 2 0.251446
175 2 0.231722
176 2 0.183639
177 2 0.129072
178 2 0.193141
179 2 0.187579
180 2 0.193713
181 2 0.187764
182 2 0.137032
183 2 0.237367
184 2 0.245619
185 2 0.069521
186 2 0.186828
187 2 0.194310
188 2 0.147501
189 2 0.231559
190 2 0.198636
191 2 0.244730
192 2 0.274950
193 2 0.228183
194 2 0.359826
195 2 0.197989
196 2 0.269597
197 2 0.103322
198 2 0.310615
199 2 0.125244
200 3 0.174250
201 3 0.197913
202 3 0.127853
203 3 0.274023
204 3 0.031127
205 3 0.148537
206 3 0.179055
207 3 0.183462
208 3 0.353611
209 3 0.196671
210 3 0.162579
211 3 0.154131
212 3 0.195207
213 3 0.176001
214 3 0.345028
215 3 0.170274
216 3 0.203613
217 3 0.202952
218 3 0.329887
219 3 0.033741
220 3 0.171933
221 3 0.153961
222 3 0.128008
223 3 0.166662
224 3 0.285483
225 3 0.158615
226 3 0.175538
227 3 0.177888
228 3 0.283477
229 3 0.250109
230 3 0.168941
231 3 0.206352
232 3 0.124312
233 3 0.154139
234 3 0.243433
235 3 0.202428
236 3 0.176223
237 3 0.177458
238 3 0.199491
239 3 0.282013
240 3 0.173793
241 3 0.204813
242 3 0.171335
243 3 0.155920
244 3 0.205780
245 3 0.136293
246 3 0.211688
247 3 0.219593
248 3 0.176175
249 3 0.141043
250 3 0.152436
251 3 0.176350
252 3 0.164437
253 3 0.205277
254 3 0.188355
255 3 0.135739
256 3 0.152737
257 3 0.145355
258 3 0.226025
259 3 0.168650
260 3 0.187992
261 3 0.166738
262 3 0.189959
263 3 0.150236
264 3 0.154174
265 3 0.220038
266 3 0.129373
267 3 0.158143
268 3 0.192355
269 3 0.195437
270 3 0.184622
271 3 0.187539
272 3 0.154636
273 3 0.188790
274 3 0.180014
275 3 0.124749
276 3 0.068666
277 3 0.169022
278 3 0.163846
279 3 0.132654
280 3 0.151109
281 3 0.128437
282 3 0.159192
283 3 0.139220
284 3 0.200599
285 3 0.152198
286 3 0.196001
287 3 0.178264
288 3 0.102376
289 3 0.119287
290 3 0.140859
291 3 0.171439
292 3 0.130854
293 3 0.194736
294 3 0.188247
295 3 0.182480
296 3 0.147423
297 3 0.274427
298 3 0.171069
299 3 0.186260
300 4 0.141158
301 4 0.185869
302 4 0.120972
303 4 0.118676
304 4 0.118535
305 4 0.165802
306 4 0.138586
307 4 0.163678
308 4 0.164427
309 4 0.210720
310 4 0.168065
311 4 0.137906
312 4 0.140792
313 4 0.131395
314 4 0.186720
315 4 0.162278
316 4 0.154606
317 4 0.156107
318 4 0.150240
319 4 0.145651
320 4 0.161811
321 4 0.163890
322 4 0.164995
323 4 0.180069
324 4 0.150273
325 4 0.208844
326 4 0.125313
327 4 0.195060
328 4 0.127017
329 4 0.124272
330 4 0.151436
331 4 0.242202
332 4 0.175607
333 4 0.177143
334 4 0.142470
335 4 0.142691
336 4 0.108816
337 4 0.130953
338 4 0.087348
339 4 0.156251
340 4 0.177989
341 4 0.164067
342 4 0.165208
343 4 0.030766
344 4 0.173962
345 4 0.198091
346 4 0.125875
347 4 0.149826
348 4 0.111487
349 4 0.218006
350 4 0.200228
351 4 0.180097
352 4 0.140984
353 4 0.158959
354 4 0.102509
355 4 0.103685
356 4 0.093297
357 4 0.172217
358 4 0.198645
359 4 0.067738
360 4 0.033150
361 4 0.158125
362 4 0.137712
363 4 0.214740
364 4 0.126991
365 4 0.180011
366 4 0.126081
367 4 0.157905
368 4 0.121473
369 4 0.149977
370 4 0.187345
371 4 0.265009
372 4 0.129980
373 4 0.137551
374 4 0.128704
375 4 0.136832
376 4 0.136510
377 4 0.160354
378 4 0.179087
379 4 0.151878
380 4 0.186067
381 4 0.105104
382 4 0.200097
383 4 0.349230
384 4 0.128904
385 4 0.184665
386 4 0.174516
387 4 0.220895
388 4 0.132943
389 4 0.139326
390 4 0.137926
391 4 0.139535
392 4 0.140276
393 4 0.159812
394 4 0.126390
395 4 0.319496
396 4 0.118736
397 4 0.200517
398 4 0.184407
399 4 0.125320
400 5 0.160476
401 5 0.161325
402 5 0.108482
403 5 0.211969
404 5 0.125884
405 5 0.153731
406 5 0.187716
407 5 0.160231
408 5 0.122600
409 5 0.149577
410 5 0.165858
411 5 0.307050
412 5 0.140586
413 5 0.067012
414 5 0.128013
415 5 0.141457
416 5 0.101218
417 5 0.136487
418 5 0.162560
419 5 0.187332
420 5 0.177027
421 5 0.159353
422 5 0.111215
423 5 0.117374
424 5 0.122543
425 5 0.138529
426 5 0.108049
427 5 0.130790
428 5 0.163028
429 5 0.215352
430 5 0.189105
431 5 0.286051
432 5 0.137184
433 5 0.097047
434 5 0.146047
435 5 0.124794
436 5 0.068814
437 5 0.150517
438 5 0.030115
439 5 0.143267
440 5 0.196284
441 5 0.109496
442 5 0.136275
443 5 0.107091
444 5 0.171475
445 5 0.078308
446 5 0.126548
447 5 0.180350
448 5 0.196520
449 5 0.177776
450 5 0.158422
451 5 0.162616
452 5 0.176721
453 5 0.032489
454 5 0.166358
455 5 0.130283
456 5 0.116803
457 5 0.177537
458 5 0.153874
459 5 0.202705
460 5 0.221737
461 5 0.290655
462 5 0.191944
463 5 0.131462
464 5 0.152281
465 5 0.136887
466 5 0.170886
467 5 0.195390
468 5 0.145328
469 5 0.141325
470 5 0.151057
471 5 0.146791
472 5 0.158552
473 5 0.185930
474 5 0.119585
475 5 0.132491
476 5 0.159134
477 5 0.134623
478 5 0.166823
479 5 0.140524
480 5 0.147814
481 5 0.329944
482 5 0.118650
483 5 0.123989
484 5 0.239950
485 5 0.118033
486 5 0.147168
487 5 0.171424
488 5 0.130616
489 5 0.158016
490 5 0.153862
491 5 0.123472
492 5 0.168651
493 5 0.155398
494 5 0.138110
495 5 0.114880
496 5 0.140004
497 5 0.103326
498 5 0.117170
499 5 0.116284
500 6 0.123826
501 6 0.065809
502 6 0.119061
503 6 0.119998
504 6 0.236680
505 6 0.121655
506 6 0.029712
507 6 0.127817
508 6 0.117505
509 6 0.119942
510 6 0.160260
511 6 0.124973
512 6 0.123879
513 6 0.116984
514 6 0.149315
515 6 0.206248
516 6 0.086601
517 6 0.129221
518 6 0.117847
519 6 0.119297
520 6 0.146492
521 6 0.132026
522 6 0.144003
523 6 0.110465
524 6 0.146120
525 6 0.173739
526 6 0.113487
527 6 0.153771
528 6 0.083040
529 6 0.144399
530 6 0.157170
531 6 0.111455
532 6 0.159767
533 6 0.143271
534 6 0.137246
535 6 0.163725
536 6 0.144746
537 6 0.121154
538 6 0.124936
539 6 0.142209
540 6 0.146425
541 6 0.117733
542 6 0.121035
543 6 0.148709
544 6 0.108480
545 6 0.164983
546 6 0.226409
547 6 0.111826
548 6 0.083152
549 6 0.149313
550 6 0.178685
551 6 0.180819
552 6 0.103942
553 6 0.144946
554 6 0.109370
555 6 0.114690
556 6 0.110809
557 6 0.117272
558 6 0.159865
559 6 0.032043
560 6 0.136022
561 6 0.131969
562 6 0.112498
563 6 0.127891
564 6 0.122391
565 6 0.091977
566 6 0.131045
567 6 0.181922
568 6 0.191708
569 6 0.112305
570 6 0.104442
571 6 0.158473
572 6 0.129580
573 6 0.120930
574 6 0.141612
575 6 0.163896
576 6 0.152816
577 6 0.194664
578 6 0.142922
579 6 0.177578
580 6 0.140237
581 6 0.298803
582 6 0.143826
583 6 0.091147
584 6 0.184534
585 6 0.099605
586 6 0.170909
587 6 0.154157
588 6 0.205348
589 6 0.185415
590 6 0.306774
591 6 0.138610
592 6 0.083630
593 6 0.137769
594 6 0.140250
595 6 0.157244
596 6 0.151638
597 6 0.121413
598 6 0.120823
599 6 0.148693
600 7 0.131472
601 7 0.181702
602 7 0.155530
603 7 0.157343
604 7 0.029196
605 7 0.103216
606 7 0.153884
607 7 0.157617
608 7 0.120880
609 7 0.114711
610 7 0.150911
611 7 0.169968
612 7 0.212825
613 7 0.118426
614 7 0.114090
615 7 0.157688
616 7 0.125238
617 7 0.200617
618 7 0.152752
619 7 0.109842
620 7 0.120541
621 7 0.092475
622 7 0.075849
623 7 0.092442
624 7 0.108613
625 7 0.133091
626 7 0.137775
627 7 0.171646
628 7 0.126311
629 7 0.137137
630 7 0.167324
631 7 0.136081
632 7 0.101396
633 7 0.141738
634 7 0.135610
635 7 0.089381
636 7 0.063989
637 7 0.110440
638 7 0.154039
639 7 0.125191
640 7 0.123616
641 7 0.137121
642 7 0.176885
643 7 0.142424
644 7 0.108825
645 7 0.161295
646 7 0.149268
647 7 0.149830
648 7 0.129637
649 7 0.116994
650 7 0.134930
651 7 0.167999
652 7 0.158427
653 7 0.126659
654 7 0.221256
655 7 0.155940
656 7 0.089902
657 7 0.128066
658 7 0.109029
659 7 0.147592
660 7 0.133985
661 7 0.117406
662 7 0.125533
663 7 0.067555
664 7 0.155239
665 7 0.131031
666 7 0.108905
667 7 0.107587
668 7 0.119609
669 7 0.142925
670 7 0.121402
671 7 0.120686
672 7 0.274375
673 7 0.344117
674 7 0.188626
675 7 0.166614
676 7 0.161110
677 7 0.104550
678 7 0.101820
679 7 0.107244
680 7 0.145049
681 7 0.103324
682 7 0.108020
683 7 0.167123
684 7 0.113019
685 7 0.143052
686 7 0.173625
687 7 0.091542
688 7 0.110564
689 7 0.178624
690 7 0.110010
691 7 0.115794
692 7 0.194000
693 7 0.031272
694 7 0.105782
695 7 0.142847
696 7 0.113153
697 7 0.132278
698 7 0.053938
699 7 0.144005
700 8 0.193652
701 8 0.213895
702 8 0.101057
703 8 0.110763
704 8 0.119558
705 8 0.140621
706 8 0.176167
707 8 0.173391
708 8 0.089558
709 8 0.152968
710 8 0.191822
711 8 0.156152
712 8 0.100445
713 8 0.144029
714 8 0.152073
715 8 0.170676
716 8 0.280076
717 8 0.158431
718 8 0.164913
719 8 0.160207
720 8 0.114797
721 8 0.145361
722 8 0.106200
723 8 0.155642
724 8 0.148585
725 8 0.114974
726 8 0.132383
727 8 0.115664
728 8 0.107884
729 8 0.134443
730 8 0.069787
731 8 0.092833
732 8 0.140354
733 8 0.137946
734 8 0.115840
735 8 0.143665
736 8 0.109040
737 8 0.114520
738 8 0.151022
739 8 0.132007
740 8 0.113033
741 8 0.147310
742 8 0.142347
743 8 0.145178
744 8 0.117027
745 8 0.120643
746 8 0.031059
747 8 0.159688
748 8 0.097337
749 8 0.141640
750 8 0.221157
751 8 0.193180
752 8 0.125793
753 8 0.082788
754 8 0.209777
755 8 0.191084
756 8 0.128361
757 8 0.146232
758 8 0.086692
759 8 0.229122
760 8 0.141056
761 8 0.129987
762 8 0.107903
763 8 0.098414
764 8 0.115969
765 8 0.218667
766 8 0.103495
767 8 0.126748
768 8 0.150993
769 8 0.082882
770 8 0.099098
771 8 0.105136
772 8 0.148313
773 8 0.163687
774 8 0.131885
775 8 0.114607
776 8 0.146580
777 8 0.106775
778 8 0.105819
779 8 0.093846
780 8 0.171556
781 8 0.117346
782 8 0.150922
783 8 0.095257
784 8 0.180553
785 8 0.116330
786 8 0.196907
787 8 0.101558
788 8 0.098967
789 8 0.028280
790 8 0.222402
791 8 0.172506
792 8 0.138580
793 8 0.304222
794 8 0.172733
795 8 0.100771
796 8 0.154544
797 8 0.098067
798 8 0.114403
799 8 0.121652
800 9 0.137738
801 9 0.103772
802 9 0.124367
803 9 0.151248
804 9 0.126594
805 9 0.101623
806 9 0.142269
807 9 0.086907
808 9 0.094719
809 9 0.134253
810 9 0.105840
811 9 0.096551
812 9 0.161421
813 9 0.198000
814 9 0.113859
815 9 0.114761
816 9 0.129659
817 9 0.074706
818 9 0.251857
819 9 0.125892
820 9 0.139347
821 9 0.110208
822 9 0.097865
823 9 0.146924
824 9 0.104170
825 9 0.144695
826 9 0.142861
827 9 0.134871
828 9 0.157900
829 9 0.127050
830 9 0.028212
831 9 0.170339
832 9 0.097091
833 9 0.147695
834 9 0.146047
835 9 0.062057
836 9 0.130570
837 9 0.215837
838 9 0.117461
839 9 0.099991
840 9 0.152043
841 9 0.190905
842 9 0.159102
843 9 0.083250
844 9 0.161458
845 9 0.189053
846 9 0.128675
847 9 0.155962
848 9 0.116662
849 9 0.107927
850 9 0.128157
851 9 0.130726
852 9 0.117100
853 9 0.157646
854 9 0.128089
855 9 0.195668
856 9 0.085754
857 9 0.089800
858 9 0.098992
859 9 0.155900
860 9 0.147374
861 9 0.154614
862 9 0.087891
863 9 0.161864
864 9 0.030179
865 9 0.135798
866 9 0.120514
867 9 0.061096
868 9 0.110697
869 9 0.087158
870 9 0.125200
871 9 0.094396
872 9 0.091972
873 9 0.117256
874 9 0.162719
875 9 0.164333
876 9 0.115055
877 9 0.064684
878 9 0.182649
879 9 0.155605
880 9 0.130195
881 9 0.119604
882 9 0.128780
883 9 0.174827
884 9 0.117214
885 9 0.100104
886 9 0.114067
887 9 0.128206
888 9 0.130708
889 9 0.118003
890 9 0.151778
891 9 0.292252
892 9 0.123900
893 9 0.106080
894 9 0.151281
895 9 0.154274
896 9 0.194699
897 9 0.086571
898 9 0.138244
899 9 0.210738
900 10 0.156817
901 10 0.109408
902 10 0.139743
903 10 0.093158
904 10 0.118280
905 10 0.155815
906 10 0.089715
907 10 0.119653
908 10 0.085450
909 10 0.101183
910 10 0.093100
911 10 0.154809
912 10 0.162811
913 10 0.067080
914 10 0.059460
915 10 0.111310
916 10 0.092394
917 10 0.124638
918 10 0.115405
919 10 0.106222
920 10 0.083812
921 10 0.168517
922 10 0.122145
923 10 0.123592
924 10 0.125532
925 10 0.177860
926 10 0.137516
927 10 0.152180
928 10 0.132501
929 10 0.080342
930 10 0.135296
931 10 0.118885
932 10 0.167128
933 10 0.094521
934 10 0.107782
935 10 0.160061
936 10 0.118425
937 10 0.197444
938 10 0.119075
939 10 0.116081
940 10 0.161737
941 10 0.169727
942 10 0.153818
943 10 0.027624
944 10 0.108774
945 10 0.199784
946 10 0.149841
947 10 0.150913
948 10 0.125821
949 10 0.069285
950 10 0.099408
951 10 0.152996
952 10 0.105911
953 10 0.119547
954 10 0.160674
955 10 0.248205
956 10 0.183769
957 10 0.078798
958 10 0.089687
959 10 0.107646
960 10 0.122324
961 10 0.198376
962 10 0.103447
963 10 0.105722
964 10 0.170965
965 10 0.133117
966 10 0.166555
967 10 0.106791
968 10 0.114896
969 10 0.111853
970 10 0.029713
971 10 0.150134
972 10 0.086343
973 10 0.113969
974 10 0.129118
975 10 0.127679
976 10 0.109238
977 10 0.131963
978 10 0.133011
979 10 0.141398
980 10 0.188155
981 10 0.186830
982 10 0.176229
983 10 0.059855
984 10 0.116241
985 10 0.105037
986 10 0.100739
987 10 0.142447
988 10 0.161681
989 10 0.159390
990 10 0.104432
991 10 0.148153
992 10 0.158246
993 10 0.117842
994 10 0.134848
995 10 0.193903
996 10 0.093678
997 10 0.176313
998 10 0.248560
999 10 0.129941
1000 11 0.248018
1001 11 0.108968
1002 11 0.097761
1003 11 0.104591
1004 11 0.116301
1005 11 0.167272
1006 11 0.130476
1007 11 0.134858
1008 11 0.127966
1009 11 0.148614
1010 11 0.112141
1011 11 0.208453
1012 11 0.098290
1013 11 0.212466
1014 11 0.096036
1015 11 0.128643
1016 11 0.133917
1017 11 0.126150
1018 11 0.175141
1019 11 0.096866
1020 11 0.099586
1021 11 0.126417
1022 11 0.099992
1023 11 0.128199
1024 11 0.106525
1025 11 0.135898
1026 11 0.101724
1027 11 0.123635
1028 11 0.143803
1029 11 0.215751
1030 11 0.144822
1031 11 0.129552
1032 11 0.109743
1033 11 0.163077
1034 11 0.155909
1035 11 0.135591
1036 11 0.097899
1037 11 0.026980
1038 11 0.139487
1039 11 0.085640
1040 11 0.244499
1041 11 0.129413
1042 11 0.134423
1043 11 0.077581
1044 11 0.105019
1045 11 0.138778
1046 11 0.137860
1047 11 0.120426
1048 11 0.129845
1049 11 0.082923
1050 11 0.029099
1051 11 0.145844
1052 11 0.102106
1053 11 0.152257
1054 11 0.156103
1055 11 0.151010
1056 11 0.155783
1057 11 0.109616
1058 11 0.177714
1059 11 0.114942
1060 11 0.158583
1061 11 0.083807
1062 11 0.181909
1063 11 0.175414
1064 11 0.110610
1065 11 0.163483
1066 11 0.187430
1067 11 0.132734
1068 11 0.128144
1069 11 0.091397
1070 11 0.079711
1071 11 0.127876
1072 11 0.160767
1073 11 0.185025
1074 11 0.114130
1075 11 0.117387
1076 11 0.135227
1077 11 0.143049
1078 11 0.215019
1079 11 0.136706
1080 11 0.128232
1081 11 0.163618
1082 11 0.104164
1083 11 0.148445
1084 11 0.111948
1085 11 0.155711
1086 11 0.110440
1087 11 0.157188
1088 11 0.111015
1089 11 0.172291
1090 11 0.096659
1091 11 0.121493
1092 11 0.111118
1093 11 0.120873
1094 11 0.137118
1095 11 0.113917
1096 11 0.133854
1097 11 0.053329
1098 11 0.085248
1099 11 0.152855
1100 12 0.096722
1101 12 0.164516
1102 12 0.154179
1103 12 0.159226
1104 12 0.066419
1105 12 0.099825
1106 12 0.099369
1107 12 0.101409
1108 12 0.129538
1109 12 0.125511
1110 12 0.121999
1111 12 0.198496
1112 12 0.173450
1113 12 0.119381
1114 12 0.141210
1115 12 0.183747
1116 12 0.105454
1117 12 0.167299
1118 12 0.132894
1119 12 0.106905
1120 12 0.101495
1121 12 0.093304
1122 12 0.107192
1123 12 0.104932
1124 12 0.223204
1125 12 0.131204
1126 12 0.153591
1127 12 0.050632
1128 12 0.170343
1129 12 0.113129
1130 12 0.104718
1131 12 0.102428
1132 12 0.111119
1133 12 0.159520
1134 12 0.122477
1135 12 0.133006
1136 12 0.131478
1137 12 0.129263
1138 12 0.157820
1139 12 0.127100
1140 12 0.111700
1141 12 0.089858
1142 12 0.143106
1143 12 0.123471
1144 12 0.130673
1145 12 0.113648
1146 12 0.159663
1147 12 0.139333
1148 12 0.103765
1149 12 0.199209
1150 12 0.155898
1151 12 0.153152
1152 12 0.026479
1153 12 0.104960
1154 12 0.119968
1155 12 0.151678
1156 12 0.135456
1157 12 0.099812
1158 12 0.028569
1159 12 0.158710
1160 12 0.109317
1161 12 0.141797
1162 12 0.109945
1163 12 0.164152
1164 12 0.139932
1165 12 0.109480
1166 12 0.107084
1167 12 0.219275
1168 12 0.096210
1169 12 0.083266
1170 12 0.116832
1171 12 0.144595
1172 12 0.127946
1173 12 0.068274
1174 12 0.133504
1175 12 0.132336
1176 12 0.087768
1177 12 0.130113
1178 12 0.143691
1179 12 0.147870
1180 12 0.121975
1181 12 0.112262
1182 12 0.124698
1183 12 0.086172
1184 12 0.287118
1185 12 0.130648
1186 12 0.142098
1187 12 0.116439
1188 12 0.168520
1189 12 0.124603
1190 12 0.098878
1191 12 0.144488
1192 12 0.136219
1193 12 0.089930
1194 12 0.160095
1195 12 0.137775
1196 12 0.078042
1197 12 0.099013
1198 12 0.113165
1199 12 0.159255
1200 13 0.217162
1201 13 0.070194
1202 13 0.201217
1203 13 0.083288
1204 13 0.141169
1205 13 0.177613
1206 13 0.148011
1207 13 0.113045
1208 13 0.192738
1209 13 0.162993
1210 13 0.134583
1211 13 0.134070
1212 13 0.215617
1213 13 0.117529
1214 13 0.109309
1215 13 0.109419
1216 13 0.202246
1217 13 0.109967
1218 13 0.151999
1219 13 0.097441
1220 13 0.138738
1221 13 0.220639
1222 13 0.112764
1223 13 0.134260
1224 13 0.211674
1225 13 0.028284
1226 13 0.105668
1227 13 0.150742
1228 13 0.133757
1229 13 0.111505
1230 13 0.267684
1231 13 0.168807
1232 13 0.100110
1233 13 0.184667
1234 13 0.143620
1235 13 0.136920
1236 13 0.112728
1237 13 0.109841
1238 13 0.101999
1239 13 0.126031
1240 13 0.057499
1241 13 0.089783
1242 13 0.106849
1243 13 0.094248
1244 13 0.121574
1245 13 0.086914
1246 13 0.113447
1247 13 0.115821
1248 13 0.108606
1249 13 0.135348
1250 13 0.165330
1251 13 0.107131
1252 13 0.097136
1253 13 0.088226
1254 13 0.138576
1255 13 0.096295
1256 13 0.129122
1257 13 0.127058
1258 13 0.126070
1259 13 0.159470
1260 13 0.105145
1261 13 0.123155
1262 13 0.125658
1263 13 0.138742
1264 13 0.096446
1265 13 0.146338
1266 13 0.079891
1267 13 0.084450
1268 13 0.108609
1269 13 0.119449
1270 13 0.110449
1271 13 0.108905
1272 13 0.086556
1273 13 0.148021
1274 13 0.107548
1275 13 0.120440
1276 13 0.202721
1277 13 0.133765
1278 13 0.136610
1279 13 0.122086
1280 13 0.126219
1281 13 0.071489
1282 13 0.114534
1283 13 0.105319
1284 13 0.059565
1285 13 0.120242
1286 13 0.093337
1287 13 0.084900
1288 13 0.120172
1289 13 0.162414
1290 13 0.105173
1291 13 0.165301
1292 13 0.073536
1293 13 0.109704
1294 13 0.245846
1295 13 0.223017
1296 13 0.131016
1297 13 0.111019
1298 13 0.025980
1299 13 0.128224
1300 14 0.118496
1301 14 0.223202
1302 14 0.147651
1303 14 0.164611
1304 14 0.138520
1305 14 0.118315
1306 14 0.138649
1307 14 0.091277
1308 14 0.169545
1309 14 0.142548
1310 14 0.212016
1311 14 0.187637
1312 14 0.083074
1313 14 0.080984
1314 14 0.139924
1315 14 0.215980
1316 14 0.170080
1317 14 0.101611
1318 14 0.172876
1319 14 0.055765
1320 14 0.129611
1321 14 0.129362
1322 14 0.123576
1323 14 0.106718
1324 14 0.027808
1325 14 0.091910
1326 14 0.140959
1327 14 0.101041
1328 14 0.092998
1329 14 0.101376
1330 14 0.156561
1331 14 0.095864
1332 14 0.117824
1333 14 0.134973
1334 14 0.076248
1335 14 0.132134
1336 14 0.160740
1337 14 0.105119
1338 14 0.132884
1339 14 0.111141
1340 14 0.110890
1341 14 0.109016
1342 14 0.126728
1343 14 0.209929
1344 14 0.137236
1345 14 0.140561
1346 14 0.112237
1347 14 0.066450
1348 14 0.095523
1349 14 0.160963
1350 14 0.128993
1351 14 0.173730
1352 14 0.109714
1353 14 0.052237
1354 14 0.148454
1355 14 0.128938
1356 14 0.180974
1357 14 0.095783
1358 14 0.114132
1359 14 0.158673
1360 14 0.153014
1361 14 0.114052
1362 14 0.159736
1363 14 0.121848
1364 14 0.119526
1365 14 0.105523
1366 14 0.120834
1367 14 0.120191
1368 14 0.129560
1369 14 0.146191
1370 14 0.105050
1371 14 0.125374
1372 14 0.079670
1373 14 0.135024
1374 14 0.114473
1375 14 0.161595
1376 14 0.104017
1377 14 0.094944
1378 14 0.109214
1379 14 0.138696
1380 14 0.134710
1381 14 0.104486
1382 14 0.095464
1383 14 0.115271
1384 14 0.099364
1385 14 0.147355
1386 14 0.108462
1387 14 0.091408
1388 14 0.159073
1389 14 0.146437
1390 14 0.081172
1391 14 0.115918
1392 14 0.025523
1393 14 0.110405
1394 14 0.115992
1395 14 0.141604
1396 14 0.171868
1397 14 0.185108
1398 14 0.098692
1399 14 0.125642
1400 15 0.124683
1401 15 0.112749
1402 15 0.084267
1403 15 0.139241
1404 15 0.112536
1405 15 0.107065
1406 15 0.166920
1407 15 0.116024
1408 15 0.157960
1409 15 0.114545
1410 15 0.124000
1411 15 0.116405
1412 15 0.161187
1413 15 0.119791
1414 15 0.096829
1415 15 0.166689
1416 15 0.123105
1417 15 0.107439
1418 15 0.054760
1419 15 0.135793
1420 15 0.101457
1421 15 0.076704
1422 15 0.143818
1423 15 0.145410
1424 15 0.150904
1425 15 0.104188
1426 15 0.175743
1427 15 0.121631
1428 15 0.148533
1429 15 0.104869
1430 15 0.179519
1431 15 0.106041
1432 15 0.104411
1433 15 0.027296
1434 15 0.098125
1435 15 0.163165
1436 15 0.152111
1437 15 0.088661
1438 15 0.115345
1439 15 0.090132
1440 15 0.129127
1441 15 0.052169
1442 15 0.109917
1443 15 0.159643
1444 15 0.102443
1445 15 0.129481
1446 15 0.094031
1447 15 0.137179
1448 15 0.100086
1449 15 0.063211
1450 15 0.164933
1451 15 0.154665
1452 15 0.129874
1453 15 0.167932
1454 15 0.110880
1455 15 0.152074
1456 15 0.088883
1457 15 0.103684
1458 15 0.209879
1459 15 0.182770
1460 15 0.090602
1461 15 0.092484
1462 15 0.124474
1463 15 0.025115
1464 15 0.114190
1465 15 0.106943
1466 15 0.140857
1467 15 0.191005
1468 15 0.181891
1469 15 0.110480
1470 15 0.130163
1471 15 0.213995
1472 15 0.100444
1473 15 0.132855
1474 15 0.118195
1475 15 0.186706
1476 15 0.125927
1477 15 0.148852
1478 15 0.117508
1479 15 0.176829
1480 15 0.146879
1481 15 0.181911
1482 15 0.108621
1483 15 0.085597
1484 15 0.075081
1485 15 0.120075
1486 15 0.110739
1487 15 0.148780
1488 15 0.136541
1489 15 0.114495
1490 15 0.097186
1491 15 0.170688
1492 15 0.126648
1493 15 0.144895
1494 15 0.096111
1495 15 0.111917
1496 15 0.137258
1497 15 0.121971
1498 15 0.171935
1499 15 0.088877
1500 16 0.153070
1501 16 0.083860
1502 16 0.105750
1503 16 0.075282
1504 16 0.125609
1505 16 0.088510
1506 16 0.024899
1507 16 0.127037
1508 16 0.122154
1509 16 0.125616
1510 16 0.107088
1511 16 0.131303
1512 16 0.114982
1513 16 0.152789
1514 16 0.095985
1515 16 0.144904
1516 16 0.116469
1517 16 0.123398
1518 16 0.114790
1519 16 0.127810
1520 16 0.091374
1521 16 0.191066
1522 16 0.130169
1523 16 0.151174
1524 16 0.120046
1525 16 0.106737
1526 16 0.126972
1527 16 0.105173
1528 16 0.241762
1529 16 0.127853
1530 16 0.151508
1531 16 0.105242
1532 16 0.147173
1533 16 0.106030
1534 16 0.059295
1535 16 0.111356
1536 16 0.132853
1537 16 0.187870
1538 16 0.175949
1539 16 0.120642
1540 16 0.176445
1541 16 0.107256
1542 16 0.155885
1543 16 0.117540
1544 16 0.099890
1545 16 0.095364
1546 16 0.127281
1547 16 0.128115
1548 16 0.135969
1549 16 0.117058
1550 16 0.128128
1551 16 0.127972
1552 16 0.065455
1553 16 0.092789
1554 16 0.190541
1555 16 0.122382
1556 16 0.105884
1557 16 0.102947
1558 16 0.086205
1559 16 0.175712
1560 16 0.093034
1561 16 0.110221
1562 16 0.076184
1563 16 0.114032
1564 16 0.089645
1565 16 0.135738
1566 16 0.113256
1567 16 0.101554
1568 16 0.121315
1569 16 0.170252
1570 16 0.094487
1571 16 0.101081
1572 16 0.089087
1573 16 0.108951
1574 16 0.053116
1575 16 0.153001
1576 16 0.095805
1577 16 0.097738
1578 16 0.162647
1579 16 0.115310
1580 16 0.123904
1581 16 0.169721
1582 16 0.120321
1583 16 0.123940
1584 16 0.108659
1585 16 0.117326
1586 16 0.124367
1587 16 0.108907
1588 16 0.163012
1589 16 0.097231
1590 16 0.118906
1591 16 0.026706
1592 16 0.116030
1593 16 0.102468
1594 16 0.124101
1595 16 0.176225
1596 16 0.131993
1597 16 0.129199
1598 16 0.206763
1599 16 0.165068
1600 17 0.102154
1601 17 0.130669
1602 17 0.129553
1603 17 0.160229
1604 17 0.132592
1605 17 0.127654
1606 17 0.180625
1607 17 0.163978
1608 17 0.174285
1609 17 0.142106
1610 17 0.101059
1611 17 0.112350
1612 17 0.111278
1613 17 0.157528
1614 17 0.168337
1615 17 0.052329
1616 17 0.126282
1617 17 0.173453
1618 17 0.111394
1619 17 0.076035
1620 17 0.105706
1621 17 0.113300
1622 17 0.105903
1623 17 0.102566
1624 17 0.099436
1625 17 0.094321
1626 17 0.106001
1627 17 0.133297
1628 17 0.109225
1629 17 0.052242
1630 17 0.055152
1631 17 0.154073
1632 17 0.162846
1633 17 0.126468
1634 17 0.087346
1635 17 0.143903
1636 17 0.174864
1637 17 0.090462
1638 17 0.128331
1639 17 0.099327
1640 17 0.160022
1641 17 0.161322
1642 17 0.114989
1643 17 0.084185
1644 17 0.130427
1645 17 0.111897
1646 17 0.130546
1647 17 0.133891
1648 17 0.178768
1649 17 0.055824
1650 17 0.153808
1651 17 0.163563
1652 17 0.109395
1653 17 0.148015
1654 17 0.121568
1655 17 0.127662
1656 17 0.024575
1657 17 0.117152
1658 17 0.114086
1659 17 0.166333
1660 17 0.210120
1661 17 0.094582
1662 17 0.114803
1663 17 0.074159
1664 17 0.121229
1665 17 0.026282
1666 17 0.191167
1667 17 0.102935
1668 17 0.093576
1669 17 0.126159
1670 17 0.185165
1671 17 0.098914
1672 17 0.099135
1673 17 0.154094
1674 17 0.149511
1675 17 0.125439
1676 17 0.107137
1677 17 0.186776
1678 17 0.145981
1679 17 0.096411
1680 17 0.146773
1681 17 0.153416
1682 17 0.130692
1683 17 0.109976
1684 17 0.160700
1685 17 0.137111
1686 17 0.131753
1687 17 0.106031
1688 17 0.117088
1689 17 0.117943
1690 17 0.153839
1691 17 0.119181
1692 17 0.138492
1693 17 0.109844
1694 17 0.100567
1695 17 0.084744
1696 17 0.096531
1697 17 0.124621
1698 17 0.126173
1699 17 0.140799
1700 18 0.099458
1701 18 0.099280
1702 18 0.107822
1703 18 0.148284
1704 18 0.111439
1705 18 0.183203
1706 18 0.118070
1707 18 0.163320
1708 18 0.082638
1709 18 0.097811
1710 18 0.072871
1711 18 0.129770
1712 18 0.117707
1713 18 0.055559
1714 18 0.130112
1715 18 0.102578
1716 18 0.124786
1717 18 0.217264
1718 18 0.110794
1719 18 0.149637
1720 18 0.118766
1721 18 0.115791
1722 18 0.097177
1723 18 0.140475
1724 18 0.097377
1725 18 0.118744
1726 18 0.079753
1727 18 0.163965
1728 18 0.101325
1729 18 0.125448
1730 18 0.120857
1731 18 0.154950
1732 18 0.104148
1733 18 0.152473
1734 18 0.103601
1735 18 0.124519
1736 18 0.126362
1737 18 0.108213
1738 18 0.136220
1739 18 0.107375
1740 18 0.143179
1741 18 0.056395
1742 18 0.051209
1743 18 0.128445
1744 18 0.072097
1745 18 0.149935
1746 18 0.153838
1747 18 0.124514
1748 18 0.176212
1749 18 0.185303
1750 18 0.137505
1751 18 0.157270
1752 18 0.101994
1753 18 0.133837
1754 18 0.079656
1755 18 0.126382
1756 18 0.087247
1757 18 0.100510
1758 18 0.120146
1759 18 0.130872
1760 18 0.154343
1761 18 0.148799
1762 18 0.108161
1763 18 0.106357
1764 18 0.091139
1765 18 0.142421
1766 18 0.140724
1767 18 0.130640
1768 18 0.111844
1769 18 0.138269
1770 18 0.179490
1771 18 0.123289
1772 18 0.130726
1773 18 0.024284
1774 18 0.097448
1775 18 0.116001
1776 18 0.138304
1777 18 0.145842
1778 18 0.153862
1779 18 0.131892
1780 18 0.107426
1781 18 0.107337
1782 18 0.167033
1783 18 0.112457
1784 18 0.161393
1785 18 0.191031
1786 18 0.082364
1787 18 0.090518
1788 18 0.120894
1789 18 0.112540
1790 18 0.181264
1791 18 0.139220
1792 18 0.163396
1793 18 0.086460
1794 18 0.112632
1795 18 0.059561
1796 18 0.025875
1797 18 0.141964
1798 18 0.131500
1799 18 0.104693
1800 19 0.103807
1801 19 0.102298
1802 19 0.086300
1803 19 0.112118
1804 19 0.111970
1805 19 0.131853
1806 19 0.098840
1807 19 0.097496
1808 19 0.093424
1809 19 0.158834
1810 19 0.080799
1811 19 0.052518
1812 19 0.095306
1813 19 0.124864
1814 19 0.096943
1815 19 0.108116
1816 19 0.118150
1817 19 0.111190
1818 19 0.094899
1819 19 0.090540
1820 19 0.152091
1821 19 0.163084
1822 19 0.127413
1823 19 0.023972
1824 19 0.112980
1825 19 0.115707
1826 19 0.106073
1827 19 0.156107
1828 19 0.110508
1829 19 0.359698
1830 19 0.103831
1831 19 0.104222
1832 19 0.082700
1833 19 0.118220
1834 19 0.120817
1835 19 0.050263
1836 19 0.110167
1837 19 0.119116
1838 19 0.134503
1839 19 0.142095
1840 19 0.123728
1841 19 0.110286
1842 19 0.115679
1843 19 0.173248
1844 19 0.158349
1845 19 0.099570
1846 19 0.105538
1847 19 0.064884
1848 19 0.076047
1849 19 0.129826
1850 19 0.127278
1851 19 0.025464
1852 19 0.079846
1853 19 0.111147
1854 19 0.082168
1855 19 0.108001
1856 19 0.107635
1857 19 0.098558
1858 19 0.076031
1859 19 0.150100
1860 19 0.142479
1861 19 0.087868
1862 19 0.115946
1863 19 0.137300
1864 19 0.111986
1865 19 0.162067
1866 19 0.121799
1867 19 0.165636
1868 19 0.155585
1869 19 0.098822
1870 19 0.116034
1871 19 0.183605
1872 19 0.125709
1873 19 0.110739
1874 19 0.154967
1875 19 0.105644
1876 19 0.111072
1877 19 0.076549
1878 19 0.196153
1879 19 0.071505
1880 19 0.125235
1881 19 0.085490
1882 19 0.077091
1883 19 0.099205
1884 19 0.117594
1885 19 0.123682
1886 19 0.115381
1887 19 0.103962
1888 19 0.121307
1889 19 0.079053
1890 19 0.127037
1891 19 0.111860
1892 19 0.128679
1893 19 0.153156
1894 19 0.160186
1895 19 0.115779
1896 19 0.180250
1897 19 0.099746
1898 19 0.097531
1899 19 0.104477
1900 20 0.055329
1901 20 0.102577
1902 20 0.093308
1903 20 0.156215
1904 20 0.124892
1905 20 0.153479
1906 20 0.104220
1907 20 0.098862
1908 20 0.130849
1909 20 0.098995
1910 20 0.162210
1911 20 0.092881
1912 20 0.082298
1913 20 0.097783
1914 20 0.146410
1915 20 0.148860
1916 20 0.131374
1917 20 0.128357
1918 20 0.121876
1919 20 0.105744
1920 20 0.140200
1921 20 0.156265
1922 20 0.093309
1923 20 0.090132
1924 20 0.128521
1925 20 0.110314
1926 20 0.148232
1927 20 0.159439
1928 20 0.115290
1929 20 0.102299
1930 20 0.191068
1931 20 0.154129
1932 20 0.157077
1933 20 0.133432
1934 20 0.125803
1935 20 0.109952
1936 20 0.118102
1937 20 0.023779
1938 20 0.132249
1939 20 0.118545
1940 20 0.124800
1941 20 0.158880
1942 20 0.066822
1943 20 0.114499
1944 20 0.102226
1945 20 0.144549
1946 20 0.146812
1947 20 0.111151
1948 20 0.161348
1949 20 0.100088
1950 20 0.088739
1951 20 0.106768
1952 20 0.161923
1953 20 0.075430
1954 20 0.082070
1955 20 0.092624
1956 20 0.094561
1957 20 0.091688
1958 20 0.166384
1959 20 0.123920
1960 20 0.112555
1961 20 0.048829
1962 20 0.092160
1963 20 0.025206
1964 20 0.088618
1965 20 0.149367
1966 20 0.126940
1967 20 0.117244
1968 20 0.169806
1969 20 0.147306
1970 20 0.117851
1971 20 0.084635
1972 20 0.119792
1973 20 0.089006
1974 20 0.109200
1975 20 0.101109
1976 20 0.096406
1977 20 0.108947
1978 20 0.190371
1979 20 0.090354
1980 20 0.153423
1981 20 0.137120
1982 20 0.070672
1983 20 0.175853
1984 20 0.081655
1985 20 0.126235
1986 20 0.056610
1987 20 0.106781
1988 20 0.121518
1989 20 0.197918
1990 20 0.141260
1991 20 0.082454
1992 20 0.107953
1993 20 0.117857
1994 20 0.130387
1995 20 0.133296
1996 20 0.162882
1997 20 0.092755
1998 20 0.107618
1999 20 0.090981
2000 21 0.145087
2001 21 0.107294
2002 21 0.082991
2003 21 0.127911
2004 21 0.097546
2005 21 0.081989
2006 21 0.105553
2007 21 0.100975
2008 21 0.110086
2009 21 0.136262
2010 21 0.103173
2011 21 0.123101
2012 21 0.177188
2013 21 0.112685
2014 21 0.130159
2015 21 0.122410
2016 21 0.128354
2017 21 0.113927
2018 21 0.210146
2019 21 0.145884
2020 21 0.132529
2021 21 0.161601
2022 21 0.132626
2023 21 0.099916
2024 21 0.092304
2025 21 0.092134
2026 21 0.123271
2027 21 0.100746
2028 21 0.117287
2029 21 0.106002
2030 21 0.085799
2031 21 0.108053
2032 21 0.121191
2033 21 0.094257
2034 21 0.102104
2035 21 0.105384
2036 21 0.104819
2037 21 0.048414
2038 21 0.160756
2039 21 0.067380
2040 21 0.075093
2041 21 0.080878
2042 21 0.112267
2043 21 0.111416
2044 21 0.084669
2045 21 0.114697
2046 21 0.121646
2047 21 0.118485
2048 21 0.147448
2049 21 0.113738
2050 21 0.069702
2051 21 0.079815
2052 21 0.119823
2053 21 0.120865
2054 21 0.120205
2055 21 0.100440
2056 21 0.143863
2057 21 0.155074
2058 21 0.024927
2059 21 0.115211
2060 21 0.086957
2061 21 0.117505
2062 21 0.075074
2063 21 0.137524
2064 21 0.142658
2065 21 0.131987
2066 21 0.147846
2067 21 0.122833
2068 21 0.096669
2069 21 0.119021
2070 21 0.114715
2071 21 0.110607
2072 21 0.104837
2073 21 0.108810
2074 21 0.118667
2075 21 0.148173
2076 21 0.126230
2077 21 0.122220
2078 21 0.104992
2079 21 0.134813
2080 21 0.071046
2081 21 0.142172
2082 21 0.110148
2083 21 0.111097
2084 21 0.023312
2085 21 0.054332
2086 21 0.115500
2087 21 0.094287
2088 21 0.096094
2089 21 0.161777
2090 21 0.098446
2091 21 0.083373
2092 21 0.192470
2093 21 0.144270
2094 21 0.128467
2095 21 0.194400
2096 21 0.088456
2097 21 0.102138
2098 21 0.155478
2099 21 0.132903
2100 22 0.126592
2101 22 0.098340
2102 22 0.098955
2103 22 0.097104
2104 22 0.138553
2105 22 0.150797
2106 22 0.116065
2107 22 0.142494
2108 22 0.140417
2109 22 0.046286
2110 22 0.092142
2111 22 0.126828
2112 22 0.128445
2113 22 0.154434
2114 22 0.024593
2115 22 0.103904
2116 22 0.117804
2117 22 0.083178
2118 22 0.115450
2119 22 0.129769
2120 22 0.066846
2121 22 0.188287
2122 22 0.147956
2123 22 0.129151
2124 22 0.114851
2125 22 0.089216
2126 22 0.125040
2127 22 0.162746
2128 22 0.165240
2129 22 0.066578
2130 22 0.122406
2131 22 0.103989
2132 22 0.132334
2133 22 0.137336
2134 22 0.104210
2135 22 0.115695
2136 22 0.140905
2137 22 0.101248
2138 22 0.115205
2139 22 0.131562
2140 22 0.099927
2141 22 0.124179
2142 22 0.110525
2143 22 0.088531
2144 22 0.069774
2145 22 0.111758
2146 22 0.115038
2147 22 0.114639
2148 22 0.187862
2149 22 0.126091
2150 22 0.108443
2151 22 0.142690
2152 22 0.086804
2153 22 0.082309
2154 22 0.118772
2155 22 0.099647
2156 22 0.077310
2157 22 0.134219
2158 22 0.142095
2159 22 0.102138
2160 22 0.108169
2161 22 0.055086
2162 22 0.075796
2163 22 0.096635
2164 22 0.140532
2165 22 0.108828
2166 22 0.201515
2167 22 0.175871
2168 22 0.094181
2169 22 0.156427
2170 22 0.097257
2171 22 0.113746
2172 22 0.082255
2173 22 0.112821
2174 22 0.092394
2175 22 0.109683
2176 22 0.131700
2177 22 0.047116
2178 22 0.093629
2179 22 0.135477
2180 22 0.093119
2181 22 0.089694
2182 22 0.176335
2183 22 0.109209
2184 22 0.086931
2185 22 0.127986
2186 22 0.197797
2187 22 0.162956
2188 22 0.145876
2189 22 0.107975
2190 22 0.103736
2191 22 0.086454
2192 22 0.060601
2193 22 0.121385
2194 22 0.089933
2195 22 0.111322
2196 22 0.086060
2197 22 0.115278
2198 22 0.118237
2199 22 0.094448
2200 23 0.107447
2201 23 0.101348
2202 23 0.143194
2203 23 0.111876
2204 23 0.160792
2205 23 0.101299
2206 23 0.098735
2207 23 0.131145
2208 23 0.056630
2209 23 0.094446
2210 23 0.071031
2211 23 0.091456
2212 23 0.129927
2213 23 0.171545
2214 23 0.110817
2215 23 0.114275
2216 23 0.118540
2217 23 0.143204
2218 23 0.151410
2219 23 0.110590
2220 23 0.148656
2221 23 0.122528
2222 23 0.151496
2223 23 0.113780
2224 23 0.100021
2225 23 0.180047
2226 23 0.109946
2227 23 0.100985
2228 23 0.109641
2229 23 0.022904
2230 23 0.099935
2231 23 0.104946
2232 23 0.105337
2233 23 0.096336
2234 23 0.125922
2235 23 0.134890
2236 23 0.097308
2237 23 0.137265
2238 23 0.108450
2239 23 0.101518
2240 23 0.088316
2241 23 0.096389
2242 23 0.112379
2243 23 0.099212
2244 23 0.141762
2245 23 0.134500
2246 23 0.173416
2247 23 0.118060
2248 23 0.104950
2249 23 0.102000
2250 23 0.159570
2251 23 0.104765
2252 23 0.179555
2253 23 0.117730
2254 23 0.086199
2255 23 0.086975
2256 23 0.110062
2257 23 0.050940
2258 23 0.095487
2259 23 0.140190
2260 23 0.127611
2261 23 0.056633
2262 23 0.118887
2263 23 0.129503
2264 23 0.090210
2265 23 0.108053
2266 23 0.090259
2267 23 0.108473
2268 23 0.121134
2269 23 0.107048
2270 23 0.104578
2271 23 0.103203
2272 23 0.129449
2273 23 0.076850
2274 23 0.095809
2275 23 0.100208
2276 23 0.088529
2277 23 0.218444
2278 23 0.184096
2279 23 0.138755
2280 23 0.125094
2281 23 0.073061
2282 23 0.166574
2283 23 0.124734
2284 23 0.125329
2285 23 0.092714
2286 23 0.109571
2287 23 0.153559
2288 23 0.131309
2289 23 0.139072
2290 23 0.100327
2291 23 0.109500
2292 23 0.137397
2293 23 0.076655
2294 23 0.115702
2295 23 0.024310
2296 23 0.117999
2297 23 0.045936
2298 23 0.107225
2299 23 0.096821
