# Batch convergence for: model=snn-ae encoding=latency architecture=dense v_th=1 alpha=0.99 run=2
batch_num epoch batch_loss
0 1 0.713512
1 1 1.044065
2 1 0.697402
3 1 0.850483
4 1 1.024626
5 1 0.865932
6 1 0.679416
7 1 0.888332
8 1 0.722871
9 1 0.886699
10 1 0.820142
11 1 0.726453
12 1 0.671208
13 1 0.733432
14 1 0.658849
15 1 0.658975
16 1 0.638607
17 1 0.754930
18 1 0.615849
19 1 0.638927
20 1 0.652942
21 1 0.075650
22 1 0.639199
23 1 0.602917
24 1 0.424253
25 1 0.627936
26 1 0.468423
27 1 0.640691
28 1 0.567232
29 1 0.654429
30 1 0.518982
31 1 0.537322
32 1 0.604908
33 1 0.579675
34 1 0.603666
35 1 0.567530
36 1 0.649195
37 1 0.556531
38 1 0.584320
39 1 0.505685
40 1 0.538374
41 1 0.527815
42 1 0.547977
43 1 0.467016
44 1 0.554011
45 1 0.435428
46 1 0.551484
47 1 0.526392
48 1 0.508066
49 1 0.551892
50 1 0.112233
51 1 0.555593
52 1 0.480554
53 1 0.189812
54 1 0.738841
55 1 0.547791
56 1 0.480484
57 1 0.553839
58 1 0.432437
59 1 0.460037
60 1 0.411393
61 1 0.614044
62 1 0.604793
63 1 0.493190
64 1 0.547141
65 1 0.452846
66 1 0.062390
67 1 0.525080
68 1 0.425687
69 1 0.390529
70 1 0.448530
71 1 0.389545
72 1 0.118132
73 1 0.387363
74 1 0.360199
75 1 0.436554
76 1 0.426287
77 1 0.360599
78 1 0.384300
79 1 0.347483
80 1 0.606865
81 1 0.287887
82 1 0.347977
83 1 0.357861
84 1 0.349105
85 1 0.420992
86 1 0.325833
87 1 0.494959
88 1 0.406986
89 1 0.401162
90 1 0.354924
91 1 0.347172
92 1 0.403876
93 1 0.323197
94 1 0.260201
95 1 0.369344
96 1 0.323727
97 1 0.322811
98 1 0.279471
99 1 0.366607
100 2 0.344909
101 2 0.246014
102 2 0.282854
103 2 0.322714
104 2 0.262236
105 2 0.436752
106 2 0.401611
107 2 0.224115
108 2 0.228358
109 2 0.288791
110 2 0.282254
111 2 0.169694
112 2 0.291071
113 2 0.421404
114 2 0.312079
115 2 0.311520
116 2 0.234477
117 2 0.179938
118 2 0.295916
119 2 0.280628
120 2 0.203910
121 2 0.185160
122 2 0.188356
123 2 0.239365
124 2 0.238199
125 2 0.290949
126 2 0.321992
127 2 0.221192
128 2 0.218210
129 2 0.246453
130 2 0.240978
131 2 0.249318
132 2 0.332526
133 2 0.241232
134 2 0.318190
135 2 0.178553
136 2 0.203834
137 2 0.274248
138 2 0.274089
139 2 0.252517
140 2 0.222913
141 2 0.234991
142 2 0.307311
143 2 0.234498
144 2 0.200730
145 2 0.186982
146 2 0.243674
147 2 0.269381
148 2 0.169020
149 2 0.197089
150 2 0.286601
151 2 0.178832
152 2 0.215404
153 2 0.228178
154 2 0.206325
155 2 0.029684
156 2 0.233210
157 2 0.172010
158 2 0.186025
159 2 0.251962
160 2 0.186575
161 2 0.245200
162 2 0.180854
163 2 0.228644
164 2 0.257083
165 2 0.240234
166 2 0.250109
167 2 0.259784
168 2 0.219596
169 2 0.212467
170 2 0.203427
171 2 0.160878
172 2 0.221264
173 2 0.248340
174 2 0.138063
175 2 0.303614
176 2 0.173768
177 2 0.169894
178 2 0.171700
179 2 0.180922
180 2 0.192482
181 2 0.161158
182 2 0.168751
183 2 0.246841
184 2 0.247131
185 2 0.086552
186 2 0.211655
187 2 0.218716
188 2 0.190051
189 2 0.233527
190 2 0.172203
191 2 0.323390
192 2 0.181664
193 2 0.249988
194 2 0.334322
195 2 0.211253
196 2 0.161079
197 2 0.102814
198 2 0.280224
199 2 0.209991
200 3 0.187773
201 3 0.179457
202 3 0.164655
203 3 0.193930
204 3 0.029485
205 3 0.221363
206 3 0.188871
207 3 0.186027
208 3 0.297583
209 3 0.244867
210 3 0.167599
211 3 0.226660
212 3 0.189081
213 3 0.217654
214 3 0.173720
215 3 0.286210
216 3 0.171302
217 3 0.201413
218 3 0.312423
219 3 0.033222
220 3 0.142534
221 3 0.167477
222 3 0.121760
223 3 0.197725
224 3 0.205998
225 3 0.280746
226 3 0.187128
227 3 0.193033
228 3 0.186727
229 3 0.259896
230 3 0.135669
231 3 0.106157
232 3 0.140094
233 3 0.230862
234 3 0.217544
235 3 0.255571
236 3 0.147425
237 3 0.209878
238 3 0.118294
239 3 0.297538
240 3 0.133433
241 3 0.267858
242 3 0.129308
243 3 0.143531
244 3 0.185908
245 3 0.133548
246 3 0.147578
247 3 0.146338
248 3 0.162484
249 3 0.162958
250 3 0.160567
251 3 0.188005
252 3 0.132155
253 3 0.212696
254 3 0.151462
255 3 0.108457
256 3 0.221847
257 3 0.129963
258 3 0.155669
259 3 0.131968
260 3 0.288016
261 3 0.160617
262 3 0.166401
263 3 0.122525
264 3 0.131517
265 3 0.167795
266 3 0.090907
267 3 0.180312
268 3 0.144092
269 3 0.237737
270 3 0.179156
271 3 0.225923
272 3 0.196187
273 3 0.200250
274 3 0.242229
275 3 0.168769
276 3 0.148147
277 3 0.213072
278 3 0.192052
279 3 0.139922
280 3 0.117524
281 3 0.114265
282 3 0.101297
283 3 0.091614
284 3 0.190881
285 3 0.109673
286 3 0.238154
287 3 0.131098
288 3 0.089139
289 3 0.122665
290 3 0.126038
291 3 0.151896
292 3 0.218621
293 3 0.149889
294 3 0.116660
295 3 0.250677
296 3 0.170693
297 3 0.205703
298 3 0.156277
299 3 0.190083
300 4 0.153838
301 4 0.167227
302 4 0.116567
303 4 0.168163
304 4 0.119926
305 4 0.146370
306 4 0.181315
307 4 0.180716
308 4 0.160574
309 4 0.158382
310 4 0.190423
311 4 0.126317
312 4 0.120939
313 4 0.088765
314 4 0.110059
315 4 0.211681
316 4 0.123478
317 4 0.264206
318 4 0.128390
319 4 0.178242
320 4 0.179008
321 4 0.141128
322 4 0.179382
323 4 0.175528
324 4 0.212593
325 4 0.147015
326 4 0.149574
327 4 0.141701
328 4 0.129530
329 4 0.096288
330 4 0.151742
331 4 0.143303
332 4 0.224543
333 4 0.233218
334 4 0.120526
335 4 0.092368
336 4 0.099938
337 4 0.119958
338 4 0.095626
339 4 0.116801
340 4 0.172475
341 4 0.128038
342 4 0.143856
343 4 0.029013
344 4 0.206231
345 4 0.199977
346 4 0.135296
347 4 0.117585
348 4 0.117616
349 4 0.140210
350 4 0.182077
351 4 0.214162
352 4 0.126331
353 4 0.177809
354 4 0.132963
355 4 0.102484
356 4 0.133103
357 4 0.164088
358 4 0.193105
359 4 0.106289
360 4 0.032594
361 4 0.163578
362 4 0.105099
363 4 0.260856
364 4 0.112027
365 4 0.170416
366 4 0.127442
367 4 0.126423
368 4 0.133055
369 4 0.129497
370 4 0.256026
371 4 0.238911
372 4 0.139316
373 4 0.141436
374 4 0.244042
375 4 0.125739
376 4 0.129796
377 4 0.160920
378 4 0.182689
379 4 0.116532
380 4 0.143242
381 4 0.100211
382 4 0.174829
383 4 0.331600
384 4 0.164802
385 4 0.156886
386 4 0.156393
387 4 0.241928
388 4 0.114354
389 4 0.126186
390 4 0.159941
391 4 0.137373
392 4 0.115503
393 4 0.131703
394 4 0.110294
395 4 0.279902
396 4 0.097669
397 4 0.263246
398 4 0.142332
399 4 0.128015
400 5 0.138887
401 5 0.114586
402 5 0.092582
403 5 0.123186
404 5 0.110856
405 5 0.140935
406 5 0.168873
407 5 0.165029
408 5 0.094602
409 5 0.172631
410 5 0.164572
411 5 0.279985
412 5 0.176101
413 5 0.100664
414 5 0.111946
415 5 0.122938
416 5 0.104257
417 5 0.144799
418 5 0.195104
419 5 0.216425
420 5 0.120232
421 5 0.128005
422 5 0.101085
423 5 0.070493
424 5 0.130284
425 5 0.111493
426 5 0.106482
427 5 0.181175
428 5 0.113013
429 5 0.247625
430 5 0.119101
431 5 0.182676
432 5 0.116218
433 5 0.085741
434 5 0.244589
435 5 0.086476
436 5 0.074808
437 5 0.113363
438 5 0.028403
439 5 0.197193
440 5 0.156421
441 5 0.096727
442 5 0.122282
443 5 0.108487
444 5 0.113416
445 5 0.053480
446 5 0.119145
447 5 0.171145
448 5 0.199489
449 5 0.133324
450 5 0.203069
451 5 0.173143
452 5 0.126109
453 5 0.031966
454 5 0.141885
455 5 0.097548
456 5 0.167030
457 5 0.157976
458 5 0.149371
459 5 0.139714
460 5 0.155538
461 5 0.168978
462 5 0.145504
463 5 0.190315
464 5 0.148377
465 5 0.158671
466 5 0.227800
467 5 0.223182
468 5 0.134890
469 5 0.135398
470 5 0.144641
471 5 0.103333
472 5 0.123275
473 5 0.219486
474 5 0.085265
475 5 0.132476
476 5 0.114604
477 5 0.151675
478 5 0.177234
479 5 0.079140
480 5 0.177845
481 5 0.291182
482 5 0.151096
483 5 0.104141
484 5 0.226408
485 5 0.112050
486 5 0.148662
487 5 0.186892
488 5 0.098389
489 5 0.124875
490 5 0.150274
491 5 0.193939
492 5 0.177307
493 5 0.140427
494 5 0.152688
495 5 0.096516
496 5 0.123851
497 5 0.132008
498 5 0.124750
499 5 0.083981
500 6 0.209860
501 6 0.145489
502 6 0.160130
503 6 0.138464
504 6 0.164879
505 6 0.106650
506 6 0.028086
507 6 0.125433
508 6 0.106906
509 6 0.148158
510 6 0.097252
511 6 0.129024
512 6 0.098557
513 6 0.088248
514 6 0.146280
515 6 0.151430
516 6 0.076663
517 6 0.150341
518 6 0.084659
519 6 0.103828
520 6 0.222499
521 6 0.113880
522 6 0.122828
523 6 0.210249
524 6 0.123891
525 6 0.171880
526 6 0.108433
527 6 0.125523
528 6 0.064410
529 6 0.105716
530 6 0.167332
531 6 0.097134
532 6 0.164564
533 6 0.146332
534 6 0.121115
535 6 0.126387
536 6 0.121765
537 6 0.186327
538 6 0.113174
539 6 0.106418
540 6 0.136791
541 6 0.103934
542 6 0.086141
543 6 0.115544
544 6 0.095199
545 6 0.151309
546 6 0.266709
547 6 0.100983
548 6 0.104658
549 6 0.126679
550 6 0.135491
551 6 0.229020
552 6 0.081117
553 6 0.228447
554 6 0.152585
555 6 0.110399
556 6 0.095942
557 6 0.141358
558 6 0.150483
559 6 0.031458
560 6 0.137416
561 6 0.129581
562 6 0.052075
563 6 0.150828
564 6 0.213890
565 6 0.081113
566 6 0.120487
567 6 0.176191
568 6 0.262696
569 6 0.102883
570 6 0.113094
571 6 0.167464
572 6 0.202269
573 6 0.100812
574 6 0.192659
575 6 0.237949
576 6 0.094422
577 6 0.142262
578 6 0.258217
579 6 0.115989
580 6 0.149579
581 6 0.307575
582 6 0.128693
583 6 0.095756
584 6 0.200319
585 6 0.078020
586 6 0.144472
587 6 0.146709
588 6 0.202650
589 6 0.158438
590 6 0.319601
591 6 0.144927
592 6 0.084394
593 6 0.141518
594 6 0.131965
595 6 0.151146
596 6 0.121805
597 6 0.181414
598 6 0.115152
599 6 0.136533
600 7 0.135504
601 7 0.160179
602 7 0.272471
603 7 0.152136
604 7 0.027650
605 7 0.104277
606 7 0.151242
607 7 0.141192
608 7 0.127930
609 7 0.119989
610 7 0.112304
611 7 0.138425
612 7 0.203828
613 7 0.148059
614 7 0.102797
615 7 0.141982
616 7 0.121855
617 7 0.219320
618 7 0.119955
619 7 0.087227
620 7 0.124952
621 7 0.080193
622 7 0.069048
623 7 0.118560
624 7 0.085009
625 7 0.204102
626 7 0.138453
627 7 0.167731
628 7 0.198439
629 7 0.112824
630 7 0.138486
631 7 0.125436
632 7 0.121184
633 7 0.132311
634 7 0.168533
635 7 0.084695
636 7 0.064743
637 7 0.093229
638 7 0.133357
639 7 0.123252
640 7 0.105339
641 7 0.123457
642 7 0.165986
643 7 0.126661
644 7 0.131195
645 7 0.173128
646 7 0.168693
647 7 0.128638
648 7 0.122797
649 7 0.099956
650 7 0.135495
651 7 0.166493
652 7 0.144904
653 7 0.112798
654 7 0.300663
655 7 0.161839
656 7 0.076050
657 7 0.122151
658 7 0.112576
659 7 0.129157
660 7 0.154657
661 7 0.143598
662 7 0.138384
663 7 0.063366
664 7 0.137709
665 7 0.124665
666 7 0.106279
667 7 0.137916
668 7 0.106104
669 7 0.147029
670 7 0.112036
671 7 0.083381
672 7 0.297157
673 7 0.318617
674 7 0.155585
675 7 0.165276
676 7 0.134470
677 7 0.091971
678 7 0.097937
679 7 0.102480
680 7 0.108362
681 7 0.107490
682 7 0.098303
683 7 0.210082
684 7 0.113138
685 7 0.169250
686 7 0.139048
687 7 0.086597
688 7 0.128036
689 7 0.139619
690 7 0.143530
691 7 0.140801
692 7 0.199386
693 7 0.030650
694 7 0.138703
695 7 0.170705
696 7 0.111795
697 7 0.123946
698 7 0.058271
699 7 0.101939
700 8 0.233372
701 8 0.114748
702 8 0.093444
703 8 0.109455
704 8 0.108634
705 8 0.227347
706 8 0.199209
707 8 0.147546
708 8 0.086180
709 8 0.107800
710 8 0.234932
711 8 0.153341
712 8 0.143533
713 8 0.079576
714 8 0.141949
715 8 0.157751
716 8 0.321363
717 8 0.171860
718 8 0.153615
719 8 0.156860
720 8 0.096624
721 8 0.128665
722 8 0.091373
723 8 0.136838
724 8 0.184742
725 8 0.116280
726 8 0.139083
727 8 0.216610
728 8 0.109627
729 8 0.127806
730 8 0.065700
731 8 0.088893
732 8 0.135361
733 8 0.107704
734 8 0.116908
735 8 0.221826
736 8 0.108490
737 8 0.097597
738 8 0.147631
739 8 0.130870
740 8 0.097970
741 8 0.145502
742 8 0.141556
743 8 0.110119
744 8 0.116213
745 8 0.122226
746 8 0.048001
747 8 0.165754
748 8 0.082715
749 8 0.133985
750 8 0.135790
751 8 0.184555
752 8 0.068515
753 8 0.075743
754 8 0.252187
755 8 0.129409
756 8 0.172607
757 8 0.121451
758 8 0.086375
759 8 0.253653
760 8 0.147929
761 8 0.114864
762 8 0.106529
763 8 0.116967
764 8 0.106081
765 8 0.182611
766 8 0.114869
767 8 0.125384
768 8 0.136943
769 8 0.063662
770 8 0.106531
771 8 0.100030
772 8 0.156887
773 8 0.156774
774 8 0.137280
775 8 0.108414
776 8 0.129185
777 8 0.109953
778 8 0.080571
779 8 0.122412
780 8 0.147773
781 8 0.188520
782 8 0.215173
783 8 0.206001
784 8 0.290447
785 8 0.116909
786 8 0.167125
787 8 0.055772
788 8 0.103502
789 8 0.026785
790 8 0.131972
791 8 0.158805
792 8 0.157067
793 8 0.306817
794 8 0.150663
795 8 0.086756
796 8 0.141528
797 8 0.098702
798 8 0.114269
799 8 0.149199
800 9 0.130784
801 9 0.117618
802 9 0.133757
803 9 0.155971
804 9 0.122296
805 9 0.123054
806 9 0.117962
807 9 0.114360
808 9 0.097026
809 9 0.142957
810 9 0.121694
811 9 0.097951
812 9 0.177864
813 9 0.142382
814 9 0.188665
815 9 0.108321
816 9 0.135154
817 9 0.057222
818 9 0.278571
819 9 0.112719
820 9 0.144608
821 9 0.115472
822 9 0.124897
823 9 0.185364
824 9 0.116827
825 9 0.120395
826 9 0.140419
827 9 0.189543
828 9 0.156167
829 9 0.108770
830 9 0.026692
831 9 0.150056
832 9 0.097739
833 9 0.223191
834 9 0.136674
835 9 0.063035
836 9 0.147398
837 9 0.118684
838 9 0.118276
839 9 0.097990
840 9 0.213764
841 9 0.152993
842 9 0.139855
843 9 0.078750
844 9 0.269733
845 9 0.246484
846 9 0.159376
847 9 0.171450
848 9 0.120770
849 9 0.102760
850 9 0.214425
851 9 0.128573
852 9 0.109439
853 9 0.133544
854 9 0.111217
855 9 0.219620
856 9 0.119495
857 9 0.127366
858 9 0.115355
859 9 0.200075
860 9 0.150962
861 9 0.111906
862 9 0.085685
863 9 0.126594
864 9 0.029537
865 9 0.137027
866 9 0.119656
867 9 0.061974
868 9 0.105948
869 9 0.085358
870 9 0.104323
871 9 0.094809
872 9 0.079239
873 9 0.105367
874 9 0.179115
875 9 0.167988
876 9 0.232304
877 9 0.062432
878 9 0.222079
879 9 0.119507
880 9 0.164665
881 9 0.100614
882 9 0.131425
883 9 0.189636
884 9 0.117278
885 9 0.106410
886 9 0.096770
887 9 0.150365
888 9 0.097615
889 9 0.122585
890 9 0.107398
891 9 0.320470
892 9 0.131573
893 9 0.167225
894 9 0.114726
895 9 0.150884
896 9 0.230267
897 9 0.084614
898 9 0.127327
899 9 0.206097
900 10 0.132862
901 10 0.101279
902 10 0.112935
903 10 0.097167
904 10 0.096952
905 10 0.162661
906 10 0.111088
907 10 0.120532
908 10 0.085362
909 10 0.099960
910 10 0.080002
911 10 0.153041
912 10 0.139475
913 10 0.055015
914 10 0.064506
915 10 0.117579
916 10 0.102302
917 10 0.157913
918 10 0.117889
919 10 0.149335
920 10 0.082903
921 10 0.143791
922 10 0.106872
923 10 0.122706
924 10 0.124601
925 10 0.154367
926 10 0.141738
927 10 0.134178
928 10 0.144223
929 10 0.079996
930 10 0.141933
931 10 0.118467
932 10 0.168712
933 10 0.096708
934 10 0.179790
935 10 0.179880
936 10 0.121791
937 10 0.182755
938 10 0.121488
939 10 0.140647
940 10 0.173030
941 10 0.144545
942 10 0.160987
943 10 0.026113
944 10 0.104640
945 10 0.245016
946 10 0.151785
947 10 0.110969
948 10 0.095739
949 10 0.060899
950 10 0.101082
951 10 0.138362
952 10 0.120001
953 10 0.130296
954 10 0.148280
955 10 0.289386
956 10 0.267457
957 10 0.135199
958 10 0.152597
959 10 0.108143
960 10 0.109809
961 10 0.221887
962 10 0.133334
963 10 0.104871
964 10 0.222529
965 10 0.104611
966 10 0.171787
967 10 0.104605
968 10 0.122081
969 10 0.122555
970 10 0.050824
971 10 0.137051
972 10 0.105704
973 10 0.144735
974 10 0.129598
975 10 0.175400
976 10 0.107152
977 10 0.131088
978 10 0.075655
979 10 0.146940
980 10 0.167918
981 10 0.127551
982 10 0.192663
983 10 0.263158
984 10 0.119516
985 10 0.112392
986 10 0.101972
987 10 0.148427
988 10 0.143731
989 10 0.126441
990 10 0.101202
991 10 0.112054
992 10 0.118349
993 10 0.159332
994 10 0.140723
995 10 0.210668
996 10 0.206078
997 10 0.191330
998 10 0.314222
999 10 0.131520
1000 11 0.304455
1001 11 0.107619
1002 11 0.107564
1003 11 0.130349
1004 11 0.102302
1005 11 0.140343
1006 11 0.171273
1007 11 0.124928
1008 11 0.117286
1009 11 0.124048
1010 11 0.103634
1011 11 0.141548
1012 11 0.109035
1013 11 0.237809
1014 11 0.125404
1015 11 0.122240
1016 11 0.135764
1017 11 0.132624
1018 11 0.172417
1019 11 0.126540
1020 11 0.110313
1021 11 0.124254
1022 11 0.098923
1023 11 0.095589
1024 11 0.105328
1025 11 0.149747
1026 11 0.107227
1027 11 0.133332
1028 11 0.138663
1029 11 0.105534
1030 11 0.135307
1031 11 0.101984
1032 11 0.150509
1033 11 0.149847
1034 11 0.231051
1035 11 0.136975
1036 11 0.096080
1037 11 0.025553
1038 11 0.125332
1039 11 0.083455
1040 11 0.158799
1041 11 0.130764
1042 11 0.133296
1043 11 0.117452
1044 11 0.106291
1045 11 0.144375
1046 11 0.158335
1047 11 0.129588
1048 11 0.149351
1049 11 0.081631
1050 11 0.028418
1051 11 0.159999
1052 11 0.100201
1053 11 0.132213
1054 11 0.151675
1055 11 0.101851
1056 11 0.125665
1057 11 0.139459
1058 11 0.213281
1059 11 0.107671
1060 11 0.190851
1061 11 0.084338
1062 11 0.228869
1063 11 0.188610
1064 11 0.113248
1065 11 0.173832
1066 11 0.168796
1067 11 0.208308
1068 11 0.120730
1069 11 0.060109
1070 11 0.059405
1071 11 0.126153
1072 11 0.169744
1073 11 0.091128
1074 11 0.115981
1075 11 0.179892
1076 11 0.204432
1077 11 0.143145
1078 11 0.187866
1079 11 0.142515
1080 11 0.141733
1081 11 0.184092
1082 11 0.097909
1083 11 0.174518
1084 11 0.113783
1085 11 0.155203
1086 11 0.107663
1087 11 0.133487
1088 11 0.151635
1089 11 0.149851
1090 11 0.101075
1091 11 0.122361
1092 11 0.102787
1093 11 0.122109
1094 11 0.121235
1095 11 0.148765
1096 11 0.134883
1097 11 0.055168
1098 11 0.103212
1099 11 0.136131
1100 12 0.087074
1101 12 0.178411
1102 12 0.193711
1103 12 0.126572
1104 12 0.061299
1105 12 0.085286
1106 12 0.104737
1107 12 0.100774
1108 12 0.127936
1109 12 0.155918
1110 12 0.215270
1111 12 0.144657
1112 12 0.209687
1113 12 0.115329
1114 12 0.157651
1115 12 0.202678
1116 12 0.152475
1117 12 0.143881
1118 12 0.132239
1119 12 0.109028
1120 12 0.103647
1121 12 0.107952
1122 12 0.111048
1123 12 0.106745
1124 12 0.169898
1125 12 0.140458
1126 12 0.197056
1127 12 0.059964
1128 12 0.182146
1129 12 0.101034
1130 12 0.101696
1131 12 0.108686
1132 12 0.100730
1133 12 0.136598
1134 12 0.113522
1135 12 0.150587
1136 12 0.153704
1137 12 0.177825
1138 12 0.156263
1139 12 0.151392
1140 12 0.112670
1141 12 0.088366
1142 12 0.176495
1143 12 0.117641
1144 12 0.111715
1145 12 0.106203
1146 12 0.160281
1147 12 0.168190
1148 12 0.098313
1149 12 0.165225
1150 12 0.187153
1151 12 0.151775
1152 12 0.025122
1153 12 0.060956
1154 12 0.143140
1155 12 0.188334
1156 12 0.123048
1157 12 0.101238
1158 12 0.027913
1159 12 0.164682
1160 12 0.143240
1161 12 0.160952
1162 12 0.099005
1163 12 0.222137
1164 12 0.138631
1165 12 0.116401
1166 12 0.131388
1167 12 0.280540
1168 12 0.128505
1169 12 0.083189
1170 12 0.103428
1171 12 0.106509
1172 12 0.108375
1173 12 0.101368
1174 12 0.143641
1175 12 0.098516
1176 12 0.112841
1177 12 0.123674
1178 12 0.154221
1179 12 0.134076
1180 12 0.118458
1181 12 0.154997
1182 12 0.114824
1183 12 0.110205
1184 12 0.285035
1185 12 0.119079
1186 12 0.116079
1187 12 0.135059
1188 12 0.139465
1189 12 0.117360
1190 12 0.119028
1191 12 0.141223
1192 12 0.107526
1193 12 0.133164
1194 12 0.127022
1195 12 0.170106
1196 12 0.077089
1197 12 0.124105
1198 12 0.104808
1199 12 0.146954
1200 13 0.209523
1201 13 0.067984
1202 13 0.153613
1203 13 0.103867
1204 13 0.134572
1205 13 0.171029
1206 13 0.143101
1207 13 0.135661
1208 13 0.127057
1209 13 0.197960
1210 13 0.141804
1211 13 0.127650
1212 13 0.231757
1213 13 0.109074
1214 13 0.111278
1215 13 0.134077
1216 13 0.165248
1217 13 0.107434
1218 13 0.229556
1219 13 0.134387
1220 13 0.117622
1221 13 0.170085
1222 13 0.108561
1223 13 0.218463
1224 13 0.178534
1225 13 0.047307
1226 13 0.098460
1227 13 0.135247
1228 13 0.133652
1229 13 0.084239
1230 13 0.198293
1231 13 0.082010
1232 13 0.112045
1233 13 0.186235
1234 13 0.147754
1235 13 0.152043
1236 13 0.177836
1237 13 0.110133
1238 13 0.114549
1239 13 0.116914
1240 13 0.117543
1241 13 0.092044
1242 13 0.144634
1243 13 0.117099
1244 13 0.122189
1245 13 0.107692
1246 13 0.136636
1247 13 0.132794
1248 13 0.102147
1249 13 0.192608
1250 13 0.177381
1251 13 0.147475
1252 13 0.102772
1253 13 0.103742
1254 13 0.123219
1255 13 0.102300
1256 13 0.128898
1257 13 0.131327
1258 13 0.121670
1259 13 0.155620
1260 13 0.099145
1261 13 0.151756
1262 13 0.119998
1263 13 0.133075
1264 13 0.097083
1265 13 0.139564
1266 13 0.084580
1267 13 0.083541
1268 13 0.156528
1269 13 0.135120
1270 13 0.107471
1271 13 0.098143
1272 13 0.091208
1273 13 0.167536
1274 13 0.102577
1275 13 0.135640
1276 13 0.195321
1277 13 0.139608
1278 13 0.156983
1279 13 0.122627
1280 13 0.205956
1281 13 0.079359
1282 13 0.104342
1283 13 0.115409
1284 13 0.056638
1285 13 0.112503
1286 13 0.083937
1287 13 0.108080
1288 13 0.161030
1289 13 0.149393
1290 13 0.102637
1291 13 0.124561
1292 13 0.076569
1293 13 0.112756
1294 13 0.308650
1295 13 0.280360
1296 13 0.179262
1297 13 0.153301
1298 13 0.024574
1299 13 0.197108
1300 14 0.137115
1301 14 0.277587
1302 14 0.183649
1303 14 0.139613
1304 14 0.179932
1305 14 0.135970
1306 14 0.164366
1307 14 0.129964
1308 14 0.208210
1309 14 0.137374
1310 14 0.244784
1311 14 0.124458
1312 14 0.103874
1313 14 0.082308
1314 14 0.176252
1315 14 0.173461
1316 14 0.152028
1317 14 0.127212
1318 14 0.160591
1319 14 0.056491
1320 14 0.154604
1321 14 0.135128
1322 14 0.088814
1323 14 0.097809
1324 14 0.026904
1325 14 0.098436
1326 14 0.219757
1327 14 0.104412
1328 14 0.117295
1329 14 0.098233
1330 14 0.220105
1331 14 0.119782
1332 14 0.107880
1333 14 0.149386
1334 14 0.084642
1335 14 0.192485
1336 14 0.146748
1337 14 0.098034
1338 14 0.128554
1339 14 0.103797
1340 14 0.113375
1341 14 0.109348
1342 14 0.095334
1343 14 0.276316
1344 14 0.176267
1345 14 0.134702
1346 14 0.145393
1347 14 0.063740
1348 14 0.102751
1349 14 0.128368
1350 14 0.112609
1351 14 0.145228
1352 14 0.112120
1353 14 0.052745
1354 14 0.141952
1355 14 0.136822
1356 14 0.157207
1357 14 0.101886
1358 14 0.112043
1359 14 0.152508
1360 14 0.139235
1361 14 0.226168
1362 14 0.174080
1363 14 0.122081
1364 14 0.186221
1365 14 0.105519
1366 14 0.137778
1367 14 0.155634
1368 14 0.173222
1369 14 0.146983
1370 14 0.115816
1371 14 0.101702
1372 14 0.083080
1373 14 0.168868
1374 14 0.112069
1375 14 0.063556
1376 14 0.100312
1377 14 0.097667
1378 14 0.109022
1379 14 0.128012
1380 14 0.146162
1381 14 0.114947
1382 14 0.112807
1383 14 0.107539
1384 14 0.131338
1385 14 0.142543
1386 14 0.114224
1387 14 0.081829
1388 14 0.191695
1389 14 0.154349
1390 14 0.098767
1391 14 0.129487
1392 14 0.024101
1393 14 0.104548
1394 14 0.152536
1395 14 0.145539
1396 14 0.180873
1397 14 0.178225
1398 14 0.101207
1399 14 0.143298
1400 15 0.129123
1401 15 0.106749
1402 15 0.083030
1403 15 0.107965
1404 15 0.154755
1405 15 0.095154
1406 15 0.205080
1407 15 0.132872
1408 15 0.153642
1409 15 0.128224
1410 15 0.132318
1411 15 0.110660
1412 15 0.141116
1413 15 0.114661
1414 15 0.083424
1415 15 0.118079
1416 15 0.114075
1417 15 0.105872
1418 15 0.055181
1419 15 0.142332
1420 15 0.119773
1421 15 0.087024
1422 15 0.138025
1423 15 0.145265
1424 15 0.248747
1425 15 0.103525
1426 15 0.151880
1427 15 0.195539
1428 15 0.118268
1429 15 0.133105
1430 15 0.203150
1431 15 0.124509
1432 15 0.206396
1433 15 0.088875
1434 15 0.095447
1435 15 0.151052
1436 15 0.149557
1437 15 0.103249
1438 15 0.109467
1439 15 0.097271
1440 15 0.144182
1441 15 0.058728
1442 15 0.135707
1443 15 0.133084
1444 15 0.133985
1445 15 0.159211
1446 15 0.173445
1447 15 0.154152
1448 15 0.103843
1449 15 0.056186
1450 15 0.179783
1451 15 0.146835
1452 15 0.162994
1453 15 0.187667
1454 15 0.085856
1455 15 0.237342
1456 15 0.116201
1457 15 0.147415
1458 15 0.290773
1459 15 0.202233
1460 15 0.116384
1461 15 0.082206
1462 15 0.191996
1463 15 0.150501
1464 15 0.115453
1465 15 0.103328
1466 15 0.128568
1467 15 0.283661
1468 15 0.135874
1469 15 0.120070
1470 15 0.126652
1471 15 0.297900
1472 15 0.138953
1473 15 0.171593
1474 15 0.198066
1475 15 0.113753
1476 15 0.130309
1477 15 0.124169
1478 15 0.103820
1479 15 0.174687
1480 15 0.148610
1481 15 0.188389
1482 15 0.114862
1483 15 0.090726
1484 15 0.067982
1485 15 0.118460
1486 15 0.097369
1487 15 0.142748
1488 15 0.192726
1489 15 0.114291
1490 15 0.103779
1491 15 0.160196
1492 15 0.115033
1493 15 0.137206
1494 15 0.108646
1495 15 0.115290
1496 15 0.117585
1497 15 0.149583
1498 15 0.227126
1499 15 0.104899
1500 16 0.167520
1501 16 0.086254
1502 16 0.109961
1503 16 0.087597
1504 16 0.106051
1505 16 0.129020
1506 16 0.071970
1507 16 0.101243
1508 16 0.120740
1509 16 0.109524
1510 16 0.111815
1511 16 0.131584
1512 16 0.123064
1513 16 0.155049
1514 16 0.101718
1515 16 0.149551
1516 16 0.104621
1517 16 0.131657
1518 16 0.142398
1519 16 0.117318
1520 16 0.095951
1521 16 0.167976
1522 16 0.130944
1523 16 0.188855
1524 16 0.110354
1525 16 0.165324
1526 16 0.127567
1527 16 0.092905
1528 16 0.128473
1529 16 0.153463
1530 16 0.160279
1531 16 0.080971
1532 16 0.223814
1533 16 0.243690
1534 16 0.059451
1535 16 0.116162
1536 16 0.148686
1537 16 0.281963
1538 16 0.166329
1539 16 0.140111
1540 16 0.175768
1541 16 0.111005
1542 16 0.163188
1543 16 0.148222
1544 16 0.110315
1545 16 0.094164
1546 16 0.125177
1547 16 0.113811
1548 16 0.198705
1549 16 0.122951
1550 16 0.142258
1551 16 0.147554
1552 16 0.067741
1553 16 0.087497
1554 16 0.284701
1555 16 0.155587
1556 16 0.115588
1557 16 0.123015
1558 16 0.111016
1559 16 0.129461
1560 16 0.100638
1561 16 0.113178
1562 16 0.120053
1563 16 0.129661
1564 16 0.085029
1565 16 0.170838
1566 16 0.147348
1567 16 0.096650
1568 16 0.105239
1569 16 0.130588
1570 16 0.106249
1571 16 0.101127
1572 16 0.074611
1573 16 0.143894
1574 16 0.053712
1575 16 0.158682
1576 16 0.096057
1577 16 0.103179
1578 16 0.140935
1579 16 0.140398
1580 16 0.145430
1581 16 0.145251
1582 16 0.118642
1583 16 0.095373
1584 16 0.115491
1585 16 0.182434
1586 16 0.168424
1587 16 0.102297
1588 16 0.179193
1589 16 0.104262
1590 16 0.161773
1591 16 0.049888
1592 16 0.133722
1593 16 0.149385
1594 16 0.152964
1595 16 0.154595
1596 16 0.191592
1597 16 0.124741
1598 16 0.120756
1599 16 0.183933
1600 17 0.104699
1601 17 0.133746
1602 17 0.142349
1603 17 0.148384
1604 17 0.136130
1605 17 0.177258
1606 17 0.141166
1607 17 0.156259
1608 17 0.172518
1609 17 0.160557
1610 17 0.100483
1611 17 0.106003
1612 17 0.104803
1613 17 0.173222
1614 17 0.272841
1615 17 0.052794
1616 17 0.107979
1617 17 0.156682
1618 17 0.168376
1619 17 0.080453
1620 17 0.106567
1621 17 0.094892
1622 17 0.108452
1623 17 0.107007
1624 17 0.098390
1625 17 0.102761
1626 17 0.130330
1627 17 0.106888
1628 17 0.113577
1629 17 0.054764
1630 17 0.068378
1631 17 0.142342
1632 17 0.191608
1633 17 0.157653
1634 17 0.094935
1635 17 0.131874
1636 17 0.128053
1637 17 0.090372
1638 17 0.117070
1639 17 0.101777
1640 17 0.144764
1641 17 0.161564
1642 17 0.184740
1643 17 0.087762
1644 17 0.164612
1645 17 0.155518
1646 17 0.131892
1647 17 0.130207
1648 17 0.164611
1649 17 0.077993
1650 17 0.113558
1651 17 0.136857
1652 17 0.110166
1653 17 0.152710
1654 17 0.158630
1655 17 0.142869
1656 17 0.037869
1657 17 0.146531
1658 17 0.128703
1659 17 0.203301
1660 17 0.303056
1661 17 0.078368
1662 17 0.141481
1663 17 0.116136
1664 17 0.136113
1665 17 0.025400
1666 17 0.165917
1667 17 0.098238
1668 17 0.098011
1669 17 0.117340
1670 17 0.162848
1671 17 0.113498
1672 17 0.128858
1673 17 0.126097
1674 17 0.176737
1675 17 0.135188
1676 17 0.102110
1677 17 0.165829
1678 17 0.162643
1679 17 0.101431
1680 17 0.161592
1681 17 0.238406
1682 17 0.134282
1683 17 0.110342
1684 17 0.158108
1685 17 0.178978
1686 17 0.144649
1687 17 0.131332
1688 17 0.108982
1689 17 0.118504
1690 17 0.187023
1691 17 0.110997
1692 17 0.172333
1693 17 0.180114
1694 17 0.110532
1695 17 0.154965
1696 17 0.100602
1697 17 0.095084
1698 17 0.149612
1699 17 0.158689
1700 18 0.096742
1701 18 0.100562
1702 18 0.133496
1703 18 0.122924
1704 18 0.127078
1705 18 0.308932
1706 18 0.108310
1707 18 0.215319
1708 18 0.090331
1709 18 0.090526
1710 18 0.080057
1711 18 0.172571
1712 18 0.127940
1713 18 0.074808
1714 18 0.139347
1715 18 0.103704
1716 18 0.120011
1717 18 0.175193
1718 18 0.167231
1719 18 0.119191
1720 18 0.105927
1721 18 0.101187
1722 18 0.138436
1723 18 0.145109
1724 18 0.143120
1725 18 0.100978
1726 18 0.083380
1727 18 0.103812
1728 18 0.109510
1729 18 0.102735
1730 18 0.126539
1731 18 0.172932
1732 18 0.111013
1733 18 0.188882
1734 18 0.191585
1735 18 0.135898
1736 18 0.120898
1737 18 0.111504
1738 18 0.150370
1739 18 0.105898
1740 18 0.188730
1741 18 0.052902
1742 18 0.051718
1743 18 0.115748
1744 18 0.080178
1745 18 0.222536
1746 18 0.129984
1747 18 0.129278
1748 18 0.174009
1749 18 0.175442
1750 18 0.131535
1751 18 0.124710
1752 18 0.100862
1753 18 0.159696
1754 18 0.076072
1755 18 0.106920
1756 18 0.107847
1757 18 0.119251
1758 18 0.129207
1759 18 0.150480
1760 18 0.148104
1761 18 0.246395
1762 18 0.138955
1763 18 0.157671
1764 18 0.097986
1765 18 0.131638
1766 18 0.137562
1767 18 0.118281
1768 18 0.138387
1769 18 0.172568
1770 18 0.273974
1771 18 0.262870
1772 18 0.140609
1773 18 0.022985
1774 18 0.094155
1775 18 0.156826
1776 18 0.142837
1777 18 0.094491
1778 18 0.137550
1779 18 0.144118
1780 18 0.117274
1781 18 0.115580
1782 18 0.109175
1783 18 0.136156
1784 18 0.138251
1785 18 0.166626
1786 18 0.084524
1787 18 0.092614
1788 18 0.124421
1789 18 0.125360
1790 18 0.201397
1791 18 0.129217
1792 18 0.182902
1793 18 0.129396
1794 18 0.111915
1795 18 0.067214
1796 18 0.024953
1797 18 0.173834
1798 18 0.225884
1799 18 0.135418
1800 19 0.114089
1801 19 0.119024
1802 19 0.079475
1803 19 0.134835
1804 19 0.100734
1805 19 0.135525
1806 19 0.136201
1807 19 0.105962
1808 19 0.167424
1809 19 0.159474
1810 19 0.089225
1811 19 0.064372
1812 19 0.091798
1813 19 0.122180
1814 19 0.105746
1815 19 0.113564
1816 19 0.134313
1817 19 0.119475
1818 19 0.110243
1819 19 0.094669
1820 19 0.152027
1821 19 0.199643
1822 19 0.145588
1823 19 0.037213
1824 19 0.143008
1825 19 0.132117
1826 19 0.117955
1827 19 0.191158
1828 19 0.126318
1829 19 0.207873
1830 19 0.107066
1831 19 0.115511
1832 19 0.088915
1833 19 0.125737
1834 19 0.138151
1835 19 0.070901
1836 19 0.157917
1837 19 0.179863
1838 19 0.153891
1839 19 0.143376
1840 19 0.123299
1841 19 0.102306
1842 19 0.143188
1843 19 0.265100
1844 19 0.179654
1845 19 0.098496
1846 19 0.114455
1847 19 0.057228
1848 19 0.086968
1849 19 0.141373
1850 19 0.120367
1851 19 0.024580
1852 19 0.090237
1853 19 0.111720
1854 19 0.086335
1855 19 0.137345
1856 19 0.131601
1857 19 0.108226
1858 19 0.064758
1859 19 0.135253
1860 19 0.143370
1861 19 0.075643
1862 19 0.106333
1863 19 0.169107
1864 19 0.156533
1865 19 0.165912
1866 19 0.121577
1867 19 0.182887
1868 19 0.165908
1869 19 0.104119
1870 19 0.176716
1871 19 0.284895
1872 19 0.152208
1873 19 0.126770
1874 19 0.153459
1875 19 0.125678
1876 19 0.117026
1877 19 0.080990
1878 19 0.285878
1879 19 0.086179
1880 19 0.119108
1881 19 0.094987
1882 19 0.156633
1883 19 0.099984
1884 19 0.101946
1885 19 0.132515
1886 19 0.118418
1887 19 0.096961
1888 19 0.108317
1889 19 0.085275
1890 19 0.136537
1891 19 0.107074
1892 19 0.156474
1893 19 0.174478
1894 19 0.163853
1895 19 0.123418
1896 19 0.152078
1897 19 0.094295
1898 19 0.109664
1899 19 0.154040
1900 20 0.061415
1901 20 0.109652
1902 20 0.110016
1903 20 0.172962
1904 20 0.159976
1905 20 0.213826
1906 20 0.090474
1907 20 0.125846
1908 20 0.140448
1909 20 0.118765
1910 20 0.129871
1911 20 0.101312
1912 20 0.087089
1913 20 0.120473
1914 20 0.130519
1915 20 0.147323
1916 20 0.131460
1917 20 0.131717
1918 20 0.123149
1919 20 0.079194
1920 20 0.147360
1921 20 0.151100
1922 20 0.150071
1923 20 0.105841
1924 20 0.147177
1925 20 0.110801
1926 20 0.204584
1927 20 0.192033
1928 20 0.121710
1929 20 0.076853
1930 20 0.306812
1931 20 0.131172
1932 20 0.139434
1933 20 0.126274
1934 20 0.138832
1935 20 0.116110
1936 20 0.115299
1937 20 0.022435
1938 20 0.142700
1939 20 0.124117
1940 20 0.199236
1941 20 0.130878
1942 20 0.074574
1943 20 0.104588
1944 20 0.176790
1945 20 0.207444
1946 20 0.140822
1947 20 0.101876
1948 20 0.162610
1949 20 0.102422
1950 20 0.143690
1951 20 0.108320
1952 20 0.178582
1953 20 0.105151
1954 20 0.084191
1955 20 0.174460
1956 20 0.097038
1957 20 0.121819
1958 20 0.180677
1959 20 0.124344
1960 20 0.119999
1961 20 0.067975
1962 20 0.101202
1963 20 0.024219
1964 20 0.097309
1965 20 0.132035
1966 20 0.123681
1967 20 0.117996
1968 20 0.115660
1969 20 0.154226
1970 20 0.102240
1971 20 0.083056
1972 20 0.137838
1973 20 0.119736
1974 20 0.127132
1975 20 0.103207
1976 20 0.129945
1977 20 0.133061
1978 20 0.170369
1979 20 0.089827
1980 20 0.150770
1981 20 0.112831
1982 20 0.079557
1983 20 0.274106
1984 20 0.093202
1985 20 0.136453
1986 20 0.064170
1987 20 0.160467
1988 20 0.095584
1989 20 0.161931
1990 20 0.179830
1991 20 0.088238
1992 20 0.120170
1993 20 0.174663
1994 20 0.131366
1995 20 0.167848
1996 20 0.187094
1997 20 0.114250
1998 20 0.114032
1999 20 0.112902
2000 21 0.138875
2001 21 0.096929
2002 21 0.078860
2003 21 0.157867
2004 21 0.115411
2005 21 0.091499
2006 21 0.125360
2007 21 0.095987
2008 21 0.134300
2009 21 0.159445
2010 21 0.097096
2011 21 0.113808
2012 21 0.167376
2013 21 0.145889
2014 21 0.129087
2015 21 0.141183
2016 21 0.134609
2017 21 0.154913
2018 21 0.267993
2019 21 0.173643
2020 21 0.116496
2021 21 0.141961
2022 21 0.150735
2023 21 0.101358
2024 21 0.102299
2025 21 0.103165
2026 21 0.138646
2027 21 0.123618
2028 21 0.117798
2029 21 0.136330
2030 21 0.078474
2031 21 0.100704
2032 21 0.115810
2033 21 0.145055
2034 21 0.064107
2035 21 0.103576
2036 21 0.113330
2037 21 0.058942
2038 21 0.159724
2039 21 0.070731
2040 21 0.083572
2041 21 0.097281
2042 21 0.118310
2043 21 0.118755
2044 21 0.115655
2045 21 0.123687
2046 21 0.109952
2047 21 0.153886
2048 21 0.148101
2049 21 0.120531
2050 21 0.053133
2051 21 0.077596
2052 21 0.137498
2053 21 0.120264
2054 21 0.144183
2055 21 0.154692
2056 21 0.192344
2057 21 0.154734
2058 21 0.048409
2059 21 0.123003
2060 21 0.109704
2061 21 0.171336
2062 21 0.090806
2063 21 0.151941
2064 21 0.198390
2065 21 0.140609
2066 21 0.145969
2067 21 0.133140
2068 21 0.100539
2069 21 0.226870
2070 21 0.096652
2071 21 0.104788
2072 21 0.112862
2073 21 0.125118
2074 21 0.129990
2075 21 0.159548
2076 21 0.143573
2077 21 0.130897
2078 21 0.108289
2079 21 0.164425
2080 21 0.078778
2081 21 0.178088
2082 21 0.157869
2083 21 0.160985
2084 21 0.022135
2085 21 0.080544
2086 21 0.128875
2087 21 0.107579
2088 21 0.106620
2089 21 0.166491
2090 21 0.177192
2091 21 0.129892
2092 21 0.290011
2093 21 0.172759
2094 21 0.123961
2095 21 0.138643
2096 21 0.091542
2097 21 0.118969
2098 21 0.143012
2099 21 0.103631
2100 22 0.161177
2101 22 0.091414
2102 22 0.129730
2103 22 0.099049
2104 22 0.152901
2105 22 0.162250
2106 22 0.113721
2107 22 0.180261
2108 22 0.166601
2109 22 0.087220
2110 22 0.149199
2111 22 0.139209
2112 22 0.147122
2113 22 0.150370
2114 22 0.023665
2115 22 0.101715
2116 22 0.166834
2117 22 0.094775
2118 22 0.132557
2119 22 0.175229
2120 22 0.084218
2121 22 0.210409
2122 22 0.149015
2123 22 0.128035
2124 22 0.127214
2125 22 0.130468
2126 22 0.142865
2127 22 0.127196
2128 22 0.151668
2129 22 0.079026
2130 22 0.109250
2131 22 0.112076
2132 22 0.121652
2133 22 0.138578
2134 22 0.119858
2135 22 0.122801
2136 22 0.173831
2137 22 0.110711
2138 22 0.114293
2139 22 0.135508
2140 22 0.101308
2141 22 0.159588
2142 22 0.108946
2143 22 0.097509
2144 22 0.077340
2145 22 0.096175
2146 22 0.126407
2147 22 0.152851
2148 22 0.290424
2149 22 0.110011
2150 22 0.109621
2151 22 0.117857
2152 22 0.087424
2153 22 0.076681
2154 22 0.136853
2155 22 0.099868
2156 22 0.115788
2157 22 0.142619
2158 22 0.181027
2159 22 0.106065
2160 22 0.129680
2161 22 0.057415
2162 22 0.094421
2163 22 0.100253
2164 22 0.148200
2165 22 0.122039
2166 22 0.240821
2167 22 0.228497
2168 22 0.110334
2169 22 0.208415
2170 22 0.122423
2171 22 0.100289
2172 22 0.139054
2173 22 0.142349
2174 22 0.096751
2175 22 0.092547
2176 22 0.159696
2177 22 0.062642
2178 22 0.114116
2179 22 0.130751
2180 22 0.095549
2181 22 0.097220
2182 22 0.167162
2183 22 0.126850
2184 22 0.096709
2185 22 0.175799
2186 22 0.188687
2187 22 0.171942
2188 22 0.142851
2189 22 0.126941
2190 22 0.117102
2191 22 0.102684
2192 22 0.076892
2193 22 0.119499
2194 22 0.099531
2195 22 0.120010
2196 22 0.083170
2197 22 0.136687
2198 22 0.126151
2199 22 0.098334
2200 23 0.196301
2201 23 0.098556
2202 23 0.174182
2203 23 0.129729
2204 23 0.152256
2205 23 0.095268
2206 23 0.097798
2207 23 0.153750
2208 23 0.086177
2209 23 0.072232
2210 23 0.105741
2211 23 0.127535
2212 23 0.140867
2213 23 0.186154
2214 23 0.155510
2215 23 0.131158
2216 23 0.105580
2217 23 0.137640
2218 23 0.185114
2219 23 0.123655
2220 23 0.213053
2221 23 0.133586
2222 23 0.234299
2223 23 0.237390
2224 23 0.113458
2225 23 0.154162
2226 23 0.120029
2227 23 0.117601
2228 23 0.098928
2229 23 0.021859
2230 23 0.149153
2231 23 0.151777
2232 23 0.110611
2233 23 0.102416
2234 23 0.100853
2235 23 0.145105
2236 23 0.089317
2237 23 0.146391
2238 23 0.115639
2239 23 0.130165
2240 23 0.096315
2241 23 0.098404
2242 23 0.153079
2243 23 0.099709
2244 23 0.145720
2245 23 0.120377
2246 23 0.151722
2247 23 0.126387
2248 23 0.101994
2249 23 0.090845
2250 23 0.157381
2251 23 0.103642
2252 23 0.157147
2253 23 0.161708
2254 23 0.086522
2255 23 0.136379
2256 23 0.122248
2257 23 0.074624
2258 23 0.087157
2259 23 0.171263
2260 23 0.171098
2261 23 0.078208
2262 23 0.222111
2263 23 0.127816
2264 23 0.151518
2265 23 0.112251
2266 23 0.120364
2267 23 0.114806
2268 23 0.123931
2269 23 0.137824
2270 23 0.082495
2271 23 0.121485
2272 23 0.137411
2273 23 0.112425
2274 23 0.114231
2275 23 0.109889
2276 23 0.096034
2277 23 0.297040
2278 23 0.131527
2279 23 0.140219
2280 23 0.120415
2281 23 0.073568
2282 23 0.257999
2283 23 0.112316
2284 23 0.137606
2285 23 0.100792
2286 23 0.083538
2287 23 0.187656
2288 23 0.116507
2289 23 0.139148
2290 23 0.108700
2291 23 0.147174
2292 23 0.128182
2293 23 0.077442
2294 23 0.143527
2295 23 0.046303
2296 23 0.134623
2297 23 0.045945
2298 23 0.098188
2299 23 0.152158
2300 24 0.140281
2301 24 0.139542
2302 24 0.173015
2303 24 0.122114
2304 24 0.252928
2305 24 0.130534
2306 24 0.150975
2307 24 0.100645
2308 24 0.153111
2309 24 0.124608
2310 24 0.104935
2311 24 0.144466
2312 24 0.129173
2313 24 0.166489
2314 24 0.146318
2315 24 0.100405
2316 24 0.136674
2317 24 0.139619
2318 24 0.147937
2319 24 0.168193
2320 24 0.103815
2321 24 0.121321
2322 24 0.146231
2323 24 0.116861
2324 24 0.115534
2325 24 0.023140
2326 24 0.099727
2327 24 0.100667
2328 24 0.100436
2329 24 0.072020
2330 24 0.142873
2331 24 0.142898
2332 24 0.130293
2333 24 0.122934
2334 24 0.208611
2335 24 0.115580
2336 24 0.161200
2337 24 0.177675
2338 24 0.125694
2339 24 0.114431
2340 24 0.160751
2341 24 0.146531
2342 24 0.241627
2343 24 0.111056
2344 24 0.121365
2345 24 0.199453
2346 24 0.139730
2347 24 0.106069
2348 24 0.143211
2349 24 0.106265
2350 24 0.092093
2351 24 0.147908
2352 24 0.098726
2353 24 0.106794
2354 24 0.095785
2355 24 0.103299
2356 24 0.117739
2357 24 0.174417
2358 24 0.205888
2359 24 0.124006
2360 24 0.119157
2361 24 0.123537
2362 24 0.092666
2363 24 0.103695
2364 24 0.087735
2365 24 0.152796
2366 24 0.112674
2367 24 0.101279
2368 24 0.107761
2369 24 0.119887
2370 24 0.064186
2371 24 0.132690
2372 24 0.164310
2373 24 0.135596
2374 24 0.120802
2375 24 0.121911
2376 24 0.077079
2377 24 0.134829
2378 24 0.115775
2379 24 0.132479
2380 24 0.135571
2381 24 0.087998
2382 24 0.076996
2383 24 0.153297
2384 24 0.079911
2385 24 0.130290
2386 24 0.043971
2387 24 0.140810
2388 24 0.102176
2389 24 0.122053
2390 24 0.124857
2391 24 0.092790
2392 24 0.095241
2393 24 0.146156
2394 24 0.053962
2395 24 0.135427
2396 24 0.139486
2397 24 0.119057
2398 24 0.168338
2399 24 0.095806
2400 25 0.112079
2401 25 0.164632
2402 25 0.144503
2403 25 0.086299
2404 25 0.116975
2405 25 0.209464
2406 25 0.099237
2407 25 0.127816
2408 25 0.103094
2409 25 0.168541
2410 25 0.117838
2411 25 0.108246
2412 25 0.132210
2413 25 0.147843
2414 25 0.118905
2415 25 0.127181
2416 25 0.102161
2417 25 0.078807
2418 25 0.122113
2419 25 0.102138
2420 25 0.141028
2421 25 0.190057
2422 25 0.072280
2423 25 0.119400
2424 25 0.098059
2425 25 0.136822
2426 25 0.111778
2427 25 0.069971
2428 25 0.103728
2429 25 0.110813
2430 25 0.146679
2431 25 0.130523
2432 25 0.144314
2433 25 0.165669
2434 25 0.181054
2435 25 0.094943
2436 25 0.100326
2437 25 0.133001
2438 25 0.096067
2439 25 0.271226
2440 25 0.132559
2441 25 0.143886
2442 25 0.117292
2443 25 0.139552
2444 25 0.298822
2445 25 0.086921
2446 25 0.021295
2447 25 0.107607
2448 25 0.121833
2449 25 0.096624
2450 25 0.145981
2451 25 0.074595
2452 25 0.107137
2453 25 0.107050
2454 25 0.155624
2455 25 0.146378
2456 25 0.124133
2457 25 0.072919
2458 25 0.143827
2459 25 0.163214
2460 25 0.148754
2461 25 0.124776
2462 25 0.140287
2463 25 0.119501
2464 25 0.139074
2465 25 0.242073
2466 25 0.126449
2467 25 0.137328
2468 25 0.129948
2469 25 0.079232
2470 25 0.103174
2471 25 0.194734
2472 25 0.109899
2473 25 0.137311
2474 25 0.158856
2475 25 0.130434
2476 25 0.139089
2477 25 0.114293
2478 25 0.134196
2479 25 0.126656
2480 25 0.161396
2481 25 0.078704
2482 25 0.142209
2483 25 0.095747
2484 25 0.146392
2485 25 0.125537
2486 25 0.138425
2487 25 0.104635
2488 25 0.059749
2489 25 0.145950
2490 25 0.097509
2491 25 0.109978
2492 25 0.109463
2493 25 0.097760
2494 25 0.134340
2495 25 0.124046
2496 25 0.123513
2497 25 0.275666
2498 25 0.078416
2499 25 0.092276
