# Batch convergence for: model=snn-ae encoding=direct architecture=conv1d v_th=1.5 alpha=0.8 run=1
batch_num epoch batch_loss
0 1 1.368266
1 1 1.124288
2 1 1.156483
3 1 0.572541
4 1 0.952826
5 1 1.226713
6 1 1.486797
7 1 0.999721
8 1 0.845658
9 1 1.048815
10 1 1.210009
11 1 1.118747
12 1 1.207445
13 1 0.875421
14 1 0.675865
15 1 1.178922
16 1 1.262041
17 1 1.363986
18 1 0.907218
19 1 1.343172
20 1 0.949745
21 1 0.995224
22 1 0.905415
23 1 1.204202
24 1 0.970487
25 1 1.212522
26 1 1.449842
27 1 1.093129
28 1 0.037208
29 1 1.081436
30 1 1.059949
31 1 1.090633
32 1 1.117100
33 1 1.051265
34 1 0.954215
35 1 0.069899
36 1 1.076802
37 1 1.029017
38 1 1.001402
39 1 0.215739
40 1 0.660414
41 1 0.994237
42 1 1.131876
43 1 1.029531
44 1 1.152158
45 1 0.869685
46 1 0.841943
47 1 0.838464
48 1 1.103372
49 1 0.970415
50 1 1.011107
51 1 1.243897
52 1 1.040718
53 1 0.873705
54 1 0.942886
55 1 1.000039
56 1 1.116114
57 1 1.074027
58 1 0.129167
59 1 0.997375
60 1 0.941551
61 1 1.115167
62 1 1.213717
63 1 1.048890
64 1 1.100257
65 1 1.142528
66 1 0.857203
67 1 0.754747
68 1 1.061177
69 1 1.005047
70 1 1.034782
71 1 0.693379
72 1 0.771843
73 1 1.073564
74 1 0.934064
75 1 1.050200
76 1 1.273338
77 1 1.099077
78 1 1.008307
79 1 0.976630
80 1 0.974826
81 1 1.042682
82 1 0.118811
83 1 0.869657
84 1 1.033091
85 1 0.992145
86 1 0.186089
87 1 1.018084
88 1 0.982140
89 1 1.012404
90 1 0.957441
91 1 1.043069
92 1 0.879627
93 1 0.935269
94 1 0.603215
95 1 1.053029
96 1 1.043187
97 1 0.893446
98 1 1.095941
99 1 0.965939
100 2 1.087035
101 2 0.037528
102 2 0.960766
103 2 0.976736
104 2 1.033237
105 2 1.000201
106 2 1.040307
107 2 1.015975
108 2 0.992735
109 2 0.910965
110 2 1.077624
111 2 0.832531
112 2 0.993060
113 2 1.044422
114 2 0.987682
115 2 1.084979
116 2 1.002240
117 2 0.971656
118 2 0.821165
119 2 1.068491
120 2 0.920333
121 2 0.769496
122 2 0.610372
123 2 0.908617
124 2 0.567344
125 2 1.080405
126 2 0.918127
127 2 0.806312
128 2 1.055704
129 2 0.766956
130 2 0.985779
131 2 0.968579
132 2 1.016368
133 2 0.559461
134 2 1.035687
135 2 1.121857
136 2 0.185522
137 2 0.804470
138 2 1.078092
139 2 1.052900
140 2 0.096554
141 2 1.053037
142 2 1.287164
143 2 0.953681
144 2 1.009061
145 2 0.929429
146 2 0.907109
147 2 0.070133
148 2 0.981134
149 2 0.987417
150 2 0.831923
151 2 0.822624
152 2 0.799301
153 2 0.461553
154 2 0.910092
155 2 0.792696
156 2 0.655538
157 2 0.876551
158 2 0.821748
159 2 1.068311
160 2 0.601011
161 2 0.931592
162 2 0.141944
163 2 1.020028
164 2 0.845859
165 2 1.062618
166 2 0.786315
167 2 0.921077
168 2 0.958801
169 2 0.989384
170 2 0.962966
171 2 0.683988
172 2 0.912600
173 2 0.932126
174 2 0.878406
175 2 0.917544
176 2 1.030493
177 2 0.745200
178 2 0.938951
179 2 0.900761
180 2 0.951299
181 2 0.834217
182 2 0.100937
183 2 0.980380
184 2 1.081780
185 2 0.847891
186 2 0.906363
187 2 0.976840
188 2 1.047575
189 2 1.023384
190 2 0.901568
191 2 0.827670
192 2 0.892994
193 2 1.012956
194 2 0.924245
195 2 1.058291
196 2 1.027813
197 2 1.053773
198 2 0.440856
199 2 0.941196
200 3 0.962635
201 3 0.935889
202 3 0.567012
203 3 0.934707
204 3 0.778305
205 3 0.919828
206 3 0.858253
207 3 0.646650
208 3 1.162644
209 3 0.827269
210 3 1.050820
211 3 0.995947
212 3 0.991825
213 3 0.915481
214 3 0.999305
215 3 0.119351
216 3 1.004935
217 3 0.118892
218 3 0.876677
219 3 0.732938
220 3 0.785157
221 3 0.038481
222 3 0.927744
223 3 0.963885
224 3 1.032209
225 3 0.923792
226 3 0.994629
227 3 0.962451
228 3 1.038968
229 3 0.784121
230 3 0.876376
231 3 0.797894
232 3 0.124659
233 3 0.907724
234 3 0.976076
235 3 0.960651
236 3 0.910192
237 3 0.863832
238 3 1.082507
239 3 0.975730
240 3 0.948092
241 3 0.981447
242 3 0.964541
243 3 0.923417
244 3 0.986555
245 3 0.846874
246 3 1.109306
247 3 0.984397
248 3 0.978356
249 3 0.460335
250 3 0.836670
251 3 0.931385
252 3 0.757498
253 3 0.922493
254 3 1.104663
255 3 1.063719
256 3 0.556433
257 3 1.021113
258 3 0.973236
259 3 0.818082
260 3 1.005434
261 3 0.974586
262 3 0.945013
263 3 0.912329
264 3 0.914648
265 3 1.016877
266 3 0.996955
267 3 0.908566
268 3 0.954139
269 3 0.973256
270 3 0.463205
271 3 0.938821
272 3 0.973492
273 3 0.968290
274 3 0.780549
275 3 0.934881
276 3 0.791958
277 3 0.738161
278 3 0.930998
279 3 0.841718
280 3 0.071308
281 3 0.990833
282 3 0.881911
283 3 0.971997
284 3 0.738231
285 3 1.044026
286 3 0.940654
287 3 0.959308
288 3 0.943143
289 3 0.185433
290 3 0.894463
291 3 0.928666
292 3 1.020648
293 3 0.566906
294 3 0.772546
295 3 0.760838
296 3 0.952944
297 3 0.956914
298 3 0.858012
299 3 1.028189
300 4 0.900781
301 4 0.922848
302 4 1.049955
303 4 0.905246
304 4 0.185051
305 4 0.914180
306 4 0.883828
307 4 0.991896
308 4 0.891346
309 4 0.951115
310 4 0.907575
311 4 0.911833
312 4 0.546688
313 4 0.911618
314 4 0.825344
315 4 0.792716
316 4 0.638061
317 4 0.826299
318 4 0.839700
319 4 0.806668
320 4 1.027828
321 4 1.031462
322 4 0.940872
323 4 0.996708
324 4 0.927194
325 4 0.862890
326 4 0.553057
327 4 0.962610
328 4 0.735996
329 4 0.943316
330 4 1.082287
331 4 1.020224
332 4 0.949637
333 4 0.919486
334 4 0.598566
335 4 0.867424
336 4 0.666427
337 4 0.994945
338 4 0.798635
339 4 0.071192
340 4 0.934025
341 4 0.774433
342 4 0.997338
343 4 0.709091
344 4 0.723024
345 4 0.970337
346 4 0.858538
347 4 0.790708
348 4 1.009995
349 4 0.953494
350 4 0.915464
351 4 0.459409
352 4 0.945548
353 4 0.887370
354 4 0.820198
355 4 0.039175
356 4 0.898038
357 4 0.995851
358 4 0.914647
359 4 0.763106
360 4 0.674903
361 4 0.998987
362 4 0.757736
363 4 0.974990
364 4 0.927506
365 4 0.915096
366 4 0.971464
367 4 1.059601
368 4 0.764758
369 4 0.968619
370 4 0.809391
371 4 0.771786
372 4 0.932177
373 4 0.901364
374 4 0.908771
375 4 0.991003
376 4 0.939694
377 4 1.011275
378 4 0.119372
379 4 0.921763
380 4 0.890127
381 4 1.013682
382 4 1.118316
383 4 0.902908
384 4 0.953836
385 4 0.982252
386 4 0.928078
387 4 1.119858
388 4 0.850252
389 4 0.894623
390 4 0.946143
391 4 0.943816
392 4 0.100288
393 4 0.956218
394 4 0.986276
395 4 0.959533
396 4 0.881001
397 4 0.976261
398 4 0.898697
399 4 0.097369
400 5 0.959038
401 5 0.913796
402 5 0.550274
403 5 0.841749
404 5 0.922094
405 5 1.043097
406 5 0.997900
407 5 0.661938
408 5 0.874435
409 5 0.889511
410 5 1.161327
411 5 0.982762
412 5 0.109086
413 5 0.763615
414 5 0.955974
415 5 0.969623
416 5 0.714840
417 5 0.846177
418 5 0.896929
419 5 0.916782
420 5 0.786051
421 5 0.760124
422 5 0.948117
423 5 0.806620
424 5 0.812061
425 5 1.009889
426 5 0.185458
427 5 1.014964
428 5 0.851933
429 5 0.738616
430 5 0.969817
431 5 0.839463
432 5 1.040978
433 5 0.952872
434 5 0.779835
435 5 0.817891
436 5 0.950489
437 5 0.543393
438 5 0.733634
439 5 0.588991
440 5 0.924115
441 5 0.925664
442 5 0.923297
443 5 0.955794
444 5 0.819530
445 5 0.936831
446 5 0.803016
447 5 0.849225
448 5 0.949442
449 5 0.955539
450 5 0.960119
451 5 0.932231
452 5 0.906609
453 5 0.652598
454 5 0.943252
455 5 0.072067
456 5 0.821152
457 5 1.021491
458 5 0.991596
459 5 0.927659
460 5 0.989245
461 5 0.962918
462 5 0.969833
463 5 1.010529
464 5 0.915348
465 5 0.871113
466 5 0.955948
467 5 0.435674
468 5 0.781744
469 5 0.897124
470 5 0.932110
471 5 0.887000
472 5 0.632218
473 5 1.008046
474 5 0.039484
475 5 0.736436
476 5 0.863003
477 5 0.918063
478 5 0.744066
479 5 0.979444
480 5 0.912877
481 5 0.933922
482 5 0.968882
483 5 0.980913
484 5 0.697978
485 5 1.001065
486 5 0.881991
487 5 1.072391
488 5 0.773213
489 5 0.908372
490 5 0.982410
491 5 0.955095
492 5 0.911651
493 5 0.937797
494 5 0.119945
495 5 0.920493
496 5 0.981444
497 5 0.100359
498 5 0.500259
499 5 0.805781
500 6 0.154304
501 6 0.523883
502 6 0.112052
503 6 0.119761
504 6 0.976496
505 6 0.943697
506 6 0.735913
507 6 0.919779
508 6 0.733280
509 6 0.913037
510 6 0.931512
511 6 1.020051
512 6 0.795475
513 6 0.938722
514 6 0.969493
515 6 0.985995
516 6 0.775027
517 6 0.898948
518 6 0.185440
519 6 0.981273
520 6 1.031930
521 6 0.917930
522 6 0.923980
523 6 0.755653
524 6 0.773193
525 6 0.936742
526 6 0.842644
527 6 0.997910
528 6 0.806365
529 6 0.900897
530 6 0.852209
531 6 0.072429
532 6 0.815245
533 6 0.521440
534 6 0.487992
535 6 0.954386
536 6 0.898809
537 6 0.902426
538 6 0.965929
539 6 0.904417
540 6 0.986086
541 6 0.783367
542 6 0.837894
543 6 0.933113
544 6 0.769273
545 6 1.016886
546 6 0.913755
547 6 1.055070
548 6 0.937718
549 6 0.544333
550 6 1.012056
551 6 0.698213
552 6 0.815840
553 6 0.678663
554 6 0.907583
555 6 0.761236
556 6 0.929506
557 6 0.921014
558 6 0.914188
559 6 0.685860
560 6 0.984571
561 6 1.040169
562 6 1.004387
563 6 0.914552
564 6 0.521459
565 6 0.914512
566 6 0.992707
567 6 0.981751
568 6 1.012863
569 6 1.076937
570 6 0.732605
571 6 0.969182
572 6 0.862203
573 6 0.978885
574 6 0.970334
575 6 0.733044
576 6 0.651897
577 6 0.901233
578 6 0.740242
579 6 0.806827
580 6 0.927453
581 6 1.071479
582 6 1.074598
583 6 0.040048
584 6 1.014988
585 6 0.639473
586 6 0.755634
587 6 0.782766
588 6 0.491259
589 6 0.651485
590 6 0.924164
591 6 0.850956
592 6 0.937865
593 6 0.886532
594 6 0.957084
595 6 0.889590
596 6 0.937217
597 6 0.912937
598 6 0.765706
599 6 0.910423
600 7 0.097332
601 7 1.024930
602 7 0.862759
603 7 0.944878
604 7 0.560528
605 7 0.871881
606 7 0.861899
607 7 0.750264
608 7 0.925562
609 7 0.768476
610 7 0.947755
611 7 0.805547
612 7 0.920925
613 7 0.901031
614 7 0.072643
615 7 0.901397
616 7 0.778703
617 7 0.635060
618 7 0.992886
619 7 0.185690
620 7 0.476877
621 7 0.897418
622 7 0.741726
623 7 0.039836
624 7 0.790540
625 7 0.741464
626 7 0.850405
627 7 1.041027
628 7 0.742373
629 7 0.788790
630 7 1.001348
631 7 0.799601
632 7 0.108652
633 7 0.836578
634 7 0.965610
635 7 0.549313
636 7 0.490647
637 7 1.041464
638 7 0.796035
639 7 0.904053
640 7 0.724524
641 7 0.881746
642 7 0.861321
643 7 0.120367
644 7 0.784221
645 7 0.436205
646 7 0.880799
647 7 0.905959
648 7 0.936788
649 7 0.492671
650 7 0.926960
651 7 0.727979
652 7 0.798783
653 7 0.711771
654 7 0.757031
655 7 0.946065
656 7 0.807543
657 7 0.794764
658 7 0.876606
659 7 0.881931
660 7 0.836083
661 7 0.944101
662 7 0.887606
663 7 0.943658
664 7 0.913712
665 7 0.984006
666 7 0.927354
667 7 0.813077
668 7 0.867326
669 7 0.776994
670 7 0.945252
671 7 0.800653
672 7 0.997014
673 7 0.943512
674 7 0.924287
675 7 1.015051
676 7 0.981527
677 7 0.916398
678 7 0.982046
679 7 0.979284
680 7 0.479828
681 7 0.845565
682 7 0.871662
683 7 0.716642
684 7 1.004915
685 7 0.955142
686 7 0.935885
687 7 0.951422
688 7 0.732899
689 7 1.023017
690 7 0.609167
691 7 0.811044
692 7 0.590965
693 7 0.487329
694 7 0.985854
695 7 0.900306
696 7 1.001364
697 7 0.461796
698 7 1.012973
699 7 0.769726
700 8 1.054710
701 8 0.097458
702 8 0.883944
703 8 0.713380
704 8 0.756918
705 8 0.769345
706 8 0.673035
707 8 0.939654
708 8 0.902049
709 8 0.795181
710 8 0.687994
711 8 1.058299
712 8 0.628097
713 8 0.814546
714 8 0.943691
715 8 0.924980
716 8 1.023615
717 8 0.785236
718 8 0.606203
719 8 0.915059
720 8 1.014432
721 8 0.900638
722 8 0.908419
723 8 0.904848
724 8 0.951037
725 8 0.776011
726 8 0.760400
727 8 0.767907
728 8 0.570623
729 8 0.782553
730 8 0.719737
731 8 0.039945
732 8 0.817519
733 8 1.025448
734 8 0.816043
735 8 0.503371
736 8 0.845607
737 8 0.783204
738 8 0.827478
739 8 0.841629
740 8 0.072968
741 8 0.771201
742 8 0.844187
743 8 0.913785
744 8 0.852360
745 8 0.812357
746 8 0.638060
747 8 0.845739
748 8 0.854334
749 8 0.903572
750 8 0.753400
751 8 0.921812
752 8 0.933410
753 8 0.844102
754 8 0.890706
755 8 0.690827
756 8 0.840155
757 8 0.895374
758 8 0.872098
759 8 0.904254
760 8 0.826774
761 8 0.836424
762 8 0.809613
763 8 0.500071
764 8 0.853170
765 8 0.753165
766 8 0.855282
767 8 0.958096
768 8 0.777859
769 8 0.547339
770 8 0.834790
771 8 0.702516
772 8 0.958953
773 8 0.823753
774 8 0.902704
775 8 0.999632
776 8 0.959188
777 8 0.531948
778 8 0.185921
779 8 0.585893
780 8 0.820534
781 8 0.120982
782 8 0.600726
783 8 0.362455
784 8 0.384943
785 8 0.692094
786 8 1.009481
787 8 0.889283
788 8 0.769338
789 8 0.484881
790 8 0.902104
791 8 0.979726
792 8 0.967369
793 8 0.928199
794 8 0.907140
795 8 0.799005
796 8 0.787093
797 8 0.100050
798 8 0.971663
799 8 0.921204
800 9 0.754011
801 9 0.762338
802 9 0.905998
803 9 0.917573
804 9 0.924235
805 9 0.721800
806 9 0.936318
807 9 0.454839
808 9 0.732533
809 9 0.693318
810 9 0.907327
811 9 0.795620
812 9 0.996496
813 9 0.936806
814 9 0.859746
815 9 0.929106
816 9 0.860861
817 9 0.925653
818 9 0.940251
819 9 0.517995
820 9 0.872664
821 9 0.144657
822 9 0.072971
823 9 0.866830
824 9 0.788882
825 9 0.855796
826 9 0.754983
827 9 0.939091
828 9 0.894610
829 9 0.735141
830 9 0.512604
831 9 0.880204
832 9 0.953822
833 9 0.459870
834 9 0.953994
835 9 0.423784
836 9 0.901157
837 9 0.623689
838 9 0.859042
839 9 0.857260
840 9 1.016770
841 9 0.866207
842 9 0.769430
843 9 0.806586
844 9 0.592506
845 9 0.419386
846 9 0.831176
847 9 0.961219
848 9 0.463624
849 9 0.898745
850 9 0.831930
851 9 0.895857
852 9 0.879716
853 9 0.801221
854 9 0.823019
855 9 0.690643
856 9 0.185677
857 9 0.698582
858 9 0.790427
859 9 0.802489
860 9 0.830207
861 9 0.954160
862 9 0.815736
863 9 0.697441
864 9 0.381772
865 9 1.031062
866 9 0.981137
867 9 0.903511
868 9 0.943888
869 9 0.039953
870 9 0.815881
871 9 0.162700
872 9 0.845022
873 9 0.820193
874 9 0.885428
875 9 0.993253
876 9 0.593778
877 9 0.769211
878 9 0.592086
879 9 0.861716
880 9 0.832048
881 9 0.912046
882 9 0.739926
883 9 0.859046
884 9 0.736189
885 9 0.826949
886 9 0.617531
887 9 0.710239
888 9 0.880729
889 9 0.632501
890 9 0.801161
891 9 0.854516
892 9 0.954839
893 9 0.640737
894 9 0.118314
895 9 0.672013
896 9 0.564467
897 9 0.815122
898 9 0.908087
899 9 0.819376
900 10 0.862925
901 10 0.599125
902 10 0.610853
903 10 0.685985
904 10 0.758461
905 10 0.945571
906 10 0.524227
907 10 0.607242
908 10 0.039650
909 10 0.796180
910 10 0.309098
911 10 0.827914
912 10 0.603349
913 10 0.876698
914 10 0.570453
915 10 0.878126
916 10 0.901308
917 10 0.729966
918 10 0.901746
919 10 0.701802
920 10 0.734926
921 10 0.775238
922 10 0.992558
923 10 0.901125
924 10 0.821392
925 10 0.852097
926 10 0.849045
927 10 0.643376
928 10 0.863691
929 10 0.931118
930 10 0.937857
931 10 0.796095
932 10 0.962387
933 10 0.073285
934 10 0.805057
935 10 0.469700
936 10 0.655715
937 10 0.708656
938 10 0.774863
939 10 0.809191
940 10 0.738243
941 10 0.937405
942 10 0.839712
943 10 0.395517
944 10 0.924670
945 10 0.765005
946 10 0.833953
947 10 0.742471
948 10 0.426963
949 10 0.792654
950 10 0.810352
951 10 0.923723
952 10 0.728710
953 10 0.869958
954 10 0.798132
955 10 0.962066
956 10 0.883107
957 10 0.697466
958 10 0.734060
959 10 0.791894
960 10 0.663491
961 10 0.685572
962 10 0.907822
963 10 0.944905
964 10 0.495046
965 10 0.705970
966 10 0.787175
967 10 0.720575
968 10 0.716565
969 10 0.800169
970 10 0.533705
971 10 0.616093
972 10 0.816560
973 10 0.321223
974 10 0.867674
975 10 0.875504
976 10 0.828414
977 10 0.854122
978 10 0.776077
979 10 0.682603
980 10 0.489307
981 10 0.121484
982 10 0.684230
983 10 0.243936
984 10 0.900493
985 10 0.912786
986 10 0.962812
987 10 0.861090
988 10 0.894628
989 10 0.944350
990 10 0.099955
991 10 0.718900
992 10 0.806510
993 10 0.097384
994 10 0.700656
995 10 0.729813
996 10 0.899900
997 10 0.946203
998 10 0.773079
999 10 0.763510
1000 11 0.813299
1001 11 0.801639
1002 11 0.783350
1003 11 0.843267
1004 11 1.073087
1005 11 0.767347
1006 11 0.382468
1007 11 0.796723
1008 11 0.653626
1009 11 0.647486
1010 11 0.745550
1011 11 0.709437
1012 11 0.786497
1013 11 0.933065
1014 11 0.039391
1015 11 0.841194
1016 11 0.645240
1017 11 0.405792
1018 11 0.958337
1019 11 0.865453
1020 11 0.612685
1021 11 0.635986
1022 11 0.830708
1023 11 0.697245
1024 11 0.744147
1025 11 0.810228
1026 11 0.841602
1027 11 0.727596
1028 11 0.844228
1029 11 0.932825
1030 11 0.877235
1031 11 0.853137
1032 11 0.884439
1033 11 0.608611
1034 11 0.655701
1035 11 0.836679
1036 11 0.691126
1037 11 0.485361
1038 11 0.648201
1039 11 0.871732
1040 11 0.809800
1041 11 0.814249
1042 11 0.958935
1043 11 0.813187
1044 11 0.805368
1045 11 0.162151
1046 11 0.461277
1047 11 0.690469
1048 11 0.662501
1049 11 1.009097
1050 11 0.358822
1051 11 0.850298
1052 11 0.072878
1053 11 0.820449
1054 11 0.801484
1055 11 0.118404
1056 11 1.005891
1057 11 0.608509
1058 11 0.977546
1059 11 0.675459
1060 11 0.751129
1061 11 0.738538
1062 11 0.931608
1063 11 0.966295
1064 11 0.582494
1065 11 0.634173
1066 11 1.061286
1067 11 0.886798
1068 11 0.798296
1069 11 0.541217
1070 11 0.287522
1071 11 0.818895
1072 11 0.587834
1073 11 0.872849
1074 11 0.876430
1075 11 0.211135
1076 11 0.875106
1077 11 0.820471
1078 11 0.699683
1079 11 0.896175
1080 11 0.794149
1081 11 0.370750
1082 11 0.926802
1083 11 0.886860
1084 11 0.787151
1085 11 0.621218
1086 11 0.737566
1087 11 0.097179
1088 11 0.953519
1089 11 0.735260
1090 11 0.493524
1091 11 0.801159
1092 11 0.822896
1093 11 0.830293
1094 11 0.895654
1095 11 0.780231
1096 11 0.762677
1097 11 0.840692
1098 11 0.642498
1099 11 0.903872
1100 12 0.776026
1101 12 0.834203
1102 12 0.938795
1103 12 0.540719
1104 12 0.952332
1105 12 0.039112
1106 12 0.688412
1107 12 0.125514
1108 12 0.718184
1109 12 0.827137
1110 12 0.795537
1111 12 0.839418
1112 12 0.813823
1113 12 0.649064
1114 12 0.902701
1115 12 0.858880
1116 12 0.236495
1117 12 0.779835
1118 12 0.626251
1119 12 0.925230
1120 12 0.692871
1121 12 0.184618
1122 12 0.726171
1123 12 0.799706
1124 12 0.315876
1125 12 0.581868
1126 12 0.505992
1127 12 0.828867
1128 12 0.638590
1129 12 0.801744
1130 12 0.761793
1131 12 0.793134
1132 12 1.011656
1133 12 0.943912
1134 12 0.651416
1135 12 0.703584
1136 12 0.865351
1137 12 0.519078
1138 12 0.599393
1139 12 0.492745
1140 12 0.744149
1141 12 0.808064
1142 12 0.904740
1143 12 0.868870
1144 12 0.702594
1145 12 0.747459
1146 12 0.916164
1147 12 0.602540
1148 12 0.577547
1149 12 0.954766
1150 12 0.843237
1151 12 0.642024
1152 12 0.372120
1153 12 0.825436
1154 12 0.096959
1155 12 0.380117
1156 12 0.891041
1157 12 0.951215
1158 12 0.231157
1159 12 0.899125
1160 12 0.636981
1161 12 0.891063
1162 12 0.072841
1163 12 0.809024
1164 12 0.819271
1165 12 0.783054
1166 12 0.453353
1167 12 0.799270
1168 12 0.888126
1169 12 0.676737
1170 12 0.605001
1171 12 0.864898
1172 12 0.656131
1173 12 0.351235
1174 12 1.000424
1175 12 0.757636
1176 12 0.688550
1177 12 0.968257
1178 12 0.882624
1179 12 0.708544
1180 12 0.597962
1181 12 0.645161
1182 12 0.836689
1183 12 0.616340
1184 12 0.793240
1185 12 0.918662
1186 12 0.417237
1187 12 0.910234
1188 12 0.741963
1189 12 0.543957
1190 12 0.482949
1191 12 0.880624
1192 12 0.704130
1193 12 0.492554
1194 12 0.204473
1195 12 0.920143
1196 12 0.767548
1197 12 0.863846
1198 12 0.690747
1199 12 0.895479
1200 13 0.436733
1201 13 0.666258
1202 13 0.613933
1203 13 0.452370
1204 13 0.945771
1205 13 0.833633
1206 13 0.924063
1207 13 0.832035
1208 13 0.897483
1209 13 0.949333
1210 13 1.027019
1211 13 0.651265
1212 13 0.940342
1213 13 0.836502
1214 13 0.818189
1215 13 0.757330
1216 13 0.789078
1217 13 0.904268
1218 13 0.706973
1219 13 0.651973
1220 13 0.805879
1221 13 0.899797
1222 13 0.688638
1223 13 0.550041
1224 13 0.807338
1225 13 0.240574
1226 13 0.879582
1227 13 0.835708
1228 13 0.754921
1229 13 0.184459
1230 13 0.728749
1231 13 0.150363
1232 13 0.161893
1233 13 0.807605
1234 13 0.655565
1235 13 0.673720
1236 13 0.589070
1237 13 0.785962
1238 13 0.815831
1239 13 0.817287
1240 13 0.775882
1241 13 0.815478
1242 13 0.762558
1243 13 0.072789
1244 13 0.598895
1245 13 0.218674
1246 13 0.733539
1247 13 0.772828
1248 13 0.709299
1249 13 0.375685
1250 13 0.450436
1251 13 0.507998
1252 13 0.717829
1253 13 0.666711
1254 13 0.597625
1255 13 0.695686
1256 13 0.795160
1257 13 0.630017
1258 13 0.910980
1259 13 0.756262
1260 13 0.844599
1261 13 0.935061
1262 13 0.895078
1263 13 0.874644
1264 13 0.570051
1265 13 0.826969
1266 13 0.575151
1267 13 0.746790
1268 13 0.487183
1269 13 0.568401
1270 13 0.847288
1271 13 0.833301
1272 13 0.825722
1273 13 0.909904
1274 13 0.772611
1275 13 0.677917
1276 13 0.669818
1277 13 0.838739
1278 13 0.904197
1279 13 0.697998
1280 13 0.805731
1281 13 0.872715
1282 13 0.661977
1283 13 0.624726
1284 13 0.751676
1285 13 0.709706
1286 13 0.697802
1287 13 0.038578
1288 13 0.416557
1289 13 0.771108
1290 13 0.727498
1291 13 0.126005
1292 13 0.752209
1293 13 0.552442
1294 13 0.612821
1295 13 0.617203
1296 13 0.746762
1297 13 0.121656
1298 13 0.379086
1299 13 0.164147
1300 14 0.627708
1301 14 0.663789
1302 14 0.818984
1303 14 0.990841
1304 14 0.509023
1305 14 0.737944
1306 14 0.838155
1307 14 0.595677
1308 14 0.391795
1309 14 0.861722
1310 14 0.837822
1311 14 0.532582
1312 14 0.038485
1313 14 0.668912
1314 14 0.677108
1315 14 0.610025
1316 14 0.919584
1317 14 0.072357
1318 14 0.868999
1319 14 0.194485
1320 14 0.418211
1321 14 0.833924
1322 14 0.134067
1323 14 0.650764
1324 14 0.124717
1325 14 0.664844
1326 14 0.747943
1327 14 0.879759
1328 14 0.675510
1329 14 0.981531
1330 14 0.658057
1331 14 0.946340
1332 14 0.770461
1333 14 0.650621
1334 14 0.762307
1335 14 0.836271
1336 14 0.629911
1337 14 0.724182
1338 14 0.613870
1339 14 0.780818
1340 14 0.566506
1341 14 0.202354
1342 14 0.589013
1343 14 0.737877
1344 14 0.802973
1345 14 0.773766
1346 14 0.714551
1347 14 0.735760
1348 14 0.732149
1349 14 0.921534
1350 14 0.829291
1351 14 0.720112
1352 14 0.668565
1353 14 0.906181
1354 14 0.734498
1355 14 0.653222
1356 14 0.987177
1357 14 0.699810
1358 14 0.709863
1359 14 1.016698
1360 14 0.773759
1361 14 0.856243
1362 14 0.892103
1363 14 0.616569
1364 14 0.866207
1365 14 0.746410
1366 14 0.487417
1367 14 0.619982
1368 14 0.096834
1369 14 0.121644
1370 14 0.682507
1371 14 0.858622
1372 14 0.723190
1373 14 0.609688
1374 14 0.590305
1375 14 0.558734
1376 14 0.583151
1377 14 0.780378
1378 14 0.608006
1379 14 0.570755
1380 14 0.800465
1381 14 0.725199
1382 14 0.787957
1383 14 0.099978
1384 14 0.562663
1385 14 0.733131
1386 14 0.863747
1387 14 0.184674
1388 14 0.931702
1389 14 0.603506
1390 14 0.593240
1391 14 0.763474
1392 14 0.265408
1393 14 0.641817
1394 14 0.749602
1395 14 0.889412
1396 14 0.884116
1397 14 0.363297
1398 14 0.707765
1399 14 1.055820
1400 15 0.552485
1401 15 0.536238
1402 15 0.038431
1403 15 0.785736
1404 15 0.459691
1405 15 0.555655
1406 15 0.845975
1407 15 0.639074
1408 15 0.851866
1409 15 0.595535
1410 15 0.732813
1411 15 0.740802
1412 15 0.902680
1413 15 0.694440
1414 15 0.827902
1415 15 0.519631
1416 15 0.548689
1417 15 0.575426
1418 15 0.136308
1419 15 0.736781
1420 15 0.505976
1421 15 0.594662
1422 15 0.777818
1423 15 0.680826
1424 15 0.787206
1425 15 0.671694
1426 15 0.126120
1427 15 0.582815
1428 15 0.628958
1429 15 0.784274
1430 15 0.587602
1431 15 0.886904
1432 15 0.120983
1433 15 0.135928
1434 15 0.184040
1435 15 0.656673
1436 15 0.596207
1437 15 0.792464
1438 15 0.739606
1439 15 0.691730
1440 15 0.825056
1441 15 0.457246
1442 15 0.600711
1443 15 0.473712
1444 15 0.561966
1445 15 0.966301
1446 15 0.671747
1447 15 0.942847
1448 15 0.844292
1449 15 0.742896
1450 15 0.946398
1451 15 0.937864
1452 15 0.547234
1453 15 0.843629
1454 15 0.796358
1455 15 0.786591
1456 15 0.612714
1457 15 0.200455
1458 15 0.137514
1459 15 0.720401
1460 15 0.865533
1461 15 0.822155
1462 15 0.096622
1463 15 0.108266
1464 15 0.669395
1465 15 0.880286
1466 15 0.618946
1467 15 0.790295
1468 15 0.844825
1469 15 0.663460
1470 15 0.790663
1471 15 0.664943
1472 15 0.827300
1473 15 0.665605
1474 15 0.839150
1475 15 0.919132
1476 15 0.655606
1477 15 0.638466
1478 15 0.720907
1479 15 0.473844
1480 15 0.773939
1481 15 0.611837
1482 15 0.685365
1483 15 0.777678
1484 15 0.819107
1485 15 0.814638
1486 15 0.072633
1487 15 0.736950
1488 15 0.341563
1489 15 0.721279
1490 15 0.761007
1491 15 0.771156
1492 15 0.715973
1493 15 0.861639
1494 15 0.816390
1495 15 0.858569
1496 15 0.642859
1497 15 0.823528
1498 15 0.676541
1499 15 0.505105
1500 16 0.811100
1501 16 0.183509
1502 16 0.381768
1503 16 0.707457
1504 16 0.510111
1505 16 0.061738
1506 16 0.147378
1507 16 0.755526
1508 16 0.663964
1509 16 0.105267
1510 16 0.657160
1511 16 0.556022
1512 16 0.621045
1513 16 0.673934
1514 16 0.739154
1515 16 0.698699
1516 16 0.682212
1517 16 0.802903
1518 16 0.836958
1519 16 0.739334
1520 16 0.072370
1521 16 0.750949
1522 16 0.742511
1523 16 0.417848
1524 16 0.570503
1525 16 0.764508
1526 16 0.706637
1527 16 0.785581
1528 16 0.140145
1529 16 0.569277
1530 16 0.464222
1531 16 0.650566
1532 16 0.421619
1533 16 0.127040
1534 16 0.771178
1535 16 0.693973
1536 16 0.593099
1537 16 0.655329
1538 16 0.554618
1539 16 0.678823
1540 16 0.587668
1541 16 0.968513
1542 16 0.922407
1543 16 0.718054
1544 16 0.420997
1545 16 0.505411
1546 16 0.629542
1547 16 0.750895
1548 16 0.735290
1549 16 0.790948
1550 16 0.629040
1551 16 0.715696
1552 16 0.509559
1553 16 0.668215
1554 16 0.670992
1555 16 0.833761
1556 16 0.611076
1557 16 0.198983
1558 16 0.548151
1559 16 0.474652
1560 16 0.883381
1561 16 0.788640
1562 16 0.632235
1563 16 0.578920
1564 16 0.641503
1565 16 1.095847
1566 16 0.855901
1567 16 0.719780
1568 16 0.560292
1569 16 0.786750
1570 16 0.944100
1571 16 0.757094
1572 16 0.761401
1573 16 0.569440
1574 16 0.249170
1575 16 0.625570
1576 16 0.639513
1577 16 0.612635
1578 16 0.983414
1579 16 0.740253
1580 16 0.579420
1581 16 0.807422
1582 16 0.741611
1583 16 0.687649
1584 16 0.575594
1585 16 0.577057
1586 16 0.559538
1587 16 0.748916
1588 16 0.711445
1589 16 0.982369
1590 16 0.402022
1591 16 0.216603
1592 16 0.112423
1593 16 0.614703
1594 16 0.681540
1595 16 0.615711
1596 16 0.932738
1597 16 0.589366
1598 16 0.744548
1599 16 0.818498
1600 17 0.131099
1601 17 0.566476
1602 17 0.807004
1603 17 0.848921
1604 17 0.491656
1605 17 0.884525
1606 17 0.629592
1607 17 0.548754
1608 17 0.834080
1609 17 0.746291
1610 17 0.758472
1611 17 0.710515
1612 17 0.834849
1613 17 0.436135
1614 17 0.511454
1615 17 0.465237
1616 17 0.629102
1617 17 0.700796
1618 17 0.852007
1619 17 0.641406
1620 17 0.759340
1621 17 0.760200
1622 17 0.670709
1623 17 0.727286
1624 17 0.797158
1625 17 0.072730
1626 17 0.465098
1627 17 0.783613
1628 17 0.698386
1629 17 0.743125
1630 17 0.539069
1631 17 0.689390
1632 17 0.545727
1633 17 0.626327
1634 17 0.480780
1635 17 0.820381
1636 17 0.591779
1637 17 0.791189
1638 17 0.948386
1639 17 0.925243
1640 17 0.817411
1641 17 0.719288
1642 17 0.510586
1643 17 0.127901
1644 17 0.541941
1645 17 0.124594
1646 17 0.670684
1647 17 0.683925
1648 17 0.786104
1649 17 0.809875
1650 17 0.675696
1651 17 0.559299
1652 17 0.559934
1653 17 0.629568
1654 17 0.545004
1655 17 0.802608
1656 17 0.169053
1657 17 0.543344
1658 17 0.586154
1659 17 0.764364
1660 17 0.755178
1661 17 0.822314
1662 17 0.708057
1663 17 0.686691
1664 17 0.743792
1665 17 0.190423
1666 17 0.279278
1667 17 0.545855
1668 17 0.751694
1669 17 0.688570
1670 17 0.539029
1671 17 0.616225
1672 17 0.559457
1673 17 0.973835
1674 17 0.742432
1675 17 0.697274
1676 17 0.612766
1677 17 0.924099
1678 17 0.472326
1679 17 0.135081
1680 17 0.808719
1681 17 0.614576
1682 17 0.520816
1683 17 0.719175
1684 17 0.467487
1685 17 0.897233
1686 17 0.835205
1687 17 0.120949
1688 17 0.609738
1689 17 0.676001
1690 17 0.626523
1691 17 0.915707
1692 17 0.702467
1693 17 0.249853
1694 17 0.629314
1695 17 0.246700
1696 17 0.601256
1697 17 0.706400
1698 17 0.712678
1699 17 0.694350
1700 18 0.090427
1701 18 0.624554
1702 18 0.770087
1703 18 0.612453
1704 18 0.522080
1705 18 0.570034
1706 18 0.783203
1707 18 0.511046
1708 18 0.573877
1709 18 0.684206
1710 18 0.767318
1711 18 0.705918
1712 18 0.096236
1713 18 0.709895
1714 18 0.685661
1715 18 0.729218
1716 18 0.728770
1717 18 0.796243
1718 18 0.571747
1719 18 0.757402
1720 18 0.657686
1721 18 0.673309
1722 18 0.497576
1723 18 0.636973
1724 18 0.810891
1725 18 0.678230
1726 18 0.227709
1727 18 0.518390
1728 18 0.699509
1729 18 0.521799
1730 18 0.612299
1731 18 0.592691
1732 18 0.623582
1733 18 0.818686
1734 18 0.664646
1735 18 0.217356
1736 18 0.564464
1737 18 0.559441
1738 18 0.270284
1739 18 0.691415
1740 18 0.931251
1741 18 0.689409
1742 18 0.183123
1743 18 0.120960
1744 18 0.663738
1745 18 0.687075
1746 18 0.809809
1747 18 0.749962
1748 18 0.666508
1749 18 0.872755
1750 18 0.810429
1751 18 0.849593
1752 18 0.771933
1753 18 0.832718
1754 18 0.675379
1755 18 0.168481
1756 18 0.507496
1757 18 0.606212
1758 18 0.731475
1759 18 0.570980
1760 18 0.545374
1761 18 0.435630
1762 18 1.060811
1763 18 0.725884
1764 18 0.603014
1765 18 0.500051
1766 18 0.812575
1767 18 0.492719
1768 18 0.672959
1769 18 0.740389
1770 18 0.561920
1771 18 0.756201
1772 18 0.728193
1773 18 0.345990
1774 18 0.670989
1775 18 0.739551
1776 18 0.701664
1777 18 0.738635
1778 18 0.709353
1779 18 0.589260
1780 18 0.904051
1781 18 0.646001
1782 18 0.452906
1783 18 0.409218
1784 18 0.794458
1785 18 0.402217
1786 18 0.037742
1787 18 0.628600
1788 18 0.746047
1789 18 0.808889
1790 18 0.817669
1791 18 0.772008
1792 18 0.415853
1793 18 0.206994
1794 18 0.497038
1795 18 0.434771
1796 18 0.098872
1797 18 0.356948
1798 18 0.749381
1799 18 0.704045
1800 19 0.793125
1801 19 0.639686
1802 19 0.720258
1803 19 0.717196
1804 19 0.510158
1805 19 0.745769
1806 19 0.591131
1807 19 0.623525
1808 19 0.589076
1809 19 0.596677
1810 19 0.202163
1811 19 0.515966
1812 19 0.685206
1813 19 0.404277
1814 19 0.684690
1815 19 0.565316
1816 19 0.678967
1817 19 0.625504
1818 19 0.388104
1819 19 0.713545
1820 19 0.661239
1821 19 0.392071
1822 19 0.555431
1823 19 0.256471
1824 19 0.802658
1825 19 0.603522
1826 19 0.483621
1827 19 0.788079
1828 19 0.620588
1829 19 0.877437
1830 19 0.615457
1831 19 0.769818
1832 19 0.668737
1833 19 0.548090
1834 19 0.820491
1835 19 0.158280
1836 19 0.489159
1837 19 0.495678
1838 19 0.798030
1839 19 0.688997
1840 19 0.482155
1841 19 0.833301
1842 19 0.614334
1843 19 0.851194
1844 19 0.367114
1845 19 0.072311
1846 19 0.751051
1847 19 0.716346
1848 19 0.037860
1849 19 0.857739
1850 19 0.862624
1851 19 0.120611
1852 19 0.549498
1853 19 0.714973
1854 19 0.786623
1855 19 0.621737
1856 19 0.543715
1857 19 0.809809
1858 19 0.782534
1859 19 0.665046
1860 19 0.740379
1861 19 0.658127
1862 19 1.016458
1863 19 0.751172
1864 19 0.633812
1865 19 0.605012
1866 19 0.526269
1867 19 0.415199
1868 19 0.972695
1869 19 0.734901
1870 19 0.703563
1871 19 0.708861
1872 19 0.129664
1873 19 0.731221
1874 19 0.646070
1875 19 0.933168
1876 19 0.758415
1877 19 0.573803
1878 19 0.541070
1879 19 0.861632
1880 19 0.647425
1881 19 0.456018
1882 19 0.121651
1883 19 0.668712
1884 19 0.754657
1885 19 0.724223
1886 19 0.585692
1887 19 0.681307
1888 19 0.100026
1889 19 0.452155
1890 19 0.525264
1891 19 0.554250
1892 19 1.161638
1893 19 0.703938
1894 19 0.747362
1895 19 0.119012
1896 19 0.801361
1897 19 0.601527
1898 19 0.132389
1899 19 0.431757
1900 20 0.666008
1901 20 0.710831
1902 20 0.072376
1903 20 0.607070
1904 20 0.484577
1905 20 0.844797
1906 20 0.185073
1907 20 0.519969
1908 20 0.676194
1909 20 0.696441
1910 20 0.494503
1911 20 0.182189
1912 20 0.731649
1913 20 0.120710
1914 20 0.876322
1915 20 0.775158
1916 20 0.621550
1917 20 0.747289
1918 20 0.740722
1919 20 0.132604
1920 20 0.717536
1921 20 0.587912
1922 20 0.423446
1923 20 0.672784
1924 20 0.984391
1925 20 0.816660
1926 20 0.635137
1927 20 0.662815
1928 20 0.661571
1929 20 0.657008
1930 20 0.558772
1931 20 0.616694
1932 20 0.474351
1933 20 0.585436
1934 20 0.789475
1935 20 0.809940
1936 20 0.542012
1937 20 0.137011
1938 20 0.882229
1939 20 0.807269
1940 20 0.501868
1941 20 0.693143
1942 20 0.566537
1943 20 0.600408
1944 20 0.104283
1945 20 0.257098
1946 20 0.728807
1947 20 0.517709
1948 20 0.669478
1949 20 0.920655
1950 20 0.459016
1951 20 0.765929
1952 20 0.601737
1953 20 0.916982
1954 20 0.681519
1955 20 0.550660
1956 20 0.595889
1957 20 0.731458
1958 20 0.424556
1959 20 0.508955
1960 20 0.676657
1961 20 0.158596
1962 20 0.736130
1963 20 0.125509
1964 20 0.558101
1965 20 0.690571
1966 20 0.129838
1967 20 0.528764
1968 20 0.320077
1969 20 0.579245
1970 20 0.748596
1971 20 0.678230
1972 20 0.543540
1973 20 0.653575
1974 20 0.932281
1975 20 0.651774
1976 20 0.587593
1977 20 0.628388
1978 20 0.680388
1979 20 0.884156
1980 20 0.696847
1981 20 0.805875
1982 20 0.419376
1983 20 0.498641
1984 20 0.714389
1985 20 0.672224
1986 20 0.675299
1987 20 0.352500
1988 20 0.868814
1989 20 0.724849
1990 20 0.907803
1991 20 0.037721
1992 20 0.822865
1993 20 0.428567
1994 20 0.816745
1995 20 0.866092
1996 20 0.439453
1997 20 0.508517
1998 20 0.618817
1999 20 0.435807
2000 21 0.716139
2001 21 0.693454
2002 21 0.611453
2003 21 0.726606
2004 21 0.607755
2005 21 0.579453
2006 21 0.509714
2007 21 0.531384
2008 21 0.120458
2009 21 0.421879
2010 21 0.561598
2011 21 0.546679
2012 21 0.690367
2013 21 0.576245
2014 21 0.515860
2015 21 0.563804
2016 21 0.381877
2017 21 0.706347
2018 21 0.734737
2019 21 0.734915
2020 21 0.689497
2021 21 0.881068
2022 21 0.863346
2023 21 0.575938
2024 21 0.462959
2025 21 0.672022
2026 21 0.801320
2027 21 0.689729
2028 21 0.646688
2029 21 0.408243
2030 21 0.617747
2031 21 0.600403
2032 21 0.562455
2033 21 0.740383
2034 21 0.682189
2035 21 0.783149
2036 21 0.696803
2037 21 0.173074
2038 21 0.728463
2039 21 0.420470
2040 21 0.801457
2041 21 0.111444
2042 21 0.446717
2043 21 0.442443
2044 21 0.408422
2045 21 0.599094
2046 21 0.391435
2047 21 0.479313
2048 21 0.682559
2049 21 0.651306
2050 21 0.827115
2051 21 0.387071
2052 21 0.095438
2053 21 0.750773
2054 21 0.764732
2055 21 0.328160
2056 21 0.781522
2057 21 0.543040
2058 21 0.163671
2059 21 0.518017
2060 21 0.641037
2061 21 0.254575
2062 21 0.545531
2063 21 0.492181
2064 21 0.732238
2065 21 0.474619
2066 21 0.738803
2067 21 0.702211
2068 21 0.638254
2069 21 0.583237
2070 21 0.773016
2071 21 0.714753
2072 21 0.469262
2073 21 0.865698
2074 21 0.629722
2075 21 0.782935
2076 21 0.468478
2077 21 0.589763
2078 21 0.855489
2079 21 0.625616
2080 21 0.624383
2081 21 0.438523
2082 21 0.678967
2083 21 0.672859
2084 21 0.197457
2085 21 0.592642
2086 21 0.868872
2087 21 0.777832
2088 21 0.570305
2089 21 0.721895
2090 21 0.203142
2091 21 0.310642
2092 21 0.628253
2093 21 0.680187
2094 21 0.153499
2095 21 0.374909
2096 21 0.906968
2097 21 0.582478
2098 21 0.992507
2099 21 0.205058
2100 22 0.372594
2101 22 0.788729
2102 22 0.831225
2103 22 0.800282
2104 22 0.475782
2105 22 0.615629
2106 22 0.571882
2107 22 0.680321
2108 22 0.610743
2109 22 0.208187
2110 22 0.601944
2111 22 0.799335
2112 22 0.244801
2113 22 0.561296
2114 22 0.111358
2115 22 0.630302
2116 22 0.599951
2117 22 0.432864
2118 22 0.554022
2119 22 0.435187
2120 22 0.643753
2121 22 0.551753
2122 22 0.500951
2123 22 0.381465
2124 22 0.503747
2125 22 0.589705
2126 22 0.809620
2127 22 0.463542
2128 22 0.700916
2129 22 0.593521
2130 22 0.122198
2131 22 0.743134
2132 22 0.494724
2133 22 0.696281
2134 22 0.815182
2135 22 0.605506
2136 22 0.636106
2137 22 0.810475
2138 22 0.443262
2139 22 0.487040
2140 22 0.716518
2141 22 0.563425
2142 22 0.550244
2143 22 0.523504
2144 22 0.722895
2145 22 0.071888
2146 22 0.491386
2147 22 0.475292
2148 22 0.695952
2149 22 0.412927
2150 22 0.524680
2151 22 0.120290
2152 22 0.600305
2153 22 0.570688
2154 22 0.520453
2155 22 0.225352
2156 22 0.574767
2157 22 0.580445
2158 22 0.784571
2159 22 0.557102
2160 22 0.728342
2161 22 0.828561
2162 22 0.640773
2163 22 0.648368
2164 22 0.824004
2165 22 0.563928
2166 22 0.534282
2167 22 0.650297
2168 22 0.399111
2169 22 0.653357
2170 22 0.455449
2171 22 0.771549
2172 22 0.536137
2173 22 0.636812
2174 22 0.687926
2175 22 0.695157
2176 22 0.726057
2177 22 0.166981
2178 22 0.557812
2179 22 0.589296
2180 22 0.647553
2181 22 0.694991
2182 22 0.836612
2183 22 0.618604
2184 22 0.418887
2185 22 0.772805
2186 22 0.773431
2187 22 0.691587
2188 22 0.596936
2189 22 0.529923
2190 22 0.540230
2191 22 0.037235
2192 22 0.579571
2193 22 0.473778
2194 22 0.130990
2195 22 0.095559
2196 22 0.481618
2197 22 0.768214
2198 22 0.562290
2199 22 0.250618
2200 23 0.682409
2201 23 0.677079
2202 23 0.449530
2203 23 0.623200
2204 23 0.594315
2205 23 0.710403
2206 23 0.181081
2207 23 0.226228
2208 23 0.616050
2209 23 0.664798
2210 23 0.037166
2211 23 0.370443
2212 23 0.532284
2213 23 0.665496
2214 23 0.732483
2215 23 0.710665
2216 23 0.785594
2217 23 0.663037
2218 23 0.627985
2219 23 0.525660
2220 23 0.514375
2221 23 0.593573
2222 23 0.561247
2223 23 0.509815
2224 23 0.119933
2225 23 0.752237
2226 23 0.491459
2227 23 0.570198
2228 23 0.613323
2229 23 0.105930
2230 23 0.328934
2231 23 0.457613
2232 23 0.529536
2233 23 0.715570
2234 23 0.385881
2235 23 0.809906
2236 23 0.593175
2237 23 0.839788
2238 23 0.427717
2239 23 0.464119
2240 23 0.595201
2241 23 0.559852
2242 23 0.551660
2243 23 0.477633
2244 23 0.650823
2245 23 0.452791
2246 23 0.721174
2247 23 0.762698
2248 23 0.685514
2249 23 0.116471
2250 23 0.723282
2251 23 0.761307
2252 23 0.573465
2253 23 0.723198
2254 23 0.746517
2255 23 0.482230
2256 23 0.828619
2257 23 0.397276
2258 23 0.451150
2259 23 0.848416
2260 23 0.858654
2261 23 0.653291
2262 23 0.474656
2263 23 0.845195
2264 23 0.689950
2265 23 0.767363
2266 23 0.438492
2267 23 0.572734
2268 23 0.379583
2269 23 0.586218
2270 23 0.797270
2271 23 0.095450
2272 23 0.507094
2273 23 0.567248
2274 23 0.767081
2275 23 0.486423
2276 23 0.072135
2277 23 0.432366
2278 23 0.741112
2279 23 0.853136
2280 23 0.457829
2281 23 0.289295
2282 23 0.487597
2283 23 0.492642
2284 23 0.537145
2285 23 0.578321
2286 23 0.652241
2287 23 0.668202
2288 23 0.753891
2289 23 0.795479
2290 23 0.575656
2291 23 0.721270
2292 23 0.654027
2293 23 0.666382
2294 23 0.724478
2295 23 0.078234
2296 23 0.663148
2297 23 0.127646
2298 23 0.237389
2299 23 0.507270
2300 24 0.457151
2301 24 0.511278
2302 24 0.417598
2303 24 0.570277
2304 24 0.431135
2305 24 0.731265
2306 24 0.647874
2307 24 0.445028
2308 24 0.915202
2309 24 0.544323
2310 24 0.437569
2311 24 0.668111
2312 24 0.356768
2313 24 0.853584
2314 24 0.702199
2315 24 0.603137
2316 24 0.710089
2317 24 0.507707
2318 24 0.337885
2319 24 0.552079
2320 24 0.036827
2321 24 0.605384
2322 24 0.456051
2323 24 0.382627
2324 24 0.741788
2325 24 0.115968
2326 24 0.630812
2327 24 0.623514
2328 24 0.719846
2329 24 0.616343
2330 24 0.724562
2331 24 0.188928
2332 24 0.092284
2333 24 0.439716
2334 24 0.658430
2335 24 0.390746
2336 24 0.792348
2337 24 0.608022
2338 24 0.495798
2339 24 0.448323
2340 24 0.487301
2341 24 0.674504
2342 24 0.365757
2343 24 0.774615
2344 24 0.449251
2345 24 0.655201
2346 24 0.580302
2347 24 0.678888
2348 24 0.499131
2349 24 0.697276
2350 24 0.753479
2351 24 0.507663
2352 24 0.804453
2353 24 0.541230
2354 24 0.666982
2355 24 0.420059
2356 24 0.530169
2357 24 0.754169
2358 24 0.595811
2359 24 0.526281
2360 24 0.886315
2361 24 0.684309
2362 24 0.180486
2363 24 0.515153
2364 24 0.577844
2365 24 0.538182
2366 24 0.608470
2367 24 0.626878
2368 24 0.432499
2369 24 0.946909
2370 24 0.656894
2371 24 0.534939
2372 24 0.724537
2373 24 0.526503
2374 24 0.584094
2375 24 0.651652
2376 24 0.352939
2377 24 0.557625
2378 24 0.122688
2379 24 0.629196
2380 24 0.657838
2381 24 0.192283
2382 24 0.891464
2383 24 0.690391
2384 24 0.554147
2385 24 0.796114
2386 24 0.069256
2387 24 0.757500
2388 24 0.101946
2389 24 0.791574
2390 24 0.321129
2391 24 0.769621
2392 24 0.666160
2393 24 0.529480
2394 24 0.132099
2395 24 0.497560
2396 24 0.598637
2397 24 0.637818
2398 24 0.120046
2399 24 0.626880
