# Batch convergence for: model=snn-ae encoding=latency architecture=dense v_th=0.5 alpha=0.9 run=3
batch_num epoch batch_loss
0 1 0.551788
1 1 0.779486
2 1 0.735526
3 1 0.661749
4 1 0.846081
5 1 0.622980
6 1 0.719974
7 1 0.645579
8 1 0.538411
9 1 0.622188
10 1 0.703633
11 1 0.577338
12 1 0.692638
13 1 0.634504
14 1 0.600511
15 1 0.539799
16 1 0.543690
17 1 0.754186
18 1 0.602149
19 1 0.552290
20 1 0.629303
21 1 0.112271
22 1 0.562031
23 1 0.578615
24 1 0.399837
25 1 0.695665
26 1 0.535702
27 1 0.627389
28 1 0.658075
29 1 0.572782
30 1 0.488507
31 1 0.500364
32 1 0.639353
33 1 0.570501
34 1 0.637807
35 1 0.550272
36 1 0.671967
37 1 0.485684
38 1 0.575121
39 1 0.466342
40 1 0.578017
41 1 0.449072
42 1 0.451086
43 1 0.391735
44 1 0.543468
45 1 0.527276
46 1 0.418250
47 1 0.494403
48 1 0.490783
49 1 0.552923
50 1 0.111715
51 1 0.458833
52 1 0.521616
53 1 0.241558
54 1 0.757592
55 1 0.493586
56 1 0.465201
57 1 0.438130
58 1 0.377663
59 1 0.451470
60 1 0.425650
61 1 0.517589
62 1 0.485387
63 1 0.470886
64 1 0.387814
65 1 0.435077
66 1 0.063373
67 1 0.497861
68 1 0.365052
69 1 0.408233
70 1 0.341122
71 1 0.394254
72 1 0.091340
73 1 0.429554
74 1 0.375863
75 1 0.395850
76 1 0.358633
77 1 0.409273
78 1 0.430882
79 1 0.347066
80 1 0.540097
81 1 0.385914
82 1 0.328217
83 1 0.393017
84 1 0.376558
85 1 0.380433
86 1 0.308189
87 1 0.350251
88 1 0.401555
89 1 0.353962
90 1 0.278965
91 1 0.288848
92 1 0.263484
93 1 0.273971
94 1 0.210774
95 1 0.308810
96 1 0.261380
97 1 0.284268
98 1 0.238323
99 1 0.313211
100 2 0.271396
101 2 0.236871
102 2 0.186115
103 2 0.243714
104 2 0.199265
105 2 0.267223
106 2 0.274629
107 2 0.274663
108 2 0.241078
109 2 0.241248
110 2 0.243993
111 2 0.214300
112 2 0.266321
113 2 0.390499
114 2 0.265138
115 2 0.251158
116 2 0.155399
117 2 0.306460
118 2 0.251362
119 2 0.280177
120 2 0.147602
121 2 0.193267
122 2 0.168349
123 2 0.184119
124 2 0.163386
125 2 0.242367
126 2 0.269522
127 2 0.247999
128 2 0.297931
129 2 0.147918
130 2 0.299520
131 2 0.227705
132 2 0.255157
133 2 0.279321
134 2 0.219805
135 2 0.191620
136 2 0.190789
137 2 0.300267
138 2 0.281653
139 2 0.193035
140 2 0.164778
141 2 0.229508
142 2 0.271193
143 2 0.166439
144 2 0.192910
145 2 0.188867
146 2 0.186329
147 2 0.154101
148 2 0.201048
149 2 0.172510
150 2 0.222291
151 2 0.163645
152 2 0.155219
153 2 0.138064
154 2 0.197055
155 2 0.031207
156 2 0.338356
157 2 0.110982
158 2 0.167795
159 2 0.187489
160 2 0.218589
161 2 0.241641
162 2 0.181835
163 2 0.215451
164 2 0.160917
165 2 0.219478
166 2 0.033725
167 2 0.123594
168 2 0.246015
169 2 0.162651
170 2 0.185804
171 2 0.152787
172 2 0.207735
173 2 0.126882
174 2 0.173701
175 2 0.205573
176 2 0.128716
177 2 0.158118
178 2 0.160111
179 2 0.141214
180 2 0.153303
181 2 0.222622
182 2 0.156216
183 2 0.253229
184 2 0.163493
185 2 0.069849
186 2 0.211772
187 2 0.243542
188 2 0.203470
189 2 0.174159
190 2 0.186295
191 2 0.179137
192 2 0.142246
193 2 0.184515
194 2 0.338849
195 2 0.143678
196 2 0.159550
197 2 0.120158
198 2 0.229096
199 2 0.144187
200 3 0.193073
201 3 0.148943
202 3 0.120465
203 3 0.205080
204 3 0.031157
205 3 0.169809
206 3 0.158130
207 3 0.175532
208 3 0.316922
209 3 0.169334
210 3 0.141478
211 3 0.166788
212 3 0.171377
213 3 0.215568
214 3 0.199696
215 3 0.155494
216 3 0.246795
217 3 0.173772
218 3 0.355522
219 3 0.058948
220 3 0.186837
221 3 0.125089
222 3 0.141865
223 3 0.140644
224 3 0.295926
225 3 0.171932
226 3 0.212828
227 3 0.160284
228 3 0.167800
229 3 0.215375
230 3 0.132545
231 3 0.104426
232 3 0.138522
233 3 0.152526
234 3 0.150057
235 3 0.117010
236 3 0.119767
237 3 0.159876
238 3 0.139079
239 3 0.193132
240 3 0.143690
241 3 0.223496
242 3 0.180044
243 3 0.125394
244 3 0.145314
245 3 0.146428
246 3 0.145644
247 3 0.152571
248 3 0.159511
249 3 0.160376
250 3 0.118803
251 3 0.196432
252 3 0.132612
253 3 0.151193
254 3 0.152457
255 3 0.127132
256 3 0.193704
257 3 0.165650
258 3 0.196892
259 3 0.097465
260 3 0.159515
261 3 0.164924
262 3 0.144008
263 3 0.146170
264 3 0.112427
265 3 0.177906
266 3 0.081436
267 3 0.155800
268 3 0.159661
269 3 0.153939
270 3 0.255262
271 3 0.223282
272 3 0.145819
273 3 0.241973
274 3 0.229662
275 3 0.155982
276 3 0.069049
277 3 0.186954
278 3 0.199524
279 3 0.154630
280 3 0.123981
281 3 0.120691
282 3 0.108102
283 3 0.091969
284 3 0.169528
285 3 0.142330
286 3 0.173234
287 3 0.175171
288 3 0.078931
289 3 0.100668
290 3 0.125618
291 3 0.186464
292 3 0.152320
293 3 0.125011
294 3 0.150046
295 3 0.219997
296 3 0.190570
297 3 0.178179
298 3 0.120017
299 3 0.229955
300 4 0.128073
301 4 0.207780
302 4 0.122349
303 4 0.098113
304 4 0.137979
305 4 0.139008
306 4 0.132749
307 4 0.160738
308 4 0.187177
309 4 0.192296
310 4 0.159236
311 4 0.112701
312 4 0.112941
313 4 0.092070
314 4 0.107194
315 4 0.244458
316 4 0.117308
317 4 0.243039
318 4 0.136175
319 4 0.135601
320 4 0.179086
321 4 0.134774
322 4 0.283629
323 4 0.166978
324 4 0.150397
325 4 0.151270
326 4 0.178415
327 4 0.151944
328 4 0.139137
329 4 0.096703
330 4 0.137131
331 4 0.236673
332 4 0.158066
333 4 0.196540
334 4 0.120251
335 4 0.117665
336 4 0.104012
337 4 0.120473
338 4 0.087857
339 4 0.102963
340 4 0.150401
341 4 0.120147
342 4 0.188720
343 4 0.030673
344 4 0.174020
345 4 0.197846
346 4 0.105891
347 4 0.143680
348 4 0.067705
349 4 0.130022
350 4 0.266889
351 4 0.163952
352 4 0.130105
353 4 0.123697
354 4 0.102913
355 4 0.114910
356 4 0.068274
357 4 0.164458
358 4 0.167818
359 4 0.068108
360 4 0.032873
361 4 0.164472
362 4 0.128835
363 4 0.262486
364 4 0.118401
365 4 0.156674
366 4 0.113793
367 4 0.103856
368 4 0.116845
369 4 0.135912
370 4 0.223015
371 4 0.191617
372 4 0.134179
373 4 0.117284
374 4 0.149726
375 4 0.158405
376 4 0.136679
377 4 0.098559
378 4 0.128030
379 4 0.122996
380 4 0.166256
381 4 0.124376
382 4 0.194564
383 4 0.354092
384 4 0.130005
385 4 0.139252
386 4 0.147015
387 4 0.202068
388 4 0.170465
389 4 0.109522
390 4 0.122318
391 4 0.147411
392 4 0.097993
393 4 0.145465
394 4 0.122908
395 4 0.297029
396 4 0.121755
397 4 0.183257
398 4 0.170960
399 4 0.146770
400 5 0.167999
401 5 0.125521
402 5 0.132106
403 5 0.152818
404 5 0.112347
405 5 0.153766
406 5 0.173211
407 5 0.153480
408 5 0.111220
409 5 0.157541
410 5 0.154257
411 5 0.367808
412 5 0.130256
413 5 0.067525
414 5 0.118042
415 5 0.136299
416 5 0.116363
417 5 0.154479
418 5 0.189622
419 5 0.259711
420 5 0.148476
421 5 0.122799
422 5 0.097929
423 5 0.080805
424 5 0.125548
425 5 0.128532
426 5 0.100107
427 5 0.141897
428 5 0.121402
429 5 0.183593
430 5 0.127991
431 5 0.180658
432 5 0.126906
433 5 0.095643
434 5 0.204474
435 5 0.105018
436 5 0.070095
437 5 0.115649
438 5 0.029950
439 5 0.119695
440 5 0.159755
441 5 0.102809
442 5 0.144003
443 5 0.108607
444 5 0.129695
445 5 0.065277
446 5 0.128981
447 5 0.149009
448 5 0.213710
449 5 0.117867
450 5 0.196506
451 5 0.172589
452 5 0.111671
453 5 0.032185
454 5 0.218624
455 5 0.098158
456 5 0.119798
457 5 0.138912
458 5 0.150574
459 5 0.196191
460 5 0.154546
461 5 0.223429
462 5 0.158019
463 5 0.130222
464 5 0.143738
465 5 0.130522
466 5 0.190699
467 5 0.188677
468 5 0.115214
469 5 0.146987
470 5 0.199770
471 5 0.111151
472 5 0.133718
473 5 0.189686
474 5 0.107486
475 5 0.116845
476 5 0.122264
477 5 0.155272
478 5 0.162243
479 5 0.095308
480 5 0.120964
481 5 0.303045
482 5 0.135044
483 5 0.110044
484 5 0.233628
485 5 0.111282
486 5 0.226325
487 5 0.192750
488 5 0.118623
489 5 0.155629
490 5 0.129399
491 5 0.201365
492 5 0.171199
493 5 0.151542
494 5 0.127031
495 5 0.100479
496 5 0.132236
497 5 0.095902
498 5 0.114174
499 5 0.087364
500 6 0.121556
501 6 0.066184
502 6 0.092610
503 6 0.152005
504 6 0.170787
505 6 0.104141
506 6 0.029547
507 6 0.143708
508 6 0.111871
509 6 0.128136
510 6 0.122856
511 6 0.108868
512 6 0.094680
513 6 0.102808
514 6 0.153125
515 6 0.150672
516 6 0.082165
517 6 0.109644
518 6 0.104144
519 6 0.121901
520 6 0.159131
521 6 0.117561
522 6 0.118542
523 6 0.164492
524 6 0.138375
525 6 0.153928
526 6 0.145373
527 6 0.141577
528 6 0.067544
529 6 0.129781
530 6 0.169944
531 6 0.104088
532 6 0.164633
533 6 0.128319
534 6 0.094800
535 6 0.130943
536 6 0.130470
537 6 0.132329
538 6 0.124928
539 6 0.115606
540 6 0.139554
541 6 0.115119
542 6 0.101202
543 6 0.172095
544 6 0.102281
545 6 0.222390
546 6 0.163870
547 6 0.111636
548 6 0.062029
549 6 0.164030
550 6 0.134934
551 6 0.188175
552 6 0.090523
553 6 0.185252
554 6 0.113349
555 6 0.110827
556 6 0.106159
557 6 0.144330
558 6 0.199047
559 6 0.057303
560 6 0.155971
561 6 0.141176
562 6 0.054457
563 6 0.122191
564 6 0.135786
565 6 0.080436
566 6 0.153907
567 6 0.187207
568 6 0.220225
569 6 0.118318
570 6 0.099579
571 6 0.166774
572 6 0.145907
573 6 0.109723
574 6 0.136029
575 6 0.171168
576 6 0.109786
577 6 0.218182
578 6 0.142037
579 6 0.119678
580 6 0.152492
581 6 0.320554
582 6 0.147340
583 6 0.086590
584 6 0.196750
585 6 0.257755
586 6 0.169321
587 6 0.145328
588 6 0.207484
589 6 0.162605
590 6 0.335651
591 6 0.135802
592 6 0.081379
593 6 0.126555
594 6 0.161278
595 6 0.156484
596 6 0.116423
597 6 0.125897
598 6 0.109345
599 6 0.160405
600 7 0.116336
601 7 0.162614
602 7 0.127816
603 7 0.151230
604 7 0.028996
605 7 0.129029
606 7 0.166881
607 7 0.147586
608 7 0.232797
609 7 0.103817
610 7 0.113753
611 7 0.146727
612 7 0.209190
613 7 0.123034
614 7 0.099750
615 7 0.149371
616 7 0.131403
617 7 0.223935
618 7 0.121736
619 7 0.087114
620 7 0.132731
621 7 0.078356
622 7 0.080021
623 7 0.123921
624 7 0.084302
625 7 0.135987
626 7 0.142171
627 7 0.149896
628 7 0.115547
629 7 0.130089
630 7 0.142112
631 7 0.157790
632 7 0.110355
633 7 0.129901
634 7 0.122624
635 7 0.084067
636 7 0.064518
637 7 0.118873
638 7 0.135480
639 7 0.141906
640 7 0.107687
641 7 0.123484
642 7 0.170994
643 7 0.128808
644 7 0.143442
645 7 0.181480
646 7 0.143249
647 7 0.141587
648 7 0.124239
649 7 0.135685
650 7 0.142982
651 7 0.199007
652 7 0.141453
653 7 0.112270
654 7 0.223119
655 7 0.168537
656 7 0.099879
657 7 0.111406
658 7 0.110910
659 7 0.162451
660 7 0.118260
661 7 0.123139
662 7 0.117401
663 7 0.061804
664 7 0.149736
665 7 0.141575
666 7 0.110362
667 7 0.100509
668 7 0.107164
669 7 0.113697
670 7 0.116262
671 7 0.083827
672 7 0.301288
673 7 0.323572
674 7 0.175598
675 7 0.173089
676 7 0.135703
677 7 0.090600
678 7 0.097225
679 7 0.110041
680 7 0.111216
681 7 0.103144
682 7 0.103093
683 7 0.184123
684 7 0.112033
685 7 0.124119
686 7 0.159686
687 7 0.088684
688 7 0.101009
689 7 0.118604
690 7 0.111915
691 7 0.121877
692 7 0.231331
693 7 0.219457
694 7 0.121520
695 7 0.158754
696 7 0.139133
697 7 0.117834
698 7 0.055914
699 7 0.101802
700 8 0.170418
701 8 0.174085
702 8 0.100531
703 8 0.122053
704 8 0.107106
705 8 0.165122
706 8 0.186404
707 8 0.144362
708 8 0.084237
709 8 0.115318
710 8 0.181449
711 8 0.153537
712 8 0.095191
713 8 0.084599
714 8 0.152485
715 8 0.157180
716 8 0.315993
717 8 0.185762
718 8 0.167478
719 8 0.183896
720 8 0.093810
721 8 0.131499
722 8 0.093604
723 8 0.119805
724 8 0.232358
725 8 0.110849
726 8 0.135195
727 8 0.123795
728 8 0.114860
729 8 0.127132
730 8 0.066816
731 8 0.088437
732 8 0.216065
733 8 0.142422
734 8 0.118406
735 8 0.171488
736 8 0.112687
737 8 0.102901
738 8 0.093604
739 8 0.128328
740 8 0.095425
741 8 0.143608
742 8 0.128610
743 8 0.121893
744 8 0.114470
745 8 0.114285
746 8 0.030769
747 8 0.156627
748 8 0.082755
749 8 0.139563
750 8 0.144028
751 8 0.142386
752 8 0.059935
753 8 0.099558
754 8 0.192222
755 8 0.118509
756 8 0.194131
757 8 0.124877
758 8 0.086169
759 8 0.185285
760 8 0.140870
761 8 0.120694
762 8 0.108985
763 8 0.131797
764 8 0.107275
765 8 0.252945
766 8 0.103978
767 8 0.127750
768 8 0.152359
769 8 0.063632
770 8 0.102671
771 8 0.176197
772 8 0.124192
773 8 0.151781
774 8 0.166906
775 8 0.110694
776 8 0.145789
777 8 0.109077
778 8 0.109821
779 8 0.109168
780 8 0.145253
781 8 0.110362
782 8 0.165407
783 8 0.203370
784 8 0.255940
785 8 0.131235
786 8 0.170979
787 8 0.052998
788 8 0.102110
789 8 0.028155
790 8 0.134059
791 8 0.115742
792 8 0.134612
793 8 0.305980
794 8 0.149295
795 8 0.083353
796 8 0.234444
797 8 0.100343
798 8 0.113433
799 8 0.117239
800 9 0.129383
801 9 0.105058
802 9 0.151972
803 9 0.130814
804 9 0.126682
805 9 0.108368
806 9 0.114517
807 9 0.087090
808 9 0.097839
809 9 0.160425
810 9 0.103078
811 9 0.095813
812 9 0.164138
813 9 0.115577
814 9 0.136919
815 9 0.108146
816 9 0.139878
817 9 0.066984
818 9 0.285991
819 9 0.109035
820 9 0.123895
821 9 0.125840
822 9 0.096893
823 9 0.137665
824 9 0.104018
825 9 0.125793
826 9 0.120111
827 9 0.110149
828 9 0.155277
829 9 0.125886
830 9 0.028011
831 9 0.148633
832 9 0.095064
833 9 0.185941
834 9 0.130129
835 9 0.062935
836 9 0.126288
837 9 0.143822
838 9 0.139206
839 9 0.098682
840 9 0.145141
841 9 0.200656
842 9 0.139504
843 9 0.080342
844 9 0.154354
845 9 0.192810
846 9 0.134998
847 9 0.152082
848 9 0.118498
849 9 0.100312
850 9 0.163701
851 9 0.129684
852 9 0.104082
853 9 0.132810
854 9 0.114190
855 9 0.154393
856 9 0.092614
857 9 0.080330
858 9 0.091589
859 9 0.162717
860 9 0.146047
861 9 0.133775
862 9 0.085472
863 9 0.123670
864 9 0.029905
865 9 0.159101
866 9 0.122420
867 9 0.059528
868 9 0.106958
869 9 0.094037
870 9 0.151158
871 9 0.090930
872 9 0.099570
873 9 0.107193
874 9 0.142379
875 9 0.167435
876 9 0.135751
877 9 0.066752
878 9 0.178414
879 9 0.133520
880 9 0.129875
881 9 0.102499
882 9 0.129926
883 9 0.170094
884 9 0.126332
885 9 0.104277
886 9 0.094878
887 9 0.108612
888 9 0.096310
889 9 0.130061
890 9 0.118480
891 9 0.316800
892 9 0.127338
893 9 0.082799
894 9 0.114147
895 9 0.151768
896 9 0.172570
897 9 0.085922
898 9 0.122584
899 9 0.197936
900 10 0.147296
901 10 0.110484
902 10 0.105608
903 10 0.097832
904 10 0.096053
905 10 0.176977
906 10 0.087328
907 10 0.205101
908 10 0.082909
909 10 0.098706
910 10 0.078647
911 10 0.145189
912 10 0.141991
913 10 0.092993
914 10 0.067465
915 10 0.101935
916 10 0.103250
917 10 0.138553
918 10 0.119299
919 10 0.128764
920 10 0.082381
921 10 0.143909
922 10 0.106771
923 10 0.113442
924 10 0.127654
925 10 0.207135
926 10 0.139317
927 10 0.134409
928 10 0.145908
929 10 0.088824
930 10 0.135959
931 10 0.118056
932 10 0.164313
933 10 0.106857
934 10 0.101605
935 10 0.171663
936 10 0.117755
937 10 0.125818
938 10 0.120380
939 10 0.185460
940 10 0.154662
941 10 0.150966
942 10 0.156439
943 10 0.027403
944 10 0.104229
945 10 0.200968
946 10 0.152481
947 10 0.109957
948 10 0.094017
949 10 0.079523
950 10 0.098972
951 10 0.132281
952 10 0.103373
953 10 0.110450
954 10 0.172277
955 10 0.290760
956 10 0.154053
957 10 0.078439
958 10 0.089912
959 10 0.106605
960 10 0.106737
961 10 0.152597
962 10 0.104121
963 10 0.106052
964 10 0.157593
965 10 0.105350
966 10 0.116676
967 10 0.103245
968 10 0.125019
969 10 0.111774
970 10 0.029358
971 10 0.131845
972 10 0.086497
973 10 0.109335
974 10 0.129308
975 10 0.127555
976 10 0.109914
977 10 0.188677
978 10 0.074185
979 10 0.147554
980 10 0.163619
981 10 0.134577
982 10 0.232972
983 10 0.179536
984 10 0.116193
985 10 0.101278
986 10 0.099555
987 10 0.127043
988 10 0.138959
989 10 0.143784
990 10 0.091244
991 10 0.110797
992 10 0.116239
993 10 0.113882
994 10 0.142053
995 10 0.163661
996 10 0.074416
997 10 0.176650
998 10 0.315688
999 10 0.141313
1000 11 0.309395
1001 11 0.112375
1002 11 0.101923
1003 11 0.113818
1004 11 0.103924
1005 11 0.115055
1006 11 0.129746
1007 11 0.131709
1008 11 0.116367
1009 11 0.144712
1010 11 0.103971
1011 11 0.147901
1012 11 0.099914
1013 11 0.258690
1014 11 0.087606
1015 11 0.119811
1016 11 0.158951
1017 11 0.140541
1018 11 0.155251
1019 11 0.095287
1020 11 0.106503
1021 11 0.122611
1022 11 0.099793
1023 11 0.083393
1024 11 0.120268
1025 11 0.161421
1026 11 0.089740
1027 11 0.112587
1028 11 0.139195
1029 11 0.112838
1030 11 0.166710
1031 11 0.099500
1032 11 0.177041
1033 11 0.144206
1034 11 0.179525
1035 11 0.134574
1036 11 0.096570
1037 11 0.026744
1038 11 0.102496
1039 11 0.082391
1040 11 0.163673
1041 11 0.129528
1042 11 0.133069
1043 11 0.066318
1044 11 0.103859
1045 11 0.231073
1046 11 0.180442
1047 11 0.127274
1048 11 0.118558
1049 11 0.096721
1050 11 0.028814
1051 11 0.183513
1052 11 0.098402
1053 11 0.094802
1054 11 0.150805
1055 11 0.146588
1056 11 0.126399
1057 11 0.110649
1058 11 0.198369
1059 11 0.105003
1060 11 0.177138
1061 11 0.080574
1062 11 0.245417
1063 11 0.165231
1064 11 0.112942
1065 11 0.178886
1066 11 0.194159
1067 11 0.185439
1068 11 0.115233
1069 11 0.059583
1070 11 0.059559
1071 11 0.127431
1072 11 0.162576
1073 11 0.098180
1074 11 0.116656
1075 11 0.086593
1076 11 0.128801
1077 11 0.136050
1078 11 0.136598
1079 11 0.139594
1080 11 0.127418
1081 11 0.155384
1082 11 0.092948
1083 11 0.141147
1084 11 0.114689
1085 11 0.152804
1086 11 0.111711
1087 11 0.135237
1088 11 0.122060
1089 11 0.147393
1090 11 0.098811
1091 11 0.118670
1092 11 0.101981
1093 11 0.219684
1094 11 0.124042
1095 11 0.194098
1096 11 0.134438
1097 11 0.052444
1098 11 0.081224
1099 11 0.135757
1100 12 0.086293
1101 12 0.183539
1102 12 0.119248
1103 12 0.129400
1104 12 0.057497
1105 12 0.083939
1106 12 0.102267
1107 12 0.088573
1108 12 0.128871
1109 12 0.143800
1110 12 0.103371
1111 12 0.138056
1112 12 0.136135
1113 12 0.138527
1114 12 0.137017
1115 12 0.211482
1116 12 0.139871
1117 12 0.141669
1118 12 0.136607
1119 12 0.118800
1120 12 0.104605
1121 12 0.077893
1122 12 0.109145
1123 12 0.109443
1124 12 0.151755
1125 12 0.129846
1126 12 0.153547
1127 12 0.051004
1128 12 0.252390
1129 12 0.128036
1130 12 0.099450
1131 12 0.103859
1132 12 0.103346
1133 12 0.140333
1134 12 0.116482
1135 12 0.134139
1136 12 0.129669
1137 12 0.156040
1138 12 0.156083
1139 12 0.109367
1140 12 0.116702
1141 12 0.087074
1142 12 0.116441
1143 12 0.121572
1144 12 0.110454
1145 12 0.106639
1146 12 0.142484
1147 12 0.137879
1148 12 0.096564
1149 12 0.160002
1150 12 0.168707
1151 12 0.154229
1152 12 0.026249
1153 12 0.108011
1154 12 0.111038
1155 12 0.170610
1156 12 0.118691
1157 12 0.097425
1158 12 0.028354
1159 12 0.144146
1160 12 0.154154
1161 12 0.137792
1162 12 0.097578
1163 12 0.195222
1164 12 0.138325
1165 12 0.117462
1166 12 0.142370
1167 12 0.287762
1168 12 0.096548
1169 12 0.095635
1170 12 0.105709
1171 12 0.107392
1172 12 0.114633
1173 12 0.058573
1174 12 0.158231
1175 12 0.093552
1176 12 0.104643
1177 12 0.121138
1178 12 0.136603
1179 12 0.141125
1180 12 0.120262
1181 12 0.118081
1182 12 0.113444
1183 12 0.085498
1184 12 0.296991
1185 12 0.123482
1186 12 0.122270
1187 12 0.116147
1188 12 0.128873
1189 12 0.109554
1190 12 0.167548
1191 12 0.150387
1192 12 0.103545
1193 12 0.094417
1194 12 0.116571
1195 12 0.139104
1196 12 0.094731
1197 12 0.096390
1198 12 0.108721
1199 12 0.127013
1200 13 0.262732
1201 13 0.064824
1202 13 0.149354
1203 13 0.097992
1204 13 0.144851
1205 13 0.165814
1206 13 0.156859
1207 13 0.101407
1208 13 0.125876
1209 13 0.168554
1210 13 0.133185
1211 13 0.116717
1212 13 0.165485
1213 13 0.097689
1214 13 0.115862
1215 13 0.119103
1216 13 0.140910
1217 13 0.147453
1218 13 0.113975
1219 13 0.089607
1220 13 0.168921
1221 13 0.117501
1222 13 0.106719
1223 13 0.141319
1224 13 0.163837
1225 13 0.027984
1226 13 0.109571
1227 13 0.129411
1228 13 0.145722
1229 13 0.126637
1230 13 0.192426
1231 13 0.110173
1232 13 0.093298
1233 13 0.145439
1234 13 0.131436
1235 13 0.137515
1236 13 0.108675
1237 13 0.107490
1238 13 0.115050
1239 13 0.151765
1240 13 0.085834
1241 13 0.090382
1242 13 0.122769
1243 13 0.095366
1244 13 0.119935
1245 13 0.106235
1246 13 0.170254
1247 13 0.136650
1248 13 0.099842
1249 13 0.160004
1250 13 0.165517
1251 13 0.115886
1252 13 0.109346
1253 13 0.103163
1254 13 0.113497
1255 13 0.097934
1256 13 0.134125
1257 13 0.153538
1258 13 0.127583
1259 13 0.157390
1260 13 0.122445
1261 13 0.120567
1262 13 0.126000
1263 13 0.135444
1264 13 0.100112
1265 13 0.128171
1266 13 0.080614
1267 13 0.081957
1268 13 0.107968
1269 13 0.151957
1270 13 0.106411
1271 13 0.104494
1272 13 0.089661
1273 13 0.136966
1274 13 0.097647
1275 13 0.139603
1276 13 0.202789
1277 13 0.141885
1278 13 0.156541
1279 13 0.123946
1280 13 0.112422
1281 13 0.171567
1282 13 0.108835
1283 13 0.105378
1284 13 0.053317
1285 13 0.108655
1286 13 0.084667
1287 13 0.083768
1288 13 0.159196
1289 13 0.149070
1290 13 0.105087
1291 13 0.113678
1292 13 0.078225
1293 13 0.175648
1294 13 0.314773
1295 13 0.287175
1296 13 0.133769
1297 13 0.113054
1298 13 0.025543
1299 13 0.104953
1300 14 0.114435
1301 14 0.292688
1302 14 0.152763
1303 14 0.133885
1304 14 0.226058
1305 14 0.159064
1306 14 0.133184
1307 14 0.102058
1308 14 0.172544
1309 14 0.141850
1310 14 0.185247
1311 14 0.109296
1312 14 0.091164
1313 14 0.080014
1314 14 0.122991
1315 14 0.227449
1316 14 0.183977
1317 14 0.098352
1318 14 0.156073
1319 14 0.056584
1320 14 0.141680
1321 14 0.131054
1322 14 0.095177
1323 14 0.100338
1324 14 0.027394
1325 14 0.100674
1326 14 0.136029
1327 14 0.119175
1328 14 0.095483
1329 14 0.096686
1330 14 0.165653
1331 14 0.096113
1332 14 0.107053
1333 14 0.163959
1334 14 0.083517
1335 14 0.120946
1336 14 0.179298
1337 14 0.099358
1338 14 0.126235
1339 14 0.099855
1340 14 0.111656
1341 14 0.097497
1342 14 0.091782
1343 14 0.276307
1344 14 0.241498
1345 14 0.132355
1346 14 0.145148
1347 14 0.059932
1348 14 0.099759
1349 14 0.113519
1350 14 0.116577
1351 14 0.131354
1352 14 0.107277
1353 14 0.051485
1354 14 0.137085
1355 14 0.136511
1356 14 0.165145
1357 14 0.101009
1358 14 0.110517
1359 14 0.153307
1360 14 0.147216
1361 14 0.150807
1362 14 0.133423
1363 14 0.124859
1364 14 0.115238
1365 14 0.106199
1366 14 0.168952
1367 14 0.138472
1368 14 0.116890
1369 14 0.243304
1370 14 0.101610
1371 14 0.102348
1372 14 0.079159
1373 14 0.099828
1374 14 0.111958
1375 14 0.062350
1376 14 0.099478
1377 14 0.087457
1378 14 0.106718
1379 14 0.137897
1380 14 0.158946
1381 14 0.110621
1382 14 0.114269
1383 14 0.131562
1384 14 0.110159
1385 14 0.142160
1386 14 0.119445
1387 14 0.088479
1388 14 0.148415
1389 14 0.151933
1390 14 0.092387
1391 14 0.153911
1392 14 0.078878
1393 14 0.106306
1394 14 0.116892
1395 14 0.143829
1396 14 0.175463
1397 14 0.134545
1398 14 0.097899
1399 14 0.136808
1400 15 0.149983
1401 15 0.105972
1402 15 0.082719
1403 15 0.114151
1404 15 0.158241
1405 15 0.095398
1406 15 0.184325
1407 15 0.133138
1408 15 0.138089
1409 15 0.135440
1410 15 0.132984
1411 15 0.107684
1412 15 0.164432
1413 15 0.109718
1414 15 0.073925
1415 15 0.122527
1416 15 0.143834
1417 15 0.105776
1418 15 0.055418
1419 15 0.154859
1420 15 0.116962
1421 15 0.097565
1422 15 0.151771
1423 15 0.135754
1424 15 0.136432
1425 15 0.103731
1426 15 0.144552
1427 15 0.097917
1428 15 0.134469
1429 15 0.095751
1430 15 0.149532
1431 15 0.105768
1432 15 0.128321
1433 15 0.026977
1434 15 0.099467
1435 15 0.185946
1436 15 0.158293
1437 15 0.129004
1438 15 0.105738
1439 15 0.112334
1440 15 0.131833
1441 15 0.057779
1442 15 0.289707
1443 15 0.130891
1444 15 0.137705
1445 15 0.129117
1446 15 0.102638
1447 15 0.154157
1448 15 0.107521
1449 15 0.054109
1450 15 0.161378
1451 15 0.132748
1452 15 0.124809
1453 15 0.176177
1454 15 0.086196
1455 15 0.154001
1456 15 0.091225
1457 15 0.100339
1458 15 0.331294
1459 15 0.189926
1460 15 0.089641
1461 15 0.083687
1462 15 0.129382
1463 15 0.043218
1464 15 0.102654
1465 15 0.105657
1466 15 0.135249
1467 15 0.295335
1468 15 0.112182
1469 15 0.144944
1470 15 0.150271
1471 15 0.312239
1472 15 0.118155
1473 15 0.163472
1474 15 0.140860
1475 15 0.122615
1476 15 0.133358
1477 15 0.126123
1478 15 0.103240
1479 15 0.171958
1480 15 0.147796
1481 15 0.152715
1482 15 0.109948
1483 15 0.087713
1484 15 0.062603
1485 15 0.114561
1486 15 0.127094
1487 15 0.143023
1488 15 0.155723
1489 15 0.113468
1490 15 0.098794
1491 15 0.171694
1492 15 0.124131
1493 15 0.158331
1494 15 0.111101
1495 15 0.101041
1496 15 0.182383
1497 15 0.123675
1498 15 0.164392
1499 15 0.100709
1500 16 0.152356
1501 16 0.097586
1502 16 0.111474
1503 16 0.080237
1504 16 0.105814
1505 16 0.087765
1506 16 0.024578
1507 16 0.098728
1508 16 0.119144
1509 16 0.096923
1510 16 0.108694
1511 16 0.090311
1512 16 0.117213
1513 16 0.155002
1514 16 0.102495
1515 16 0.148741
1516 16 0.106833
1517 16 0.129067
1518 16 0.132428
1519 16 0.113863
1520 16 0.095121
1521 16 0.165114
1522 16 0.180112
1523 16 0.155323
1524 16 0.108277
1525 16 0.114734
1526 16 0.127316
1527 16 0.096853
1528 16 0.119037
1529 16 0.131754
1530 16 0.149061
1531 16 0.081842
1532 16 0.130500
1533 16 0.191334
1534 16 0.068385
1535 16 0.101517
1536 16 0.148455
1537 16 0.287483
1538 16 0.164900
1539 16 0.144480
1540 16 0.169544
1541 16 0.116627
1542 16 0.158780
1543 16 0.140381
1544 16 0.163630
1545 16 0.120584
1546 16 0.105361
1547 16 0.127867
1548 16 0.130899
1549 16 0.145960
1550 16 0.169034
1551 16 0.151526
1552 16 0.065762
1553 16 0.086628
1554 16 0.294836
1555 16 0.132753
1556 16 0.107043
1557 16 0.104687
1558 16 0.096458
1559 16 0.169557
1560 16 0.093905
1561 16 0.104316
1562 16 0.086033
1563 16 0.134017
1564 16 0.096216
1565 16 0.132033
1566 16 0.131537
1567 16 0.095356
1568 16 0.102030
1569 16 0.128934
1570 16 0.108968
1571 16 0.103423
1572 16 0.088220
1573 16 0.137696
1574 16 0.053947
1575 16 0.154682
1576 16 0.094641
1577 16 0.139761
1578 16 0.139847
1579 16 0.158533
1580 16 0.122223
1581 16 0.140176
1582 16 0.127426
1583 16 0.123161
1584 16 0.098304
1585 16 0.122736
1586 16 0.116523
1587 16 0.105908
1588 16 0.178309
1589 16 0.102748
1590 16 0.185667
1591 16 0.101870
1592 16 0.116727
1593 16 0.152430
1594 16 0.123938
1595 16 0.151396
1596 16 0.140349
1597 16 0.122940
1598 16 0.213604
1599 16 0.193375
1600 17 0.092311
1601 17 0.133316
1602 17 0.137644
1603 17 0.122172
1604 17 0.085688
1605 17 0.128641
1606 17 0.134525
1607 17 0.155783
1608 17 0.166325
1609 17 0.210418
1610 17 0.096592
1611 17 0.106156
1612 17 0.106249
1613 17 0.162882
1614 17 0.289577
1615 17 0.053086
1616 17 0.106340
1617 17 0.154892
1618 17 0.111754
1619 17 0.076980
1620 17 0.109310
1621 17 0.088830
1622 17 0.105261
1623 17 0.104623
1624 17 0.127382
1625 17 0.099101
1626 17 0.122716
1627 17 0.100640
1628 17 0.112365
1629 17 0.052532
1630 17 0.066380
1631 17 0.139137
1632 17 0.135217
1633 17 0.141338
1634 17 0.089108
1635 17 0.131853
1636 17 0.102944
1637 17 0.093845
1638 17 0.121540
1639 17 0.106008
1640 17 0.133710
1641 17 0.159722
1642 17 0.105069
1643 17 0.084007
1644 17 0.146330
1645 17 0.246652
1646 17 0.130227
1647 17 0.128315
1648 17 0.166827
1649 17 0.061553
1650 17 0.105001
1651 17 0.110299
1652 17 0.116053
1653 17 0.158299
1654 17 0.136238
1655 17 0.139071
1656 17 0.024147
1657 17 0.117858
1658 17 0.131422
1659 17 0.184249
1660 17 0.305303
1661 17 0.079641
1662 17 0.141106
1663 17 0.082666
1664 17 0.117280
1665 17 0.026014
1666 17 0.145702
1667 17 0.098750
1668 17 0.095420
1669 17 0.113632
1670 17 0.140858
1671 17 0.103093
1672 17 0.133449
1673 17 0.117525
1674 17 0.140268
1675 17 0.137060
1676 17 0.104769
1677 17 0.159584
1678 17 0.135224
1679 17 0.112558
1680 17 0.145668
1681 17 0.176352
1682 17 0.126461
1683 17 0.128247
1684 17 0.133126
1685 17 0.166579
1686 17 0.132458
1687 17 0.127623
1688 17 0.125959
1689 17 0.115444
1690 17 0.157352
1691 17 0.117502
1692 17 0.207748
1693 17 0.141327
1694 17 0.106291
1695 17 0.081865
1696 17 0.078592
1697 17 0.094940
1698 17 0.144317
1699 17 0.148514
1700 18 0.094683
1701 18 0.101705
1702 18 0.136283
1703 18 0.124015
1704 18 0.127105
1705 18 0.313009
1706 18 0.103994
1707 18 0.168092
1708 18 0.089517
1709 18 0.091238
1710 18 0.080962
1711 18 0.174886
1712 18 0.123704
1713 18 0.056683
1714 18 0.125003
1715 18 0.105625
1716 18 0.123595
1717 18 0.174549
1718 18 0.147696
1719 18 0.098144
1720 18 0.097748
1721 18 0.103247
1722 18 0.112749
1723 18 0.145784
1724 18 0.114824
1725 18 0.098742
1726 18 0.079326
1727 18 0.104985
1728 18 0.094773
1729 18 0.085471
1730 18 0.127720
1731 18 0.148582
1732 18 0.113503
1733 18 0.123906
1734 18 0.138527
1735 18 0.088794
1736 18 0.119402
1737 18 0.109122
1738 18 0.120942
1739 18 0.104929
1740 18 0.159330
1741 18 0.084887
1742 18 0.052082
1743 18 0.117012
1744 18 0.076944
1745 18 0.156500
1746 18 0.104417
1747 18 0.139156
1748 18 0.179771
1749 18 0.183896
1750 18 0.130179
1751 18 0.182317
1752 18 0.101780
1753 18 0.159563
1754 18 0.076742
1755 18 0.115297
1756 18 0.108570
1757 18 0.108760
1758 18 0.130573
1759 18 0.151310
1760 18 0.129504
1761 18 0.175341
1762 18 0.103804
1763 18 0.118487
1764 18 0.098932
1765 18 0.139244
1766 18 0.140906
1767 18 0.108460
1768 18 0.138320
1769 18 0.162501
1770 18 0.281092
1771 18 0.173281
1772 18 0.138728
1773 18 0.023845
1774 18 0.091503
1775 18 0.128288
1776 18 0.142663
1777 18 0.095642
1778 18 0.143673
1779 18 0.144220
1780 18 0.132341
1781 18 0.110343
1782 18 0.092354
1783 18 0.162248
1784 18 0.128000
1785 18 0.143389
1786 18 0.082678
1787 18 0.088410
1788 18 0.141341
1789 18 0.118541
1790 18 0.173888
1791 18 0.130148
1792 18 0.174993
1793 18 0.099240
1794 18 0.111068
1795 18 0.077584
1796 18 0.040900
1797 18 0.123676
1798 18 0.130950
1799 18 0.136577
1800 19 0.117722
1801 19 0.109165
1802 19 0.080513
1803 19 0.120293
1804 19 0.105881
1805 19 0.134551
1806 19 0.098024
1807 19 0.100307
1808 19 0.141400
1809 19 0.158809
1810 19 0.084059
1811 19 0.065642
1812 19 0.091277
1813 19 0.144418
1814 19 0.102303
1815 19 0.110198
1816 19 0.131113
1817 19 0.116672
1818 19 0.200713
1819 19 0.097817
1820 19 0.150760
1821 19 0.176281
1822 19 0.124952
1823 19 0.023535
1824 19 0.126312
1825 19 0.128056
1826 19 0.120942
1827 19 0.174998
1828 19 0.156828
1829 19 0.159456
1830 19 0.108611
1831 19 0.097969
1832 19 0.081957
1833 19 0.125783
1834 19 0.128652
1835 19 0.051044
1836 19 0.153462
1837 19 0.133005
1838 19 0.150048
1839 19 0.121454
1840 19 0.121019
1841 19 0.104430
1842 19 0.146777
1843 19 0.192259
1844 19 0.148047
1845 19 0.096039
1846 19 0.140624
1847 19 0.059857
1848 19 0.167492
1849 19 0.133472
1850 19 0.117184
1851 19 0.025244
1852 19 0.082574
1853 19 0.159385
1854 19 0.154276
1855 19 0.108478
1856 19 0.104628
1857 19 0.103456
1858 19 0.076277
1859 19 0.163988
1860 19 0.142814
1861 19 0.135013
1862 19 0.103777
1863 19 0.138308
1864 19 0.138635
1865 19 0.160179
1866 19 0.118491
1867 19 0.138308
1868 19 0.157741
1869 19 0.106860
1870 19 0.108330
1871 19 0.287985
1872 19 0.128195
1873 19 0.128241
1874 19 0.151592
1875 19 0.108404
1876 19 0.123821
1877 19 0.089068
1878 19 0.301174
1879 19 0.077929
1880 19 0.115434
1881 19 0.091733
1882 19 0.078729
1883 19 0.099356
1884 19 0.108296
1885 19 0.177285
1886 19 0.116252
1887 19 0.094342
1888 19 0.105666
1889 19 0.082721
1890 19 0.142254
1891 19 0.132516
1892 19 0.128735
1893 19 0.181962
1894 19 0.144028
1895 19 0.118319
1896 19 0.137297
1897 19 0.117080
1898 19 0.120956
1899 19 0.140969
1900 20 0.119168
1901 20 0.102440
1902 20 0.152474
1903 20 0.128266
1904 20 0.130079
1905 20 0.305437
1906 20 0.088795
1907 20 0.106033
1908 20 0.131330
1909 20 0.099530
1910 20 0.111025
1911 20 0.083707
1912 20 0.094965
1913 20 0.121705
1914 20 0.132297
1915 20 0.147199
1916 20 0.144944
1917 20 0.124338
1918 20 0.122500
1919 20 0.077301
1920 20 0.170041
1921 20 0.134885
1922 20 0.111577
1923 20 0.105687
1924 20 0.137513
1925 20 0.113507
1926 20 0.193751
1927 20 0.150943
1928 20 0.107850
1929 20 0.080815
1930 20 0.317540
1931 20 0.136919
1932 20 0.141572
1933 20 0.129701
1934 20 0.138347
1935 20 0.128926
1936 20 0.115704
1937 20 0.023177
1938 20 0.150511
1939 20 0.132437
1940 20 0.154923
1941 20 0.119441
1942 20 0.069082
1943 20 0.102993
1944 20 0.083617
1945 20 0.179780
1946 20 0.148377
1947 20 0.154311
1948 20 0.139443
1949 20 0.106979
1950 20 0.094841
1951 20 0.101977
1952 20 0.132100
1953 20 0.079669
1954 20 0.083225
1955 20 0.130453
1956 20 0.117972
1957 20 0.131562
1958 20 0.149127
1959 20 0.121447
1960 20 0.096475
1961 20 0.049327
1962 20 0.097257
1963 20 0.024856
1964 20 0.099190
1965 20 0.108008
1966 20 0.115345
1967 20 0.131108
1968 20 0.109612
1969 20 0.157431
1970 20 0.100852
1971 20 0.101949
1972 20 0.167406
1973 20 0.103017
1974 20 0.113327
1975 20 0.106132
1976 20 0.116295
1977 20 0.134217
1978 20 0.177887
1979 20 0.085343
1980 20 0.152960
1981 20 0.104295
1982 20 0.084332
1983 20 0.282070
1984 20 0.130373
1985 20 0.123396
1986 20 0.061145
1987 20 0.116717
1988 20 0.099561
1989 20 0.174198
1990 20 0.129645
1991 20 0.083491
1992 20 0.115778
1993 20 0.118176
1994 20 0.129670
1995 20 0.124859
1996 20 0.175027
1997 20 0.143771
1998 20 0.110018
1999 20 0.107236
