# Batch convergence for: model=snn-ae encoding=latency architecture=recurrent v_th=0.5 alpha=0.9 run=2
batch_num epoch batch_loss
0 1 0.648018
1 1 0.944943
2 1 0.771352
3 1 0.706573
4 1 0.876775
5 1 0.693260
6 1 0.853161
7 1 0.649063
8 1 0.567814
9 1 0.829527
10 1 0.701301
11 1 0.749558
12 1 0.601509
13 1 0.720111
14 1 0.704014
15 1 0.598281
16 1 0.541628
17 1 0.761707
18 1 0.712685
19 1 0.610114
20 1 0.731106
21 1 0.167127
22 1 0.624109
23 1 0.675654
24 1 0.518297
25 1 0.673732
26 1 0.561220
27 1 0.747921
28 1 0.631516
29 1 0.662152
30 1 0.576697
31 1 0.581092
32 1 0.591959
33 1 0.625225
34 1 0.635610
35 1 0.562422
36 1 0.657762
37 1 0.511756
38 1 0.569956
39 1 0.481748
40 1 0.717757
41 1 0.517126
42 1 0.420478
43 1 0.395172
44 1 0.460485
45 1 0.470634
46 1 0.481783
47 1 0.537161
48 1 0.532200
49 1 0.567847
50 1 0.130088
51 1 0.527604
52 1 0.541907
53 1 0.172697
54 1 0.751204
55 1 0.592931
56 1 0.545832
57 1 0.482993
58 1 0.447907
59 1 0.473522
60 1 0.417274
61 1 0.480238
62 1 0.512022
63 1 0.451356
64 1 0.411886
65 1 0.340464
66 1 0.072004
67 1 0.552938
68 1 0.402252
69 1 0.385699
70 1 0.457908
71 1 0.325907
72 1 0.036807
73 1 0.401897
74 1 0.397601
75 1 0.393503
76 1 0.335361
77 1 0.379148
78 1 0.319310
79 1 0.325829
80 1 0.544821
81 1 0.316711
82 1 0.293337
83 1 0.384164
84 1 0.329103
85 1 0.379290
86 1 0.315665
87 1 0.353520
88 1 0.316521
89 1 0.329463
90 1 0.281575
91 1 0.362688
92 1 0.242312
93 1 0.260885
94 1 0.239172
95 1 0.307478
96 1 0.254825
97 1 0.281253
98 1 0.222597
99 1 0.242025
100 2 0.333737
101 2 0.230110
102 2 0.234655
103 2 0.233134
104 2 0.287561
105 2 0.332332
106 2 0.268782
107 2 0.258460
108 2 0.243071
109 2 0.239818
110 2 0.217592
111 2 0.123651
112 2 0.238309
113 2 0.345214
114 2 0.227019
115 2 0.227213
116 2 0.215180
117 2 0.155843
118 2 0.283340
119 2 0.234989
120 2 0.150618
121 2 0.182686
122 2 0.273382
123 2 0.180137
124 2 0.160989
125 2 0.190660
126 2 0.206963
127 2 0.215754
128 2 0.202049
129 2 0.214268
130 2 0.243890
131 2 0.182788
132 2 0.242626
133 2 0.170735
134 2 0.197028
135 2 0.194423
136 2 0.144540
137 2 0.195544
138 2 0.207404
139 2 0.213174
140 2 0.194704
141 2 0.207787
142 2 0.183551
143 2 0.187088
144 2 0.225901
145 2 0.140986
146 2 0.200876
147 2 0.134306
148 2 0.195804
149 2 0.139665
150 2 0.174242
151 2 0.129297
152 2 0.154430
153 2 0.124453
154 2 0.204246
155 2 0.033948
156 2 0.234689
157 2 0.182055
158 2 0.193204
159 2 0.160280
160 2 0.154066
161 2 0.163546
162 2 0.109075
163 2 0.188662
164 2 0.142942
165 2 0.170148
166 2 0.037097
167 2 0.177008
168 2 0.170895
169 2 0.141398
170 2 0.177545
171 2 0.157883
172 2 0.146002
173 2 0.129373
174 2 0.149953
175 2 0.222692
176 2 0.127174
177 2 0.149631
178 2 0.160021
179 2 0.168054
180 2 0.150343
181 2 0.115196
182 2 0.137255
183 2 0.188756
184 2 0.188047
185 2 0.089177
186 2 0.212227
187 2 0.168642
188 2 0.158220
189 2 0.166468
190 2 0.148290
191 2 0.222112
192 2 0.106056
193 2 0.146537
194 2 0.323922
195 2 0.154729
196 2 0.087701
197 2 0.106607
198 2 0.198563
199 2 0.127329
200 3 0.189731
201 3 0.124857
202 3 0.088715
203 3 0.213451
204 3 0.033954
205 3 0.136500
206 3 0.137194
207 3 0.136926
208 3 0.244119
209 3 0.198450
210 3 0.126037
211 3 0.123720
212 3 0.150451
213 3 0.182297
214 3 0.201980
215 3 0.129639
216 3 0.140580
217 3 0.125377
218 3 0.276022
219 3 0.036997
220 3 0.119428
221 3 0.106965
222 3 0.104055
223 3 0.137203
224 3 0.130567
225 3 0.181252
226 3 0.122151
227 3 0.128101
228 3 0.134946
229 3 0.182654
230 3 0.078922
231 3 0.121480
232 3 0.123739
233 3 0.121759
234 3 0.141397
235 3 0.122056
236 3 0.113768
237 3 0.159049
238 3 0.141759
239 3 0.163265
240 3 0.118475
241 3 0.244258
242 3 0.133575
243 3 0.081953
244 3 0.159858
245 3 0.118518
246 3 0.137442
247 3 0.108528
248 3 0.161496
249 3 0.086472
250 3 0.089475
251 3 0.107878
252 3 0.190516
253 3 0.169944
254 3 0.187887
255 3 0.055496
256 3 0.116618
257 3 0.209147
258 3 0.150001
259 3 0.091292
260 3 0.152041
261 3 0.156159
262 3 0.103118
263 3 0.074577
264 3 0.093244
265 3 0.136348
266 3 0.118332
267 3 0.108854
268 3 0.126316
269 3 0.122468
270 3 0.143671
271 3 0.146186
272 3 0.145732
273 3 0.168704
274 3 0.136737
275 3 0.103408
276 3 0.073888
277 3 0.201384
278 3 0.176285
279 3 0.099975
280 3 0.093098
281 3 0.071260
282 3 0.090585
283 3 0.118477
284 3 0.211145
285 3 0.124676
286 3 0.138997
287 3 0.118102
288 3 0.064161
289 3 0.083014
290 3 0.107958
291 3 0.166857
292 3 0.107571
293 3 0.093060
294 3 0.101211
295 3 0.211198
296 3 0.131272
297 3 0.134221
298 3 0.103196
299 3 0.141568
300 4 0.100103
301 4 0.128546
302 4 0.087289
303 4 0.118573
304 4 0.065284
305 4 0.134254
306 4 0.236389
307 4 0.118899
308 4 0.156354
309 4 0.130058
310 4 0.190756
311 4 0.084618
312 4 0.081303
313 4 0.075947
314 4 0.075014
315 4 0.150697
316 4 0.136105
317 4 0.146525
318 4 0.096805
319 4 0.081524
320 4 0.149965
321 4 0.126546
322 4 0.140610
323 4 0.168142
324 4 0.092944
325 4 0.163643
326 4 0.128317
327 4 0.141585
328 4 0.130245
329 4 0.080974
330 4 0.143322
331 4 0.136677
332 4 0.144543
333 4 0.116320
334 4 0.082701
335 4 0.107934
336 4 0.067654
337 4 0.111355
338 4 0.075834
339 4 0.117252
340 4 0.135288
341 4 0.096526
342 4 0.172078
343 4 0.048171
344 4 0.201006
345 4 0.128098
346 4 0.116948
347 4 0.132776
348 4 0.064629
349 4 0.114077
350 4 0.124078
351 4 0.141866
352 4 0.069251
353 4 0.097735
354 4 0.122741
355 4 0.082062
356 4 0.059938
357 4 0.141178
358 4 0.131627
359 4 0.073023
360 4 0.036355
361 4 0.158274
362 4 0.089902
363 4 0.204970
364 4 0.078718
365 4 0.117644
366 4 0.121504
367 4 0.111121
368 4 0.084137
369 4 0.136458
370 4 0.189719
371 4 0.194410
372 4 0.108742
373 4 0.095333
374 4 0.170796
375 4 0.136328
376 4 0.107685
377 4 0.069930
378 4 0.058910
379 4 0.142582
380 4 0.099607
381 4 0.076285
382 4 0.157546
383 4 0.290110
384 4 0.075757
385 4 0.104537
386 4 0.106287
387 4 0.157826
388 4 0.086334
389 4 0.137899
390 4 0.120384
391 4 0.117290
392 4 0.107348
393 4 0.111623
394 4 0.108351
395 4 0.245635
396 4 0.097758
397 4 0.132764
398 4 0.121463
399 4 0.121310
400 5 0.122874
401 5 0.106711
402 5 0.140214
403 5 0.112166
404 5 0.088643
405 5 0.111703
406 5 0.137056
407 5 0.186853
408 5 0.096917
409 5 0.131363
410 5 0.123340
411 5 0.246706
412 5 0.120400
413 5 0.072343
414 5 0.099428
415 5 0.109950
416 5 0.118905
417 5 0.081297
418 5 0.140141
419 5 0.120325
420 5 0.098337
421 5 0.136904
422 5 0.088605
423 5 0.065211
424 5 0.074675
425 5 0.119506
426 5 0.071281
427 5 0.127057
428 5 0.087683
429 5 0.161226
430 5 0.093669
431 5 0.134930
432 5 0.114130
433 5 0.092591
434 5 0.128159
435 5 0.069289
436 5 0.075381
437 5 0.111794
438 5 0.032726
439 5 0.084038
440 5 0.135812
441 5 0.074739
442 5 0.074207
443 5 0.115669
444 5 0.088263
445 5 0.046091
446 5 0.091723
447 5 0.184849
448 5 0.179059
449 5 0.114500
450 5 0.116121
451 5 0.099306
452 5 0.074157
453 5 0.035573
454 5 0.123525
455 5 0.089622
456 5 0.095979
457 5 0.196329
458 5 0.131767
459 5 0.127588
460 5 0.135247
461 5 0.119345
462 5 0.131156
463 5 0.154680
464 5 0.119939
465 5 0.094334
466 5 0.172951
467 5 0.162208
468 5 0.079847
469 5 0.124566
470 5 0.122093
471 5 0.077785
472 5 0.137404
473 5 0.127852
474 5 0.054011
475 5 0.147538
476 5 0.069936
477 5 0.097933
478 5 0.148376
479 5 0.098688
480 5 0.100485
481 5 0.241003
482 5 0.108484
483 5 0.090502
484 5 0.205872
485 5 0.118006
486 5 0.109520
487 5 0.150976
488 5 0.081733
489 5 0.116588
490 5 0.100135
491 5 0.107224
492 5 0.150178
493 5 0.117483
494 5 0.061897
495 5 0.081568
496 5 0.120355
497 5 0.080854
498 5 0.094501
499 5 0.080139
500 6 0.129095
501 6 0.070890
502 6 0.079159
503 6 0.084046
504 6 0.152178
505 6 0.074913
506 6 0.032313
507 6 0.122972
508 6 0.121616
509 6 0.072130
510 6 0.071695
511 6 0.091111
512 6 0.076085
513 6 0.075560
514 6 0.126386
515 6 0.136118
516 6 0.109515
517 6 0.105614
518 6 0.066719
519 6 0.070498
520 6 0.112560
521 6 0.075199
522 6 0.123030
523 6 0.117501
524 6 0.094386
525 6 0.154776
526 6 0.080898
527 6 0.111255
528 6 0.065707
529 6 0.101425
530 6 0.096241
531 6 0.075016
532 6 0.131468
533 6 0.085694
534 6 0.069904
535 6 0.163048
536 6 0.095243
537 6 0.118462
538 6 0.104933
539 6 0.084356
540 6 0.123016
541 6 0.077324
542 6 0.064003
543 6 0.123466
544 6 0.078073
545 6 0.130247
546 6 0.130985
547 6 0.084872
548 6 0.062217
549 6 0.083164
550 6 0.118252
551 6 0.153501
552 6 0.085803
553 6 0.186947
554 6 0.087813
555 6 0.139163
556 6 0.095235
557 6 0.195616
558 6 0.137583
559 6 0.035034
560 6 0.111925
561 6 0.108648
562 6 0.044868
563 6 0.129324
564 6 0.125243
565 6 0.117483
566 6 0.113110
567 6 0.136203
568 6 0.202698
569 6 0.093856
570 6 0.150879
571 6 0.156170
572 6 0.110829
573 6 0.142774
574 6 0.117303
575 6 0.140102
576 6 0.129439
577 6 0.160642
578 6 0.157897
579 6 0.133822
580 6 0.144228
581 6 0.252584
582 6 0.182315
583 6 0.053678
584 6 0.151243
585 6 0.113755
586 6 0.099878
587 6 0.113796
588 6 0.131785
589 6 0.198597
590 6 0.271356
591 6 0.091840
592 6 0.056469
593 6 0.158239
594 6 0.120431
595 6 0.138837
596 6 0.129516
597 6 0.106327
598 6 0.083580
599 6 0.117621
600 7 0.102557
601 7 0.156267
602 7 0.096022
603 7 0.145038
604 7 0.031726
605 7 0.095597
606 7 0.113859
607 7 0.111447
608 7 0.118425
609 7 0.079431
610 7 0.087084
611 7 0.130320
612 7 0.198523
613 7 0.104122
614 7 0.079441
615 7 0.119897
616 7 0.100851
617 7 0.172931
618 7 0.146849
619 7 0.070851
620 7 0.171601
621 7 0.060572
622 7 0.065949
623 7 0.057461
624 7 0.078753
625 7 0.160049
626 7 0.104942
627 7 0.134689
628 7 0.108603
629 7 0.093076
630 7 0.131428
631 7 0.168688
632 7 0.085097
633 7 0.114779
634 7 0.197176
635 7 0.131785
636 7 0.184399
637 7 0.107426
638 7 0.125224
639 7 0.114277
640 7 0.097810
641 7 0.072746
642 7 0.135770
643 7 0.059807
644 7 0.097531
645 7 0.144931
646 7 0.122797
647 7 0.133151
648 7 0.108029
649 7 0.114239
650 7 0.112108
651 7 0.195361
652 7 0.119212
653 7 0.127275
654 7 0.113828
655 7 0.142818
656 7 0.086957
657 7 0.100686
658 7 0.074586
659 7 0.110476
660 7 0.173985
661 7 0.116462
662 7 0.108103
663 7 0.113628
664 7 0.117357
665 7 0.109558
666 7 0.076367
667 7 0.077437
668 7 0.087612
669 7 0.108730
670 7 0.105631
671 7 0.064400
672 7 0.239918
673 7 0.263552
674 7 0.114928
675 7 0.138051
676 7 0.127050
677 7 0.120745
678 7 0.081816
679 7 0.096181
680 7 0.085457
681 7 0.152980
682 7 0.089935
683 7 0.146626
684 7 0.070786
685 7 0.111451
686 7 0.134275
687 7 0.067559
688 7 0.144388
689 7 0.135279
690 7 0.083385
691 7 0.097547
692 7 0.174908
693 7 0.046775
694 7 0.094766
695 7 0.092581
696 7 0.118925
697 7 0.102480
698 7 0.049167
699 7 0.085533
700 8 0.152053
701 8 0.096284
702 8 0.092677
703 8 0.123314
704 8 0.076762
705 8 0.142585
706 8 0.190855
707 8 0.139377
708 8 0.139779
709 8 0.092560
710 8 0.140904
711 8 0.117885
712 8 0.075247
713 8 0.092882
714 8 0.113591
715 8 0.126510
716 8 0.255232
717 8 0.123323
718 8 0.187711
719 8 0.148282
720 8 0.075630
721 8 0.105783
722 8 0.080154
723 8 0.149007
724 8 0.112349
725 8 0.137988
726 8 0.111064
727 8 0.083485
728 8 0.084429
729 8 0.099735
730 8 0.065823
731 8 0.057505
732 8 0.120400
733 8 0.088415
734 8 0.087424
735 8 0.129126
736 8 0.089863
737 8 0.073029
738 8 0.149713
739 8 0.106403
740 8 0.077583
741 8 0.091140
742 8 0.093056
743 8 0.112963
744 8 0.106450
745 8 0.098704
746 8 0.034003
747 8 0.137696
748 8 0.064055
749 8 0.097844
750 8 0.143323
751 8 0.111057
752 8 0.098063
753 8 0.057796
754 8 0.253569
755 8 0.106768
756 8 0.120863
757 8 0.145446
758 8 0.064328
759 8 0.162039
760 8 0.114924
761 8 0.073351
762 8 0.103701
763 8 0.065541
764 8 0.075400
765 8 0.147640
766 8 0.100564
767 8 0.111848
768 8 0.103856
769 8 0.068171
770 8 0.092547
771 8 0.082396
772 8 0.110103
773 8 0.133802
774 8 0.138961
775 8 0.139846
776 8 0.110769
777 8 0.084010
778 8 0.063598
779 8 0.202527
780 8 0.120484
781 8 0.070012
782 8 0.151404
783 8 0.215523
784 8 0.242541
785 8 0.132349
786 8 0.137435
787 8 0.041916
788 8 0.085511
789 8 0.030802
790 8 0.122740
791 8 0.108227
792 8 0.115693
793 8 0.249037
794 8 0.136796
795 8 0.078855
796 8 0.119294
797 8 0.083594
798 8 0.095952
799 8 0.072655
800 9 0.115640
801 9 0.096246
802 9 0.129039
803 9 0.132219
804 9 0.107629
805 9 0.084349
806 9 0.102099
807 9 0.065927
808 9 0.083360
809 9 0.213380
810 9 0.078400
811 9 0.093312
812 9 0.146806
813 9 0.158715
814 9 0.104695
815 9 0.078662
816 9 0.118651
817 9 0.045782
818 9 0.231388
819 9 0.084016
820 9 0.102589
821 9 0.060430
822 9 0.077823
823 9 0.132556
824 9 0.089865
825 9 0.137123
826 9 0.095167
827 9 0.104847
828 9 0.124675
829 9 0.071671
830 9 0.030706
831 9 0.126573
832 9 0.073464
833 9 0.142062
834 9 0.113203
835 9 0.067299
836 9 0.112161
837 9 0.104728
838 9 0.115774
839 9 0.072962
840 9 0.126527
841 9 0.134217
842 9 0.093449
843 9 0.092944
844 9 0.121911
845 9 0.158380
846 9 0.124904
847 9 0.136874
848 9 0.129082
849 9 0.098826
850 9 0.128495
851 9 0.096301
852 9 0.099471
853 9 0.112052
854 9 0.086077
855 9 0.127407
856 9 0.069546
857 9 0.097534
858 9 0.077589
859 9 0.134413
860 9 0.133331
861 9 0.133548
862 9 0.066206
863 9 0.098092
864 9 0.032989
865 9 0.129289
866 9 0.105097
867 9 0.077147
868 9 0.087278
869 9 0.055715
870 9 0.137464
871 9 0.084168
872 9 0.060047
873 9 0.100261
874 9 0.115130
875 9 0.125425
876 9 0.175042
877 9 0.064579
878 9 0.144986
879 9 0.070613
880 9 0.108708
881 9 0.070422
882 9 0.105801
883 9 0.108645
884 9 0.109324
885 9 0.086337
886 9 0.142160
887 9 0.129298
888 9 0.082184
889 9 0.082546
890 9 0.124962
891 9 0.263464
892 9 0.175404
893 9 0.074577
894 9 0.096060
895 9 0.192376
896 9 0.132871
897 9 0.067626
898 9 0.106102
899 9 0.263858
900 10 0.109549
901 10 0.146543
902 10 0.081195
903 10 0.082677
904 10 0.093783
905 10 0.120776
906 10 0.098641
907 10 0.101090
908 10 0.054956
909 10 0.093220
910 10 0.098884
911 10 0.118789
912 10 0.180137
913 10 0.100848
914 10 0.063604
915 10 0.071136
916 10 0.073244
917 10 0.100554
918 10 0.101747
919 10 0.079961
920 10 0.076891
921 10 0.096349
922 10 0.115831
923 10 0.070132
924 10 0.104327
925 10 0.153832
926 10 0.132761
927 10 0.108353
928 10 0.093743
929 10 0.062811
930 10 0.120304
931 10 0.114070
932 10 0.130682
933 10 0.075038
934 10 0.095589
935 10 0.148484
936 10 0.110894
937 10 0.105051
938 10 0.098535
939 10 0.124127
940 10 0.134597
941 10 0.253862
942 10 0.141516
943 10 0.030076
944 10 0.092164
945 10 0.184836
946 10 0.135528
947 10 0.069553
948 10 0.138498
949 10 0.076962
950 10 0.070538
951 10 0.116060
952 10 0.101796
953 10 0.104949
954 10 0.119340
955 10 0.236297
956 10 0.130170
957 10 0.070927
958 10 0.082243
959 10 0.088258
960 10 0.083035
961 10 0.133389
962 10 0.140650
963 10 0.086578
964 10 0.150556
965 10 0.096656
966 10 0.142330
967 10 0.074746
968 10 0.119401
969 10 0.113346
970 10 0.032452
971 10 0.156978
972 10 0.066782
973 10 0.120202
974 10 0.096885
975 10 0.119603
976 10 0.102674
977 10 0.110017
978 10 0.084430
979 10 0.128009
980 10 0.145690
981 10 0.083163
982 10 0.217653
983 10 0.208078
984 10 0.109597
985 10 0.092953
986 10 0.083078
987 10 0.141285
988 10 0.133823
989 10 0.135629
990 10 0.079771
991 10 0.128479
992 10 0.085834
993 10 0.103177
994 10 0.133519
995 10 0.128325
996 10 0.102791
997 10 0.153872
998 10 0.257710
999 10 0.122703
1000 11 0.252828
1001 11 0.088160
1002 11 0.085626
1003 11 0.105610
1004 11 0.072490
1005 11 0.141080
1006 11 0.118598
1007 11 0.122680
1008 11 0.093900
1009 11 0.126470
1010 11 0.074559
1011 11 0.110473
1012 11 0.073097
1013 11 0.205964
1014 11 0.059114
1015 11 0.139720
1016 11 0.116398
1017 11 0.138166
1018 11 0.124140
1019 11 0.087392
1020 11 0.090996
1021 11 0.099920
1022 11 0.083179
1023 11 0.094866
1024 11 0.080399
1025 11 0.114175
1026 11 0.091058
1027 11 0.101159
1028 11 0.127023
1029 11 0.083458
1030 11 0.112129
1031 11 0.093757
1032 11 0.118700
1033 11 0.121580
1034 11 0.134702
1035 11 0.100588
1036 11 0.080687
1037 11 0.029449
1038 11 0.134742
1039 11 0.064705
1040 11 0.146125
1041 11 0.097296
1042 11 0.112604
1043 11 0.108155
1044 11 0.090658
1045 11 0.066983
1046 11 0.132771
1047 11 0.146754
1048 11 0.112072
1049 11 0.146564
1050 11 0.042969
1051 11 0.122747
1052 11 0.080535
1053 11 0.111266
1054 11 0.133208
1055 11 0.089177
1056 11 0.113874
1057 11 0.083460
1058 11 0.149622
1059 11 0.121569
1060 11 0.143139
1061 11 0.076679
1062 11 0.240333
1063 11 0.127275
1064 11 0.087984
1065 11 0.148084
1066 11 0.127463
1067 11 0.125894
1068 11 0.100676
1069 11 0.078473
1070 11 0.084742
1071 11 0.104133
1072 11 0.124379
1073 11 0.106645
1074 11 0.073517
1075 11 0.067951
1076 11 0.115290
1077 11 0.132555
1078 11 0.177990
1079 11 0.126849
1080 11 0.093924
1081 11 0.133792
1082 11 0.084467
1083 11 0.115129
1084 11 0.087201
1085 11 0.192566
1086 11 0.101842
1087 11 0.091078
1088 11 0.120449
1089 11 0.094019
1090 11 0.070507
1091 11 0.093674
1092 11 0.097085
1093 11 0.116313
1094 11 0.106550
1095 11 0.116935
1096 11 0.109250
1097 11 0.058680
1098 11 0.070736
1099 11 0.125610
1100 12 0.066736
1101 12 0.130445
1102 12 0.108123
1103 12 0.121999
1104 12 0.114373
1105 12 0.054041
1106 12 0.130394
1107 12 0.080519
1108 12 0.105708
1109 12 0.196205
1110 12 0.136185
1111 12 0.114260
1112 12 0.099208
1113 12 0.107196
1114 12 0.118013
1115 12 0.190683
1116 12 0.175954
1117 12 0.115200
1118 12 0.091065
1119 12 0.104048
1120 12 0.091263
1121 12 0.079725
1122 12 0.079409
1123 12 0.100090
1124 12 0.140087
1125 12 0.131564
1126 12 0.119215
1127 12 0.043195
1128 12 0.146459
1129 12 0.056163
1130 12 0.097295
1131 12 0.076722
1132 12 0.072226
1133 12 0.125084
1134 12 0.096536
1135 12 0.131311
1136 12 0.106346
1137 12 0.134886
1138 12 0.196238
1139 12 0.082588
1140 12 0.069694
1141 12 0.155792
1142 12 0.111493
1143 12 0.106397
1144 12 0.097928
1145 12 0.128405
1146 12 0.130573
1147 12 0.122298
1148 12 0.104916
1149 12 0.120284
1150 12 0.148223
1151 12 0.132562
1152 12 0.028963
1153 12 0.061982
1154 12 0.105345
1155 12 0.112045
1156 12 0.104334
1157 12 0.093747
1158 12 0.031330
1159 12 0.116539
1160 12 0.123822
1161 12 0.133751
1162 12 0.076530
1163 12 0.125852
1164 12 0.122443
1165 12 0.088603
1166 12 0.084553
1167 12 0.228423
1168 12 0.077202
1169 12 0.079054
1170 12 0.085874
1171 12 0.088820
1172 12 0.111729
1173 12 0.062819
1174 12 0.111202
1175 12 0.105886
1176 12 0.092781
1177 12 0.072712
1178 12 0.112297
1179 12 0.128624
1180 12 0.097887
1181 12 0.127125
1182 12 0.116665
1183 12 0.072471
1184 12 0.245240
1185 12 0.102836
1186 12 0.114892
1187 12 0.104344
1188 12 0.094774
1189 12 0.095141
1190 12 0.113223
1191 12 0.128721
1192 12 0.081901
1193 12 0.088246
1194 12 0.065949
1195 12 0.099429
1196 12 0.062834
1197 12 0.082418
1198 12 0.102104
1199 12 0.142071
1200 13 0.143338
1201 13 0.072003
1202 13 0.100120
1203 13 0.070823
1204 13 0.125174
1205 13 0.141193
1206 13 0.115776
1207 13 0.106731
1208 13 0.112363
1209 13 0.145753
1210 13 0.115757
1211 13 0.101232
1212 13 0.125991
1213 13 0.098335
1214 13 0.088123
1215 13 0.135771
1216 13 0.114012
1217 13 0.068251
1218 13 0.137203
1219 13 0.090660
1220 13 0.089997
1221 13 0.121791
1222 13 0.076708
1223 13 0.142383
1224 13 0.129854
1225 13 0.030946
1226 13 0.079156
1227 13 0.100849
1228 13 0.128841
1229 13 0.069363
1230 13 0.199879
1231 13 0.109603
1232 13 0.084926
1233 13 0.137803
1234 13 0.118119
1235 13 0.108245
1236 13 0.080872
1237 13 0.100883
1238 13 0.084819
1239 13 0.132066
1240 13 0.078020
1241 13 0.085765
1242 13 0.159172
1243 13 0.086446
1244 13 0.106184
1245 13 0.156093
1246 13 0.119722
1247 13 0.138491
1248 13 0.096084
1249 13 0.124609
1250 13 0.150159
1251 13 0.105524
1252 13 0.092903
1253 13 0.107851
1254 13 0.139261
1255 13 0.128435
1256 13 0.115198
1257 13 0.139278
1258 13 0.093635
1259 13 0.194660
1260 13 0.081135
1261 13 0.090623
1262 13 0.107625
1263 13 0.111609
1264 13 0.086607
1265 13 0.118241
1266 13 0.084457
1267 13 0.075734
1268 13 0.092374
1269 13 0.122544
1270 13 0.085667
1271 13 0.070030
1272 13 0.068397
1273 13 0.121373
1274 13 0.071477
1275 13 0.127890
1276 13 0.129954
1277 13 0.120539
1278 13 0.129618
1279 13 0.100730
1280 13 0.106351
1281 13 0.095691
1282 13 0.098534
1283 13 0.106657
1284 13 0.048690
1285 13 0.096315
1286 13 0.066498
1287 13 0.054271
1288 13 0.120621
1289 13 0.134788
1290 13 0.121848
1291 13 0.085245
1292 13 0.060570
1293 13 0.093060
1294 13 0.249647
1295 13 0.222997
1296 13 0.125339
1297 13 0.063857
1298 13 0.028368
1299 13 0.178033
1300 14 0.122267
1301 14 0.233682
1302 14 0.130673
1303 14 0.117292
1304 14 0.111205
1305 14 0.119726
1306 14 0.102464
1307 14 0.132021
1308 14 0.147356
1309 14 0.117846
1310 14 0.173450
1311 14 0.090661
1312 14 0.056409
1313 14 0.088982
1314 14 0.131239
1315 14 0.154911
1316 14 0.167306
1317 14 0.077827
1318 14 0.123157
1319 14 0.061255
1320 14 0.112371
1321 14 0.108694
1322 14 0.129072
1323 14 0.149542
1324 14 0.030295
1325 14 0.096090
1326 14 0.125133
1327 14 0.108135
1328 14 0.113282
1329 14 0.083095
1330 14 0.182575
1331 14 0.079268
1332 14 0.089686
1333 14 0.162277
1334 14 0.065526
1335 14 0.084133
1336 14 0.094231
1337 14 0.072426
1338 14 0.100660
1339 14 0.096768
1340 14 0.083638
1341 14 0.118925
1342 14 0.069772
1343 14 0.213763
1344 14 0.114468
1345 14 0.096795
1346 14 0.099912
1347 14 0.092379
1348 14 0.073676
1349 14 0.113728
1350 14 0.100000
1351 14 0.133440
1352 14 0.131645
1353 14 0.048399
1354 14 0.142956
1355 14 0.126246
1356 14 0.125704
1357 14 0.085481
1358 14 0.069201
1359 14 0.134229
1360 14 0.131023
1361 14 0.103489
1362 14 0.119094
1363 14 0.097610
1364 14 0.133797
1365 14 0.093126
1366 14 0.117828
1367 14 0.150360
1368 14 0.097890
1369 14 0.145638
1370 14 0.080909
1371 14 0.071212
1372 14 0.091025
1373 14 0.092654
1374 14 0.106059
1375 14 0.065452
1376 14 0.084662
1377 14 0.075468
1378 14 0.082639
1379 14 0.106029
1380 14 0.116173
1381 14 0.116570
1382 14 0.081101
1383 14 0.090580
1384 14 0.095564
1385 14 0.120094
1386 14 0.098918
1387 14 0.070212
1388 14 0.117656
1389 14 0.191117
1390 14 0.060728
1391 14 0.166758
1392 14 0.027832
1393 14 0.120097
1394 14 0.103962
1395 14 0.116813
1396 14 0.180883
1397 14 0.182458
1398 14 0.110653
1399 14 0.119336
1400 15 0.118368
1401 15 0.124172
1402 15 0.058365
1403 15 0.094571
1404 15 0.111803
1405 15 0.076720
1406 15 0.178139
1407 15 0.119644
1408 15 0.110096
1409 15 0.102959
1410 15 0.116945
1411 15 0.073436
1412 15 0.118699
1413 15 0.113997
1414 15 0.053617
1415 15 0.084056
1416 15 0.098284
1417 15 0.090400
1418 15 0.059787
1419 15 0.128492
1420 15 0.106330
1421 15 0.078365
1422 15 0.121682
1423 15 0.126773
1424 15 0.144195
1425 15 0.123044
1426 15 0.112578
1427 15 0.122559
1428 15 0.144489
1429 15 0.088746
1430 15 0.141621
1431 15 0.094164
1432 15 0.059590
1433 15 0.029796
1434 15 0.086128
1435 15 0.155754
1436 15 0.183488
1437 15 0.089378
1438 15 0.086544
1439 15 0.132384
1440 15 0.101837
1441 15 0.061283
1442 15 0.151201
1443 15 0.179096
1444 15 0.150429
1445 15 0.126168
1446 15 0.085071
1447 15 0.123904
1448 15 0.097239
1449 15 0.051313
1450 15 0.126431
1451 15 0.147967
1452 15 0.131717
1453 15 0.124258
1454 15 0.064741
1455 15 0.138034
1456 15 0.085284
1457 15 0.165612
1458 15 0.223197
1459 15 0.167811
1460 15 0.070722
1461 15 0.080947
1462 15 0.118030
1463 15 0.027379
1464 15 0.096168
1465 15 0.083933
1466 15 0.096425
1467 15 0.224461
1468 15 0.116915
1469 15 0.128418
1470 15 0.114465
1471 15 0.244041
1472 15 0.076305
1473 15 0.098453
1474 15 0.105214
1475 15 0.103318
1476 15 0.107260
1477 15 0.097309
1478 15 0.098014
1479 15 0.147535
1480 15 0.134910
1481 15 0.128197
1482 15 0.096861
1483 15 0.069793
1484 15 0.092789
1485 15 0.073189
1486 15 0.075834
1487 15 0.096859
1488 15 0.168556
1489 15 0.089160
1490 15 0.074183
1491 15 0.171836
1492 15 0.089191
1493 15 0.110814
1494 15 0.078597
1495 15 0.067502
1496 15 0.117266
1497 15 0.121488
1498 15 0.128400
1499 15 0.078240
1500 16 0.113305
1501 16 0.069673
1502 16 0.104563
1503 16 0.065750
1504 16 0.081367
1505 16 0.055517
1506 16 0.027214
1507 16 0.098641
1508 16 0.097509
1509 16 0.083062
1510 16 0.127414
1511 16 0.081480
1512 16 0.113867
1513 16 0.142035
1514 16 0.087073
1515 16 0.132779
1516 16 0.068242
1517 16 0.158140
1518 16 0.137819
1519 16 0.120203
1520 16 0.083478
1521 16 0.129185
1522 16 0.120857
1523 16 0.122961
1524 16 0.081418
1525 16 0.117688
1526 16 0.100121
1527 16 0.065902
1528 16 0.060580
1529 16 0.125084
1530 16 0.127564
1531 16 0.062741
1532 16 0.119214
1533 16 0.198329
1534 16 0.059312
1535 16 0.071108
1536 16 0.123994
1537 16 0.226815
1538 16 0.116731
1539 16 0.103801
1540 16 0.147730
1541 16 0.099152
1542 16 0.126047
1543 16 0.120092
1544 16 0.086251
1545 16 0.085795
1546 16 0.093492
1547 16 0.098857
1548 16 0.119993
1549 16 0.103050
1550 16 0.093102
1551 16 0.127605
1552 16 0.068571
1553 16 0.067229
1554 16 0.236474
1555 16 0.100266
1556 16 0.082687
1557 16 0.114634
1558 16 0.070766
1559 16 0.130451
1560 16 0.076640
1561 16 0.075324
1562 16 0.124996
1563 16 0.123834
1564 16 0.080837
1565 16 0.142533
1566 16 0.101744
1567 16 0.089754
1568 16 0.097673
1569 16 0.089977
1570 16 0.078211
1571 16 0.084763
1572 16 0.097257
1573 16 0.120785
1574 16 0.057862
1575 16 0.136283
1576 16 0.091594
1577 16 0.109963
1578 16 0.110622
1579 16 0.097764
1580 16 0.148881
1581 16 0.108978
1582 16 0.070717
1583 16 0.072699
1584 16 0.081790
1585 16 0.126046
1586 16 0.114585
1587 16 0.095616
1588 16 0.148501
1589 16 0.086072
1590 16 0.119490
1591 16 0.029091
1592 16 0.090023
1593 16 0.096523
1594 16 0.152189
1595 16 0.187865
1596 16 0.120458
1597 16 0.096448
1598 16 0.099956
1599 16 0.192115
1600 17 0.166011
1601 17 0.124495
1602 17 0.151075
1603 17 0.131080
1604 17 0.066633
1605 17 0.125128
1606 17 0.136542
1607 17 0.141629
1608 17 0.153044
1609 17 0.107743
1610 17 0.084358
1611 17 0.122908
1612 17 0.068610
1613 17 0.142350
1614 17 0.210213
1615 17 0.057021
1616 17 0.091158
1617 17 0.124076
1618 17 0.115383
1619 17 0.074609
1620 17 0.067713
1621 17 0.070075
1622 17 0.083383
1623 17 0.074184
1624 17 0.086559
1625 17 0.079276
1626 17 0.110502
1627 17 0.082471
1628 17 0.101965
1629 17 0.047838
1630 17 0.066509
1631 17 0.137280
1632 17 0.103738
1633 17 0.094204
1634 17 0.092870
1635 17 0.114360
1636 17 0.106839
1637 17 0.077340
1638 17 0.101142
1639 17 0.075480
1640 17 0.110376
1641 17 0.124984
1642 17 0.084007
1643 17 0.055407
1644 17 0.120390
1645 17 0.088566
1646 17 0.117020
1647 17 0.090387
1648 17 0.114998
1649 17 0.085510
1650 17 0.126412
1651 17 0.106000
1652 17 0.080193
1653 17 0.186090
1654 17 0.124165
1655 17 0.106720
1656 17 0.026802
1657 17 0.100307
1658 17 0.096904
1659 17 0.185529
1660 17 0.236224
1661 17 0.058811
1662 17 0.181072
1663 17 0.072135
1664 17 0.072725
1665 17 0.028651
1666 17 0.140671
1667 17 0.086065
1668 17 0.095169
1669 17 0.131541
1670 17 0.163684
1671 17 0.106335
1672 17 0.110319
1673 17 0.109495
1674 17 0.111547
1675 17 0.120183
1676 17 0.095065
1677 17 0.154831
1678 17 0.132471
1679 17 0.088046
1680 17 0.130712
1681 17 0.160992
1682 17 0.152441
1683 17 0.103305
1684 17 0.132485
1685 17 0.147065
1686 17 0.119008
1687 17 0.069250
1688 17 0.086991
1689 17 0.117617
1690 17 0.097380
1691 17 0.098206
1692 17 0.116611
1693 17 0.126742
1694 17 0.092356
1695 17 0.120260
1696 17 0.126940
1697 17 0.092591
1698 17 0.125980
1699 17 0.124500
1700 18 0.075582
1701 18 0.083595
1702 18 0.119131
1703 18 0.101039
1704 18 0.114041
1705 18 0.235149
1706 18 0.086976
1707 18 0.144894
1708 18 0.079863
1709 18 0.089796
1710 18 0.063598
1711 18 0.093971
1712 18 0.079813
1713 18 0.078928
1714 18 0.118235
1715 18 0.084314
1716 18 0.100003
1717 18 0.239623
1718 18 0.100666
1719 18 0.088712
1720 18 0.077053
1721 18 0.118453
1722 18 0.103960
1723 18 0.176776
1724 18 0.077427
1725 18 0.071706
1726 18 0.070912
1727 18 0.117214
1728 18 0.092377
1729 18 0.065791
1730 18 0.101633
1731 18 0.104574
1732 18 0.072892
1733 18 0.127294
1734 18 0.131597
1735 18 0.127568
1736 18 0.095730
1737 18 0.084800
1738 18 0.099616
1739 18 0.089418
1740 18 0.114734
1741 18 0.048280
1742 18 0.055856
1743 18 0.058775
1744 18 0.075067
1745 18 0.135682
1746 18 0.116040
1747 18 0.095124
1748 18 0.134231
1749 18 0.152242
1750 18 0.116088
1751 18 0.166181
1752 18 0.067285
1753 18 0.121366
1754 18 0.074386
1755 18 0.084903
1756 18 0.082425
1757 18 0.115350
1758 18 0.089952
1759 18 0.132040
1760 18 0.103709
1761 18 0.109302
1762 18 0.116739
1763 18 0.082862
1764 18 0.081926
1765 18 0.143015
1766 18 0.111139
1767 18 0.099423
1768 18 0.112693
1769 18 0.165311
1770 18 0.216701
1771 18 0.140726
1772 18 0.135348
1773 18 0.026395
1774 18 0.085933
1775 18 0.169210
1776 18 0.129815
1777 18 0.084429
1778 18 0.114189
1779 18 0.132662
1780 18 0.099370
1781 18 0.112404
1782 18 0.122906
1783 18 0.126451
1784 18 0.090128
1785 18 0.084281
1786 18 0.057434
1787 18 0.073358
1788 18 0.073516
1789 18 0.103387
1790 18 0.127103
1791 18 0.103183
1792 18 0.122281
1793 18 0.093962
1794 18 0.087729
1795 18 0.068113
1796 18 0.028111
1797 18 0.087625
1798 18 0.116975
1799 18 0.121649
1800 19 0.095403
1801 19 0.066026
1802 19 0.061780
1803 19 0.069474
1804 19 0.079985
1805 19 0.106562
1806 19 0.088554
1807 19 0.071810
1808 19 0.100840
1809 19 0.138972
1810 19 0.072707
1811 19 0.089368
1812 19 0.087557
1813 19 0.120654
1814 19 0.081387
1815 19 0.082398
1816 19 0.135186
1817 19 0.092003
1818 19 0.081950
1819 19 0.082836
1820 19 0.189373
1821 19 0.152690
1822 19 0.123728
1823 19 0.082393
1824 19 0.108343
1825 19 0.150730
1826 19 0.115608
1827 19 0.156559
1828 19 0.132416
1829 19 0.117842
1830 19 0.097928
1831 19 0.089882
1832 19 0.063968
1833 19 0.096487
1834 19 0.118052
1835 19 0.054704
1836 19 0.129060
1837 19 0.114432
1838 19 0.119918
1839 19 0.156261
1840 19 0.107514
1841 19 0.124375
1842 19 0.126638
1843 19 0.180604
1844 19 0.143305
1845 19 0.118510
1846 19 0.098104
1847 19 0.074454
1848 19 0.055740
1849 19 0.135988
1850 19 0.134484
1851 19 0.027504
1852 19 0.159375
1853 19 0.095300
1854 19 0.096115
1855 19 0.117443
1856 19 0.100334
1857 19 0.069474
1858 19 0.058866
1859 19 0.114815
1860 19 0.092517
1861 19 0.082438
1862 19 0.067427
1863 19 0.111776
1864 19 0.099188
1865 19 0.136182
1866 19 0.110732
1867 19 0.138349
1868 19 0.122304
1869 19 0.086295
1870 19 0.096703
1871 19 0.215182
1872 19 0.057835
1873 19 0.089350
1874 19 0.137493
1875 19 0.098999
1876 19 0.098768
1877 19 0.076814
1878 19 0.230573
1879 19 0.060272
1880 19 0.103147
1881 19 0.086006
1882 19 0.144080
1883 19 0.082197
1884 19 0.075708
1885 19 0.115525
1886 19 0.120665
1887 19 0.078930
1888 19 0.080359
1889 19 0.089310
1890 19 0.111659
1891 19 0.096830
1892 19 0.090751
1893 19 0.125592
1894 19 0.111504
1895 19 0.092368
1896 19 0.127858
1897 19 0.081011
1898 19 0.108412
1899 19 0.136050
1900 20 0.049266
1901 20 0.092801
1902 20 0.078075
1903 20 0.106131
1904 20 0.116490
1905 20 0.138081
1906 20 0.085652
1907 20 0.122979
1908 20 0.136147
1909 20 0.081064
1910 20 0.118589
1911 20 0.073713
1912 20 0.072195
1913 20 0.056814
1914 20 0.099064
1915 20 0.113477
1916 20 0.114076
1917 20 0.100621
1918 20 0.072916
1919 20 0.202950
1920 20 0.197994
1921 20 0.138845
1922 20 0.100902
1923 20 0.115674
1924 20 0.109841
1925 20 0.080776
1926 20 0.157469
1927 20 0.101240
1928 20 0.097600
1929 20 0.060122
1930 20 0.234500
1931 20 0.114563
1932 20 0.111507
1933 20 0.116928
1934 20 0.105912
1935 20 0.095577
1936 20 0.093017
1937 20 0.025695
1938 20 0.119218
1939 20 0.107668
1940 20 0.093074
1941 20 0.117600
1942 20 0.081226
1943 20 0.068807
1944 20 0.107055
1945 20 0.161969
1946 20 0.145787
1947 20 0.087851
1948 20 0.142089
1949 20 0.072789
1950 20 0.085194
1951 20 0.089038
1952 20 0.115782
1953 20 0.050721
1954 20 0.082140
1955 20 0.110368
1956 20 0.057783
1957 20 0.092812
1958 20 0.123952
1959 20 0.100464
1960 20 0.082951
1961 20 0.053112
1962 20 0.071196
1963 20 0.027221
1964 20 0.080908
1965 20 0.102547
1966 20 0.105493
1967 20 0.144049
1968 20 0.101608
1969 20 0.138410
1970 20 0.094532
1971 20 0.075424
1972 20 0.113328
1973 20 0.085685
1974 20 0.112119
1975 20 0.124249
1976 20 0.096968
1977 20 0.088252
1978 20 0.175027
1979 20 0.069880
1980 20 0.183830
1981 20 0.099840
1982 20 0.072118
1983 20 0.202745
1984 20 0.072007
1985 20 0.131834
1986 20 0.078437
1987 20 0.110999
1988 20 0.092995
1989 20 0.140459
1990 20 0.091574
1991 20 0.058418
1992 20 0.094224
1993 20 0.087104
1994 20 0.125732
1995 20 0.116607
1996 20 0.140857
1997 20 0.096398
1998 20 0.083690
1999 20 0.087415
2000 21 0.108066
2001 21 0.082200
2002 21 0.074759
2003 21 0.117395
2004 21 0.138992
2005 21 0.081774
2006 21 0.080761
2007 21 0.092085
2008 21 0.059989
2009 21 0.129618
2010 21 0.094515
2011 21 0.101476
2012 21 0.137668
2013 21 0.152297
2014 21 0.097278
2015 21 0.144662
2016 21 0.132252
2017 21 0.125333
2018 21 0.197819
2019 21 0.135731
2020 21 0.098843
2021 21 0.099452
2022 21 0.117885
2023 21 0.066177
2024 21 0.082265
2025 21 0.072697
2026 21 0.105213
2027 21 0.122867
2028 21 0.091935
2029 21 0.086632
2030 21 0.089191
2031 21 0.101520
2032 21 0.125472
2033 21 0.100722
2034 21 0.061461
2035 21 0.080133
2036 21 0.110362
2037 21 0.052437
2038 21 0.123855
2039 21 0.084495
2040 21 0.064456
2041 21 0.056732
2042 21 0.086115
2043 21 0.096980
2044 21 0.078921
2045 21 0.083490
2046 21 0.101815
2047 21 0.096996
2048 21 0.181713
2049 21 0.069400
2050 21 0.046046
2051 21 0.089463
2052 21 0.087696
2053 21 0.072601
2054 21 0.112905
2055 21 0.081824
2056 21 0.154059
2057 21 0.098225
2058 21 0.026966
2059 21 0.105575
2060 21 0.068331
2061 21 0.116259
2062 21 0.071337
2063 21 0.124561
2064 21 0.145684
2065 21 0.113924
2066 21 0.131729
2067 21 0.114774
2068 21 0.121054
2069 21 0.138779
2070 21 0.121109
2071 21 0.083749
2072 21 0.096917
2073 21 0.121416
2074 21 0.117704
2075 21 0.101466
2076 21 0.114870
2077 21 0.136447
2078 21 0.095190
2079 21 0.102065
2080 21 0.053487
2081 21 0.135300
2082 21 0.098017
2083 21 0.136306
2084 21 0.025196
2085 21 0.206548
2086 21 0.078151
2087 21 0.090736
2088 21 0.090368
2089 21 0.169689
2090 21 0.140264
2091 21 0.076189
2092 21 0.220731
2093 21 0.130762
2094 21 0.079438
2095 21 0.107082
2096 21 0.076279
2097 21 0.096131
2098 21 0.114566
2099 21 0.092680
2100 22 0.135418
2101 22 0.063648
2102 22 0.124749
2103 22 0.086996
2104 22 0.134348
2105 22 0.114970
2106 22 0.070765
2107 22 0.141336
2108 22 0.147107
2109 22 0.025101
2110 22 0.099576
2111 22 0.120311
2112 22 0.112930
2113 22 0.131370
2114 22 0.026575
2115 22 0.118440
2116 22 0.098107
2117 22 0.098382
2118 22 0.128997
2119 22 0.138939
2120 22 0.052252
2121 22 0.125778
2122 22 0.100388
2123 22 0.132626
2124 22 0.101425
2125 22 0.103698
2126 22 0.108381
2127 22 0.107758
2128 22 0.112213
2129 22 0.079179
2130 22 0.089419
2131 22 0.090084
2132 22 0.103589
2133 22 0.106830
2134 22 0.101358
2135 22 0.094223
2136 22 0.154038
2137 22 0.073780
2138 22 0.060997
2139 22 0.130950
2140 22 0.089576
2141 22 0.086473
2142 22 0.082042
2143 22 0.077457
2144 22 0.062745
2145 22 0.078374
2146 22 0.117443
2147 22 0.128563
2148 22 0.219700
2149 22 0.107778
2150 22 0.108448
2151 22 0.066658
2152 22 0.081929
2153 22 0.077585
2154 22 0.150673
2155 22 0.104217
2156 22 0.093949
2157 22 0.134856
2158 22 0.091404
2159 22 0.097214
2160 22 0.138656
2161 22 0.048619
2162 22 0.082373
2163 22 0.093598
2164 22 0.127053
2165 22 0.096962
2166 22 0.188508
2167 22 0.093092
2168 22 0.087077
2169 22 0.177110
2170 22 0.116885
2171 22 0.078051
2172 22 0.121523
2173 22 0.126655
2174 22 0.075592
2175 22 0.073677
2176 22 0.079927
2177 22 0.050893
2178 22 0.062036
2179 22 0.111660
2180 22 0.064642
2181 22 0.088392
2182 22 0.126699
2183 22 0.084355
2184 22 0.143502
2185 22 0.098718
2186 22 0.093526
2187 22 0.129062
2188 22 0.174334
2189 22 0.103494
2190 22 0.121119
2191 22 0.056641
2192 22 0.058713
2193 22 0.096886
2194 22 0.102692
2195 22 0.080467
2196 22 0.072499
2197 22 0.115998
2198 22 0.104764
2199 22 0.072908
2200 23 0.129761
2201 23 0.083950
2202 23 0.148094
2203 23 0.113159
2204 23 0.133248
2205 23 0.117517
2206 23 0.067227
2207 23 0.099212
2208 23 0.048092
2209 23 0.063675
2210 23 0.052996
2211 23 0.117366
2212 23 0.105769
2213 23 0.167539
2214 23 0.082729
2215 23 0.125311
2216 23 0.092203
2217 23 0.177621
2218 23 0.116740
2219 23 0.107646
2220 23 0.166877
2221 23 0.110176
2222 23 0.129726
2223 23 0.089664
2224 23 0.081980
2225 23 0.122397
2226 23 0.107188
2227 23 0.136340
2228 23 0.095669
2229 23 0.024962
2230 23 0.081768
2231 23 0.102094
2232 23 0.098127
2233 23 0.071304
2234 23 0.101916
2235 23 0.176074
2236 23 0.070186
2237 23 0.127986
2238 23 0.088797
2239 23 0.141780
2240 23 0.116916
2241 23 0.065266
2242 23 0.140111
2243 23 0.073671
2244 23 0.107379
2245 23 0.095984
2246 23 0.125459
2247 23 0.106990
2248 23 0.069112
2249 23 0.140556
2250 23 0.130364
2251 23 0.083594
2252 23 0.098833
2253 23 0.152220
2254 23 0.077203
2255 23 0.099265
2256 23 0.101369
2257 23 0.057146
2258 23 0.114115
2259 23 0.108667
2260 23 0.091780
2261 23 0.125825
2262 23 0.126299
2263 23 0.208890
2264 23 0.078020
2265 23 0.110234
2266 23 0.104783
2267 23 0.067628
2268 23 0.106568
2269 23 0.100483
2270 23 0.082210
2271 23 0.088113
2272 23 0.142128
2273 23 0.080048
2274 23 0.073896
2275 23 0.095579
2276 23 0.077066
2277 23 0.226266
2278 23 0.116414
2279 23 0.109379
2280 23 0.096376
2281 23 0.085561
2282 23 0.198372
2283 23 0.074166
2284 23 0.123837
2285 23 0.092146
2286 23 0.077076
2287 23 0.169936
2288 23 0.085601
2289 23 0.070682
2290 23 0.078909
2291 23 0.130952
2292 23 0.115377
2293 23 0.083931
2294 23 0.080091
2295 23 0.026296
2296 23 0.112433
2297 23 0.049518
2298 23 0.086537
2299 23 0.104932
2300 24 0.129057
2301 24 0.100376
2302 24 0.241771
2303 24 0.116822
2304 24 0.211112
2305 24 0.094064
2306 24 0.097534
2307 24 0.095954
2308 24 0.086914
2309 24 0.070182
2310 24 0.097935
2311 24 0.175067
2312 24 0.105100
2313 24 0.118709
2314 24 0.123436
2315 24 0.081027
2316 24 0.115160
2317 24 0.098900
2318 24 0.113620
2319 24 0.107678
2320 24 0.076761
2321 24 0.094521
2322 24 0.141797
2323 24 0.081708
2324 24 0.089065
2325 24 0.025837
2326 24 0.128849
2327 24 0.067756
2328 24 0.071045
2329 24 0.049637
2330 24 0.077998
2331 24 0.065168
2332 24 0.093501
2333 24 0.105670
2334 24 0.112984
2335 24 0.102432
2336 24 0.129748
2337 24 0.121024
2338 24 0.094031
2339 24 0.102037
2340 24 0.125704
2341 24 0.057891
2342 24 0.189012
2343 24 0.094932
2344 24 0.086679
2345 24 0.184179
2346 24 0.133947
2347 24 0.082829
2348 24 0.108738
2349 24 0.074451
2350 24 0.069351
2351 24 0.115133
2352 24 0.067741
2353 24 0.090408
2354 24 0.079932
2355 24 0.086888
2356 24 0.113357
2357 24 0.130456
2358 24 0.157002
2359 24 0.103057
2360 24 0.091235
2361 24 0.118580
2362 24 0.071919
2363 24 0.090998
2364 24 0.094380
2365 24 0.130389
2366 24 0.084134
2367 24 0.092280
2368 24 0.151350
2369 24 0.103990
2370 24 0.051463
2371 24 0.100106
2372 24 0.117033
2373 24 0.106385
2374 24 0.078552
2375 24 0.085384
2376 24 0.083866
2377 24 0.078705
2378 24 0.079550
2379 24 0.111701
2380 24 0.131308
2381 24 0.089204
2382 24 0.078656
2383 24 0.079686
2384 24 0.077090
2385 24 0.095351
2386 24 0.024505
2387 24 0.121955
2388 24 0.091948
2389 24 0.088234
2390 24 0.090330
2391 24 0.075423
2392 24 0.086077
2393 24 0.154173
2394 24 0.080717
2395 24 0.133943
2396 24 0.117582
2397 24 0.094128
2398 24 0.108670
2399 24 0.065051
2400 25 0.106556
2401 25 0.128763
2402 25 0.128097
2403 25 0.072943
2404 25 0.061125
2405 25 0.132549
2406 25 0.072031
2407 25 0.098811
2408 25 0.075849
2409 25 0.149724
2410 25 0.126010
2411 25 0.089005
2412 25 0.096942
2413 25 0.095142
2414 25 0.127741
2415 25 0.095444
2416 25 0.082806
2417 25 0.068637
2418 25 0.132395
2419 25 0.101908
2420 25 0.141501
2421 25 0.158554
2422 25 0.047722
2423 25 0.077035
2424 25 0.130535
2425 25 0.081303
2426 25 0.057281
2427 25 0.025490
2428 25 0.082968
2429 25 0.082968
2430 25 0.111483
2431 25 0.063611
2432 25 0.158361
2433 25 0.142607
2434 25 0.145318
2435 25 0.073082
2436 25 0.084075
2437 25 0.110724
2438 25 0.127597
2439 25 0.218026
2440 25 0.125922
2441 25 0.134419
2442 25 0.092693
2443 25 0.075217
2444 25 0.170438
2445 25 0.079840
2446 25 0.023972
2447 25 0.079797
2448 25 0.073460
2449 25 0.091123
2450 25 0.168834
2451 25 0.082805
2452 25 0.126807
2453 25 0.092910
2454 25 0.112906
2455 25 0.105540
2456 25 0.096394
2457 25 0.067758
2458 25 0.122191
2459 25 0.153156
2460 25 0.120853
2461 25 0.061110
2462 25 0.170334
2463 25 0.106369
2464 25 0.155540
2465 25 0.181757
2466 25 0.100630
2467 25 0.111762
2468 25 0.123252
2469 25 0.081878
2470 25 0.087902
2471 25 0.131298
2472 25 0.082944
2473 25 0.123265
2474 25 0.091898
2475 25 0.114680
2476 25 0.129892
2477 25 0.094113
2478 25 0.124303
2479 25 0.083450
2480 25 0.112210
2481 25 0.079891
2482 25 0.077393
2483 25 0.056166
2484 25 0.116924
2485 25 0.107895
2486 25 0.149648
2487 25 0.070302
2488 25 0.087523
2489 25 0.088196
2490 25 0.091699
2491 25 0.086724
2492 25 0.084141
2493 25 0.084261
2494 25 0.131025
2495 25 0.103534
2496 25 0.097959
2497 25 0.124086
2498 25 0.047952
2499 25 0.081366
2500 26 0.093099
2501 26 0.101866
2502 26 0.068248
2503 26 0.072175
2504 26 0.103470
2505 26 0.114190
2506 26 0.082640
2507 26 0.082297
2508 26 0.130114
2509 26 0.115366
2510 26 0.077740
2511 26 0.118631
2512 26 0.111238
2513 26 0.048191
2514 26 0.101553
2515 26 0.095756
2516 26 0.070460
2517 26 0.080056
2518 26 0.122493
2519 26 0.129757
2520 26 0.065270
2521 26 0.101476
2522 26 0.104772
2523 26 0.088556
2524 26 0.130616
2525 26 0.085132
2526 26 0.126043
2527 26 0.053881
2528 26 0.081775
2529 26 0.063369
2530 26 0.105181
2531 26 0.103636
2532 26 0.091776
2533 26 0.079556
2534 26 0.126838
2535 26 0.179996
2536 26 0.084173
2537 26 0.095429
2538 26 0.059007
2539 26 0.097838
2540 26 0.089370
2541 26 0.094655
2542 26 0.065626
2543 26 0.110758
2544 26 0.095262
2545 26 0.118311
2546 26 0.122352
2547 26 0.061243
2548 26 0.097779
2549 26 0.094246
2550 26 0.080540
2551 26 0.024019
2552 26 0.132588
2553 26 0.117719
2554 26 0.103264
2555 26 0.163735
2556 26 0.113675
2557 26 0.151684
2558 26 0.071030
2559 26 0.131442
2560 26 0.057539
2561 26 0.135044
2562 26 0.124175
2563 26 0.088112
2564 26 0.073923
2565 26 0.076318
2566 26 0.105653
2567 26 0.120175
2568 26 0.100381
2569 26 0.082485
2570 26 0.092926
2571 26 0.085284
2572 26 0.109810
2573 26 0.084271
2574 26 0.141190
2575 26 0.081568
2576 26 0.081543
2577 26 0.086759
2578 26 0.064763
2579 26 0.100451
2580 26 0.164370
2581 26 0.121036
2582 26 0.121450
2583 26 0.064638
2584 26 0.076579
2585 26 0.056385
2586 26 0.090808
2587 26 0.126249
2588 26 0.129240
2589 26 0.109474
2590 26 0.076459
2591 26 0.073906
2592 26 0.044865
2593 26 0.118189
2594 26 0.187114
2595 26 0.157404
2596 26 0.115152
2597 26 0.150621
2598 26 0.206410
2599 26 0.059786
2600 27 0.108462
2601 27 0.176282
2602 27 0.079697
2603 27 0.116632
2604 27 0.079006
2605 27 0.099691
2606 27 0.085847
2607 27 0.134022
2608 27 0.135839
2609 27 0.055166
2610 27 0.086429
2611 27 0.100941
2612 27 0.103273
2613 27 0.104387
2614 27 0.179753
2615 27 0.066862
2616 27 0.083305
2617 27 0.100695
2618 27 0.107672
2619 27 0.104418
2620 27 0.112763
2621 27 0.104633
2622 27 0.100213
2623 27 0.109166
2624 27 0.133766
2625 27 0.062509
2626 27 0.068435
2627 27 0.102459
2628 27 0.087991
2629 27 0.098113
2630 27 0.109418
2631 27 0.118625
2632 27 0.105691
2633 27 0.097561
2634 27 0.088453
2635 27 0.121879
2636 27 0.123856
2637 27 0.085532
2638 27 0.207556
2639 27 0.111423
2640 27 0.106155
2641 27 0.064634
2642 27 0.097571
2643 27 0.099860
2644 27 0.074487
2645 27 0.087275
2646 27 0.124263
2647 27 0.080693
2648 27 0.025003
2649 27 0.087532
2650 27 0.098720
2651 27 0.141861
2652 27 0.068549
2653 27 0.106970
2654 27 0.103636
2655 27 0.082139
2656 27 0.092564
2657 27 0.057243
2658 27 0.109790
2659 27 0.086683
2660 27 0.101847
2661 27 0.114309
2662 27 0.144947
2663 27 0.066205
2664 27 0.072504
2665 27 0.071736
2666 27 0.023770
2667 27 0.132671
2668 27 0.199107
2669 27 0.143822
2670 27 0.133886
2671 27 0.107255
2672 27 0.072264
2673 27 0.112794
2674 27 0.087574
2675 27 0.099560
2676 27 0.059156
2677 27 0.091728
2678 27 0.095440
2679 27 0.187603
2680 27 0.102922
2681 27 0.082010
2682 27 0.091610
2683 27 0.091105
2684 27 0.045443
2685 27 0.075934
2686 27 0.102002
2687 27 0.076415
2688 27 0.131310
2689 27 0.137760
2690 27 0.124371
2691 27 0.104345
2692 27 0.078691
2693 27 0.102668
2694 27 0.101930
2695 27 0.104919
2696 27 0.085263
2697 27 0.077248
2698 27 0.054653
2699 27 0.110867
2700 28 0.093804
2701 28 0.085599
2702 28 0.081875
2703 28 0.084373
2704 28 0.113913
2705 28 0.106914
2706 28 0.076920
2707 28 0.115137
2708 28 0.092317
2709 28 0.121729
2710 28 0.119652
2711 28 0.106968
2712 28 0.106125
2713 28 0.023721
2714 28 0.115871
2715 28 0.090521
2716 28 0.108546
2717 28 0.075582
2718 28 0.081882
2719 28 0.097888
2720 28 0.060907
2721 28 0.106051
2722 28 0.120352
2723 28 0.089231
2724 28 0.044542
2725 28 0.073854
2726 28 0.121456
2727 28 0.088433
2728 28 0.176431
2729 28 0.105887
2730 28 0.103053
2731 28 0.063573
2732 28 0.113695
2733 28 0.111330
2734 28 0.080338
2735 28 0.206421
2736 28 0.087614
2737 28 0.068353
2738 28 0.066862
2739 28 0.108667
2740 28 0.073496
2741 28 0.130390
2742 28 0.102650
2743 28 0.079855
2744 28 0.154133
2745 28 0.075117
2746 28 0.090365
2747 28 0.133688
2748 28 0.119646
2749 28 0.116520
2750 28 0.064737
2751 28 0.051341
2752 28 0.086559
2753 28 0.109337
2754 28 0.061972
2755 28 0.113647
2756 28 0.104343
2757 28 0.133190
2758 28 0.105938
2759 28 0.131596
2760 28 0.122097
2761 28 0.107647
2762 28 0.109166
2763 28 0.151205
2764 28 0.079544
2765 28 0.070261
2766 28 0.024510
2767 28 0.094912
2768 28 0.115799
2769 28 0.135599
2770 28 0.106256
2771 28 0.102686
2772 28 0.100006
2773 28 0.137791
2774 28 0.045572
2775 28 0.142486
2776 28 0.130048
2777 28 0.116695
2778 28 0.109200
2779 28 0.225165
2780 28 0.172943
2781 28 0.067912
2782 28 0.152852
2783 28 0.086377
2784 28 0.130029
2785 28 0.058557
2786 28 0.099506
2787 28 0.128864
2788 28 0.092715
2789 28 0.081865
2790 28 0.163586
2791 28 0.052288
2792 28 0.149755
2793 28 0.104624
2794 28 0.117580
2795 28 0.116153
2796 28 0.106633
2797 28 0.139741
2798 28 0.054472
2799 28 0.128970
2800 29 0.076731
2801 29 0.106007
2802 29 0.102920
2803 29 0.091782
2804 29 0.071593
2805 29 0.093050
2806 29 0.086187
2807 29 0.121004
2808 29 0.054743
2809 29 0.111253
2810 29 0.076576
2811 29 0.149735
2812 29 0.108168
2813 29 0.110330
2814 29 0.100895
2815 29 0.121164
2816 29 0.121630
2817 29 0.103384
2818 29 0.144002
2819 29 0.093041
2820 29 0.064813
2821 29 0.113773
2822 29 0.169563
2823 29 0.121888
2824 29 0.095769
2825 29 0.084045
2826 29 0.168489
2827 29 0.128160
2828 29 0.040383
2829 29 0.130575
2830 29 0.064968
2831 29 0.064989
2832 29 0.105770
2833 29 0.077669
2834 29 0.057561
2835 29 0.112981
2836 29 0.083424
2837 29 0.112745
2838 29 0.097691
2839 29 0.078972
2840 29 0.169189
2841 29 0.129546
2842 29 0.085877
2843 29 0.086570
2844 29 0.104428
2845 29 0.073402
2846 29 0.093472
2847 29 0.056981
2848 29 0.053246
2849 29 0.024501
2850 29 0.188289
2851 29 0.116686
2852 29 0.115952
2853 29 0.110613
2854 29 0.076423
2855 29 0.113912
2856 29 0.102858
2857 29 0.107461
2858 29 0.080242
2859 29 0.104391
2860 29 0.094626
2861 29 0.091795
2862 29 0.023465
2863 29 0.098817
2864 29 0.101690
2865 29 0.072552
2866 29 0.115067
2867 29 0.103267
2868 29 0.125611
2869 29 0.046498
2870 29 0.137799
2871 29 0.078575
2872 29 0.106544
2873 29 0.117748
2874 29 0.101062
2875 29 0.148202
2876 29 0.176051
2877 29 0.069344
2878 29 0.112503
2879 29 0.090468
2880 29 0.098051
2881 29 0.093283
2882 29 0.086443
2883 29 0.074191
2884 29 0.109819
2885 29 0.115894
2886 29 0.084053
2887 29 0.123545
2888 29 0.118058
2889 29 0.126804
2890 29 0.088275
2891 29 0.066762
2892 29 0.100011
2893 29 0.043325
2894 29 0.086708
2895 29 0.134304
2896 29 0.153291
2897 29 0.106384
2898 29 0.092549
2899 29 0.177657
2900 30 0.024006
2901 30 0.115429
2902 30 0.127827
2903 30 0.079270
2904 30 0.102333
2905 30 0.073743
2906 30 0.115768
2907 30 0.060563
2908 30 0.089806
2909 30 0.086287
2910 30 0.064613
2911 30 0.100159
2912 30 0.096271
2913 30 0.062233
2914 30 0.109555
2915 30 0.127248
2916 30 0.105715
2917 30 0.125852
2918 30 0.129173
2919 30 0.106473
2920 30 0.115866
2921 30 0.092436
2922 30 0.099831
2923 30 0.133081
2924 30 0.210037
2925 30 0.091992
2926 30 0.120233
2927 30 0.074173
2928 30 0.042620
2929 30 0.091934
2930 30 0.082618
2931 30 0.136480
2932 30 0.111259
2933 30 0.148165
2934 30 0.127084
2935 30 0.186179
2936 30 0.084157
2937 30 0.103569
2938 30 0.098574
2939 30 0.040743
2940 30 0.047706
2941 30 0.069619
2942 30 0.118544
2943 30 0.090410
2944 30 0.106127
2945 30 0.056456
2946 30 0.086843
2947 30 0.216409
2948 30 0.103944
2949 30 0.088658
2950 30 0.128182
2951 30 0.114921
2952 30 0.232739
2953 30 0.089274
2954 30 0.107516
2955 30 0.102326
2956 30 0.089475
2957 30 0.087813
2958 30 0.133079
2959 30 0.055738
2960 30 0.114577
2961 30 0.087857
2962 30 0.075208
2963 30 0.067516
2964 30 0.068303
2965 30 0.102576
2966 30 0.096119
2967 30 0.103355
2968 30 0.098948
2969 30 0.055661
2970 30 0.098071
2971 30 0.121549
2972 30 0.102776
2973 30 0.117335
2974 30 0.176742
2975 30 0.138588
2976 30 0.121102
2977 30 0.104806
2978 30 0.073992
2979 30 0.100582
2980 30 0.085407
2981 30 0.094167
2982 30 0.102756
2983 30 0.082306
2984 30 0.084453
2985 30 0.074990
2986 30 0.076163
2987 30 0.091656
2988 30 0.143305
2989 30 0.101832
2990 30 0.147135
2991 30 0.082056
2992 30 0.081826
2993 30 0.107634
2994 30 0.106194
2995 30 0.089228
2996 30 0.113441
2997 30 0.117714
2998 30 0.081263
2999 30 0.067354
