# Batch convergence for: model=snn-ae encoding=poisson architecture=recurrent v_th=0.5 alpha=0.8 run=1
batch_num epoch batch_loss
0 1 0.105469
1 1 0.295151
2 1 0.489617
3 1 0.371556
4 1 0.904144
5 1 0.412602
6 1 0.415038
7 1 0.265552
8 1 0.214020
9 1 0.240350
10 1 0.304275
11 1 0.539132
12 1 0.392518
13 1 0.354168
14 1 0.332244
15 1 0.355387
16 1 0.246814
17 1 0.457722
18 1 0.270128
19 1 0.226045
20 1 0.256884
21 1 0.027106
22 1 0.249524
23 1 0.259971
24 1 0.255705
25 1 0.487464
26 1 0.285504
27 1 0.303296
28 1 0.231222
29 1 0.482645
30 1 0.347509
31 1 0.157430
32 1 0.360376
33 1 0.212486
34 1 0.267021
35 1 0.216229
36 1 0.171766
37 1 0.237087
38 1 0.166709
39 1 0.235694
40 1 0.298241
41 1 0.267308
42 1 0.191624
43 1 0.328701
44 1 0.263069
45 1 0.098974
46 1 0.121666
47 1 0.325189
48 1 0.266966
49 1 0.345979
50 1 0.090971
51 1 0.378468
52 1 0.334201
53 1 0.068837
54 1 0.969688
55 1 0.241187
56 1 0.385440
57 1 0.140729
58 1 0.186725
59 1 0.273427
60 1 0.198432
61 1 0.421964
62 1 0.349015
63 1 0.267524
64 1 0.256776
65 1 0.147632
66 1 0.065974
67 1 0.778212
68 1 0.144511
69 1 0.120399
70 1 0.270997
71 1 0.111443
72 1 0.048591
73 1 0.344548
74 1 0.327734
75 1 0.275751
76 1 0.237700
77 1 0.299074
78 1 0.181467
79 1 0.227878
80 1 0.953590
81 1 0.290197
82 1 0.353050
83 1 0.297330
84 1 0.222617
85 1 0.361837
86 1 0.180690
87 1 0.392227
88 1 0.363562
89 1 0.322186
90 1 0.163951
91 1 0.340221
92 1 0.056222
93 1 0.144413
94 1 0.174013
95 1 0.323018
96 1 0.187418
97 1 0.192880
98 1 0.136634
99 1 0.232158
100 2 0.179423
101 2 0.145663
102 2 0.191543
103 2 0.202783
104 2 0.227248
105 2 0.186292
106 2 0.279614
107 2 0.173148
108 2 0.120411
109 2 0.242012
110 2 0.150072
111 2 0.037102
112 2 0.286249
113 2 0.865219
114 2 0.216008
115 2 0.265435
116 2 0.135539
117 2 0.199823
118 2 0.058282
119 2 0.160600
120 2 0.268281
121 2 0.169459
122 2 0.058815
123 2 0.168620
124 2 0.106012
125 2 0.298620
126 2 0.233135
127 2 0.218424
128 2 0.224210
129 2 0.267334
130 2 0.247135
131 2 0.217177
132 2 0.274142
133 2 0.308087
134 2 0.273032
135 2 0.179261
136 2 0.226524
137 2 0.150985
138 2 0.353656
139 2 0.388953
140 2 0.140842
141 2 0.367921
142 2 0.457319
143 2 0.167894
144 2 0.178405
145 2 0.325812
146 2 0.270513
147 2 0.247982
148 2 0.203361
149 2 0.271375
150 2 0.088314
151 2 0.155269
152 2 0.170332
153 2 0.125560
154 2 0.216620
155 2 0.029762
156 2 0.666029
157 2 0.167701
158 2 0.205076
159 2 0.213958
160 2 0.236786
161 2 0.190412
162 2 0.171013
163 2 0.382619
164 2 0.172806
165 2 0.187434
166 2 0.110831
167 2 0.217172
168 2 0.289602
169 2 0.265249
170 2 0.219747
171 2 0.610172
172 2 0.378235
173 2 0.227919
174 2 0.282265
175 2 0.288562
176 2 0.183765
177 2 0.120440
178 2 0.159194
179 2 0.210398
180 2 0.251355
181 2 0.281618
182 2 0.144839
183 2 0.296667
184 2 0.364098
185 2 0.026640
186 2 0.281907
187 2 0.255553
188 2 0.262515
189 2 0.261779
190 2 0.265035
191 2 0.244486
192 2 0.210698
193 2 0.321029
194 2 0.672534
195 2 0.236791
196 2 0.266614
197 2 0.113148
198 2 0.136674
199 2 0.131594
200 3 0.239171
201 3 0.312742
202 3 0.162635
203 3 0.264558
204 3 0.029943
205 3 0.243242
206 3 0.366634
207 3 0.034039
208 3 0.655363
209 3 0.177058
210 3 0.308094
211 3 0.137203
212 3 0.174894
213 3 0.394234
214 3 0.226633
215 3 0.181746
216 3 0.328946
217 3 0.279741
218 3 0.579351
219 3 0.046613
220 3 0.294701
221 3 0.193897
222 3 0.198680
223 3 0.167908
224 3 0.337193
225 3 0.357040
226 3 0.097046
227 3 0.237654
228 3 0.272054
229 3 0.176051
230 3 0.255619
231 3 0.121469
232 3 0.196717
233 3 0.214951
234 3 0.262251
235 3 0.108765
236 3 0.206436
237 3 0.323200
238 3 0.401047
239 3 0.366573
240 3 0.240805
241 3 0.283717
242 3 0.224197
243 3 0.289587
244 3 0.283103
245 3 0.238001
246 3 0.332148
247 3 0.214714
248 3 0.169131
249 3 0.175102
250 3 0.218858
251 3 0.277185
252 3 0.499497
253 3 0.251745
254 3 0.258911
255 3 0.114456
256 3 0.214656
257 3 0.137586
258 3 0.305965
259 3 0.125035
260 3 0.310700
261 3 0.226633
262 3 0.412833
263 3 0.152665
264 3 0.222513
265 3 0.306690
266 3 0.212097
267 3 0.214403
268 3 0.202314
269 3 0.286965
270 3 0.135307
271 3 0.163299
272 3 0.131463
273 3 0.397828
274 3 0.175910
275 3 0.258760
276 3 0.027455
277 3 0.054389
278 3 0.249013
279 3 0.204731
280 3 0.229620
281 3 0.116319
282 3 0.253520
283 3 0.118634
284 3 0.483503
285 3 0.218592
286 3 0.294567
287 3 0.181839
288 3 0.078794
289 3 0.126009
290 3 0.189297
291 3 0.346849
292 3 0.188295
293 3 0.197681
294 3 0.168443
295 3 0.079388
296 3 0.189594
297 3 0.350571
298 3 0.212426
299 3 0.361155
300 4 0.232532
301 4 0.234880
302 4 0.186373
303 4 0.254292
304 4 0.184702
305 4 0.279801
306 4 0.118253
307 4 0.380587
308 4 0.261964
309 4 0.236827
310 4 0.209057
311 4 0.142304
312 4 0.148339
313 4 0.162411
314 4 0.221059
315 4 0.177632
316 4 0.034839
317 4 0.194149
318 4 0.190484
319 4 0.162473
320 4 0.271116
321 4 0.132469
322 4 0.168346
323 4 0.340865
324 4 0.241255
325 4 0.295557
326 4 0.218806
327 4 0.263710
328 4 0.039445
329 4 0.102556
330 4 0.198003
331 4 0.184766
332 4 0.224987
333 4 0.202780
334 4 0.275896
335 4 0.123771
336 4 0.234656
337 4 0.249221
338 4 0.078071
339 4 0.173775
340 4 0.150549
341 4 0.151479
342 4 0.214113
343 4 0.030444
344 4 0.430032
345 4 0.257481
346 4 0.179467
347 4 0.465494
348 4 0.101917
349 4 0.243819
350 4 0.272542
351 4 0.199385
352 4 0.263850
353 4 0.172493
354 4 0.037428
355 4 0.151278
356 4 0.282542
357 4 0.300411
358 4 0.221841
359 4 0.027831
360 4 0.046115
361 4 0.267735
362 4 0.382359
363 4 0.245430
364 4 0.247518
365 4 0.303191
366 4 0.212890
367 4 0.123728
368 4 0.154167
369 4 0.109743
370 4 0.078343
371 4 0.067786
372 4 0.132061
373 4 0.136830
374 4 0.206063
375 4 0.110888
376 4 0.121708
377 4 0.172309
378 4 0.163807
379 4 0.277912
380 4 0.174357
381 4 0.132962
382 4 0.360302
383 4 0.476347
384 4 0.229782
385 4 0.208362
386 4 0.261699
387 4 0.335098
388 4 0.240460
389 4 0.215221
390 4 0.276215
391 4 0.263448
392 4 0.220743
393 4 0.298498
394 4 0.296200
395 4 0.377920
396 4 0.165633
397 4 0.339240
398 4 0.286210
399 4 0.223349
400 5 0.274733
401 5 0.301058
402 5 0.113458
403 5 0.139075
404 5 0.191797
405 5 0.182834
406 5 0.199319
407 5 0.398276
408 5 0.156345
409 5 0.308762
410 5 0.373913
411 5 0.367966
412 5 0.133565
413 5 0.027897
414 5 0.129538
415 5 0.293525
416 5 0.037380
417 5 0.221638
418 5 0.141900
419 5 0.171701
420 5 0.214308
421 5 0.039238
422 5 0.263804
423 5 0.077270
424 5 0.333656
425 5 0.182589
426 5 0.172600
427 5 0.158093
428 5 0.181569
429 5 0.164104
430 5 0.329398
431 5 0.209800
432 5 0.310422
433 5 0.126559
434 5 0.148921
435 5 0.131729
436 5 0.177842
437 5 0.205763
438 5 0.052187
439 5 0.222551
440 5 0.363418
441 5 0.128534
442 5 0.196503
443 5 0.139056
444 5 0.167570
445 5 0.080286
446 5 0.209562
447 5 0.259566
448 5 0.233261
449 5 0.230059
450 5 0.276482
451 5 0.354409
452 5 0.224792
453 5 0.045192
454 5 0.204883
455 5 0.175861
456 5 0.156668
457 5 0.227751
458 5 0.253028
459 5 0.169377
460 5 0.212623
461 5 0.134004
462 5 0.297547
463 5 0.155495
464 5 0.244968
465 5 0.194635
466 5 0.182039
467 5 0.156602
468 5 0.160270
469 5 0.207726
470 5 0.234906
471 5 0.189769
472 5 0.060898
473 5 0.235750
474 5 0.117889
475 5 0.326603
476 5 0.237920
477 5 0.170371
478 5 0.137390
479 5 0.131279
480 5 0.132228
481 5 0.269324
482 5 0.181292
483 5 0.166537
484 5 0.054112
485 5 0.218847
486 5 0.255148
487 5 0.267688
488 5 0.229459
489 5 0.173342
490 5 0.153839
491 5 0.195267
492 5 0.365586
493 5 0.232862
494 5 0.215164
495 5 0.190308
496 5 0.283702
497 5 0.212091
498 5 0.133127
499 5 0.133866
500 6 0.143996
501 6 0.107178
502 6 0.158305
503 6 0.189054
504 6 0.384304
505 6 0.246905
506 6 0.030439
507 6 0.260404
508 6 0.289473
509 6 0.194889
510 6 0.132896
511 6 0.135265
512 6 0.213712
513 6 0.196699
514 6 0.302182
515 6 0.285338
516 6 0.166113
517 6 0.105643
518 6 0.142131
519 6 0.237403
520 6 0.275096
521 6 0.276475
522 6 0.240356
523 6 0.199568
524 6 0.186206
525 6 0.223212
526 6 0.167981
527 6 0.242645
528 6 0.090293
529 6 0.285360
530 6 0.251503
531 6 0.191448
532 6 0.214821
533 6 0.204736
534 6 0.212664
535 6 0.129586
536 6 0.233349
537 6 0.199762
538 6 0.235804
539 6 0.182106
540 6 0.272845
541 6 0.239216
542 6 0.142524
543 6 0.097033
544 6 0.206636
545 6 0.234774
546 6 0.167203
547 6 0.219610
548 6 0.251978
549 6 0.224359
550 6 0.244345
551 6 0.080620
552 6 0.150546
553 6 0.073182
554 6 0.159521
555 6 0.200076
556 6 0.172004
557 6 0.233458
558 6 0.251008
559 6 0.044839
560 6 0.140398
561 6 0.119857
562 6 0.080312
563 6 0.170234
564 6 0.038341
565 6 0.100431
566 6 0.180394
567 6 0.269700
568 6 0.229345
569 6 0.170906
570 6 0.036570
571 6 0.213365
572 6 0.123169
573 6 0.098446
574 6 0.266619
575 6 0.175936
576 6 0.058571
577 6 0.239552
578 6 0.136261
579 6 0.094920
580 6 0.183862
581 6 0.314942
582 6 0.170635
583 6 0.117876
584 6 0.261385
585 6 0.112203
586 6 0.221952
587 6 0.274848
588 6 0.159885
589 6 0.345646
590 6 0.268511
591 6 0.169093
592 6 0.132421
593 6 0.195395
594 6 0.263354
595 6 0.302963
596 6 0.156754
597 6 0.130818
598 6 0.199849
599 6 0.286286
600 7 0.156518
601 7 0.292610
602 7 0.136610
603 7 0.283375
604 7 0.030257
605 7 0.163004
606 7 0.210908
607 7 0.205003
608 7 0.228503
609 7 0.177846
610 7 0.290592
611 7 0.248023
612 7 0.309010
613 7 0.218788
614 7 0.218113
615 7 0.239645
616 7 0.161102
617 7 0.053294
618 7 0.157388
619 7 0.140969
620 7 0.038028
621 7 0.116389
622 7 0.090681
623 7 0.124196
624 7 0.098800
625 7 0.135816
626 7 0.288032
627 7 0.262375
628 7 0.147017
629 7 0.178406
630 7 0.277805
631 7 0.142477
632 7 0.140535
633 7 0.233627
634 7 0.177822
635 7 0.192969
636 7 0.047459
637 7 0.147973
638 7 0.175570
639 7 0.233734
640 7 0.178031
641 7 0.225086
642 7 0.221491
643 7 0.161891
644 7 0.282976
645 7 0.173647
646 7 0.183176
647 7 0.212299
648 7 0.361514
649 7 0.054756
650 7 0.140220
651 7 0.320656
652 7 0.280905
653 7 0.281784
654 7 0.148433
655 7 0.242679
656 7 0.110310
657 7 0.129578
658 7 0.235070
659 7 0.195287
660 7 0.095105
661 7 0.209139
662 7 0.190113
663 7 0.208754
664 7 0.233366
665 7 0.264804
666 7 0.216036
667 7 0.185866
668 7 0.159109
669 7 0.206935
670 7 0.217295
671 7 0.153716
672 7 0.307258
673 7 0.255530
674 7 0.207742
675 7 0.250709
676 7 0.262158
677 7 0.217530
678 7 0.152387
679 7 0.311295
680 7 0.197733
681 7 0.097732
682 7 0.133388
683 7 0.355897
684 7 0.256836
685 7 0.187335
686 7 0.322301
687 7 0.214261
688 7 0.035044
689 7 0.159259
690 7 0.231075
691 7 0.241589
692 7 0.069337
693 7 0.043979
694 7 0.138790
695 7 0.254124
696 7 0.104828
697 7 0.148340
698 7 0.133214
699 7 0.226909
700 8 0.276032
701 8 0.131482
702 8 0.202080
703 8 0.290657
704 8 0.162525
705 8 0.120213
706 8 0.076309
707 8 0.213697
708 8 0.232522
709 8 0.145372
710 8 0.242899
711 8 0.376125
712 8 0.101897
713 8 0.126203
714 8 0.196813
715 8 0.314496
716 8 0.168394
717 8 0.253620
718 8 0.261854
719 8 0.287443
720 8 0.138480
721 8 0.252415
722 8 0.169308
723 8 0.097220
724 8 0.205725
725 8 0.139444
726 8 0.213465
727 8 0.174237
728 8 0.185252
729 8 0.165238
730 8 0.113650
731 8 0.161129
732 8 0.191081
733 8 0.202197
734 8 0.202004
735 8 0.132299
736 8 0.247539
737 8 0.233637
738 8 0.103678
739 8 0.216277
740 8 0.177213
741 8 0.247575
742 8 0.167291
743 8 0.265527
744 8 0.242865
745 8 0.127778
746 8 0.043421
747 8 0.234169
748 8 0.145494
749 8 0.148825
750 8 0.149107
751 8 0.252703
752 8 0.179622
753 8 0.114435
754 8 0.237084
755 8 0.243118
756 8 0.182805
757 8 0.192887
758 8 0.121752
759 8 0.122074
760 8 0.156682
761 8 0.223565
762 8 0.199197
763 8 0.176666
764 8 0.237720
765 8 0.186673
766 8 0.175532
767 8 0.252586
768 8 0.252848
769 8 0.027516
770 8 0.140829
771 8 0.179726
772 8 0.120065
773 8 0.274096
774 8 0.157233
775 8 0.149991
776 8 0.138626
777 8 0.206245
778 8 0.173706
779 8 0.034452
780 8 0.241735
781 8 0.187856
782 8 0.115286
783 8 0.035740
784 8 0.052364
785 8 0.197809
786 8 0.242051
787 8 0.100480
788 8 0.213521
789 8 0.029529
790 8 0.163590
791 8 0.169280
792 8 0.228256
793 8 0.286668
794 8 0.252711
795 8 0.132587
796 8 0.136873
797 8 0.152176
798 8 0.150259
799 8 0.212375
800 9 0.195653
801 9 0.183195
802 9 0.180204
803 9 0.121647
804 9 0.312218
805 9 0.164204
806 9 0.140350
807 9 0.136622
808 9 0.243741
809 9 0.165230
810 9 0.225962
811 9 0.180597
812 9 0.280859
813 9 0.134558
814 9 0.154528
815 9 0.189375
816 9 0.208476
817 9 0.159964
818 9 0.157570
819 9 0.179699
820 9 0.157176
821 9 0.250072
822 9 0.181330
823 9 0.257130
824 9 0.149036
825 9 0.155209
826 9 0.233491
827 9 0.132841
828 9 0.362261
829 9 0.228220
830 9 0.029359
831 9 0.257591
832 9 0.172214
833 9 0.144156
834 9 0.219763
835 9 0.027373
836 9 0.177371
837 9 0.198600
838 9 0.231742
839 9 0.186919
840 9 0.254139
841 9 0.282351
842 9 0.240858
843 9 0.100870
844 9 0.199148
845 9 0.051476
846 9 0.162672
847 9 0.246795
848 9 0.036764
849 9 0.164992
850 9 0.162741
851 9 0.236323
852 9 0.102959
853 9 0.247426
854 9 0.176582
855 9 0.147964
856 9 0.136400
857 9 0.097611
858 9 0.184777
859 9 0.199630
860 9 0.252237
861 9 0.102362
862 9 0.137273
863 9 0.145378
864 9 0.042434
865 9 0.137671
866 9 0.232511
867 9 0.148482
868 9 0.223126
869 9 0.144403
870 9 0.096620
871 9 0.143804
872 9 0.116966
873 9 0.225201
874 9 0.238594
875 9 0.260514
876 9 0.034194
877 9 0.075044
878 9 0.259513
879 9 0.213119
880 9 0.130591
881 9 0.234017
882 9 0.189231
883 9 0.120048
884 9 0.272155
885 9 0.147772
886 9 0.035207
887 9 0.301576
888 9 0.139749
889 9 0.199300
890 9 0.209535
891 9 0.206575
892 9 0.151127
893 9 0.102132
894 9 0.130484
895 9 0.301613
896 9 0.053578
897 9 0.120817
898 9 0.102964
899 9 0.216815
900 10 0.148309
901 10 0.034188
902 10 0.242909
903 10 0.226033
904 10 0.212483
905 10 0.240074
906 10 0.119684
907 10 0.157421
908 10 0.176215
909 10 0.243698
910 10 0.129012
911 10 0.223690
912 10 0.242481
913 10 0.080525
914 10 0.074901
915 10 0.191668
916 10 0.158343
917 10 0.235889
918 10 0.313680
919 10 0.178102
920 10 0.116165
921 10 0.222501
922 10 0.096565
923 10 0.199625
924 10 0.234760
925 10 0.120821
926 10 0.168008
927 10 0.220303
928 10 0.184215
929 10 0.121488
930 10 0.248583
931 10 0.193119
932 10 0.276621
933 10 0.173379
934 10 0.172205
935 10 0.159243
936 10 0.241987
937 10 0.163308
938 10 0.168276
939 10 0.129395
940 10 0.211339
941 10 0.179825
942 10 0.246058
943 10 0.029335
944 10 0.130067
945 10 0.197921
946 10 0.227276
947 10 0.213338
948 10 0.035218
949 10 0.153540
950 10 0.186615
951 10 0.188622
952 10 0.182327
953 10 0.140337
954 10 0.184228
955 10 0.218825
956 10 0.238750
957 10 0.138517
958 10 0.198357
959 10 0.173866
960 10 0.170283
961 10 0.175312
962 10 0.131003
963 10 0.215763
964 10 0.064058
965 10 0.154438
966 10 0.142583
967 10 0.182635
968 10 0.193192
969 10 0.192015
970 10 0.042397
971 10 0.133708
972 10 0.132553
973 10 0.062930
974 10 0.243036
975 10 0.126299
976 10 0.199642
977 10 0.162090
978 10 0.097287
979 10 0.239963
980 10 0.280888
981 10 0.169195
982 10 0.053282
983 10 0.027448
984 10 0.143665
985 10 0.102182
986 10 0.139248
987 10 0.182723
988 10 0.199496
989 10 0.185973
990 10 0.138835
991 10 0.236651
992 10 0.173176
993 10 0.129812
994 10 0.257106
995 10 0.190019
996 10 0.130547
997 10 0.260047
998 10 0.169857
999 10 0.208052
1000 11 0.159302
1001 11 0.175907
1002 11 0.139342
1003 11 0.259575
1004 11 0.223075
1005 11 0.207782
1006 11 0.034884
1007 11 0.239127
1008 11 0.185742
1009 11 0.129690
1010 11 0.175184
1011 11 0.161136
1012 11 0.238747
1013 11 0.138939
1014 11 0.117519
1015 11 0.147983
1016 11 0.185105
1017 11 0.036266
1018 11 0.275078
1019 11 0.198324
1020 11 0.140273
1021 11 0.247644
1022 11 0.150233
1023 11 0.119147
1024 11 0.184389
1025 11 0.232121
1026 11 0.119681
1027 11 0.177093
1028 11 0.293883
1029 11 0.203749
1030 11 0.259335
1031 11 0.167474
1032 11 0.176344
1033 11 0.296417
1034 11 0.052808
1035 11 0.110403
1036 11 0.216199
1037 11 0.028668
1038 11 0.053344
1039 11 0.123428
1040 11 0.100523
1041 11 0.267532
1042 11 0.212395
1043 11 0.160614
1044 11 0.135958
1045 11 0.177837
1046 11 0.142152
1047 11 0.191941
1048 11 0.301547
1049 11 0.133725
1050 11 0.041360
1051 11 0.182396
1052 11 0.160629
1053 11 0.114658
1054 11 0.256387
1055 11 0.148997
1056 11 0.201646
1057 11 0.235933
1058 11 0.264058
1059 11 0.229186
1060 11 0.194435
1061 11 0.095736
1062 11 0.224647
1063 11 0.250771
1064 11 0.161398
1065 11 0.261753
1066 11 0.157556
1067 11 0.135792
1068 11 0.123969
1069 11 0.073820
1070 11 0.027178
1071 11 0.247432
1072 11 0.167174
1073 11 0.101752
1074 11 0.251867
1075 11 0.146506
1076 11 0.119396
1077 11 0.200130
1078 11 0.136437
1079 11 0.187396
1080 11 0.151481
1081 11 0.066627
1082 11 0.129925
1083 11 0.232251
1084 11 0.162607
1085 11 0.250017
1086 11 0.184193
1087 11 0.129230
1088 11 0.097178
1089 11 0.253762
1090 11 0.119634
1091 11 0.196630
1092 11 0.205186
1093 11 0.163163
1094 11 0.246988
1095 11 0.173918
1096 11 0.208966
1097 11 0.081142
1098 11 0.102263
1099 11 0.152525
1100 12 0.216431
1101 12 0.197281
1102 12 0.153594
1103 12 0.184741
1104 12 0.159840
1105 12 0.139260
1106 12 0.143234
1107 12 0.151907
1108 12 0.182075
1109 12 0.119243
1110 12 0.095624
1111 12 0.170930
1112 12 0.113922
1113 12 0.129318
1114 12 0.221151
1115 12 0.218798
1116 12 0.034570
1117 12 0.207424
1118 12 0.197237
1119 12 0.113300
1120 12 0.138010
1121 12 0.143425
1122 12 0.184339
1123 12 0.166070
1124 12 0.066168
1125 12 0.146699
1126 12 0.173880
1127 12 0.080775
1128 12 0.283623
1129 12 0.130332
1130 12 0.165410
1131 12 0.190472
1132 12 0.191415
1133 12 0.198730
1134 12 0.206649
1135 12 0.173197
1136 12 0.143483
1137 12 0.052671
1138 12 0.240391
1139 12 0.196297
1140 12 0.232322
1141 12 0.219561
1142 12 0.187739
1143 12 0.200827
1144 12 0.164476
1145 12 0.200880
1146 12 0.260519
1147 12 0.220018
1148 12 0.034258
1149 12 0.265113
1150 12 0.266410
1151 12 0.259936
1152 12 0.075565
1153 12 0.073984
1154 12 0.128774
1155 12 0.130511
1156 12 0.127452
1157 12 0.171338
1158 12 0.068443
1159 12 0.226188
1160 12 0.101226
1161 12 0.191682
1162 12 0.182969
1163 12 0.286548
1164 12 0.169533
1165 12 0.157080
1166 12 0.160414
1167 12 0.147470
1168 12 0.135894
1169 12 0.095268
1170 12 0.233285
1171 12 0.214092
1172 12 0.173887
1173 12 0.027561
1174 12 0.140506
1175 12 0.101301
1176 12 0.103993
1177 12 0.194302
1178 12 0.146617
1179 12 0.243822
1180 12 0.202423
1181 12 0.162871
1182 12 0.277425
1183 12 0.132507
1184 12 0.181394
1185 12 0.249683
1186 12 0.036047
1187 12 0.128323
1188 12 0.206535
1189 12 0.174833
1190 12 0.142819
1191 12 0.241082
1192 12 0.169203
1193 12 0.131549
1194 12 0.283695
1195 12 0.174026
1196 12 0.212717
1197 12 0.163152
1198 12 0.228969
1199 12 0.180737
1200 13 0.052386
1201 13 0.090468
1202 13 0.209034
1203 13 0.119441
1204 13 0.221727
1205 13 0.184273
1206 13 0.223376
1207 13 0.201539
1208 13 0.216963
1209 13 0.234072
1210 13 0.171561
1211 13 0.179294
1212 13 0.259647
1213 13 0.100626
1214 13 0.138472
1215 13 0.136688
1216 13 0.240153
1217 13 0.206532
1218 13 0.150558
1219 13 0.104826
1220 13 0.192083
1221 13 0.123881
1222 13 0.160904
1223 13 0.152416
1224 13 0.267496
1225 13 0.040988
1226 13 0.173030
1227 13 0.110517
1228 13 0.188181
1229 13 0.127387
1230 13 0.187763
1231 13 0.027284
1232 13 0.137475
1233 13 0.130557
1234 13 0.150879
1235 13 0.187538
1236 13 0.181171
1237 13 0.160648
1238 13 0.155270
1239 13 0.128092
1240 13 0.155023
1241 13 0.202346
1242 13 0.107528
1243 13 0.167023
1244 13 0.147909
1245 13 0.047389
1246 13 0.119839
1247 13 0.135078
1248 13 0.166920
1249 13 0.049729
1250 13 0.321651
1251 13 0.222065
1252 13 0.145186
1253 13 0.060674
1254 13 0.134232
1255 13 0.151887
1256 13 0.172215
1257 13 0.202279
1258 13 0.259583
1259 13 0.244606
1260 13 0.137303
1261 13 0.152232
1262 13 0.217507
1263 13 0.238723
1264 13 0.203128
1265 13 0.246622
1266 13 0.142042
1267 13 0.145875
1268 13 0.174462
1269 13 0.186459
1270 13 0.220754
1271 13 0.205560
1272 13 0.129916
1273 13 0.158319
1274 13 0.192213
1275 13 0.225018
1276 13 0.179979
1277 13 0.239715
1278 13 0.224870
1279 13 0.192893
1280 13 0.161013
1281 13 0.130995
1282 13 0.176818
1283 13 0.164477
1284 13 0.120862
1285 13 0.175914
1286 13 0.119169
1287 13 0.131132
1288 13 0.159831
1289 13 0.247091
1290 13 0.208252
1291 13 0.128456
1292 13 0.121400
1293 13 0.190048
1294 13 0.171448
1295 13 0.181307
1296 13 0.153413
1297 13 0.160552
1298 13 0.028704
1299 13 0.035702
1300 14 0.151925
1301 14 0.191573
1302 14 0.243162
1303 14 0.205848
1304 14 0.141165
1305 14 0.213139
1306 14 0.110012
1307 14 0.034073
1308 14 0.196832
1309 14 0.202843
1310 14 0.186714
1311 14 0.180886
1312 14 0.126737
1313 14 0.132447
1314 14 0.168843
1315 14 0.137365
1316 14 0.233389
1317 14 0.182902
1318 14 0.250261
1319 14 0.027515
1320 14 0.052388
1321 14 0.139921
1322 14 0.034094
1323 14 0.206867
1324 14 0.040874
1325 14 0.126600
1326 14 0.131987
1327 14 0.144367
1328 14 0.196460
1329 14 0.138474
1330 14 0.164193
1331 14 0.175833
1332 14 0.196850
1333 14 0.204465
1334 14 0.121404
1335 14 0.203585
1336 14 0.211576
1337 14 0.176831
1338 14 0.137126
1339 14 0.173365
1340 14 0.214173
1341 14 0.045983
1342 14 0.119533
1343 14 0.125532
1344 14 0.157257
1345 14 0.229637
1346 14 0.215849
1347 14 0.176023
1348 14 0.218813
1349 14 0.150278
1350 14 0.287544
1351 14 0.187163
1352 14 0.145920
1353 14 0.092736
1354 14 0.192247
1355 14 0.266028
1356 14 0.223279
1357 14 0.137698
1358 14 0.217810
1359 14 0.214153
1360 14 0.171965
1361 14 0.168820
1362 14 0.135076
1363 14 0.175885
1364 14 0.103850
1365 14 0.143128
1366 14 0.175591
1367 14 0.127851
1368 14 0.141193
1369 14 0.161030
1370 14 0.198876
1371 14 0.208400
1372 14 0.120891
1373 14 0.101824
1374 14 0.224682
1375 14 0.073326
1376 14 0.223353
1377 14 0.118706
1378 14 0.158945
1379 14 0.210827
1380 14 0.173336
1381 14 0.190214
1382 14 0.164228
1383 14 0.162452
1384 14 0.160746
1385 14 0.243816
1386 14 0.237386
1387 14 0.120702
1388 14 0.232293
1389 14 0.226668
1390 14 0.104733
1391 14 0.138166
1392 14 0.028464
1393 14 0.167339
1394 14 0.164482
1395 14 0.214006
1396 14 0.250080
1397 14 0.049427
1398 14 0.166267
1399 14 0.120098
1400 15 0.193235
1401 15 0.153161
1402 15 0.127106
1403 15 0.263586
1404 15 0.130032
1405 15 0.201856
1406 15 0.201851
1407 15 0.213588
1408 15 0.227444
1409 15 0.236810
1410 15 0.147221
1411 15 0.154114
1412 15 0.199703
1413 15 0.208205
1414 15 0.121353
1415 15 0.202048
1416 15 0.224186
1417 15 0.123955
1418 15 0.027415
1419 15 0.169879
1420 15 0.223582
1421 15 0.111000
1422 15 0.136973
1423 15 0.153980
1424 15 0.140815
1425 15 0.264081
1426 15 0.158231
1427 15 0.033692
1428 15 0.094165
1429 15 0.138734
1430 15 0.136044
1431 15 0.125237
1432 15 0.160215
1433 15 0.040591
1434 15 0.120226
1435 15 0.178332
1436 15 0.183103
1437 15 0.099566
1438 15 0.145362
1439 15 0.181595
1440 15 0.110132
1441 15 0.072985
1442 15 0.153917
1443 15 0.199396
1444 15 0.096790
1445 15 0.201960
1446 15 0.136511
1447 15 0.223393
1448 15 0.177265
1449 15 0.081621
1450 15 0.279809
1451 15 0.138850
1452 15 0.157010
1453 15 0.190336
1454 15 0.127978
1455 15 0.204194
1456 15 0.113224
1457 15 0.035149
1458 15 0.033772
1459 15 0.204755
1460 15 0.130210
1461 15 0.094235
1462 15 0.128243
1463 15 0.028198
1464 15 0.158235
1465 15 0.194385
1466 15 0.188438
1467 15 0.181595
1468 15 0.097553
1469 15 0.133606
1470 15 0.190407
1471 15 0.122547
1472 15 0.201620
1473 15 0.249658
1474 15 0.147068
1475 15 0.224306
1476 15 0.185520
1477 15 0.142783
1478 15 0.201092
1479 15 0.207155
1480 15 0.262328
1481 15 0.051944
1482 15 0.146172
1483 15 0.147446
1484 15 0.173981
1485 15 0.244547
1486 15 0.259142
1487 15 0.175071
1488 15 0.048852
1489 15 0.180483
1490 15 0.173135
1491 15 0.127848
1492 15 0.228210
1493 15 0.230153
1494 15 0.159020
1495 15 0.205124
1496 15 0.118500
1497 15 0.169667
1498 15 0.176891
1499 15 0.150782
1500 16 0.214827
1501 16 0.120136
1502 16 0.227169
1503 16 0.109971
1504 16 0.159141
1505 16 0.131103
1506 16 0.028050
1507 16 0.099512
1508 16 0.179123
1509 16 0.139629
1510 16 0.211436
1511 16 0.188107
1512 16 0.097093
1513 16 0.180506
1514 16 0.125577
1515 16 0.224806
1516 16 0.219983
1517 16 0.195536
1518 16 0.169139
1519 16 0.196368
1520 16 0.159678
1521 16 0.278499
1522 16 0.148204
1523 16 0.175204
1524 16 0.198233
1525 16 0.097556
1526 16 0.175116
1527 16 0.207982
1528 16 0.165695
1529 16 0.148792
1530 16 0.145046
1531 16 0.142674
1532 16 0.051808
1533 16 0.033845
1534 16 0.084647
1535 16 0.160913
1536 16 0.196552
1537 16 0.126069
1538 16 0.048979
1539 16 0.134730
1540 16 0.190673
1541 16 0.210098
1542 16 0.266802
1543 16 0.154996
1544 16 0.165285
1545 16 0.102165
1546 16 0.158746
1547 16 0.237651
1548 16 0.187924
1549 16 0.175899
1550 16 0.170844
1551 16 0.197316
1552 16 0.078842
1553 16 0.130952
1554 16 0.128645
1555 16 0.132798
1556 16 0.206692
1557 16 0.035180
1558 16 0.135699
1559 16 0.169019
1560 16 0.213484
1561 16 0.195032
1562 16 0.115937
1563 16 0.190553
1564 16 0.115463
1565 16 0.134340
1566 16 0.165181
1567 16 0.155988
1568 16 0.160633
1569 16 0.269680
1570 16 0.204077
1571 16 0.218168
1572 16 0.152541
1573 16 0.117812
1574 16 0.027461
1575 16 0.208670
1576 16 0.157689
1577 16 0.093957
1578 16 0.197057
1579 16 0.133884
1580 16 0.172722
1581 16 0.111099
1582 16 0.178777
1583 16 0.033797
1584 16 0.206067
1585 16 0.125925
1586 16 0.169838
1587 16 0.185594
1588 16 0.231309
1589 16 0.137808
1590 16 0.148165
1591 16 0.040008
1592 16 0.127831
1593 16 0.134378
1594 16 0.129831
1595 16 0.341764
1596 16 0.221462
1597 16 0.153594
1598 16 0.165690
1599 16 0.197413
1600 17 0.034759
1601 17 0.197030
1602 17 0.152192
1603 17 0.147326
1604 17 0.124532
1605 17 0.184622
1606 17 0.123545
1607 17 0.148720
1608 17 0.235599
1609 17 0.177797
1610 17 0.164877
1611 17 0.183029
1612 17 0.210256
1613 17 0.161958
1614 17 0.099768
1615 17 0.027431
1616 17 0.125215
1617 17 0.290810
1618 17 0.136876
1619 17 0.093569
1620 17 0.251263
1621 17 0.124719
1622 17 0.234539
1623 17 0.165465
1624 17 0.163744
1625 17 0.176401
1626 17 0.338966
1627 17 0.126650
1628 17 0.132512
1629 17 0.122359
1630 17 0.072482
1631 17 0.208539
1632 17 0.126984
1633 17 0.186032
1634 17 0.108224
1635 17 0.180069
1636 17 0.166587
1637 17 0.192404
1638 17 0.194405
1639 17 0.153931
1640 17 0.147250
1641 17 0.233465
1642 17 0.153072
1643 17 0.124396
1644 17 0.200122
1645 17 0.127810
1646 17 0.166762
1647 17 0.210654
1648 17 0.238818
1649 17 0.186812
1650 17 0.102814
1651 17 0.143384
1652 17 0.217871
1653 17 0.201612
1654 17 0.186766
1655 17 0.170182
1656 17 0.027905
1657 17 0.142387
1658 17 0.178330
1659 17 0.179347
1660 17 0.259241
1661 17 0.140175
1662 17 0.170250
1663 17 0.135593
1664 17 0.184920
1665 17 0.039761
1666 17 0.048319
1667 17 0.211937
1668 17 0.177219
1669 17 0.189325
1670 17 0.068693
1671 17 0.033598
1672 17 0.093608
1673 17 0.128432
1674 17 0.193845
1675 17 0.181305
1676 17 0.188627
1677 17 0.228333
1678 17 0.143720
1679 17 0.235642
1680 17 0.229015
1681 17 0.132446
1682 17 0.157334
1683 17 0.169623
1684 17 0.172415
1685 17 0.183531
1686 17 0.122992
1687 17 0.217592
1688 17 0.183350
1689 17 0.124989
1690 17 0.199422
1691 17 0.206342
1692 17 0.139084
1693 17 0.033161
1694 17 0.134712
1695 17 0.124455
1696 17 0.097308
1697 17 0.169425
1698 17 0.137585
1699 17 0.122941
1700 18 0.167096
1701 18 0.126971
1702 18 0.220770
1703 18 0.148485
1704 18 0.120880
1705 18 0.237243
1706 18 0.140722
1707 18 0.151873
1708 18 0.093330
1709 18 0.164416
1710 18 0.121258
1711 18 0.147890
1712 18 0.127334
1713 18 0.146580
1714 18 0.159414
1715 18 0.190491
1716 18 0.194534
1717 18 0.186064
1718 18 0.097639
1719 18 0.138638
1720 18 0.033511
1721 18 0.165779
1722 18 0.211010
1723 18 0.198419
1724 18 0.161964
1725 18 0.169061
1726 18 0.122763
1727 18 0.116038
1728 18 0.193560
1729 18 0.117118
1730 18 0.205646
1731 18 0.168961
1732 18 0.187016
1733 18 0.192556
1734 18 0.193435
1735 18 0.034526
1736 18 0.139932
1737 18 0.189983
1738 18 0.048187
1739 18 0.150770
1740 18 0.229187
1741 18 0.082047
1742 18 0.027209
1743 18 0.159917
1744 18 0.182147
1745 18 0.206064
1746 18 0.098150
1747 18 0.128315
1748 18 0.280067
1749 18 0.232910
1750 18 0.187007
1751 18 0.120233
1752 18 0.193895
1753 18 0.197095
1754 18 0.105290
1755 18 0.136753
1756 18 0.192457
1757 18 0.213478
1758 18 0.226864
1759 18 0.148314
1760 18 0.129159
1761 18 0.050933
1762 18 0.156823
1763 18 0.172092
1764 18 0.184411
1765 18 0.172571
1766 18 0.217026
1767 18 0.135085
1768 18 0.121235
1769 18 0.168323
1770 18 0.186228
1771 18 0.170409
1772 18 0.208976
1773 18 0.027504
1774 18 0.131155
1775 18 0.131740
1776 18 0.243460
1777 18 0.098935
1778 18 0.200286
1779 18 0.188343
1780 18 0.276879
1781 18 0.125466
1782 18 0.120030
1783 18 0.170792
1784 18 0.154954
1785 18 0.131789
1786 18 0.132339
1787 18 0.129912
1788 18 0.199105
1789 18 0.196563
1790 18 0.213487
1791 18 0.161323
1792 18 0.152879
1793 18 0.032960
1794 18 0.166182
1795 18 0.072168
1796 18 0.064506
1797 18 0.140920
1798 18 0.177079
1799 18 0.147834
1800 19 0.221858
1801 19 0.212011
1802 19 0.121316
1803 19 0.191629
1804 19 0.164992
1805 19 0.189397
1806 19 0.167214
1807 19 0.160999
1808 19 0.097773
1809 19 0.223986
1810 19 0.119028
1811 19 0.072035
1812 19 0.171151
1813 19 0.135138
1814 19 0.137831
1815 19 0.188571
1816 19 0.175669
1817 19 0.169538
1818 19 0.156689
1819 19 0.124224
1820 19 0.354335
1821 19 0.209330
1822 19 0.117394
1823 19 0.027524
1824 19 0.146010
1825 19 0.143819
1826 19 0.093218
1827 19 0.227633
1828 19 0.125471
1829 19 0.196945
1830 19 0.162513
1831 19 0.138140
1832 19 0.147052
1833 19 0.193018
1834 19 0.170667
1835 19 0.027299
1836 19 0.134608
1837 19 0.129104
1838 19 0.107111
1839 19 0.150577
1840 19 0.145258
1841 19 0.174408
1842 19 0.206788
1843 19 0.220300
1844 19 0.047872
1845 19 0.181561
1846 19 0.167002
1847 19 0.082229
1848 19 0.135740
1849 19 0.181362
1850 19 0.103364
1851 19 0.039205
1852 19 0.102873
1853 19 0.148258
1854 19 0.182041
1855 19 0.129758
1856 19 0.203130
1857 19 0.180702
1858 19 0.159728
1859 19 0.119485
1860 19 0.183993
1861 19 0.033412
1862 19 0.173506
1863 19 0.162212
1864 19 0.124471
1865 19 0.178562
1866 19 0.222245
1867 19 0.171340
1868 19 0.254254
1869 19 0.209290
1870 19 0.135628
1871 19 0.234914
1872 19 0.180488
1873 19 0.201110
1874 19 0.209803
1875 19 0.134652
1876 19 0.213607
1877 19 0.100917
1878 19 0.139955
1879 19 0.105243
1880 19 0.131175
1881 19 0.122107
1882 19 0.032927
1883 19 0.109156
1884 19 0.139249
1885 19 0.155981
1886 19 0.206397
1887 19 0.129957
1888 19 0.136597
1889 19 0.110041
1890 19 0.199765
1891 19 0.196849
1892 19 0.181232
1893 19 0.192739
1894 19 0.209788
1895 19 0.127333
1896 19 0.126817
1897 19 0.216506
1898 19 0.057527
1899 19 0.051000
1900 20 0.090507
1901 20 0.136846
1902 20 0.159144
1903 20 0.098438
1904 20 0.120500
1905 20 0.211187
1906 20 0.141688
1907 20 0.093134
1908 20 0.166657
1909 20 0.180542
1910 20 0.134989
1911 20 0.119977
1912 20 0.135307
1913 20 0.190189
1914 20 0.113513
1915 20 0.189738
1916 20 0.115997
1917 20 0.152181
1918 20 0.187896
1919 20 0.032727
1920 20 0.177866
1921 20 0.137793
1922 20 0.189949
1923 20 0.183131
1924 20 0.264299
1925 20 0.196698
1926 20 0.221466
1927 20 0.174594
1928 20 0.124513
1929 20 0.119171
1930 20 0.276704
1931 20 0.204067
1932 20 0.175789
1933 20 0.166937
1934 20 0.224664
1935 20 0.200610
1936 20 0.152407
1937 20 0.027359
1938 20 0.214090
1939 20 0.133275
1940 20 0.150982
1941 20 0.172866
1942 20 0.074653
1943 20 0.150528
1944 20 0.034054
1945 20 0.047542
1946 20 0.170301
1947 20 0.155152
1948 20 0.186040
1949 20 0.169441
1950 20 0.126378
1951 20 0.162109
1952 20 0.170993
1953 20 0.132267
1954 20 0.092661
1955 20 0.141151
1956 20 0.103467
1957 20 0.151832
1958 20 0.149158
1959 20 0.159460
1960 20 0.145529
1961 20 0.027014
1962 20 0.173817
1963 20 0.046151
1964 20 0.199652
1965 20 0.151171
1966 20 0.142765
1967 20 0.150651
1968 20 0.137900
1969 20 0.191748
1970 20 0.161568
1971 20 0.207462
1972 20 0.166012
1973 20 0.192186
1974 20 0.098098
1975 20 0.213223
1976 20 0.203179
1977 20 0.188265
1978 20 0.208324
1979 20 0.117904
1980 20 0.194206
1981 20 0.155305
1982 20 0.118683
1983 20 0.140261
1984 20 0.033132
1985 20 0.124097
1986 20 0.156398
1987 20 0.050841
1988 20 0.194836
1989 20 0.266442
1990 20 0.141377
1991 20 0.204234
1992 20 0.214085
1993 20 0.138479
1994 20 0.193570
1995 20 0.160425
1996 20 0.183131
1997 20 0.097910
1998 20 0.197736
1999 20 0.140158
2000 21 0.189720
2001 21 0.157614
2002 21 0.122545
2003 21 0.141131
2004 21 0.129027
2005 21 0.123552
2006 21 0.168771
2007 21 0.168307
2008 21 0.158624
2009 21 0.143518
2010 21 0.194352
2011 21 0.164468
2012 21 0.195402
2013 21 0.143083
2014 21 0.212357
2015 21 0.098253
2016 21 0.050487
2017 21 0.119827
2018 21 0.270876
2019 21 0.192943
2020 21 0.196326
2021 21 0.111326
2022 21 0.187420
2023 21 0.149842
2024 21 0.204167
2025 21 0.168617
2026 21 0.129940
2027 21 0.153407
2028 21 0.131805
2029 21 0.129138
2030 21 0.092231
2031 21 0.099184
2032 21 0.122050
2033 21 0.150446
2034 21 0.150638
2035 21 0.144646
2036 21 0.180236
2037 21 0.027062
2038 21 0.219444
2039 21 0.075450
2040 21 0.157059
2041 21 0.128287
2042 21 0.160703
2043 21 0.172297
2044 21 0.119568
2045 21 0.199403
2046 21 0.199869
2047 21 0.161005
2048 21 0.196653
2049 21 0.222276
2050 21 0.092355
2051 21 0.032473
2052 21 0.130322
2053 21 0.189434
2054 21 0.186640
2055 21 0.168136
2056 21 0.195539
2057 21 0.140534
2058 21 0.038423
2059 21 0.124954
2060 21 0.122601
2061 21 0.047102
2062 21 0.093066
2063 21 0.134118
2064 21 0.231356
2065 21 0.181716
2066 21 0.205800
2067 21 0.230460
2068 21 0.175270
2069 21 0.187578
2070 21 0.093123
2071 21 0.176872
2072 21 0.146415
2073 21 0.098476
2074 21 0.194271
2075 21 0.206792
2076 21 0.186611
2077 21 0.166611
2078 21 0.184553
2079 21 0.219419
2080 21 0.115121
2081 21 0.170119
2082 21 0.156535
2083 21 0.121384
2084 21 0.026927
2085 21 0.033003
2086 21 0.170561
2087 21 0.140672
2088 21 0.189789
2089 21 0.184349
2090 21 0.033429
2091 21 0.120300
2092 21 0.232653
2093 21 0.251569
2094 21 0.153355
2095 21 0.145927
2096 21 0.132403
2097 21 0.144969
2098 21 0.133377
2099 21 0.151853
2100 22 0.140087
2101 22 0.179299
2102 22 0.117287
2103 22 0.234761
2104 22 0.153624
2105 22 0.159578
2106 22 0.180965
2107 22 0.211393
2108 22 0.130070
2109 22 0.026748
2110 22 0.219107
2111 22 0.192885
2112 22 0.046845
2113 22 0.216801
2114 22 0.038166
2115 22 0.174287
2116 22 0.215529
2117 22 0.092633
2118 22 0.123159
2119 22 0.131283
2120 22 0.153868
2121 22 0.146780
2122 22 0.140377
2123 22 0.130197
2124 22 0.164956
2125 22 0.151539
2126 22 0.219330
2127 22 0.149720
2128 22 0.194855
2129 22 0.138991
2130 22 0.155829
2131 22 0.146142
2132 22 0.158745
2133 22 0.173637
2134 22 0.141517
2135 22 0.181127
2136 22 0.265160
2137 22 0.129787
2138 22 0.147469
2139 22 0.188935
2140 22 0.159109
2141 22 0.121947
2142 22 0.191203
2143 22 0.171130
2144 22 0.120939
2145 22 0.158299
2146 22 0.143150
2147 22 0.168029
2148 22 0.241870
2149 22 0.172330
2150 22 0.141096
2151 22 0.151267
2152 22 0.123167
2153 22 0.091043
2154 22 0.162399
2155 22 0.031975
2156 22 0.032821
2157 22 0.221296
2158 22 0.145226
2159 22 0.161246
2160 22 0.159576
2161 22 0.084844
2162 22 0.109348
2163 22 0.110207
2164 22 0.190865
2165 22 0.160426
2166 22 0.157650
2167 22 0.050428
2168 22 0.153485
2169 22 0.158567
2170 22 0.226584
2171 22 0.240402
2172 22 0.186573
2173 22 0.185854
2174 22 0.135353
2175 22 0.117771
2176 22 0.240757
2177 22 0.026877
2178 22 0.104185
2179 22 0.160565
2180 22 0.182499
2181 22 0.140889
2182 22 0.133092
2183 22 0.171331
2184 22 0.098283
2185 22 0.199558
2186 22 0.111337
2187 22 0.218607
2188 22 0.186156
2189 22 0.144381
2190 22 0.149178
2191 22 0.124994
2192 22 0.071247
2193 22 0.142223
2194 22 0.033167
2195 22 0.127240
2196 22 0.175906
2197 22 0.132985
2198 22 0.119925
2199 22 0.122491
2200 23 0.184427
2201 23 0.138814
2202 23 0.164270
2203 23 0.209683
2204 23 0.216864
2205 23 0.168749
2206 23 0.119895
2207 23 0.046534
2208 23 0.141798
2209 23 0.120787
2210 23 0.119779
2211 23 0.050249
2212 23 0.170560
2213 23 0.200105
2214 23 0.185094
2215 23 0.122904
2216 23 0.245748
2217 23 0.185789
2218 23 0.192004
2219 23 0.167857
2220 23 0.142566
2221 23 0.172051
2222 23 0.216086
2223 23 0.115843
2224 23 0.162759
2225 23 0.169243
2226 23 0.142082
2227 23 0.115170
2228 23 0.160961
2229 23 0.026770
2230 23 0.128357
2231 23 0.124622
2232 23 0.169999
2233 23 0.147993
2234 23 0.153454
2235 23 0.184376
2236 23 0.122416
2237 23 0.132851
2238 23 0.147509
2239 23 0.123539
2240 23 0.097149
2241 23 0.152707
2242 23 0.143994
2243 23 0.119510
2244 23 0.115736
2245 23 0.129550
2246 23 0.175512
2247 23 0.203441
2248 23 0.196141
2249 23 0.033280
2250 23 0.188266
2251 23 0.141438
2252 23 0.179658
2253 23 0.166065
2254 23 0.132361
2255 23 0.134916
2256 23 0.094743
2257 23 0.075482
2258 23 0.091593
2259 23 0.232204
2260 23 0.147756
2261 23 0.086332
2262 23 0.126987
2263 23 0.125786
2264 23 0.119200
2265 23 0.193003
2266 23 0.097692
2267 23 0.198617
2268 23 0.139420
2269 23 0.125382
2270 23 0.100711
2271 23 0.137294
2272 23 0.181966
2273 23 0.122949
2274 23 0.151336
2275 23 0.137184
2276 23 0.179234
2277 23 0.328432
2278 23 0.148858
2279 23 0.109220
2280 23 0.153880
2281 23 0.032252
2282 23 0.153855
2283 23 0.178457
2284 23 0.187348
2285 23 0.168090
2286 23 0.033031
2287 23 0.207635
2288 23 0.185223
2289 23 0.179062
2290 23 0.184987
2291 23 0.150166
2292 23 0.165501
2293 23 0.098218
2294 23 0.198046
2295 23 0.038126
2296 23 0.150077
2297 23 0.027061
2298 23 0.135670
2299 23 0.179957
