# Batch convergence for: model=snn-ae encoding=latency architecture=recurrent v_th=1 alpha=0.9 run=3
batch_num epoch batch_loss
0 1 0.677297
1 1 1.010442
2 1 0.977565
3 1 0.735479
4 1 1.153106
5 1 0.739931
6 1 0.727619
7 1 0.580910
8 1 0.580724
9 1 0.751791
10 1 0.699466
11 1 0.626320
12 1 0.705792
13 1 0.612029
14 1 0.566078
15 1 0.541668
16 1 0.557538
17 1 0.629650
18 1 0.521852
19 1 0.481702
20 1 0.633806
21 1 0.064803
22 1 0.538670
23 1 0.449871
24 1 0.465024
25 1 0.482206
26 1 0.543391
27 1 0.586069
28 1 0.465251
29 1 0.500024
30 1 0.389325
31 1 0.560245
32 1 0.522083
33 1 0.431845
34 1 0.438438
35 1 0.448707
36 1 0.573407
37 1 0.453436
38 1 0.615635
39 1 0.436349
40 1 0.537787
41 1 0.402264
42 1 0.481023
43 1 0.402315
44 1 0.471094
45 1 0.389263
46 1 0.472786
47 1 0.466152
48 1 0.512855
49 1 0.553730
50 1 0.094796
51 1 0.533153
52 1 0.480104
53 1 0.116044
54 1 0.739465
55 1 0.438928
56 1 0.400550
57 1 0.493801
58 1 0.390674
59 1 0.554014
60 1 0.607319
61 1 0.508265
62 1 0.494668
63 1 0.541723
64 1 0.334506
65 1 0.348920
66 1 0.026258
67 1 0.557146
68 1 0.408652
69 1 0.455127
70 1 0.361186
71 1 0.391357
72 1 0.029851
73 1 0.522900
74 1 0.459616
75 1 0.477665
76 1 0.372236
77 1 0.499310
78 1 0.405965
79 1 0.371630
80 1 0.708710
81 1 0.381160
82 1 0.455556
83 1 0.527026
84 1 0.468091
85 1 0.464333
86 1 0.397256
87 1 0.552853
88 1 0.410399
89 1 0.429217
90 1 0.314110
91 1 0.487769
92 1 0.252478
93 1 0.429548
94 1 0.436524
95 1 0.468624
96 1 0.429031
97 1 0.314268
98 1 0.413154
99 1 0.362526
100 2 0.347460
101 2 0.350977
102 2 0.479864
103 2 0.344765
104 2 0.429708
105 2 0.357892
106 2 0.363648
107 2 0.405996
108 2 0.396204
109 2 0.366698
110 2 0.359432
111 2 0.187044
112 2 0.309297
113 2 0.642340
114 2 0.383818
115 2 0.377363
116 2 0.283332
117 2 0.348316
118 2 0.237708
119 2 0.297847
120 2 0.368093
121 2 0.384759
122 2 0.323190
123 2 0.377889
124 2 0.297717
125 2 0.427378
126 2 0.366110
127 2 0.414182
128 2 0.423926
129 2 0.386191
130 2 0.303802
131 2 0.291277
132 2 0.406062
133 2 0.274049
134 2 0.341259
135 2 0.397482
136 2 0.366255
137 2 0.304563
138 2 0.425365
139 2 0.339922
140 2 0.373715
141 2 0.432739
142 2 0.371718
143 2 0.263899
144 2 0.274214
145 2 0.385381
146 2 0.361094
147 2 0.290470
148 2 0.432755
149 2 0.312319
150 2 0.256385
151 2 0.263623
152 2 0.313116
153 2 0.291848
154 2 0.319639
155 2 0.119769
156 2 0.327774
157 2 0.313689
158 2 0.298592
159 2 0.275985
160 2 0.322960
161 2 0.285846
162 2 0.300262
163 2 0.328365
164 2 0.318126
165 2 0.273855
166 2 0.091569
167 2 0.272058
168 2 0.359448
169 2 0.333737
170 2 0.288624
171 2 0.261556
172 2 0.375756
173 2 0.302399
174 2 0.275591
175 2 0.288098
176 2 0.247850
177 2 0.199046
178 2 0.227906
179 2 0.277829
180 2 0.275816
181 2 0.289578
182 2 0.330707
183 2 0.371204
184 2 0.325735
185 2 0.060400
186 2 0.298238
187 2 0.328969
188 2 0.256812
189 2 0.331603
190 2 0.280829
191 2 0.230932
192 2 0.280795
193 2 0.296503
194 2 0.493414
195 2 0.230117
196 2 0.265163
197 2 0.221144
198 2 0.241039
199 2 0.223995
200 3 0.254351
201 3 0.235326
202 3 0.208984
203 3 0.247375
204 3 0.027269
205 3 0.287822
206 3 0.254524
207 3 0.240704
208 3 0.387350
209 3 0.311246
210 3 0.247839
211 3 0.280301
212 3 0.242522
213 3 0.265147
214 3 0.282564
215 3 0.285808
216 3 0.263112
217 3 0.213419
218 3 0.444267
219 3 0.031174
220 3 0.267076
221 3 0.211976
222 3 0.179474
223 3 0.290628
224 3 0.273808
225 3 0.289028
226 3 0.329103
227 3 0.208960
228 3 0.319516
229 3 0.214459
230 3 0.262110
231 3 0.107136
232 3 0.144689
233 3 0.230597
234 3 0.215635
235 3 0.248696
236 3 0.256378
237 3 0.269680
238 3 0.225099
239 3 0.281129
240 3 0.232338
241 3 0.249751
242 3 0.238865
243 3 0.270321
244 3 0.259279
245 3 0.246053
246 3 0.233196
247 3 0.229391
248 3 0.306118
249 3 0.201885
250 3 0.231621
251 3 0.282610
252 3 0.256240
253 3 0.268922
254 3 0.208893
255 3 0.184073
256 3 0.203685
257 3 0.226426
258 3 0.238817
259 3 0.221176
260 3 0.256610
261 3 0.183191
262 3 0.271711
263 3 0.256007
264 3 0.198425
265 3 0.228961
266 3 0.215342
267 3 0.229065
268 3 0.241606
269 3 0.280982
270 3 0.220152
271 3 0.221631
272 3 0.210581
273 3 0.286932
274 3 0.222378
275 3 0.185155
276 3 0.096901
277 3 0.173660
278 3 0.252563
279 3 0.235946
280 3 0.212089
281 3 0.201990
282 3 0.218060
283 3 0.229430
284 3 0.248162
285 3 0.213457
286 3 0.327677
287 3 0.225679
288 3 0.225499
289 3 0.250009
290 3 0.233380
291 3 0.260754
292 3 0.194420
293 3 0.224794
294 3 0.283583
295 3 0.229808
296 3 0.251510
297 3 0.262773
298 3 0.275715
299 3 0.338862
300 4 0.225525
301 4 0.210821
302 4 0.194094
303 4 0.175078
304 4 0.209462
305 4 0.277437
306 4 0.217756
307 4 0.220983
308 4 0.281926
309 4 0.260697
310 4 0.204132
311 4 0.220146
312 4 0.171742
313 4 0.172619
314 4 0.183566
315 4 0.239553
316 4 0.156908
317 4 0.213390
318 4 0.202539
319 4 0.207281
320 4 0.288430
321 4 0.253213
322 4 0.196734
323 4 0.224543
324 4 0.246075
325 4 0.236331
326 4 0.219157
327 4 0.293913
328 4 0.106252
329 4 0.145253
330 4 0.264771
331 4 0.260860
332 4 0.222861
333 4 0.208650
334 4 0.205444
335 4 0.200214
336 4 0.212956
337 4 0.198017
338 4 0.192389
339 4 0.185622
340 4 0.239928
341 4 0.213991
342 4 0.198979
343 4 0.027118
344 4 0.252783
345 4 0.283557
346 4 0.171038
347 4 0.246379
348 4 0.144036
349 4 0.171243
350 4 0.279003
351 4 0.176204
352 4 0.276049
353 4 0.207952
354 4 0.125411
355 4 0.188212
356 4 0.186063
357 4 0.270570
358 4 0.286373
359 4 0.125274
360 4 0.099425
361 4 0.209329
362 4 0.247600
363 4 0.216678
364 4 0.231898
365 4 0.301604
366 4 0.186002
367 4 0.162219
368 4 0.172069
369 4 0.196126
370 4 0.221793
371 4 0.193118
372 4 0.208214
373 4 0.212358
374 4 0.225419
375 4 0.181935
376 4 0.192287
377 4 0.223199
378 4 0.215997
379 4 0.195337
380 4 0.217884
381 4 0.162646
382 4 0.319855
383 4 0.431581
384 4 0.262977
385 4 0.253753
386 4 0.260831
387 4 0.258585
388 4 0.245761
389 4 0.163455
390 4 0.167317
391 4 0.240537
392 4 0.220482
393 4 0.241327
394 4 0.221085
395 4 0.388689
396 4 0.253801
397 4 0.260921
398 4 0.249184
399 4 0.190464
400 5 0.227160
401 5 0.224507
402 5 0.182503
403 5 0.168849
404 5 0.189927
405 5 0.252862
406 5 0.201935
407 5 0.226124
408 5 0.189319
409 5 0.258777
410 5 0.248905
411 5 0.361747
412 5 0.217724
413 5 0.059506
414 5 0.180239
415 5 0.216181
416 5 0.102342
417 5 0.161880
418 5 0.179440
419 5 0.182511
420 5 0.261329
421 5 0.119389
422 5 0.176165
423 5 0.161136
424 5 0.166227
425 5 0.209501
426 5 0.218692
427 5 0.205713
428 5 0.209399
429 5 0.184205
430 5 0.188773
431 5 0.230798
432 5 0.199298
433 5 0.165203
434 5 0.185553
435 5 0.151880
436 5 0.141493
437 5 0.183766
438 5 0.026846
439 5 0.187378
440 5 0.271634
441 5 0.171639
442 5 0.220135
443 5 0.176315
444 5 0.237019
445 5 0.144730
446 5 0.216338
447 5 0.268942
448 5 0.206165
449 5 0.195044
450 5 0.226981
451 5 0.287782
452 5 0.163887
453 5 0.030685
454 5 0.206090
455 5 0.173710
456 5 0.224317
457 5 0.180902
458 5 0.262092
459 5 0.246292
460 5 0.201830
461 5 0.181503
462 5 0.206232
463 5 0.208804
464 5 0.244057
465 5 0.202991
466 5 0.233518
467 5 0.202307
468 5 0.217798
469 5 0.210016
470 5 0.227010
471 5 0.216654
472 5 0.164841
473 5 0.226068
474 5 0.188876
475 5 0.213860
476 5 0.180465
477 5 0.180740
478 5 0.208754
479 5 0.153646
480 5 0.197916
481 5 0.373736
482 5 0.257991
483 5 0.184490
484 5 0.194885
485 5 0.160362
486 5 0.225934
487 5 0.268870
488 5 0.166966
489 5 0.218603
490 5 0.174915
491 5 0.188487
492 5 0.230305
493 5 0.211501
494 5 0.218841
495 5 0.180958
496 5 0.193998
497 5 0.181014
498 5 0.174208
499 5 0.157411
500 6 0.192523
501 6 0.097814
502 6 0.182928
503 6 0.150610
504 6 0.293035
505 6 0.168713
506 6 0.026610
507 6 0.209067
508 6 0.204388
509 6 0.225383
510 6 0.163006
511 6 0.217417
512 6 0.157055
513 6 0.149625
514 6 0.183175
515 6 0.198933
516 6 0.169100
517 6 0.182012
518 6 0.145436
519 6 0.179628
520 6 0.206862
521 6 0.177037
522 6 0.173796
523 6 0.182566
524 6 0.189959
525 6 0.273461
526 6 0.169250
527 6 0.202486
528 6 0.145481
529 6 0.195241
530 6 0.227109
531 6 0.169825
532 6 0.191899
533 6 0.189902
534 6 0.154856
535 6 0.159854
536 6 0.203857
537 6 0.189749
538 6 0.232403
539 6 0.203179
540 6 0.184600
541 6 0.160751
542 6 0.163334
543 6 0.176888
544 6 0.189647
545 6 0.253313
546 6 0.184013
547 6 0.152568
548 6 0.146120
549 6 0.204912
550 6 0.199166
551 6 0.179234
552 6 0.151758
553 6 0.189217
554 6 0.160006
555 6 0.219870
556 6 0.196402
557 6 0.165467
558 6 0.193805
559 6 0.030508
560 6 0.194421
561 6 0.160354
562 6 0.129832
563 6 0.148483
564 6 0.103873
565 6 0.137893
566 6 0.195285
567 6 0.225312
568 6 0.270019
569 6 0.154539
570 6 0.084757
571 6 0.217420
572 6 0.164564
573 6 0.205050
574 6 0.191927
575 6 0.242530
576 6 0.147483
577 6 0.192884
578 6 0.203145
579 6 0.182685
580 6 0.206421
581 6 0.385655
582 6 0.201984
583 6 0.143975
584 6 0.245338
585 6 0.157452
586 6 0.190456
587 6 0.183486
588 6 0.180707
589 6 0.211758
590 6 0.375828
591 6 0.184787
592 6 0.185444
593 6 0.182561
594 6 0.234752
595 6 0.208827
596 6 0.198608
597 6 0.225597
598 6 0.175205
599 6 0.204663
600 7 0.201223
601 7 0.228744
602 7 0.170826
603 7 0.200458
604 7 0.026404
605 7 0.167319
606 7 0.187331
607 7 0.230113
608 7 0.262693
609 7 0.206421
610 7 0.173125
611 7 0.202758
612 7 0.209576
613 7 0.202850
614 7 0.159150
615 7 0.215684
616 7 0.168560
617 7 0.174320
618 7 0.171073
619 7 0.153416
620 7 0.102587
621 7 0.142375
622 7 0.142613
623 7 0.199189
624 7 0.143063
625 7 0.164109
626 7 0.182338
627 7 0.176024
628 7 0.158267
629 7 0.195753
630 7 0.242329
631 7 0.165330
632 7 0.243785
633 7 0.194526
634 7 0.173554
635 7 0.182391
636 7 0.057794
637 7 0.174012
638 7 0.200579
639 7 0.179663
640 7 0.157933
641 7 0.186626
642 7 0.178402
643 7 0.168652
644 7 0.142558
645 7 0.182476
646 7 0.193112
647 7 0.179252
648 7 0.182081
649 7 0.083385
650 7 0.151465
651 7 0.211781
652 7 0.231808
653 7 0.167945
654 7 0.190388
655 7 0.221822
656 7 0.166971
657 7 0.160392
658 7 0.170294
659 7 0.211412
660 7 0.201968
661 7 0.168827
662 7 0.163618
663 7 0.114815
664 7 0.194526
665 7 0.178078
666 7 0.148880
667 7 0.185138
668 7 0.150749
669 7 0.210735
670 7 0.181647
671 7 0.168258
672 7 0.367422
673 7 0.371049
674 7 0.171611
675 7 0.231143
676 7 0.217511
677 7 0.133521
678 7 0.156342
679 7 0.142760
680 7 0.169168
681 7 0.133928
682 7 0.170181
683 7 0.224694
684 7 0.161086
685 7 0.156328
686 7 0.206964
687 7 0.133688
688 7 0.159351
689 7 0.155606
690 7 0.184931
691 7 0.177233
692 7 0.234328
693 7 0.115401
694 7 0.154364
695 7 0.179162
696 7 0.157775
697 7 0.166273
698 7 0.117555
699 7 0.189152
700 8 0.222571
701 8 0.157778
702 8 0.163426
703 8 0.183477
704 8 0.223187
705 8 0.187626
706 8 0.160280
707 8 0.195396
708 8 0.128790
709 8 0.189300
710 8 0.186568
711 8 0.233519
712 8 0.136439
713 8 0.133374
714 8 0.188956
715 8 0.226195
716 8 0.366567
717 8 0.230380
718 8 0.202859
719 8 0.208264
720 8 0.143273
721 8 0.178493
722 8 0.148322
723 8 0.154049
724 8 0.154932
725 8 0.187267
726 8 0.193165
727 8 0.151659
728 8 0.160284
729 8 0.174243
730 8 0.123760
731 8 0.142040
732 8 0.201927
733 8 0.145292
734 8 0.191131
735 8 0.152187
736 8 0.160893
737 8 0.133978
738 8 0.142381
739 8 0.157174
740 8 0.148977
741 8 0.191679
742 8 0.193523
743 8 0.161669
744 8 0.154545
745 8 0.174091
746 8 0.029823
747 8 0.180058
748 8 0.130922
749 8 0.164931
750 8 0.140786
751 8 0.187249
752 8 0.159912
753 8 0.137180
754 8 0.201193
755 8 0.195962
756 8 0.203156
757 8 0.197570
758 8 0.134757
759 8 0.162544
760 8 0.185582
761 8 0.173923
762 8 0.182875
763 8 0.152503
764 8 0.159888
765 8 0.199731
766 8 0.157093
767 8 0.214416
768 8 0.199388
769 8 0.057158
770 8 0.150274
771 8 0.146951
772 8 0.189010
773 8 0.223844
774 8 0.178511
775 8 0.143405
776 8 0.206128
777 8 0.160040
778 8 0.141531
779 8 0.122305
780 8 0.221505
781 8 0.148402
782 8 0.201512
783 8 0.127792
784 8 0.107499
785 8 0.159453
786 8 0.184823
787 8 0.119334
788 8 0.151616
789 8 0.025972
790 8 0.183264
791 8 0.159407
792 8 0.204485
793 8 0.372322
794 8 0.201496
795 8 0.150161
796 8 0.185773
797 8 0.126065
798 8 0.205625
799 8 0.168377
800 9 0.164074
801 9 0.165427
802 9 0.137881
803 9 0.149318
804 9 0.187419
805 9 0.131985
806 9 0.174500
807 9 0.188922
808 9 0.146458
809 9 0.171044
810 9 0.182579
811 9 0.178869
812 9 0.206683
813 9 0.149603
814 9 0.157517
815 9 0.163424
816 9 0.188597
817 9 0.124839
818 9 0.344091
819 9 0.142002
820 9 0.148902
821 9 0.162498
822 9 0.172415
823 9 0.195197
824 9 0.161045
825 9 0.174593
826 9 0.171551
827 9 0.156659
828 9 0.219446
829 9 0.176750
830 9 0.037029
831 9 0.182701
832 9 0.149589
833 9 0.162584
834 9 0.181580
835 9 0.071322
836 9 0.158454
837 9 0.203168
838 9 0.147751
839 9 0.144277
840 9 0.179681
841 9 0.197000
842 9 0.193490
843 9 0.144390
844 9 0.241965
845 9 0.192067
846 9 0.171246
847 9 0.182845
848 9 0.100351
849 9 0.169872
850 9 0.161887
851 9 0.191173
852 9 0.152572
853 9 0.185925
854 9 0.161580
855 9 0.161849
856 9 0.115135
857 9 0.167198
858 9 0.139991
859 9 0.164289
860 9 0.189879
861 9 0.160893
862 9 0.127656
863 9 0.172321
864 9 0.029291
865 9 0.178037
866 9 0.179307
867 9 0.100494
868 9 0.155355
869 9 0.162047
870 9 0.164129
871 9 0.133091
872 9 0.186381
873 9 0.176802
874 9 0.196166
875 9 0.208531
876 9 0.168537
877 9 0.139104
878 9 0.214790
879 9 0.182882
880 9 0.178098
881 9 0.153538
882 9 0.178482
883 9 0.147583
884 9 0.165344
885 9 0.160897
886 9 0.081446
887 9 0.168059
888 9 0.233206
889 9 0.167250
890 9 0.213644
891 9 0.358268
892 9 0.217891
893 9 0.184562
894 9 0.138541
895 9 0.198624
896 9 0.199569
897 9 0.127510
898 9 0.142961
899 9 0.214025
900 10 0.158586
901 10 0.127156
902 10 0.153988
903 10 0.146363
904 10 0.157236
905 10 0.201442
906 10 0.142621
907 10 0.134989
908 10 0.136145
909 10 0.146426
910 10 0.132073
911 10 0.183254
912 10 0.199014
913 10 0.113733
914 10 0.134959
915 10 0.154384
916 10 0.137774
917 10 0.167130
918 10 0.202671
919 10 0.137702
920 10 0.127076
921 10 0.204071
922 10 0.151185
923 10 0.166339
924 10 0.182727
925 10 0.182561
926 10 0.175470
927 10 0.183967
928 10 0.202700
929 10 0.149342
930 10 0.172664
931 10 0.137755
932 10 0.223618
933 10 0.142633
934 10 0.183374
935 10 0.175508
936 10 0.157814
937 10 0.191915
938 10 0.165185
939 10 0.181042
940 10 0.179961
941 10 0.159175
942 10 0.189037
943 10 0.025697
944 10 0.161827
945 10 0.203762
946 10 0.193303
947 10 0.177458
948 10 0.091061
949 10 0.101153
950 10 0.153562
951 10 0.215922
952 10 0.164702
953 10 0.163836
954 10 0.189451
955 10 0.350864
956 10 0.192743
957 10 0.124580
958 10 0.125311
959 10 0.163027
960 10 0.138034
961 10 0.167533
962 10 0.149070
963 10 0.152632
964 10 0.167355
965 10 0.144674
966 10 0.150453
967 10 0.174771
968 10 0.149945
969 10 0.148365
970 10 0.029065
971 10 0.171418
972 10 0.127941
973 10 0.098718
974 10 0.184456
975 10 0.163072
976 10 0.163429
977 10 0.148479
978 10 0.115490
979 10 0.191923
980 10 0.187991
981 10 0.135556
982 10 0.208700
983 10 0.110033
984 10 0.185509
985 10 0.129354
986 10 0.150573
987 10 0.165949
988 10 0.181703
989 10 0.156115
990 10 0.159587
991 10 0.164111
992 10 0.179490
993 10 0.166958
994 10 0.186618
995 10 0.185104
996 10 0.152655
997 10 0.210926
998 10 0.399035
999 10 0.186903
1000 11 0.355895
1001 11 0.131036
1002 11 0.148906
1003 11 0.149523
1004 11 0.142762
1005 11 0.185410
1006 11 0.088935
1007 11 0.175116
1008 11 0.164250
1009 11 0.154142
1010 11 0.169364
1011 11 0.166888
1012 11 0.136404
1013 11 0.315616
1014 11 0.137915
1015 11 0.154475
1016 11 0.168635
1017 11 0.099020
1018 11 0.212693
1019 11 0.129473
1020 11 0.160230
1021 11 0.180971
1022 11 0.144016
1023 11 0.145618
1024 11 0.149674
1025 11 0.163589
1026 11 0.137153
1027 11 0.176427
1028 11 0.194316
1029 11 0.140021
1030 11 0.184755
1031 11 0.164058
1032 11 0.169166
1033 11 0.180973
1034 11 0.196591
1035 11 0.169823
1036 11 0.146196
1037 11 0.025360
1038 11 0.163241
1039 11 0.133457
1040 11 0.191398
1041 11 0.178269
1042 11 0.169203
1043 11 0.132556
1044 11 0.154985
1045 11 0.139829
1046 11 0.148609
1047 11 0.142940
1048 11 0.162216
1049 11 0.140926
1050 11 0.028685
1051 11 0.150471
1052 11 0.140470
1053 11 0.286461
1054 11 0.178866
1055 11 0.150662
1056 11 0.163752
1057 11 0.161332
1058 11 0.225962
1059 11 0.156133
1060 11 0.190304
1061 11 0.130363
1062 11 0.182201
1063 11 0.183241
1064 11 0.165000
1065 11 0.194142
1066 11 0.145128
1067 11 0.142215
1068 11 0.157494
1069 11 0.139545
1070 11 0.065349
1071 11 0.194814
1072 11 0.198236
1073 11 0.141163
1074 11 0.158496
1075 11 0.140653
1076 11 0.147362
1077 11 0.180749
1078 11 0.157853
1079 11 0.170652
1080 11 0.196816
1081 11 0.164659
1082 11 0.146203
1083 11 0.210367
1084 11 0.161879
1085 11 0.196327
1086 11 0.172819
1087 11 0.141357
1088 11 0.158560
1089 11 0.187704
1090 11 0.129910
1091 11 0.165581
1092 11 0.141919
1093 11 0.199195
1094 11 0.170045
1095 11 0.190308
1096 11 0.173785
1097 11 0.128052
1098 11 0.114070
1099 11 0.165541
1100 12 0.136649
1101 12 0.193838
1102 12 0.160071
1103 12 0.219724
1104 12 0.144851
1105 12 0.144775
1106 12 0.149726
1107 12 0.120541
1108 12 0.182404
1109 12 0.157958
1110 12 0.129922
1111 12 0.162512
1112 12 0.156535
1113 12 0.152662
1114 12 0.199156
1115 12 0.187155
1116 12 0.101009
1117 12 0.183574
1118 12 0.181137
1119 12 0.172860
1120 12 0.190868
1121 12 0.107591
1122 12 0.166355
1123 12 0.167492
1124 12 0.182530
1125 12 0.186790
1126 12 0.176748
1127 12 0.117681
1128 12 0.211053
1129 12 0.119840
1130 12 0.182882
1131 12 0.140823
1132 12 0.147114
1133 12 0.166127
1134 12 0.211936
1135 12 0.181617
1136 12 0.157609
1137 12 0.158277
1138 12 0.197213
1139 12 0.154344
1140 12 0.152298
1141 12 0.129134
1142 12 0.149633
1143 12 0.170035
1144 12 0.146395
1145 12 0.151226
1146 12 0.233268
1147 12 0.167023
1148 12 0.135604
1149 12 0.193947
1150 12 0.206248
1151 12 0.184028
1152 12 0.025234
1153 12 0.111507
1154 12 0.133156
1155 12 0.142626
1156 12 0.170221
1157 12 0.145790
1158 12 0.028531
1159 12 0.170325
1160 12 0.157683
1161 12 0.169298
1162 12 0.141227
1163 12 0.221093
1164 12 0.184366
1165 12 0.169614
1166 12 0.140584
1167 12 0.319025
1168 12 0.137253
1169 12 0.134548
1170 12 0.156076
1171 12 0.149733
1172 12 0.246221
1173 12 0.134237
1174 12 0.172283
1175 12 0.136502
1176 12 0.131327
1177 12 0.174001
1178 12 0.136814
1179 12 0.185796
1180 12 0.161906
1181 12 0.143496
1182 12 0.159664
1183 12 0.133431
1184 12 0.344976
1185 12 0.169454
1186 12 0.096162
1187 12 0.147366
1188 12 0.217053
1189 12 0.146141
1190 12 0.132894
1191 12 0.187295
1192 12 0.159193
1193 12 0.154906
1194 12 0.144128
1195 12 0.156796
1196 12 0.129805
1197 12 0.140481
1198 12 0.147375
1199 12 0.156081
1200 13 0.157003
1201 13 0.112971
1202 13 0.177866
1203 13 0.134209
1204 13 0.172862
1205 13 0.216072
1206 13 0.185359
1207 13 0.148035
1208 13 0.180785
1209 13 0.209453
1210 13 0.151476
1211 13 0.154868
1212 13 0.184080
1213 13 0.138866
1214 13 0.146823
1215 13 0.146026
1216 13 0.167616
1217 13 0.154585
1218 13 0.147359
1219 13 0.130785
1220 13 0.158376
1221 13 0.148615
1222 13 0.176314
1223 13 0.177587
1224 13 0.205672
1225 13 0.028153
1226 13 0.140030
1227 13 0.221180
1228 13 0.166815
1229 13 0.126036
1230 13 0.215373
1231 13 0.137271
1232 13 0.127279
1233 13 0.140375
1234 13 0.209550
1235 13 0.185163
1236 13 0.165183
1237 13 0.142175
1238 13 0.161412
1239 13 0.139789
1240 13 0.106901
1241 13 0.149094
1242 13 0.134660
1243 13 0.141555
1244 13 0.161699
1245 13 0.077562
1246 13 0.143805
1247 13 0.157582
1248 13 0.153651
1249 13 0.165683
1250 13 0.199645
1251 13 0.157934
1252 13 0.163284
1253 13 0.157914
1254 13 0.156469
1255 13 0.145673
1256 13 0.139270
1257 13 0.184985
1258 13 0.186862
1259 13 0.218903
1260 13 0.146698
1261 13 0.146991
1262 13 0.170226
1263 13 0.202730
1264 13 0.150983
1265 13 0.186332
1266 13 0.135372
1267 13 0.130594
1268 13 0.156020
1269 13 0.166423
1270 13 0.142900
1271 13 0.150174
1272 13 0.142819
1273 13 0.137633
1274 13 0.143269
1275 13 0.182880
1276 13 0.198289
1277 13 0.183227
1278 13 0.212798
1279 13 0.161947
1280 13 0.150867
1281 13 0.121869
1282 13 0.166766
1283 13 0.162352
1284 13 0.109127
1285 13 0.150435
1286 13 0.137841
1287 13 0.136967
1288 13 0.139292
1289 13 0.176341
1290 13 0.157234
1291 13 0.191121
1292 13 0.122057
1293 13 0.148007
1294 13 0.356730
1295 13 0.332070
1296 13 0.161285
1297 13 0.169645
1298 13 0.024877
1299 13 0.106240
1300 14 0.164825
1301 14 0.334201
1302 14 0.168718
1303 14 0.192614
1304 14 0.151763
1305 14 0.142645
1306 14 0.167533
1307 14 0.125489
1308 14 0.188044
1309 14 0.152256
1310 14 0.181934
1311 14 0.190126
1312 14 0.125690
1313 14 0.128410
1314 14 0.159184
1315 14 0.190925
1316 14 0.181847
1317 14 0.133118
1318 14 0.219936
1319 14 0.069747
1320 14 0.186951
1321 14 0.146523
1322 14 0.076710
1323 14 0.144096
1324 14 0.027748
1325 14 0.174356
1326 14 0.154094
1327 14 0.138177
1328 14 0.182570
1329 14 0.152895
1330 14 0.189294
1331 14 0.158395
1332 14 0.143803
1333 14 0.183575
1334 14 0.145439
1335 14 0.264414
1336 14 0.174838
1337 14 0.167484
1338 14 0.157892
1339 14 0.190182
1340 14 0.163213
1341 14 0.093806
1342 14 0.126657
1343 14 0.308127
1344 14 0.199695
1345 14 0.190241
1346 14 0.149253
1347 14 0.108359
1348 14 0.147891
1349 14 0.150025
1350 14 0.172214
1351 14 0.161640
1352 14 0.129186
1353 14 0.120830
1354 14 0.202968
1355 14 0.196762
1356 14 0.210024
1357 14 0.143500
1358 14 0.156558
1359 14 0.183426
1360 14 0.162452
1361 14 0.152175
1362 14 0.152572
1363 14 0.165121
1364 14 0.163603
1365 14 0.152470
1366 14 0.165970
1367 14 0.164387
1368 14 0.145484
1369 14 0.205064
1370 14 0.139763
1371 14 0.142002
1372 14 0.162634
1373 14 0.124387
1374 14 0.155582
1375 14 0.167543
1376 14 0.144530
1377 14 0.127069
1378 14 0.137004
1379 14 0.196771
1380 14 0.167187
1381 14 0.144874
1382 14 0.183043
1383 14 0.145839
1384 14 0.146533
1385 14 0.188301
1386 14 0.164544
1387 14 0.131100
1388 14 0.169658
1389 14 0.198104
1390 14 0.118137
1391 14 0.165860
1392 14 0.024693
1393 14 0.170729
1394 14 0.152238
1395 14 0.183090
1396 14 0.237873
1397 14 0.155844
1398 14 0.149637
1399 14 0.159407
1400 15 0.185638
1401 15 0.154799
1402 15 0.190014
1403 15 0.168887
1404 15 0.141695
1405 15 0.137338
1406 15 0.219228
1407 15 0.177088
1408 15 0.167909
1409 15 0.192391
1410 15 0.143735
1411 15 0.163448
1412 15 0.194001
1413 15 0.139131
1414 15 0.119246
1415 15 0.153850
1416 15 0.151480
1417 15 0.185595
1418 15 0.059281
1419 15 0.161846
1420 15 0.163968
1421 15 0.121286
1422 15 0.165326
1423 15 0.147530
1424 15 0.149662
1425 15 0.159916
1426 15 0.130988
1427 15 0.126165
1428 15 0.133517
1429 15 0.141408
1430 15 0.171551
1431 15 0.148553
1432 15 0.186266
1433 15 0.027500
1434 15 0.126849
1435 15 0.170560
1436 15 0.197693
1437 15 0.232703
1438 15 0.143877
1439 15 0.139572
1440 15 0.196631
1441 15 0.133622
1442 15 0.134174
1443 15 0.155655
1444 15 0.155029
1445 15 0.163547
1446 15 0.178200
1447 15 0.182133
1448 15 0.163313
1449 15 0.108489
1450 15 0.192847
1451 15 0.151407
1452 15 0.195896
1453 15 0.217353
1454 15 0.136236
1455 15 0.190560
1456 15 0.113757
1457 15 0.092929
1458 15 0.111459
1459 15 0.200715
1460 15 0.141774
1461 15 0.125785
1462 15 0.186554
1463 15 0.150459
1464 15 0.163914
1465 15 0.148923
1466 15 0.155851
1467 15 0.337324
1468 15 0.135629
1469 15 0.144825
1470 15 0.172087
1471 15 0.340040
1472 15 0.201180
1473 15 0.175629
1474 15 0.162216
1475 15 0.183270
1476 15 0.167535
1477 15 0.156561
1478 15 0.181671
1479 15 0.219969
1480 15 0.189656
1481 15 0.150604
1482 15 0.144363
1483 15 0.136779
1484 15 0.104683
1485 15 0.173410
1486 15 0.147350
1487 15 0.153429
1488 15 0.173248
1489 15 0.166905
1490 15 0.135923
1491 15 0.159331
1492 15 0.164199
1493 15 0.175007
1494 15 0.158914
1495 15 0.147304
1496 15 0.159455
1497 15 0.154403
1498 15 0.175182
1499 15 0.142532
1500 16 0.172017
1501 16 0.113361
1502 16 0.151969
1503 16 0.128610
1504 16 0.135026
1505 16 0.143599
1506 16 0.024326
1507 16 0.165576
1508 16 0.176056
1509 16 0.156757
1510 16 0.166411
1511 16 0.136455
1512 16 0.178200
1513 16 0.183216
1514 16 0.161451
1515 16 0.174202
1516 16 0.168717
1517 16 0.150708
1518 16 0.177259
1519 16 0.142958
1520 16 0.132242
1521 16 0.203258
1522 16 0.150652
1523 16 0.197574
1524 16 0.152023
1525 16 0.140626
1526 16 0.174794
1527 16 0.144343
1528 16 0.158749
1529 16 0.186486
1530 16 0.135517
1531 16 0.120752
1532 16 0.176236
1533 16 0.105455
1534 16 0.111354
1535 16 0.156706
1536 16 0.190428
1537 16 0.303573
1538 16 0.186528
1539 16 0.143918
1540 16 0.183143
1541 16 0.162562
1542 16 0.250796
1543 16 0.150272
1544 16 0.131696
1545 16 0.116504
1546 16 0.140758
1547 16 0.166899
1548 16 0.160550
1549 16 0.190309
1550 16 0.172262
1551 16 0.164100
1552 16 0.126094
1553 16 0.128440
1554 16 0.322644
1555 16 0.153120
1556 16 0.142038
1557 16 0.091877
1558 16 0.132629
1559 16 0.166535
1560 16 0.135234
1561 16 0.137207
1562 16 0.131128
1563 16 0.172699
1564 16 0.129560
1565 16 0.146990
1566 16 0.161570
1567 16 0.140686
1568 16 0.136411
1569 16 0.184413
1570 16 0.165992
1571 16 0.142779
1572 16 0.099423
1573 16 0.158171
1574 16 0.067884
1575 16 0.175438
1576 16 0.148614
1577 16 0.127733
1578 16 0.177095
1579 16 0.140293
1580 16 0.179621
1581 16 0.144790
1582 16 0.154052
1583 16 0.151084
1584 16 0.142737
1585 16 0.140285
1586 16 0.153688
1587 16 0.153715
1588 16 0.194088
1589 16 0.144783
1590 16 0.169541
1591 16 0.027259
1592 16 0.138733
1593 16 0.187253
1594 16 0.148571
1595 16 0.189758
1596 16 0.204224
1597 16 0.155205
1598 16 0.158706
1599 16 0.191599
1600 17 0.091188
1601 17 0.187716
1602 17 0.147622
1603 17 0.180567
1604 17 0.134822
1605 17 0.157164
1606 17 0.148462
1607 17 0.181141
1608 17 0.193357
1609 17 0.187103
1610 17 0.135114
1611 17 0.159023
1612 17 0.174199
1613 17 0.208811
1614 17 0.323420
1615 17 0.051020
1616 17 0.160254
1617 17 0.192972
1618 17 0.137673
1619 17 0.125170
1620 17 0.156111
1621 17 0.130615
1622 17 0.142279
1623 17 0.166266
1624 17 0.148183
1625 17 0.138613
1626 17 0.159656
1627 17 0.136852
1628 17 0.152850
1629 17 0.123323
1630 17 0.116163
1631 17 0.166398
1632 17 0.146808
1633 17 0.165117
1634 17 0.142762
1635 17 0.166568
1636 17 0.149184
1637 17 0.116803
1638 17 0.166120
1639 17 0.160072
1640 17 0.155884
1641 17 0.172710
1642 17 0.130432
1643 17 0.177778
1644 17 0.178048
1645 17 0.198342
1646 17 0.152622
1647 17 0.166017
1648 17 0.176273
1649 17 0.113641
1650 17 0.132788
1651 17 0.163908
1652 17 0.155804
1653 17 0.192753
1654 17 0.204994
1655 17 0.146459
1656 17 0.024235
1657 17 0.154431
1658 17 0.161857
1659 17 0.175107
1660 17 0.333945
1661 17 0.119892
1662 17 0.150408
1663 17 0.155787
1664 17 0.152990
1665 17 0.027000
1666 17 0.157563
1667 17 0.137473
1668 17 0.132254
1669 17 0.143464
1670 17 0.153715
1671 17 0.149713
1672 17 0.156497
1673 17 0.154958
1674 17 0.178180
1675 17 0.186016
1676 17 0.154285
1677 17 0.234199
1678 17 0.155372
1679 17 0.131306
1680 17 0.172962
1681 17 0.197193
1682 17 0.156714
1683 17 0.140469
1684 17 0.209008
1685 17 0.167010
1686 17 0.162360
1687 17 0.163185
1688 17 0.150572
1689 17 0.145956
1690 17 0.186638
1691 17 0.203380
1692 17 0.151009
1693 17 0.073099
1694 17 0.133957
1695 17 0.113307
1696 17 0.121629
1697 17 0.150983
1698 17 0.172332
1699 17 0.166034
1700 18 0.133751
1701 18 0.171256
1702 18 0.173664
1703 18 0.140879
1704 18 0.132349
1705 18 0.311691
1706 18 0.150052
1707 18 0.187564
1708 18 0.130408
1709 18 0.159982
1710 18 0.117831
1711 18 0.166633
1712 18 0.139285
1713 18 0.096590
1714 18 0.150167
1715 18 0.141100
1716 18 0.164802
1717 18 0.184781
1718 18 0.165168
1719 18 0.144945
1720 18 0.159632
1721 18 0.163882
1722 18 0.146745
1723 18 0.189283
1724 18 0.164729
1725 18 0.151309
1726 18 0.112755
1727 18 0.131011
1728 18 0.131793
1729 18 0.110561
1730 18 0.161360
1731 18 0.178995
1732 18 0.157215
1733 18 0.185245
1734 18 0.163253
1735 18 0.096428
1736 18 0.151710
1737 18 0.156915
1738 18 0.150315
1739 18 0.154625
1740 18 0.172054
1741 18 0.161909
1742 18 0.093463
1743 18 0.164739
1744 18 0.138154
1745 18 0.188416
1746 18 0.186824
1747 18 0.204612
1748 18 0.210840
1749 18 0.203210
1750 18 0.155330
1751 18 0.151329
1752 18 0.145639
1753 18 0.175581
1754 18 0.138813
1755 18 0.122924
1756 18 0.115338
1757 18 0.143419
1758 18 0.180513
1759 18 0.144221
1760 18 0.149681
1761 18 0.166965
1762 18 0.177709
1763 18 0.139145
1764 18 0.143991
1765 18 0.184744
1766 18 0.180630
1767 18 0.174099
1768 18 0.154477
1769 18 0.163806
1770 18 0.315657
1771 18 0.170974
1772 18 0.176850
1773 18 0.024137
1774 18 0.158986
1775 18 0.147756
1776 18 0.185383
1777 18 0.144757
1778 18 0.203106
1779 18 0.176476
1780 18 0.183534
1781 18 0.151374
1782 18 0.137683
1783 18 0.147372
1784 18 0.152793
1785 18 0.116308
1786 18 0.123371
1787 18 0.140829
1788 18 0.162707
1789 18 0.159177
1790 18 0.179909
1791 18 0.197483
1792 18 0.184817
1793 18 0.072158
1794 18 0.151969
1795 18 0.110453
1796 18 0.026752
1797 18 0.139464
1798 18 0.139398
1799 18 0.163063
1800 19 0.188393
1801 19 0.152317
1802 19 0.121445
1803 19 0.162724
1804 19 0.135711
1805 19 0.168000
1806 19 0.153809
1807 19 0.134342
1808 19 0.170085
1809 19 0.193396
1810 19 0.135489
1811 19 0.106549
1812 19 0.150406
1813 19 0.165142
1814 19 0.138625
1815 19 0.169563
1816 19 0.158092
1817 19 0.194917
1818 19 0.184720
1819 19 0.148059
1820 19 0.189932
1821 19 0.224300
1822 19 0.146328
1823 19 0.024037
1824 19 0.151906
1825 19 0.154491
1826 19 0.128784
1827 19 0.199630
1828 19 0.149856
1829 19 0.185979
1830 19 0.149585
1831 19 0.152127
1832 19 0.124792
1833 19 0.163506
1834 19 0.157970
1835 19 0.067870
1836 19 0.127192
1837 19 0.145970
1838 19 0.173015
1839 19 0.147654
1840 19 0.179873
1841 19 0.152018
1842 19 0.177650
1843 19 0.208010
1844 19 0.173030
1845 19 0.131671
1846 19 0.153895
1847 19 0.111436
1848 19 0.142374
1849 19 0.164364
1850 19 0.121927
1851 19 0.026438
1852 19 0.138789
1853 19 0.140514
1854 19 0.121447
1855 19 0.177559
1856 19 0.142352
1857 19 0.157545
1858 19 0.125163
1859 19 0.156281
1860 19 0.171160
1861 19 0.116304
1862 19 0.164789
1863 19 0.146897
1864 19 0.187048
1865 19 0.193175
1866 19 0.151798
1867 19 0.161877
1868 19 0.190739
1869 19 0.156447
1870 19 0.175698
1871 19 0.283058
1872 19 0.201555
1873 19 0.167386
1874 19 0.190512
1875 19 0.146338
1876 19 0.179937
1877 19 0.153315
1878 19 0.296403
1879 19 0.147414
1880 19 0.156112
1881 19 0.129170
1882 19 0.093685
1883 19 0.122448
1884 19 0.156143
1885 19 0.149111
1886 19 0.145032
1887 19 0.144675
1888 19 0.160801
1889 19 0.130273
1890 19 0.173023
1891 19 0.140246
1892 19 0.139568
1893 19 0.178160
1894 19 0.177841
1895 19 0.161385
1896 19 0.150506
1897 19 0.155944
1898 19 0.088168
1899 19 0.120606
1900 20 0.124491
1901 20 0.151385
1902 20 0.147014
1903 20 0.177525
1904 20 0.150860
1905 20 0.199003
1906 20 0.173730
1907 20 0.149100
1908 20 0.162253
1909 20 0.141086
1910 20 0.156317
1911 20 0.115069
1912 20 0.133204
1913 20 0.140831
1914 20 0.153404
1915 20 0.184215
1916 20 0.168287
1917 20 0.153430
1918 20 0.153144
1919 20 0.070942
1920 20 0.158223
1921 20 0.131821
1922 20 0.146499
1923 20 0.139214
1924 20 0.179520
1925 20 0.157852
1926 20 0.193563
1927 20 0.172321
1928 20 0.167616
1929 20 0.116246
1930 20 0.292208
1931 20 0.222066
1932 20 0.169501
1933 20 0.159321
1934 20 0.214325
1935 20 0.183511
1936 20 0.196414
1937 20 0.023851
1938 20 0.173375
1939 20 0.145992
1940 20 0.227926
1941 20 0.135304
1942 20 0.117442
1943 20 0.154349
1944 20 0.087270
1945 20 0.137911
1946 20 0.233614
1947 20 0.146473
1948 20 0.171360
1949 20 0.149111
1950 20 0.165318
1951 20 0.159608
1952 20 0.213650
1953 20 0.129248
1954 20 0.147962
1955 20 0.135880
1956 20 0.128264
1957 20 0.142251
1958 20 0.169218
1959 20 0.171287
1960 20 0.154479
1961 20 0.048841
1962 20 0.135114
1963 20 0.026216
1964 20 0.149408
1965 20 0.180742
1966 20 0.165550
1967 20 0.165050
1968 20 0.151950
1969 20 0.194649
1970 20 0.159492
1971 20 0.119917
1972 20 0.199763
1973 20 0.157492
1974 20 0.114417
1975 20 0.152229
1976 20 0.153891
1977 20 0.169087
1978 20 0.194465
1979 20 0.126695
1980 20 0.190810
1981 20 0.138458
1982 20 0.123188
1983 20 0.252326
1984 20 0.153058
1985 20 0.151106
1986 20 0.098618
1987 20 0.146398
1988 20 0.141550
1989 20 0.210339
1990 20 0.156566
1991 20 0.135869
1992 20 0.166153
1993 20 0.149172
1994 20 0.161533
1995 20 0.141514
1996 20 0.190683
1997 20 0.143227
1998 20 0.151395
1999 20 0.140362
2000 21 0.173809
2001 21 0.163070
2002 21 0.120991
2003 21 0.176476
2004 21 0.145811
2005 21 0.148485
2006 21 0.141631
2007 21 0.118357
2008 21 0.158117
2009 21 0.177707
2010 21 0.134693
2011 21 0.134024
2012 21 0.192541
2013 21 0.141753
2014 21 0.197306
2015 21 0.156009
2016 21 0.123447
2017 21 0.147847
2018 21 0.294154
2019 21 0.178223
2020 21 0.161443
2021 21 0.149020
2022 21 0.162664
2023 21 0.173114
2024 21 0.137801
2025 21 0.132272
2026 21 0.189937
2027 21 0.149348
2028 21 0.144012
2029 21 0.128795
2030 21 0.122151
2031 21 0.141886
2032 21 0.136377
2033 21 0.147140
2034 21 0.104523
2035 21 0.165755
2036 21 0.165633
2037 21 0.048644
2038 21 0.172673
2039 21 0.130706
2040 21 0.150946
2041 21 0.123714
2042 21 0.141656
2043 21 0.179132
2044 21 0.120610
2045 21 0.163007
2046 21 0.147867
2047 21 0.144330
2048 21 0.186401
2049 21 0.163221
2050 21 0.112197
2051 21 0.072508
2052 21 0.146868
2053 21 0.155744
2054 21 0.149746
2055 21 0.146099
2056 21 0.199124
2057 21 0.144275
2058 21 0.026125
2059 21 0.150426
2060 21 0.131139
2061 21 0.137882
2062 21 0.116305
2063 21 0.153175
2064 21 0.235024
2065 21 0.173765
2066 21 0.176062
2067 21 0.145271
2068 21 0.155926
2069 21 0.184447
2070 21 0.151721
2071 21 0.141859
2072 21 0.139346
2073 21 0.161754
2074 21 0.177610
2075 21 0.163817
2076 21 0.164709
2077 21 0.190552
2078 21 0.164326
2079 21 0.182213
2080 21 0.131595
2081 21 0.179705
2082 21 0.198599
2083 21 0.154718
2084 21 0.023690
2085 21 0.117572
2086 21 0.141271
2087 21 0.144684
2088 21 0.140421
2089 21 0.180327
2090 21 0.085694
2091 21 0.115279
2092 21 0.267355
2093 21 0.226060
2094 21 0.133331
2095 21 0.146079
2096 21 0.139373
2097 21 0.154772
2098 21 0.136214
2099 21 0.127230
2100 22 0.192275
2101 22 0.135073
2102 22 0.128950
2103 22 0.164421
2104 22 0.209744
2105 22 0.175390
2106 22 0.157422
2107 22 0.210338
2108 22 0.141900
2109 22 0.043578
2110 22 0.157188
2111 22 0.158337
2112 22 0.169317
2113 22 0.164406
2114 22 0.025811
2115 22 0.144140
2116 22 0.158287
2117 22 0.144683
2118 22 0.139468
2119 22 0.131160
2120 22 0.100942
2121 22 0.150182
2122 22 0.163442
2123 22 0.144940
2124 22 0.183497
2125 22 0.157667
2126 22 0.172752
2127 22 0.121898
2128 22 0.173322
2129 22 0.166300
2130 22 0.127226
2131 22 0.160960
2132 22 0.148135
2133 22 0.174647
2134 22 0.170285
2135 22 0.164282
2136 22 0.188163
2137 22 0.166279
2138 22 0.118138
2139 22 0.187461
2140 22 0.149018
2141 22 0.142749
2142 22 0.167296
2143 22 0.159750
2144 22 0.114918
2145 22 0.115818
2146 22 0.147040
2147 22 0.172349
2148 22 0.260557
2149 22 0.186124
2150 22 0.160968
2151 22 0.155376
2152 22 0.165025
2153 22 0.125526
2154 22 0.171254
2155 22 0.112471
2156 22 0.121783
2157 22 0.180924
2158 22 0.149709
2159 22 0.167893
2160 22 0.146610
2161 22 0.113958
2162 22 0.123006
2163 22 0.154695
2164 22 0.191754
2165 22 0.152215
2166 22 0.221279
2167 22 0.146500
2168 22 0.112180
2169 22 0.179916
2170 22 0.154100
2171 22 0.139242
2172 22 0.139789
2173 22 0.169036
2174 22 0.144965
2175 22 0.139586
2176 22 0.148118
2177 22 0.073560
2178 22 0.120008
2179 22 0.168867
2180 22 0.153135
2181 22 0.164575
2182 22 0.163232
2183 22 0.154306
2184 22 0.187828
2185 22 0.169983
2186 22 0.147306
2187 22 0.206503
2188 22 0.188390
2189 22 0.156745
2190 22 0.141065
2191 22 0.152545
2192 22 0.101255
2193 22 0.148615
2194 22 0.084528
2195 22 0.128667
2196 22 0.109732
2197 22 0.136956
2198 22 0.155784
2199 22 0.132798
2200 23 0.205166
2201 23 0.183246
2202 23 0.185959
2203 23 0.192737
2204 23 0.172392
2205 23 0.163899
2206 23 0.107155
2207 23 0.133456
2208 23 0.103491
2209 23 0.130897
2210 23 0.123857
2211 23 0.132596
2212 23 0.161296
2213 23 0.184339
2214 23 0.140413
2215 23 0.140365
2216 23 0.176091
2217 23 0.156430
2218 23 0.193090
2219 23 0.167511
2220 23 0.201848
2221 23 0.172907
2222 23 0.186349
2223 23 0.188218
2224 23 0.158893
2225 23 0.169349
2226 23 0.157129
2227 23 0.139116
2228 23 0.179253
2229 23 0.023393
2230 23 0.134845
2231 23 0.159543
2232 23 0.148977
2233 23 0.135769
2234 23 0.152951
2235 23 0.188353
2236 23 0.119058
2237 23 0.146735
2238 23 0.146422
2239 23 0.137395
2240 23 0.144295
2241 23 0.151322
2242 23 0.169229
2243 23 0.120699
2244 23 0.139928
2245 23 0.143729
2246 23 0.160679
2247 23 0.160559
2248 23 0.148483
2249 23 0.084274
2250 23 0.175640
2251 23 0.170555
2252 23 0.176772
2253 23 0.163958
2254 23 0.142269
2255 23 0.120522
2256 23 0.152339
2257 23 0.119481
2258 23 0.117223
2259 23 0.194054
2260 23 0.137792
2261 23 0.111195
2262 23 0.139895
2263 23 0.144590
2264 23 0.165291
2265 23 0.162998
2266 23 0.129199
2267 23 0.170183
2268 23 0.159147
2269 23 0.179961
2270 23 0.138478
2271 23 0.145482
2272 23 0.176578
2273 23 0.141228
2274 23 0.171235
2275 23 0.191647
2276 23 0.139440
2277 23 0.248689
2278 23 0.153255
2279 23 0.144790
2280 23 0.174222
2281 23 0.087468
2282 23 0.230837
2283 23 0.177890
2284 23 0.140395
2285 23 0.142523
2286 23 0.116514
2287 23 0.204038
2288 23 0.148414
2289 23 0.187693
2290 23 0.138481
2291 23 0.154031
2292 23 0.174737
2293 23 0.123535
2294 23 0.167323
2295 23 0.025657
2296 23 0.147157
2297 23 0.057623
2298 23 0.152780
2299 23 0.144809
2300 24 0.167563
2301 24 0.167494
2302 24 0.180988
2303 24 0.141139
2304 24 0.218838
2305 24 0.124632
2306 24 0.171552
2307 24 0.151762
2308 24 0.132667
2309 24 0.122454
2310 24 0.167429
2311 24 0.184935
2312 24 0.166315
2313 24 0.180798
2314 24 0.154385
2315 24 0.155637
2316 24 0.140973
2317 24 0.176073
2318 24 0.175412
2319 24 0.130645
2320 24 0.138493
2321 24 0.157565
2322 24 0.133985
2323 24 0.126695
2324 24 0.129420
2325 24 0.025327
2326 24 0.144747
2327 24 0.118174
2328 24 0.149808
2329 24 0.128499
2330 24 0.152335
2331 24 0.143473
2332 24 0.069363
2333 24 0.164285
2334 24 0.185692
2335 24 0.143182
2336 24 0.207207
2337 24 0.175862
2338 24 0.135061
2339 24 0.161296
2340 24 0.175795
2341 24 0.138179
2342 24 0.235683
2343 24 0.168771
2344 24 0.108092
2345 24 0.183777
2346 24 0.170063
2347 24 0.149395
2348 24 0.163187
2349 24 0.138384
2350 24 0.181846
2351 24 0.175991
2352 24 0.160656
2353 24 0.179535
2354 24 0.137288
2355 24 0.120086
2356 24 0.134107
2357 24 0.175957
2358 24 0.210394
2359 24 0.149759
2360 24 0.144683
2361 24 0.172643
2362 24 0.117025
2363 24 0.155801
2364 24 0.122006
2365 24 0.126360
2366 24 0.147161
2367 24 0.162972
2368 24 0.136039
2369 24 0.157528
2370 24 0.109287
2371 24 0.133268
2372 24 0.148184
2373 24 0.161384
2374 24 0.127001
2375 24 0.167265
2376 24 0.143404
2377 24 0.154028
2378 24 0.120253
2379 24 0.162756
2380 24 0.145318
2381 24 0.134828
2382 24 0.123291
2383 24 0.147804
2384 24 0.126595
2385 24 0.158409
2386 24 0.023404
2387 24 0.175458
2388 24 0.081279
2389 24 0.149050
2390 24 0.139114
2391 24 0.161628
2392 24 0.144970
2393 24 0.164366
2394 24 0.064198
2395 24 0.181392
2396 24 0.153395
2397 24 0.132557
2398 24 0.137826
2399 24 0.156228
2400 25 0.136201
2401 25 0.183125
2402 25 0.168105
2403 25 0.133210
2404 25 0.157408
2405 25 0.167860
2406 25 0.121831
2407 25 0.193976
2408 25 0.145191
2409 25 0.192890
2410 25 0.139277
2411 25 0.153997
2412 25 0.133866
2413 25 0.176764
2414 25 0.131834
2415 25 0.141414
2416 25 0.066582
2417 25 0.100543
2418 25 0.166274
2419 25 0.162870
2420 25 0.165543
2421 25 0.234366
2422 25 0.046343
2423 25 0.146752
2424 25 0.187377
2425 25 0.155232
2426 25 0.136781
2427 25 0.055405
2428 25 0.136017
2429 25 0.135520
2430 25 0.175313
2431 25 0.154512
2432 25 0.086921
2433 25 0.168462
2434 25 0.173169
2435 25 0.120255
2436 25 0.138696
2437 25 0.163585
2438 25 0.138838
2439 25 0.220562
2440 25 0.202096
2441 25 0.172324
2442 25 0.168291
2443 25 0.167568
2444 25 0.176027
2445 25 0.139671
2446 25 0.042003
2447 25 0.127524
2448 25 0.167956
2449 25 0.133925
2450 25 0.108110
2451 25 0.141692
2452 25 0.148381
2453 25 0.147749
2454 25 0.149981
2455 25 0.152168
2456 25 0.130360
2457 25 0.093056
2458 25 0.171694
2459 25 0.167383
2460 25 0.172191
2461 25 0.097738
2462 25 0.189310
2463 25 0.180558
2464 25 0.131141
2465 25 0.217605
2466 25 0.173434
2467 25 0.168748
2468 25 0.132648
2469 25 0.141842
2470 25 0.155510
2471 25 0.206317
2472 25 0.135177
2473 25 0.141626
2474 25 0.186838
2475 25 0.131782
2476 25 0.232904
2477 25 0.127397
2478 25 0.157952
2479 25 0.143182
2480 25 0.167573
2481 25 0.132955
2482 25 0.135882
2483 25 0.129676
2484 25 0.148968
2485 25 0.147528
2486 25 0.129414
2487 25 0.148172
2488 25 0.114562
2489 25 0.141437
2490 25 0.152070
2491 25 0.138857
2492 25 0.139562
2493 25 0.137613
2494 25 0.193046
2495 25 0.140612
2496 25 0.151471
2497 25 0.190819
2498 25 0.145800
2499 25 0.113490
2500 26 0.161495
2501 26 0.163979
2502 26 0.123861
2503 26 0.151135
2504 26 0.082105
2505 26 0.128917
2506 26 0.132864
2507 26 0.140897
2508 26 0.166327
2509 26 0.139498
2510 26 0.137181
2511 26 0.135206
2512 26 0.165811
2513 26 0.104269
2514 26 0.133096
2515 26 0.180394
2516 26 0.123793
2517 26 0.118863
2518 26 0.170859
2519 26 0.203371
2520 26 0.143174
2521 26 0.139791
2522 26 0.153556
2523 26 0.145838
2524 26 0.170944
2525 26 0.139006
2526 26 0.164389
2527 26 0.143217
2528 26 0.131487
2529 26 0.103353
2530 26 0.158762
2531 26 0.159081
2532 26 0.155872
2533 26 0.148433
2534 26 0.191578
2535 26 0.184662
2536 26 0.127303
2537 26 0.160874
2538 26 0.123025
2539 26 0.144340
2540 26 0.161131
2541 26 0.144283
2542 26 0.045838
2543 26 0.130899
2544 26 0.154538
2545 26 0.141394
2546 26 0.155528
2547 26 0.120545
2548 26 0.153629
2549 26 0.166186
2550 26 0.131040
2551 26 0.023245
2552 26 0.172681
2553 26 0.123641
2554 26 0.149666
2555 26 0.198872
2556 26 0.169331
2557 26 0.167361
2558 26 0.158411
2559 26 0.173592
2560 26 0.120486
2561 26 0.144538
2562 26 0.144174
2563 26 0.162294
2564 26 0.174625
2565 26 0.140994
2566 26 0.173544
2567 26 0.139966
2568 26 0.143457
2569 26 0.166101
2570 26 0.162586
2571 26 0.151068
2572 26 0.191729
2573 26 0.148813
2574 26 0.171839
2575 26 0.159854
2576 26 0.160045
2577 26 0.080972
2578 26 0.114896
2579 26 0.157915
2580 26 0.179217
2581 26 0.160280
2582 26 0.181733
2583 26 0.157166
2584 26 0.141127
2585 26 0.112719
2586 26 0.132881
2587 26 0.129484
2588 26 0.205948
2589 26 0.157239
2590 26 0.128261
2591 26 0.136352
2592 26 0.063115
2593 26 0.182689
2594 26 0.294747
2595 26 0.169789
2596 26 0.169307
2597 26 0.190136
2598 26 0.215722
2599 26 0.120476
2600 27 0.143822
2601 27 0.199352
2602 27 0.195367
2603 27 0.146728
2604 27 0.128425
2605 27 0.165743
2606 27 0.130525
2607 27 0.186475
2608 27 0.153609
2609 27 0.100057
2610 27 0.171187
2611 27 0.164701
2612 27 0.143629
2613 27 0.168304
2614 27 0.168543
2615 27 0.147494
2616 27 0.129144
2617 27 0.180788
2618 27 0.172220
2619 27 0.136396
2620 27 0.159747
2621 27 0.208920
2622 27 0.136625
2623 27 0.140581
2624 27 0.136775
2625 27 0.112264
2626 27 0.101544
2627 27 0.148414
2628 27 0.153907
2629 27 0.148772
2630 27 0.148150
2631 27 0.160545
2632 27 0.163545
2633 27 0.161628
2634 27 0.163071
2635 27 0.161961
2636 27 0.190474
2637 27 0.093878
2638 27 0.188330
2639 27 0.155672
2640 27 0.125834
2641 27 0.158619
2642 27 0.168802
2643 27 0.155840
2644 27 0.149051
2645 27 0.151419
2646 27 0.142054
2647 27 0.145154
2648 27 0.024910
2649 27 0.173975
2650 27 0.126920
2651 27 0.166302
2652 27 0.161215
2653 27 0.165019
2654 27 0.166285
2655 27 0.130835
2656 27 0.157415
2657 27 0.112018
2658 27 0.134453
2659 27 0.154918
2660 27 0.176611
2661 27 0.141783
2662 27 0.201360
2663 27 0.114206
2664 27 0.120001
2665 27 0.143141
2666 27 0.023153
2667 27 0.166554
2668 27 0.326086
2669 27 0.150063
2670 27 0.192039
2671 27 0.141916
2672 27 0.154460
2673 27 0.167453
2674 27 0.103525
2675 27 0.139689
2676 27 0.105075
2677 27 0.159206
2678 27 0.143348
2679 27 0.158536
2680 27 0.148242
2681 27 0.130490
2682 27 0.141283
2683 27 0.171134
2684 27 0.045072
2685 27 0.136700
2686 27 0.119977
2687 27 0.114095
2688 27 0.191890
2689 27 0.164213
2690 27 0.170157
2691 27 0.142292
2692 27 0.092074
2693 27 0.145045
2694 27 0.138975
2695 27 0.132387
2696 27 0.139520
2697 27 0.128335
2698 27 0.140754
2699 27 0.145679
2700 28 0.177507
2701 28 0.121948
2702 28 0.148248
2703 28 0.158054
2704 28 0.157130
2705 28 0.130772
2706 28 0.128564
2707 28 0.131438
2708 28 0.121884
2709 28 0.152140
2710 28 0.152449
2711 28 0.168205
2712 28 0.155070
2713 28 0.023101
2714 28 0.064124
2715 28 0.151798
2716 28 0.165193
2717 28 0.148712
2718 28 0.142028
2719 28 0.150069
2720 28 0.146731
2721 28 0.148614
2722 28 0.132701
2723 28 0.141172
2724 28 0.057387
2725 28 0.174039
2726 28 0.150813
2727 28 0.111530
2728 28 0.179352
2729 28 0.138570
2730 28 0.124590
2731 28 0.130614
2732 28 0.127763
2733 28 0.115633
2734 28 0.155574
2735 28 0.218356
2736 28 0.148123
2737 28 0.148887
2738 28 0.096995
2739 28 0.079431
2740 28 0.172610
2741 28 0.183253
2742 28 0.150903
2743 28 0.134222
2744 28 0.186882
2745 28 0.129308
2746 28 0.147184
2747 28 0.176405
2748 28 0.190643
2749 28 0.136759
2750 28 0.118602
2751 28 0.135833
2752 28 0.141405
2753 28 0.124986
2754 28 0.105518
2755 28 0.137221
2756 28 0.180466
2757 28 0.145834
2758 28 0.158340
2759 28 0.144950
2760 28 0.177594
2761 28 0.147255
2762 28 0.136566
2763 28 0.148159
2764 28 0.134886
2765 28 0.127989
2766 28 0.024682
2767 28 0.144303
2768 28 0.190228
2769 28 0.158023
2770 28 0.171250
2771 28 0.179836
2772 28 0.134378
2773 28 0.171332
2774 28 0.130797
2775 28 0.155465
2776 28 0.175242
2777 28 0.166401
2778 28 0.143891
2779 28 0.236317
2780 28 0.175898
2781 28 0.119364
2782 28 0.157021
2783 28 0.144070
2784 28 0.169114
2785 28 0.111895
2786 28 0.148301
2787 28 0.179421
2788 28 0.135723
2789 28 0.137534
2790 28 0.157384
2791 28 0.103706
2792 28 0.126019
2793 28 0.134754
2794 28 0.163480
2795 28 0.250957
2796 28 0.167778
2797 28 0.180342
2798 28 0.098797
2799 28 0.162311
