# Batch convergence for: model=snn-ae encoding=direct architecture=dense v_th=1.5 alpha=0.8 run=2
batch_num epoch batch_loss
0 1 1.262416
1 1 1.233432
2 1 1.250647
3 1 1.253876
4 1 1.332110
5 1 1.193452
6 1 1.394634
7 1 1.120797
8 1 1.213232
9 1 1.215389
10 1 1.038346
11 1 1.343620
12 1 1.161048
13 1 1.131093
14 1 1.172301
15 1 1.330401
16 1 1.223979
17 1 1.384851
18 1 1.133491
19 1 1.262557
20 1 1.187998
21 1 1.089960
22 1 1.043798
23 1 1.041982
24 1 1.138788
25 1 1.206156
26 1 1.184824
27 1 1.267646
28 1 1.209242
29 1 1.093547
30 1 1.292279
31 1 1.116687
32 1 1.102695
33 1 1.180965
34 1 1.051943
35 1 1.196725
36 1 1.069026
37 1 1.061703
38 1 1.120564
39 1 1.000264
40 1 1.128354
41 1 1.120527
42 1 1.077491
43 1 1.079736
44 1 1.026082
45 1 1.191105
46 1 1.107168
47 1 1.206347
48 1 1.337841
49 1 1.113437
50 1 1.103966
51 1 1.021895
52 1 1.056245
53 1 1.062016
54 1 1.002055
55 1 1.012107
56 1 1.125429
57 1 1.093843
58 1 1.082816
59 1 1.176813
60 1 1.033473
61 1 1.078249
62 1 0.999456
63 1 1.144046
64 1 1.117993
65 1 1.054000
66 1 1.127699
67 1 1.091391
68 1 1.050890
69 1 1.013697
70 1 1.139487
71 1 1.160407
72 1 1.005399
73 1 1.178176
74 1 1.131986
75 1 1.230799
76 1 1.152936
77 1 1.172826
78 1 1.091247
79 1 1.180909
80 1 1.064286
81 1 1.061310
82 1 1.090143
83 1 1.064633
84 1 1.091653
85 1 1.074656
86 1 1.155058
87 1 1.012126
88 1 0.996972
89 1 1.059589
90 1 1.114859
91 1 1.070873
92 1 1.163537
93 1 1.020998
94 1 1.083665
95 1 1.147046
96 1 1.131764
97 1 1.135401
98 1 0.997114
99 1 1.088821
100 2 1.005234
101 2 1.086728
102 2 1.004379
103 2 1.068702
104 2 0.980153
105 2 0.990109
106 2 0.995326
107 2 1.044811
108 2 0.998138
109 2 0.986627
110 2 1.096529
111 2 1.015509
112 2 1.052185
113 2 1.039489
114 2 1.091465
115 2 1.005128
116 2 1.066200
117 2 1.112445
118 2 1.002281
119 2 0.981023
120 2 1.018974
121 2 1.061105
122 2 1.003596
123 2 1.060996
124 2 1.005649
125 2 1.142394
126 2 1.022167
127 2 1.058040
128 2 1.081490
129 2 1.037587
130 2 0.997309
131 2 1.046024
132 2 1.045242
133 2 1.117645
134 2 1.161273
135 2 1.040356
136 2 0.996643
137 2 1.117939
138 2 1.000318
139 2 1.204527
140 2 1.145690
141 2 1.102588
142 2 1.078648
143 2 1.081925
144 2 0.997591
145 2 0.993114
146 2 1.092409
147 2 1.110381
148 2 1.064335
149 2 1.162261
150 2 1.065975
151 2 1.024982
152 2 1.062687
153 2 1.023863
154 2 0.990131
155 2 0.992437
156 2 1.127771
157 2 0.976383
158 2 1.122419
159 2 1.020035
160 2 0.994762
161 2 1.066353
162 2 1.104771
163 2 1.064973
164 2 1.180976
165 2 0.996757
166 2 1.005443
167 2 1.017506
168 2 0.993670
169 2 1.044823
170 2 1.047161
171 2 1.036060
172 2 1.002673
173 2 1.044323
174 2 1.047419
175 2 1.105478
176 2 0.995061
177 2 1.001429
178 2 1.005133
179 2 0.977049
180 2 1.022556
181 2 0.996854
182 2 1.125138
183 2 1.026122
184 2 1.005358
185 2 0.984544
186 2 1.034422
187 2 0.997385
188 2 1.015035
189 2 1.117519
190 2 1.052343
191 2 1.046899
192 2 1.000997
193 2 1.042317
194 2 1.063455
195 2 1.136407
196 2 0.976996
197 2 1.094984
198 2 0.991119
199 2 1.083349
200 3 1.013579
201 3 1.042940
202 3 1.046849
203 3 1.088125
204 3 1.007082
205 3 1.032687
206 3 1.085487
207 3 1.034522
208 3 1.006483
209 3 1.068559
210 3 1.009900
211 3 0.989989
212 3 1.065330
213 3 1.004868
214 3 1.091828
215 3 1.052858
216 3 1.039958
217 3 1.034918
218 3 1.065594
219 3 0.977818
220 3 1.025902
221 3 0.998730
222 3 1.088222
223 3 0.991035
224 3 1.007241
225 3 1.185030
226 3 0.997186
227 3 0.961310
228 3 1.024970
229 3 0.992437
230 3 1.022854
231 3 0.990454
232 3 1.121010
233 3 0.972159
234 3 1.071065
235 3 0.993261
236 3 1.058160
237 3 1.086695
238 3 1.061720
239 3 1.031487
240 3 0.999978
241 3 0.999765
242 3 1.076308
243 3 0.997684
244 3 1.016791
245 3 1.033203
246 3 1.187673
247 3 1.070736
248 3 1.156775
249 3 1.013045
250 3 0.999518
251 3 0.997260
252 3 0.997735
253 3 1.002749
254 3 1.010893
255 3 0.964392
256 3 1.038701
257 3 1.154470
258 3 1.038347
259 3 1.056946
260 3 1.037264
261 3 1.133921
262 3 0.988322
263 3 1.007240
264 3 1.050940
265 3 1.053150
266 3 0.984235
267 3 1.040817
268 3 1.041447
269 3 0.995044
270 3 1.022312
271 3 0.998554
272 3 1.096353
273 3 1.027749
274 3 0.993614
275 3 1.057587
276 3 0.979855
277 3 1.014169
278 3 1.028703
279 3 1.100754
280 3 1.141295
281 3 0.983801
282 3 0.992565
283 3 0.994144
284 3 1.039398
285 3 1.086873
286 3 1.074852
287 3 1.046103
288 3 0.984525
289 3 0.994881
290 3 1.016828
291 3 1.000626
292 3 0.977424
293 3 1.039008
294 3 1.057491
295 3 0.976655
296 3 0.968566
297 3 1.056459
298 3 1.026231
299 3 1.044652
300 4 1.022589
301 4 0.955904
302 4 0.974637
303 4 0.999950
304 4 0.993295
305 4 1.044232
306 4 1.024731
307 4 0.997557
308 4 1.016253
309 4 1.005369
310 4 0.917159
311 4 1.034494
312 4 0.962797
313 4 1.006715
314 4 1.032989
315 4 1.045607
316 4 1.003700
317 4 1.035404
318 4 1.009179
319 4 1.010646
320 4 1.012834
321 4 1.063485
322 4 0.961611
323 4 1.060128
324 4 1.063903
325 4 1.047974
326 4 0.994100
327 4 0.983036
328 4 1.092259
329 4 1.045287
330 4 1.001593
331 4 0.983934
332 4 0.986905
333 4 1.083018
334 4 1.016735
335 4 1.044700
336 4 1.004789
337 4 1.090073
338 4 0.952375
339 4 1.013725
340 4 1.062741
341 4 1.014671
342 4 1.012636
343 4 0.978295
344 4 0.982572
345 4 1.001954
346 4 0.964673
347 4 1.023029
348 4 0.985901
349 4 0.998672
350 4 0.993912
351 4 1.018464
352 4 1.031359
353 4 0.936745
354 4 0.950725
355 4 1.006050
356 4 0.908744
357 4 1.067352
358 4 1.005488
359 4 0.969421
360 4 0.968919
361 4 1.024930
362 4 0.994311
363 4 0.989170
364 4 0.981928
365 4 0.998925
366 4 1.036293
367 4 0.983604
368 4 1.031417
369 4 0.996713
370 4 1.008638
371 4 0.986766
372 4 1.030235
373 4 1.048982
374 4 1.008648
375 4 1.011876
376 4 1.049764
377 4 1.036901
378 4 1.055005
379 4 1.016845
380 4 0.977979
381 4 0.962360
382 4 1.045762
383 4 1.022667
384 4 1.007823
385 4 1.002015
386 4 0.980211
387 4 1.090459
388 4 0.999226
389 4 0.949467
390 4 1.022924
391 4 1.073279
392 4 1.033106
393 4 1.074769
394 4 0.976260
395 4 1.036323
396 4 1.042999
397 4 0.987649
398 4 1.023302
399 4 0.999545
400 5 0.944028
401 5 0.961691
402 5 1.141026
403 5 1.038091
404 5 0.969038
405 5 1.041804
406 5 1.030091
407 5 1.024557
408 5 1.002453
409 5 1.021432
410 5 1.012686
411 5 1.021536
412 5 1.007079
413 5 0.987309
414 5 0.986528
415 5 0.962982
416 5 0.974382
417 5 0.972564
418 5 1.008090
419 5 0.893421
420 5 0.982569
421 5 0.916160
422 5 1.027472
423 5 0.928130
424 5 1.020692
425 5 1.044601
426 5 0.991266
427 5 1.059762
428 5 1.107962
429 5 1.034411
430 5 0.982978
431 5 1.016469
432 5 1.074381
433 5 0.986123
434 5 0.961669
435 5 1.045372
436 5 0.946509
437 5 1.104602
438 5 0.886464
439 5 1.066755
440 5 1.001883
441 5 1.051890
442 5 0.997629
443 5 1.006565
444 5 0.932974
445 5 1.037044
446 5 1.000100
447 5 0.964762
448 5 1.126024
449 5 1.029350
450 5 1.021729
451 5 1.061977
452 5 1.048499
453 5 0.965881
454 5 0.946756
455 5 1.016383
456 5 1.013502
457 5 0.996211
458 5 0.989556
459 5 1.032815
460 5 0.996463
461 5 0.995836
462 5 1.003737
463 5 0.997406
464 5 0.989399
465 5 1.032658
466 5 1.036912
467 5 1.064646
468 5 0.999955
469 5 0.977459
470 5 1.111830
471 5 0.984459
472 5 1.061267
473 5 1.026420
474 5 1.035016
475 5 0.995472
476 5 1.033643
477 5 1.048065
478 5 1.030201
479 5 0.995784
480 5 0.919807
481 5 1.008964
482 5 1.092574
483 5 1.004826
484 5 0.908969
485 5 1.018569
486 5 0.927563
487 5 1.159274
488 5 1.075797
489 5 1.031172
490 5 1.063775
491 5 0.976651
492 5 1.059879
493 5 1.068177
494 5 1.031803
495 5 1.016465
496 5 1.111166
497 5 1.080684
498 5 0.996495
499 5 1.103057
500 6 0.997631
501 6 0.958179
502 6 1.067185
503 6 1.008385
504 6 1.033122
505 6 1.008716
506 6 0.943965
507 6 0.991825
508 6 1.009610
509 6 0.972039
510 6 1.040534
511 6 1.023777
512 6 0.983071
513 6 0.991246
514 6 0.939431
515 6 1.043692
516 6 1.115866
517 6 1.032914
518 6 1.001273
519 6 0.981748
520 6 1.001967
521 6 1.050850
522 6 1.011624
523 6 0.988582
524 6 0.923247
525 6 0.985209
526 6 1.151454
527 6 1.021181
528 6 0.920730
529 6 1.009419
530 6 1.087762
531 6 1.053755
532 6 0.969010
533 6 1.054673
534 6 1.024279
535 6 1.033827
536 6 1.027901
537 6 0.982212
538 6 0.984922
539 6 0.991430
540 6 0.949512
541 6 0.987579
542 6 1.040751
543 6 1.016254
544 6 0.978229
545 6 1.038081
546 6 1.059864
547 6 1.168112
548 6 0.944631
549 6 1.073347
550 6 1.090791
551 6 0.952824
552 6 1.076395
553 6 0.948649
554 6 0.966383
555 6 1.058455
556 6 1.095241
557 6 0.989303
558 6 0.985908
559 6 0.935896
560 6 0.948601
561 6 0.998995
562 6 0.949036
563 6 1.068653
564 6 0.851575
565 6 0.957009
566 6 0.985899
567 6 1.004755
568 6 1.000013
569 6 1.068720
570 6 0.962771
571 6 0.916286
572 6 1.093725
573 6 0.980115
574 6 1.012739
575 6 0.993165
576 6 0.936988
577 6 1.087636
578 6 0.965007
579 6 1.071167
580 6 0.959546
581 6 0.979394
582 6 0.958129
583 6 1.107045
584 6 1.011311
585 6 1.017083
586 6 0.786927
587 6 0.936100
588 6 1.038966
589 6 1.055699
590 6 1.035627
591 6 1.035376
592 6 0.972297
593 6 0.959177
594 6 1.002701
595 6 1.068466
596 6 1.046886
597 6 0.916244
598 6 1.037923
599 6 1.035164
600 7 1.050480
601 7 1.012246
602 7 1.011271
603 7 0.940222
604 7 0.966990
605 7 1.026547
606 7 1.028303
607 7 0.891106
608 7 1.121873
609 7 0.967539
610 7 1.063075
611 7 0.969534
612 7 0.990408
613 7 0.966429
614 7 1.022043
615 7 1.033643
616 7 0.864766
617 7 0.847866
618 7 0.977150
619 7 1.099447
620 7 0.802756
621 7 1.086549
622 7 0.998927
623 7 0.974249
624 7 1.104720
625 7 0.995252
626 7 1.057977
627 7 1.035518
628 7 0.944975
629 7 0.989783
630 7 1.036002
631 7 0.957157
632 7 1.067454
633 7 0.942510
634 7 1.023441
635 7 1.022202
636 7 0.789352
637 7 1.006764
638 7 0.870538
639 7 0.954539
640 7 0.888807
641 7 1.149187
642 7 0.973409
643 7 1.100045
644 7 0.997498
645 7 0.968696
646 7 1.173046
647 7 0.904937
648 7 1.044013
649 7 0.811206
650 7 0.917691
651 7 0.988197
652 7 0.961959
653 7 1.049197
654 7 0.737504
655 7 0.977754
656 7 1.191927
657 7 0.969666
658 7 1.049834
659 7 1.088152
660 7 1.004379
661 7 1.065342
662 7 1.056805
663 7 0.970510
664 7 1.008573
665 7 0.986801
666 7 1.056717
667 7 0.986659
668 7 1.063271
669 7 1.059505
670 7 0.862086
671 7 1.109686
672 7 0.944903
673 7 0.981522
674 7 1.105856
675 7 1.092254
676 7 0.990365
677 7 0.912799
678 7 0.977370
679 7 1.022320
680 7 0.999911
681 7 0.950014
682 7 0.890786
683 7 0.921443
684 7 1.034299
685 7 0.990954
686 7 0.932336
687 7 0.982107
688 7 1.027178
689 7 1.012882
690 7 1.005425
691 7 0.937684
692 7 0.752532
693 7 0.729780
694 7 0.997688
695 7 0.964300
696 7 1.073501
697 7 0.968079
698 7 0.924552
699 7 0.978110
700 8 0.910786
701 8 1.109028
702 8 1.060649
703 8 0.974056
704 8 0.939442
705 8 1.012403
706 8 0.928336
707 8 0.882537
708 8 0.869392
709 8 0.993933
710 8 0.880325
711 8 0.849284
712 8 1.068691
713 8 0.908761
714 8 1.020596
715 8 0.876996
716 8 1.007335
717 8 0.986426
718 8 1.020337
719 8 0.866370
720 8 1.012193
721 8 0.887316
722 8 1.048604
723 8 0.916656
724 8 1.032856
725 8 0.892802
726 8 0.938875
727 8 0.820948
728 8 0.985909
729 8 0.835853
730 8 0.819408
731 8 1.050959
732 8 0.887518
733 8 1.031243
734 8 0.985731
735 8 1.059475
736 8 0.815192
737 8 1.090424
738 8 0.915738
739 8 1.051983
740 8 1.016964
741 8 0.892139
742 8 1.025482
743 8 0.895963
744 8 0.875168
745 8 0.955072
746 8 0.823184
747 8 0.869537
748 8 1.033706
749 8 1.026744
750 8 1.100473
751 8 1.101178
752 8 0.911645
753 8 0.921463
754 8 0.997876
755 8 0.953692
756 8 0.830002
757 8 0.911359
758 8 0.912102
759 8 1.008972
760 8 0.919336
761 8 1.040719
762 8 0.827425
763 8 1.118877
764 8 1.034126
765 8 1.086732
766 8 0.920034
767 8 0.976575
768 8 1.003063
769 8 0.856886
770 8 1.020061
771 8 0.897053
772 8 0.979055
773 8 0.809519
774 8 0.933773
775 8 0.997702
776 8 0.926884
777 8 1.064862
778 8 0.949101
779 8 0.926584
780 8 0.943313
781 8 1.064375
782 8 0.751476
783 8 0.667856
784 8 0.770490
785 8 0.769557
786 8 0.942036
787 8 0.824149
788 8 0.935721
789 8 0.811611
790 8 0.961244
791 8 1.005140
792 8 1.183457
793 8 0.906247
794 8 1.008683
795 8 0.970656
796 8 0.900177
797 8 1.050030
798 8 0.893321
799 8 0.972574
800 9 0.846644
801 9 0.870637
802 9 0.937023
803 9 1.016247
804 9 0.947783
805 9 0.795028
806 9 0.941013
807 9 1.035966
808 9 0.954794
809 9 0.890751
810 9 0.921678
811 9 0.924541
812 9 1.046998
813 9 0.857827
814 9 0.943571
815 9 0.859095
816 9 1.034802
817 9 1.042811
818 9 0.884116
819 9 0.992494
820 9 1.015471
821 9 1.033391
822 9 0.996282
823 9 0.964470
824 9 1.077672
825 9 0.943472
826 9 0.909144
827 9 1.042288
828 9 0.893132
829 9 1.014732
830 9 0.761474
831 9 0.970179
832 9 0.964803
833 9 1.004167
834 9 1.012544
835 9 0.629101
836 9 0.877228
837 9 0.844025
838 9 0.775680
839 9 1.014120
840 9 1.027697
841 9 0.924640
842 9 1.006491
843 9 0.985107
844 9 0.684802
845 9 0.780532
846 9 0.904051
847 9 0.959348
848 9 0.687396
849 9 1.008746
850 9 0.883678
851 9 1.068548
852 9 0.889675
853 9 0.999083
854 9 1.034490
855 9 0.732799
856 9 0.993614
857 9 0.918928
858 9 0.830141
859 9 0.880555
860 9 1.044930
861 9 0.994357
862 9 1.000594
863 9 0.789059
864 9 0.683290
865 9 1.018666
866 9 1.000755
867 9 0.976215
868 9 1.067797
869 9 1.002977
870 9 0.877277
871 9 1.039786
872 9 0.979100
873 9 0.786669
874 9 1.142421
875 9 1.088514
876 9 0.920020
877 9 0.844275
878 9 0.805783
879 9 0.950249
880 9 1.146909
881 9 1.016876
882 9 0.804005
883 9 0.979482
884 9 0.818501
885 9 1.011274
886 9 0.747907
887 9 0.992087
888 9 1.055316
889 9 0.956473
890 9 0.920098
891 9 0.853079
892 9 0.961777
893 9 1.033637
894 9 1.027797
895 9 0.961737
896 9 0.857400
897 9 0.923367
898 9 0.911616
899 9 0.893292
900 10 0.862130
901 10 0.879523
902 10 1.023245
903 10 0.860137
904 10 0.854119
905 10 0.901730
906 10 0.994085
907 10 0.976783
908 10 1.029047
909 10 1.069535
910 10 1.032922
911 10 0.981482
912 10 0.962895
913 10 0.826729
914 10 0.854741
915 10 0.938329
916 10 1.032815
917 10 0.759842
918 10 1.081679
919 10 0.864355
920 10 0.964715
921 10 0.857856
922 10 0.952310
923 10 0.940226
924 10 0.839846
925 10 1.018534
926 10 0.939841
927 10 0.658022
928 10 1.129982
929 10 1.035905
930 10 1.064258
931 10 0.997155
932 10 0.975602
933 10 1.091165
934 10 0.969173
935 10 1.027730
936 10 0.839974
937 10 0.796113
938 10 0.854385
939 10 1.068445
940 10 0.714646
941 10 0.909115
942 10 0.992672
943 10 0.615733
944 10 0.915847
945 10 0.877184
946 10 0.821940
947 10 0.989098
948 10 0.666380
949 10 0.751479
950 10 1.109859
951 10 1.003029
952 10 0.991122
953 10 0.978572
954 10 0.806123
955 10 0.745882
956 10 1.054940
957 10 1.103916
958 10 0.867031
959 10 0.913637
960 10 1.021249
961 10 0.767874
962 10 0.955293
963 10 1.050593
964 10 0.638626
965 10 0.776597
966 10 0.831248
967 10 0.897175
968 10 0.879479
969 10 0.824232
970 10 0.596381
971 10 0.890806
972 10 0.956289
973 10 0.558184
974 10 0.941340
975 10 1.092038
976 10 0.907950
977 10 0.960463
978 10 0.775219
979 10 0.775142
980 10 0.746983
981 10 1.072049
982 10 0.849418
983 10 0.627426
984 10 1.032412
985 10 0.888938
986 10 0.996112
987 10 0.861728
988 10 0.909217
989 10 0.814875
990 10 1.094131
991 10 0.941170
992 10 0.969870
993 10 1.078137
994 10 0.910011
995 10 0.843087
996 10 1.116587
997 10 0.829410
998 10 0.822211
999 10 0.890569
1000 11 0.946817
1001 11 0.838548
1002 11 0.952456
1003 11 0.822238
1004 11 0.970576
1005 11 0.919127
1006 11 0.532312
1007 11 1.012525
1008 11 0.688845
1009 11 0.788811
1010 11 0.964701
1011 11 0.664775
1012 11 1.004449
1013 11 0.857315
1014 11 1.029886
1015 11 0.769724
1016 11 0.742746
1017 11 0.671352
1018 11 0.906365
1019 11 0.814005
1020 11 0.838776
1021 11 0.738982
1022 11 0.955562
1023 11 0.845369
1024 11 0.870756
1025 11 0.863649
1026 11 0.900398
1027 11 0.921261
1028 11 0.771689
1029 11 1.072710
1030 11 1.044064
1031 11 0.829544
1032 11 0.830740
1033 11 0.600382
1034 11 0.801049
1035 11 1.049973
1036 11 0.852135
1037 11 0.618340
1038 11 0.840729
1039 11 0.997938
1040 11 0.941796
1041 11 0.921222
1042 11 1.105579
1043 11 0.788719
1044 11 0.894985
1045 11 0.997988
1046 11 0.963163
1047 11 0.865082
1048 11 0.901954
1049 11 0.887519
1050 11 0.653687
1051 11 0.864416
1052 11 1.060269
1053 11 0.739305
1054 11 0.745667
1055 11 1.080433
1056 11 1.076527
1057 11 0.987579
1058 11 1.015594
1059 11 0.896454
1060 11 0.798208
1061 11 0.864940
1062 11 0.978023
1063 11 0.899550
1064 11 1.151996
1065 11 0.693804
1066 11 1.155787
1067 11 0.978354
1068 11 0.923358
1069 11 0.711960
1070 11 0.440924
1071 11 0.745270
1072 11 0.721326
1073 11 0.967141
1074 11 0.889921
1075 11 1.028094
1076 11 0.841633
1077 11 0.881638
1078 11 0.933350
1079 11 0.806530
1080 11 1.065142
1081 11 0.556425
1082 11 0.924029
1083 11 1.000283
1084 11 0.989658
1085 11 0.989227
1086 11 0.742662
1087 11 1.002232
1088 11 0.918344
1089 11 0.774686
1090 11 0.953757
1091 11 1.006672
1092 11 1.005601
1093 11 0.962992
1094 11 0.963246
1095 11 0.770222
1096 11 0.867244
1097 11 0.804564
1098 11 1.019488
1099 11 1.011722
1100 12 0.918587
1101 12 0.636548
1102 12 0.919779
1103 12 0.620001
1104 12 0.824025
1105 12 1.050608
1106 12 0.846847
1107 12 1.022646
1108 12 0.653975
1109 12 0.809899
1110 12 0.843480
1111 12 0.835742
1112 12 1.082986
1113 12 0.760797
1114 12 1.024796
1115 12 0.870735
1116 12 0.520184
1117 12 1.046216
1118 12 0.729973
1119 12 1.114729
1120 12 0.856100
1121 12 0.990650
1122 12 0.791981
1123 12 0.897651
1124 12 0.523681
1125 12 0.798567
1126 12 0.625845
1127 12 0.793388
1128 12 0.867825
1129 12 0.940703
1130 12 0.702609
1131 12 0.913602
1132 12 0.934941
1133 12 0.998240
1134 12 0.749386
1135 12 0.608644
1136 12 0.861198
1137 12 0.596628
1138 12 1.044116
1139 12 1.055163
1140 12 0.912169
1141 12 0.777617
1142 12 0.820917
1143 12 0.880130
1144 12 0.879678
1145 12 0.980187
1146 12 0.898074
1147 12 0.737650
1148 12 1.011117
1149 12 0.911165
1150 12 0.778031
1151 12 0.669105
1152 12 0.647200
1153 12 0.740767
1154 12 1.045977
1155 12 0.957529
1156 12 0.906368
1157 12 0.970456
1158 12 0.393093
1159 12 1.002588
1160 12 0.831048
1161 12 0.860462
1162 12 1.000892
1163 12 0.825668
1164 12 0.911672
1165 12 1.089848
1166 12 1.041104
1167 12 0.795286
1168 12 1.084106
1169 12 0.942566
1170 12 0.797936
1171 12 1.075146
1172 12 0.821536
1173 12 0.500070
1174 12 0.991715
1175 12 0.865183
1176 12 0.919300
1177 12 0.970950
1178 12 0.986122
1179 12 0.909272
1180 12 0.601837
1181 12 0.749384
1182 12 0.793760
1183 12 0.995201
1184 12 0.811709
1185 12 0.909098
1186 12 0.417809
1187 12 1.029382
1188 12 1.032714
1189 12 0.818431
1190 12 0.667620
1191 12 1.019381
1192 12 0.722143
1193 12 0.985471
1194 12 1.034317
1195 12 1.034003
1196 12 1.018337
1197 12 0.975163
1198 12 0.751643
1199 12 1.027907
1200 13 0.617236
1201 13 0.652260
1202 13 0.696016
1203 13 0.898634
1204 13 0.842559
1205 13 0.728205
1206 13 0.995094
1207 13 0.809369
1208 13 0.967177
1209 13 0.978328
1210 13 0.981936
1211 13 0.791301
1212 13 0.771180
1213 13 0.816756
1214 13 0.884780
1215 13 0.867291
1216 13 0.994288
1217 13 0.915058
1218 13 1.078523
1219 13 0.831313
1220 13 0.948919
1221 13 0.896334
1222 13 0.819217
1223 13 0.751815
1224 13 0.748008
1225 13 0.434422
1226 13 0.791412
1227 13 1.041112
1228 13 0.795581
1229 13 0.983590
1230 13 0.841492
1231 13 0.395183
1232 13 1.022034
1233 13 0.943128
1234 13 0.823866
1235 13 0.590087
1236 13 0.975568
1237 13 0.978447
1238 13 0.976218
1239 13 0.872235
1240 13 0.676106
1241 13 0.710900
1242 13 0.792787
1243 13 0.991905
1244 13 0.780444
1245 13 0.383581
1246 13 0.710754
1247 13 0.836984
1248 13 0.830298
1249 13 0.611341
1250 13 0.650337
1251 13 0.566838
1252 13 0.788968
1253 13 0.814944
1254 13 0.748906
1255 13 0.695675
1256 13 0.867211
1257 13 0.721542
1258 13 0.914314
1259 13 1.023250
1260 13 1.029096
1261 13 1.019540
1262 13 1.027842
1263 13 0.816115
1264 13 0.763064
1265 13 0.755195
1266 13 1.016345
1267 13 0.801092
1268 13 0.789124
1269 13 0.712734
1270 13 1.041045
1271 13 0.906352
1272 13 0.910494
1273 13 0.699822
1274 13 1.089913
1275 13 0.892651
1276 13 0.955618
1277 13 0.706927
1278 13 0.973653
1279 13 0.874395
1280 13 1.006698
1281 13 0.796826
1282 13 0.686839
1283 13 0.842803
1284 13 0.782999
1285 13 0.865941
1286 13 0.869349
1287 13 1.249663
1288 13 0.985958
1289 13 0.816708
1290 13 0.992040
1291 13 1.064924
1292 13 1.017375
1293 13 1.079650
1294 13 0.776040
1295 13 0.620060
1296 13 0.930695
1297 13 1.026179
1298 13 0.464209
1299 13 0.387154
1300 14 0.829946
1301 14 0.820047
1302 14 0.936572
1303 14 1.079680
1304 14 0.965650
1305 14 0.941740
1306 14 1.048474
1307 14 0.849096
1308 14 0.598051
1309 14 1.084972
1310 14 0.790662
1311 14 0.750660
1312 14 0.984022
1313 14 0.875784
1314 14 0.815060
1315 14 0.768854
1316 14 0.917550
1317 14 1.104338
1318 14 0.793861
1319 14 0.317551
1320 14 0.534166
1321 14 0.946473
1322 14 0.323702
1323 14 0.951896
1324 14 0.281904
1325 14 0.759696
1326 14 0.811469
1327 14 0.925701
1328 14 0.795763
1329 14 0.916294
1330 14 0.862242
1331 14 1.049669
1332 14 1.040252
1333 14 0.704068
1334 14 0.940691
1335 14 0.901695
1336 14 0.729405
1337 14 0.869394
1338 14 0.695741
1339 14 0.924942
1340 14 1.017827
1341 14 0.412687
1342 14 0.930968
1343 14 0.696371
1344 14 0.792445
1345 14 0.947865
1346 14 0.695201
1347 14 0.805291
1348 14 0.904316
1349 14 0.967115
1350 14 0.911231
1351 14 0.691484
1352 14 0.744441
1353 14 0.694042
1354 14 0.831316
1355 14 0.854236
1356 14 0.725155
1357 14 0.959825
1358 14 0.937771
1359 14 0.940814
1360 14 0.772244
1361 14 1.053948
1362 14 0.792911
1363 14 0.712327
1364 14 0.896072
1365 14 0.932079
1366 14 0.667781
1367 14 0.852870
1368 14 1.008161
1369 14 1.120153
1370 14 0.685480
1371 14 0.903310
1372 14 0.723196
1373 14 0.761391
1374 14 0.577059
1375 14 0.654493
1376 14 0.771333
1377 14 0.994442
1378 14 0.974986
1379 14 0.806138
1380 14 0.780572
1381 14 0.781829
1382 14 1.087700
1383 14 1.038478
1384 14 0.592235
1385 14 0.702368
1386 14 0.908018
1387 14 1.003294
1388 14 1.038821
1389 14 0.962706
1390 14 1.026494
1391 14 0.831099
1392 14 0.331761
1393 14 0.665483
1394 14 0.782894
1395 14 1.052596
1396 14 0.796658
1397 14 0.530900
1398 14 0.866792
1399 14 0.969971
1400 15 0.618962
1401 15 0.594253
1402 15 1.029078
1403 15 0.807762
1404 15 0.861306
1405 15 0.815522
1406 15 0.945844
1407 15 0.952942
1408 15 1.117761
1409 15 0.748984
1410 15 1.001827
1411 15 0.868610
1412 15 0.946034
1413 15 0.627922
1414 15 0.746486
1415 15 0.998972
1416 15 0.953799
1417 15 0.735247
1418 15 0.300275
1419 15 0.887395
1420 15 0.634335
1421 15 0.719195
1422 15 0.955935
1423 15 0.780252
1424 15 0.849256
1425 15 0.930176
1426 15 1.067443
1427 15 0.879192
1428 15 0.670655
1429 15 0.894894
1430 15 0.762234
1431 15 0.847182
1432 15 1.084651
1433 15 0.279735
1434 15 1.047861
1435 15 0.575633
1436 15 0.988934
1437 15 0.700086
1438 15 0.839085
1439 15 0.749407
1440 15 0.985454
1441 15 0.604929
1442 15 0.802535
1443 15 0.734483
1444 15 0.757572
1445 15 0.803888
1446 15 0.888363
1447 15 0.906184
1448 15 0.787495
1449 15 0.712073
1450 15 0.890318
1451 15 0.852687
1452 15 0.513640
1453 15 0.998928
1454 15 1.038258
1455 15 0.869924
1456 15 0.986301
1457 15 0.379718
1458 15 0.285065
1459 15 0.765604
1460 15 1.017463
1461 15 0.854469
1462 15 1.120439
1463 15 0.280737
1464 15 0.755527
1465 15 0.999211
1466 15 0.859537
1467 15 0.598237
1468 15 0.956555
1469 15 0.933880
1470 15 1.038189
1471 15 0.642360
1472 15 0.807002
1473 15 0.843487
1474 15 0.922605
1475 15 1.077810
1476 15 0.764125
1477 15 0.620067
1478 15 1.007420
1479 15 0.587417
1480 15 0.811559
1481 15 0.625234
1482 15 0.874356
1483 15 0.992405
1484 15 0.749666
1485 15 0.921876
1486 15 1.047767
1487 15 0.976973
1488 15 0.412915
1489 15 0.876704
1490 15 0.922711
1491 15 0.827166
1492 15 0.875555
1493 15 1.032899
1494 15 1.048477
1495 15 0.845015
1496 15 0.650518
1497 15 0.781559
1498 15 0.947437
1499 15 0.882984
1500 16 0.988697
1501 16 1.008537
1502 16 0.653393
1503 16 0.797184
1504 16 0.952695
1505 16 1.185970
1506 16 0.262329
1507 16 0.741595
1508 16 0.675280
1509 16 0.985445
1510 16 0.932781
1511 16 0.735207
1512 16 0.675646
1513 16 0.673439
1514 16 0.786297
1515 16 0.916847
1516 16 0.816716
1517 16 1.102816
1518 16 0.875361
1519 16 0.696978
1520 16 1.103115
1521 16 0.760087
1522 16 0.730914
1523 16 0.632855
1524 16 1.077989
1525 16 0.859410
1526 16 0.566704
1527 16 0.845596
1528 16 1.071204
1529 16 0.711116
1530 16 0.961202
1531 16 0.939498
1532 16 0.497549
1533 16 0.266897
1534 16 0.818638
1535 16 0.841848
1536 16 0.588854
1537 16 0.597124
1538 16 0.576661
1539 16 0.742639
1540 16 0.680521
1541 16 0.996189
1542 16 0.682646
1543 16 0.891255
1544 16 0.592210
1545 16 1.032583
1546 16 0.779965
1547 16 0.813602
1548 16 0.755869
1549 16 0.772607
1550 16 0.718260
1551 16 0.899751
1552 16 0.586623
1553 16 0.868672
1554 16 0.863472
1555 16 0.914187
1556 16 0.720741
1557 16 0.330810
1558 16 0.935408
1559 16 0.534878
1560 16 0.948793
1561 16 1.044797
1562 16 0.706265
1563 16 0.859637
1564 16 0.832035
1565 16 0.976712
1566 16 0.975156
1567 16 0.937552
1568 16 0.869144
1569 16 0.957849
1570 16 1.054232
1571 16 0.946680
1572 16 0.601960
1573 16 0.576156
1574 16 0.501250
1575 16 0.682792
1576 16 0.686985
1577 16 0.890663
1578 16 0.954936
1579 16 0.825228
1580 16 0.631252
1581 16 1.002793
1582 16 0.918732
1583 16 0.747501
1584 16 0.764526
1585 16 0.791790
1586 16 0.762152
1587 16 0.841679
1588 16 0.682478
1589 16 0.888936
1590 16 0.540790
1591 16 0.338112
1592 16 1.122019
1593 16 0.682006
1594 16 0.735105
1595 16 1.011798
1596 16 1.021514
1597 16 0.689620
1598 16 0.972277
1599 16 0.816594
1600 17 0.234536
1601 17 0.587106
1602 17 0.885353
1603 17 0.774694
1604 17 0.890919
1605 17 1.023442
1606 17 0.674676
1607 17 0.766784
1608 17 0.686138
1609 17 0.962879
1610 17 0.782780
1611 17 0.919138
1612 17 0.891333
1613 17 0.608852
1614 17 0.526644
1615 17 0.702898
1616 17 0.696813
1617 17 0.666727
1618 17 0.912653
1619 17 0.768572
1620 17 0.899432
1621 17 0.864929
1622 17 0.950967
1623 17 0.780794
1624 17 0.956624
1625 17 1.059802
1626 17 0.669174
1627 17 1.053880
1628 17 0.841169
1629 17 0.787546
1630 17 0.566392
1631 17 0.718076
1632 17 0.887076
1633 17 0.546723
1634 17 0.950651
1635 17 1.053663
1636 17 0.720262
1637 17 0.824301
1638 17 0.724501
1639 17 0.962995
1640 17 1.047146
1641 17 0.637112
1642 17 0.636167
1643 17 0.990810
1644 17 0.569165
1645 17 1.060238
1646 17 0.836854
1647 17 0.916332
1648 17 1.016512
1649 17 0.640467
1650 17 0.636356
1651 17 0.914342
1652 17 0.986182
1653 17 0.934476
1654 17 0.539565
1655 17 0.820949
1656 17 0.307972
1657 17 0.589580
1658 17 0.599903
1659 17 0.836026
1660 17 0.847389
1661 17 1.015626
1662 17 0.815765
1663 17 0.812831
1664 17 0.922327
1665 17 0.249611
1666 17 0.354421
1667 17 0.899452
1668 17 0.896855
1669 17 0.704399
1670 17 0.526696
1671 17 0.755294
1672 17 0.628365
1673 17 1.018223
1674 17 0.839498
1675 17 0.796770
1676 17 0.586765
1677 17 0.780805
1678 17 0.668910
1679 17 1.061598
1680 17 0.874056
1681 17 0.688719
1682 17 0.692876
1683 17 0.938850
1684 17 0.739947
1685 17 0.706399
1686 17 1.106192
1687 17 1.011153
1688 17 0.944812
1689 17 0.771917
1690 17 0.780737
1691 17 0.873380
1692 17 0.612256
1693 17 0.252256
1694 17 0.740677
1695 17 0.979004
1696 17 0.609141
1697 17 0.783188
1698 17 1.000034
1699 17 0.814435
1700 18 1.064465
1701 18 0.690171
1702 18 0.865518
1703 18 0.870064
1704 18 0.779564
1705 18 0.666862
1706 18 0.866278
1707 18 0.560745
1708 18 0.666035
1709 18 0.692230
1710 18 0.879196
1711 18 0.779580
1712 18 0.989794
1713 18 0.546700
1714 18 0.637663
1715 18 0.943243
1716 18 0.807180
1717 18 0.726984
1718 18 0.652489
1719 18 0.916148
1720 18 0.759773
1721 18 0.895148
1722 18 0.591182
1723 18 1.004318
1724 18 1.054654
1725 18 0.838539
1726 18 1.061391
1727 18 0.606901
1728 18 0.842319
1729 18 1.014792
1730 18 0.816655
1731 18 0.568828
1732 18 0.867732
1733 18 0.794959
1734 18 0.620488
1735 18 0.384526
1736 18 0.635916
1737 18 0.970039
1738 18 0.327010
1739 18 0.959150
1740 18 0.983039
1741 18 0.743585
1742 18 0.257773
1743 18 1.191638
1744 18 0.823905
1745 18 0.697763
1746 18 0.963128
1747 18 0.953253
1748 18 0.661008
1749 18 0.947417
1750 18 1.013170
1751 18 1.004017
1752 18 0.832435
1753 18 0.854621
1754 18 0.836015
1755 18 1.090730
1756 18 0.805742
1757 18 0.588844
1758 18 0.780721
1759 18 0.779622
1760 18 0.625591
1761 18 0.529426
1762 18 0.843714
1763 18 0.604441
1764 18 0.789279
1765 18 0.524977
1766 18 0.869797
1767 18 0.658772
1768 18 0.814987
1769 18 0.498409
1770 18 0.635942
1771 18 0.680359
1772 18 0.918423
1773 18 0.379994
1774 18 0.942195
1775 18 0.824125
1776 18 0.827468
1777 18 0.767922
1778 18 0.707187
1779 18 0.605940
1780 18 0.817481
1781 18 0.728410
1782 18 0.988822
1783 18 0.692858
1784 18 1.042759
1785 18 0.939101
1786 18 1.025285
1787 18 0.856330
1788 18 0.864114
1789 18 0.932891
1790 18 0.629166
1791 18 0.681986
1792 18 0.529674
1793 18 0.335641
1794 18 1.089256
1795 18 0.489690
1796 18 0.208094
1797 18 0.569977
1798 18 0.759950
1799 18 0.981195
1800 19 0.872875
1801 19 0.853749
1802 19 0.940244
1803 19 0.819672
1804 19 0.907469
1805 19 0.884246
1806 19 0.534966
1807 19 0.889986
1808 19 0.735252
1809 19 0.717720
1810 19 1.003625
1811 19 0.533572
1812 19 0.704321
1813 19 0.625886
1814 19 0.761058
1815 19 0.959682
1816 19 0.751111
1817 19 0.636766
1818 19 0.773059
1819 19 0.666881
1820 19 1.117680
1821 19 0.583769
1822 19 0.577144
1823 19 0.329725
1824 19 0.786304
1825 19 0.769958
1826 19 0.642513
1827 19 0.795403
1828 19 0.810700
1829 19 0.656154
1830 19 0.711075
1831 19 0.967527
1832 19 0.831653
1833 19 0.627750
1834 19 0.934652
1835 19 0.306942
1836 19 0.685367
1837 19 0.833581
1838 19 1.003034
1839 19 0.696694
1840 19 0.525693
1841 19 0.948832
1842 19 0.864779
1843 19 0.856350
1844 19 0.413381
1845 19 1.011414
1846 19 0.819546
1847 19 0.749643
1848 19 1.010842
1849 19 0.773460
1850 19 0.913900
1851 19 0.188366
1852 19 0.959795
1853 19 0.746848
1854 19 0.743820
1855 19 0.758063
1856 19 0.735602
1857 19 0.861445
1858 19 0.671409
1859 19 0.764947
1860 19 0.708196
1861 19 0.900074
1862 19 0.814458
1863 19 0.671544
1864 19 0.591410
1865 19 0.483847
1866 19 0.618987
1867 19 0.600928
1868 19 0.921403
1869 19 0.942265
1870 19 0.895973
1871 19 0.599077
1872 19 1.004288
1873 19 0.858550
1874 19 0.704996
1875 19 0.944082
1876 19 0.767908
1877 19 0.762443
1878 19 0.608413
1879 19 0.889505
1880 19 0.714744
1881 19 0.924030
1882 19 0.245915
1883 19 0.590604
1884 19 1.004357
1885 19 0.815020
1886 19 0.651106
1887 19 0.922787
1888 19 0.991932
1889 19 0.780902
1890 19 0.490715
1891 19 0.646095
1892 19 0.998335
1893 19 0.880553
1894 19 1.056883
1895 19 1.039265
1896 19 0.708479
1897 19 0.690379
1898 19 0.240920
1899 19 0.478459
1900 20 0.673801
1901 20 0.693739
1902 20 1.051747
1903 20 0.672684
1904 20 0.559132
1905 20 0.697391
1906 20 0.989779
1907 20 0.640941
1908 20 0.711821
1909 20 0.855313
1910 20 0.563441
1911 20 1.009675
1912 20 0.913513
1913 20 0.997237
1914 20 0.931375
1915 20 0.967695
1916 20 0.763822
1917 20 0.863978
1918 20 0.872362
1919 20 0.201507
1920 20 0.484193
1921 20 0.799553
1922 20 0.493942
1923 20 0.661717
1924 20 1.007890
1925 20 0.994356
1926 20 0.770606
1927 20 0.521286
1928 20 0.717705
1929 20 0.933635
1930 20 0.584051
1931 20 0.825997
1932 20 0.523647
1933 20 0.710166
1934 20 0.953268
1935 20 0.824842
1936 20 0.537922
1937 20 0.170170
1938 20 0.864461
1939 20 0.887586
1940 20 0.539014
1941 20 0.599131
1942 20 0.617986
1943 20 0.857594
1944 20 0.196349
1945 20 0.302346
1946 20 0.747250
1947 20 1.002011
1948 20 0.809856
1949 20 0.931582
1950 20 0.903158
1951 20 0.698259
1952 20 0.783548
1953 20 0.903595
1954 20 0.936227
1955 20 0.628511
1956 20 0.971857
1957 20 0.944944
1958 20 0.403813
1959 20 0.687718
1960 20 0.900274
1961 20 0.238984
1962 20 0.879189
1963 20 0.165842
1964 20 0.796839
1965 20 0.844869
1966 20 0.987493
1967 20 0.589157
1968 20 0.664939
1969 20 0.639083
1970 20 0.850826
1971 20 0.815958
1972 20 0.587888
1973 20 0.747504
1974 20 1.004794
1975 20 0.920822
1976 20 0.679082
1977 20 0.795153
1978 20 0.810281
1979 20 0.922671
1980 20 0.925347
1981 20 0.774812
1982 20 0.685308
1983 20 0.520700
1984 20 0.931537
1985 20 0.881766
1986 20 0.574712
1987 20 0.432060
1988 20 0.822098
1989 20 0.761762
1990 20 0.993184
1991 20 0.989522
1992 20 0.911035
1993 20 0.867247
1994 20 0.979523
1995 20 0.759228
1996 20 0.595771
1997 20 0.704457
1998 20 1.070071
1999 20 0.740385
2000 21 0.794346
2001 21 0.762016
2002 21 1.038139
2003 21 0.633903
2004 21 0.746750
2005 21 0.760051
2006 21 0.957078
2007 21 0.631998
2008 21 1.134253
2009 21 0.576855
2010 21 0.696904
2011 21 0.667840
2012 21 0.698705
2013 21 0.484903
2014 21 0.605989
2015 21 0.531026
2016 21 0.377680
2017 21 0.721417
2018 21 0.701207
2019 21 0.808047
2020 21 0.665051
2021 21 1.059616
2022 21 0.947035
2023 21 0.746304
2024 21 0.622223
2025 21 0.869407
2026 21 0.892919
2027 21 0.598795
2028 21 0.750919
2029 21 0.801892
2030 21 0.702777
2031 21 0.797519
2032 21 0.796878
2033 21 0.902800
2034 21 0.636077
2035 21 0.823270
2036 21 0.601690
2037 21 0.190077
2038 21 0.956299
2039 21 0.455784
2040 21 0.959136
2041 21 1.008696
2042 21 0.904083
2043 21 0.639727
2044 21 0.895145
2045 21 0.862182
2046 21 0.619843
2047 21 0.707230
2048 21 1.090621
2049 21 0.948225
2050 21 0.659470
2051 21 0.233209
2052 21 1.136749
2053 21 0.878823
2054 21 0.952438
2055 21 0.593222
2056 21 0.863664
2057 21 0.629461
2058 21 0.179548
2059 21 0.740609
2060 21 0.813148
2061 21 0.326028
2062 21 0.617365
2063 21 0.776840
2064 21 0.693619
2065 21 0.588123
2066 21 0.778735
2067 21 0.572111
2068 21 0.846464
2069 21 0.500886
2070 21 0.661511
2071 21 0.860991
2072 21 0.592509
2073 21 0.943831
2074 21 0.783258
2075 21 1.012314
2076 21 0.449762
2077 21 0.729485
2078 21 0.835141
2079 21 0.615122
2080 21 0.865049
2081 21 0.592649
2082 21 0.697746
2083 21 0.597345
2084 21 0.193565
2085 21 0.752706
2086 21 0.701104
2087 21 0.787112
2088 21 0.627877
2089 21 0.830758
2090 21 0.187266
2091 21 1.017985
2092 21 0.691961
2093 21 0.745016
2094 21 1.018471
2095 21 0.502971
2096 21 1.004988
2097 21 0.771812
2098 21 0.902446
2099 21 0.997454
2100 22 0.596217
2101 22 0.818010
2102 22 0.934834
2103 22 0.698372
2104 22 0.518230
2105 22 0.661848
2106 22 0.870172
2107 22 0.585426
2108 22 0.644247
2109 22 0.218342
2110 22 0.703778
2111 22 0.982838
2112 22 0.286018
2113 22 0.703427
2114 22 0.140128
2115 22 0.934280
2116 22 0.645377
2117 22 0.586513
2118 22 0.758081
2119 22 0.639231
2120 22 0.659930
2121 22 0.919448
2122 22 0.543014
2123 22 0.427850
2124 22 0.613643
2125 22 0.648063
2126 22 0.828825
2127 22 0.876912
2128 22 0.924396
2129 22 0.729795
2130 22 0.945380
2131 22 0.824225
2132 22 0.918247
2133 22 0.887266
2134 22 0.882734
2135 22 0.559009
2136 22 0.611293
2137 22 0.950822
2138 22 0.848968
2139 22 0.589545
2140 22 0.678679
2141 22 0.685071
2142 22 1.000334
2143 22 0.774543
2144 22 0.824102
2145 22 1.051335
2146 22 0.577146
2147 22 0.551096
2148 22 0.560518
2149 22 0.679305
2150 22 0.726565
2151 22 1.066221
2152 22 0.730563
2153 22 0.688146
2154 22 0.489861
2155 22 0.209560
2156 22 0.707601
2157 22 0.648333
2158 22 0.980817
2159 22 0.637523
2160 22 0.687024
2161 22 0.609150
2162 22 0.640662
2163 22 0.725575
2164 22 0.950591
2165 22 0.671618
2166 22 0.649495
2167 22 0.710706
2168 22 0.587888
2169 22 0.673643
2170 22 0.606813
2171 22 0.917420
2172 22 0.584398
2173 22 0.765410
2174 22 0.850212
2175 22 0.767197
2176 22 0.928213
2177 22 0.163950
2178 22 1.022295
2179 22 0.880002
2180 22 0.843948
2181 22 0.747126
2182 22 0.831670
2183 22 1.012297
2184 22 0.689245
2185 22 0.942530
2186 22 1.028134
2187 22 0.663077
2188 22 0.913466
2189 22 0.782297
2190 22 0.559377
2191 22 1.150434
2192 22 0.524082
2193 22 0.553303
2194 22 0.169976
2195 22 0.992482
2196 22 0.687816
2197 22 1.196898
2198 22 0.701412
2199 22 0.992028
2200 23 0.701545
2201 23 0.842849
2202 23 0.466615
2203 23 0.865987
2204 23 0.696412
2205 23 0.884004
2206 23 1.012359
2207 23 0.267795
2208 23 0.517998
2209 23 0.863119
2210 23 1.050465
2211 23 0.420357
2212 23 0.443509
2213 23 0.714006
2214 23 0.724216
2215 23 0.758669
2216 23 0.612383
2217 23 0.669452
2218 23 0.646626
2219 23 0.718827
2220 23 0.786648
2221 23 0.691485
2222 23 0.718437
2223 23 0.470153
2224 23 1.057790
2225 23 0.804662
2226 23 0.754554
2227 23 0.488102
2228 23 0.514791
2229 23 0.182314
2230 23 0.498096
2231 23 0.655497
2232 23 0.788554
2233 23 0.860038
2234 23 0.542638
2235 23 1.087271
2236 23 0.825152
2237 23 0.726966
2238 23 0.867156
2239 23 0.606874
2240 23 0.630261
2241 23 0.874794
2242 23 0.724363
2243 23 0.850493
2244 23 0.627202
2245 23 0.874819
2246 23 0.883321
2247 23 0.840753
2248 23 0.837043
2249 23 0.190551
2250 23 0.755405
2251 23 0.726723
2252 23 0.536448
2253 23 0.478406
2254 23 0.775820
2255 23 0.948218
2256 23 0.810438
2257 23 0.423119
2258 23 0.621571
2259 23 0.902295
2260 23 0.907655
2261 23 0.661943
2262 23 0.746960
2263 23 0.951768
2264 23 0.705607
2265 23 0.740899
2266 23 0.730176
2267 23 0.746597
2268 23 0.549435
2269 23 0.731707
2270 23 0.609661
2271 23 1.056364
2272 23 0.569525
2273 23 0.879247
2274 23 0.933566
2275 23 0.771165
2276 23 1.028470
2277 23 0.536587
2278 23 0.842557
2279 23 0.916030
2280 23 0.598318
2281 23 0.165570
2282 23 0.628045
2283 23 0.611872
2284 23 0.512377
2285 23 0.541192
2286 23 0.761594
2287 23 0.895834
2288 23 0.862423
2289 23 0.960989
2290 23 0.724880
2291 23 0.849793
2292 23 0.604787
2293 23 0.836895
2294 23 0.968000
2295 23 0.136351
2296 23 0.699499
2297 23 0.150340
2298 23 1.020027
2299 23 0.526283
2300 24 0.686756
2301 24 0.419776
2302 24 0.564134
2303 24 0.630011
2304 24 0.551038
2305 24 0.948435
2306 24 0.516770
2307 24 0.741987
2308 24 1.072680
2309 24 0.987021
2310 24 0.657010
2311 24 0.919540
2312 24 0.661144
2313 24 0.734981
2314 24 0.577675
2315 24 0.947005
2316 24 0.707744
2317 24 0.523075
2318 24 0.260794
2319 24 0.878165
2320 24 1.075127
2321 24 1.010839
2322 24 0.820252
2323 24 0.529976
2324 24 0.663748
2325 24 0.205558
2326 24 0.908244
2327 24 0.893317
2328 24 0.859379
2329 24 0.593145
2330 24 0.804787
2331 24 0.981687
2332 24 0.148504
2333 24 0.503546
2334 24 0.496991
2335 24 0.612978
2336 24 0.920034
2337 24 0.946553
2338 24 0.532591
2339 24 0.514128
2340 24 0.809876
2341 24 0.861634
2342 24 0.481362
2343 24 0.869617
2344 24 0.420026
2345 24 0.661451
2346 24 0.693542
2347 24 0.781110
2348 24 0.500300
2349 24 0.781743
2350 24 0.961653
2351 24 0.596898
2352 24 0.785332
2353 24 0.490105
2354 24 0.659837
2355 24 0.523871
2356 24 0.577246
2357 24 0.599319
2358 24 0.686740
2359 24 0.669338
2360 24 1.133198
2361 24 0.816831
2362 24 0.922729
2363 24 0.526339
2364 24 0.592373
2365 24 0.609852
2366 24 0.659932
2367 24 0.591001
2368 24 0.663250
2369 24 0.814350
2370 24 0.728443
2371 24 0.757261
2372 24 0.862320
2373 24 0.709014
2374 24 0.826594
2375 24 0.833094
2376 24 0.355954
2377 24 0.773639
2378 24 0.989547
2379 24 0.762031
2380 24 0.749177
2381 24 0.935632
2382 24 0.831558
2383 24 0.754422
2384 24 0.787508
2385 24 0.810543
2386 24 0.139231
2387 24 0.742531
2388 24 0.180615
2389 24 0.873600
2390 24 0.544940
2391 24 0.884459
2392 24 0.721197
2393 24 0.469455
2394 24 0.194208
2395 24 0.562706
2396 24 0.742949
2397 24 0.480775
2398 24 1.024671
2399 24 0.821936
2400 25 0.625893
2401 25 0.362972
2402 25 0.679778
2403 25 0.846000
2404 25 0.708158
2405 25 0.453839
2406 25 0.910168
2407 25 0.805265
2408 25 0.707094
2409 25 0.625571
2410 25 0.895532
2411 25 0.581161
2412 25 0.538788
2413 25 0.530633
2414 25 0.779818
2415 25 0.682414
2416 25 0.150312
2417 25 0.679587
2418 25 0.582857
2419 25 0.730023
2420 25 1.074589
2421 25 0.507207
2422 25 0.205971
2423 25 0.795826
2424 25 0.959708
2425 25 0.729665
2426 25 0.919516
2427 25 0.143059
2428 25 0.714581
2429 25 0.972563
2430 25 0.516330
2431 25 1.024279
2432 25 0.235099
2433 25 0.695302
2434 25 0.472959
2435 25 1.001444
2436 25 0.494326
2437 25 0.456546
2438 25 0.599340
2439 25 0.626636
2440 25 0.647670
2441 25 0.660389
2442 25 0.908190
2443 25 0.857720
2444 25 0.617594
2445 25 0.582205
2446 25 0.117648
2447 25 1.008696
2448 25 0.735868
2449 25 0.559300
2450 25 0.456694
2451 25 0.818956
2452 25 0.587180
2453 25 0.758562
2454 25 0.407988
2455 25 0.523590
2456 25 0.858327
2457 25 0.453023
2458 25 0.955242
2459 25 0.532588
2460 25 0.779065
2461 25 0.649253
2462 25 0.930192
2463 25 0.668232
2464 25 0.736048
2465 25 0.488601
2466 25 0.648927
2467 25 0.664632
2468 25 0.923523
2469 25 0.484623
2470 25 0.943791
2471 25 0.638077
2472 25 0.684278
2473 25 0.539457
2474 25 0.951740
2475 25 0.981808
2476 25 0.575108
2477 25 0.987982
2478 25 0.748480
2479 25 0.954639
2480 25 0.739858
2481 25 0.776452
2482 25 0.896258
2483 25 0.995719
2484 25 0.504126
2485 25 0.548120
2486 25 0.669756
2487 25 1.035450
2488 25 0.651904
2489 25 0.967323
2490 25 0.625994
2491 25 0.933199
2492 25 0.715201
2493 25 0.721089
2494 25 0.654591
2495 25 0.493156
2496 25 0.533480
2497 25 0.734122
2498 25 0.783688
2499 25 1.004790
2500 26 0.471758
2501 26 0.722003
2502 26 0.756173
2503 26 0.509158
2504 26 0.142754
2505 26 0.389433
2506 26 0.839632
2507 26 0.996573
2508 26 0.607263
2509 26 0.525713
2510 26 0.694411
2511 26 1.017190
2512 26 0.691166
2513 26 0.456780
2514 26 0.896891
2515 26 0.660339
2516 26 0.694382
2517 26 0.960451
2518 26 0.792171
2519 26 0.602650
2520 26 0.781283
2521 26 0.877871
2522 26 0.603221
2523 26 0.560486
2524 26 0.663076
2525 26 0.789090
2526 26 0.864866
2527 26 0.927798
2528 26 0.772679
2529 26 0.474056
2530 26 1.076231
2531 26 0.418591
2532 26 0.547595
2533 26 0.982436
2534 26 0.734585
2535 26 0.898202
2536 26 0.623716
2537 26 0.732662
2538 26 1.048001
2539 26 0.913489
2540 26 0.853893
2541 26 0.794376
2542 26 0.148887
2543 26 0.619159
2544 26 0.517889
2545 26 0.561804
2546 26 0.535938
2547 26 0.940930
2548 26 0.599230
2549 26 0.682208
2550 26 0.563287
2551 26 0.150682
2552 26 0.500033
2553 26 0.595867
2554 26 0.788722
2555 26 0.869569
2556 26 0.690732
2557 26 0.414778
2558 26 0.918123
2559 26 0.511250
2560 26 0.648872
2561 26 0.414062
2562 26 0.547550
2563 26 0.671979
2564 26 0.747065
2565 26 0.690839
2566 26 0.514141
2567 26 0.468596
2568 26 0.674619
2569 26 0.586989
2570 26 0.680348
2571 26 0.584589
2572 26 0.767694
2573 26 0.667918
2574 26 0.283676
2575 26 0.822203
2576 26 0.754425
2577 26 0.157375
2578 26 0.802138
2579 26 0.609073
2580 26 0.613914
2581 26 0.823970
2582 26 0.938787
2583 26 0.752074
2584 26 0.749034
2585 26 0.890821
2586 26 0.510682
2587 26 0.646313
2588 26 0.452858
2589 26 0.446093
2590 26 1.070981
2591 26 0.923021
2592 26 0.108930
2593 26 0.363176
2594 26 0.554500
2595 26 0.623089
2596 26 0.760653
2597 26 0.493920
2598 26 0.507361
2599 26 0.643803
2600 27 0.641444
2601 27 0.553593
2602 27 0.771952
2603 27 1.021847
2604 27 1.029300
2605 27 0.520607
2606 27 0.273792
2607 27 0.469603
2608 27 0.812553
2609 27 0.613082
2610 27 1.130957
2611 27 0.579564
2612 27 0.501620
2613 27 0.743331
2614 27 0.650550
2615 27 0.711321
2616 27 0.761288
2617 27 0.533570
2618 27 0.478906
2619 27 0.897915
2620 27 0.426093
2621 27 0.822385
2622 27 0.883426
2623 27 0.599210
2624 27 0.725238
2625 27 1.038647
2626 27 0.428526
2627 27 0.785922
2628 27 0.454668
2629 27 0.640098
2630 27 0.696805
2631 27 0.763214
2632 27 0.622860
2633 27 0.896622
2634 27 0.646783
2635 27 0.947548
2636 27 0.573352
2637 27 0.418917
2638 27 0.992812
2639 27 0.649804
2640 27 0.903624
2641 27 0.922140
2642 27 0.941252
2643 27 0.587303
2644 27 0.625006
2645 27 0.666831
2646 27 0.752640
2647 27 0.496607
2648 27 0.124158
2649 27 0.549787
2650 27 0.596601
2651 27 0.760067
2652 27 0.817047
2653 27 0.597268
2654 27 0.669263
2655 27 0.780711
2656 27 0.541044
2657 27 0.428739
2658 27 0.708116
2659 27 0.667527
2660 27 0.697734
2661 27 0.497325
2662 27 0.599072
2663 27 0.838515
2664 27 0.883594
2665 27 0.701605
2666 27 0.175666
2667 27 0.513438
2668 27 0.694016
2669 27 1.047232
2670 27 0.585508
2671 27 0.542049
2672 27 0.921364
2673 27 0.437559
2674 27 0.192287
2675 27 0.585293
2676 27 0.685494
2677 27 0.550588
2678 27 1.042975
2679 27 0.434620
2680 27 0.926755
2681 27 0.820435
2682 27 0.668767
2683 27 0.726090
2684 27 0.160097
2685 27 0.811880
2686 27 0.633420
2687 27 0.606449
2688 27 0.562792
2689 27 0.571477
2690 27 0.969278
2691 27 0.545762
2692 27 0.168419
2693 27 0.832161
2694 27 0.523875
2695 27 1.011441
2696 27 0.645590
2697 27 0.573844
2698 27 0.971225
2699 27 0.723799
2700 28 0.497995
2701 28 0.956577
2702 28 0.776505
2703 28 0.637297
2704 28 0.440361
2705 28 0.653069
2706 28 0.518861
2707 28 0.677372
2708 28 0.671306
2709 28 0.875858
2710 28 0.528515
2711 28 0.646830
2712 28 0.451936
2713 28 0.126443
2714 28 0.121885
2715 28 0.745642
2716 28 0.476353
2717 28 0.864819
2718 28 1.066855
2719 28 0.407185
2720 28 0.695128
2721 28 0.460140
2722 28 0.497152
2723 28 0.946865
2724 28 0.121349
2725 28 0.924496
2726 28 0.884652
2727 28 0.858027
2728 28 0.865668
2729 28 0.564391
2730 28 0.746733
2731 28 1.040610
2732 28 0.522329
2733 28 0.636669
2734 28 1.004021
2735 28 0.486129
2736 28 0.738022
2737 28 0.927188
2738 28 0.343197
2739 28 0.138321
2740 28 0.767830
2741 28 0.524674
2742 28 0.621974
2743 28 0.786947
2744 28 0.622629
2745 28 0.897236
2746 28 0.749838
2747 28 0.423373
2748 28 0.806175
2749 28 0.998937
2750 28 0.753263
2751 28 1.001647
2752 28 0.550598
2753 28 0.670175
2754 28 0.994910
2755 28 0.998960
2756 28 0.504624
2757 28 0.744287
2758 28 0.598305
2759 28 0.610884
2760 28 0.700150
2761 28 0.945909
2762 28 0.677512
2763 28 0.688382
2764 28 0.802041
2765 28 0.626596
2766 28 0.090036
2767 28 0.965451
2768 28 0.483781
2769 28 0.442274
2770 28 0.503556
2771 28 0.599556
2772 28 0.545405
2773 28 0.519822
2774 28 0.768400
2775 28 0.550654
2776 28 0.732082
2777 28 0.694578
2778 28 0.525261
2779 28 0.537337
2780 28 0.671684
2781 28 0.805327
2782 28 0.253387
2783 28 0.465866
2784 28 0.434921
2785 28 0.912294
2786 28 0.755470
2787 28 0.585019
2788 28 0.563997
2789 28 0.605860
2790 28 0.523011
2791 28 0.601728
2792 28 0.383750
2793 28 0.768222
2794 28 0.466627
2795 28 0.670063
2796 28 0.892601
2797 28 0.568565
2798 28 0.455163
2799 28 0.630917
