# Batch convergence for: model=snn-ae encoding=poisson architecture=recurrent v_th=1 alpha=0.9 run=3
batch_num epoch batch_loss
0 1 0.078125
1 1 0.250887
2 1 0.465439
3 1 0.113636
4 1 0.751577
5 1 0.177449
6 1 0.418573
7 1 0.187832
8 1 0.208139
9 1 0.189769
10 1 0.325307
11 1 0.200590
12 1 0.443413
13 1 0.322230
14 1 0.238881
15 1 0.384309
16 1 0.219483
17 1 0.222203
18 1 0.199747
19 1 0.230677
20 1 0.213359
21 1 0.019708
22 1 0.161166
23 1 0.193575
24 1 0.081176
25 1 0.321535
26 1 0.171736
27 1 0.164680
28 1 0.138959
29 1 0.235153
30 1 0.303586
31 1 0.250409
32 1 0.226706
33 1 0.103658
34 1 0.234370
35 1 0.241411
36 1 0.189418
37 1 0.268545
38 1 0.046237
39 1 0.170828
40 1 0.149362
41 1 0.130653
42 1 0.115630
43 1 0.118708
44 1 0.225095
45 1 0.157018
46 1 0.102863
47 1 0.084092
48 1 0.110094
49 1 0.280165
50 1 0.015421
51 1 0.227308
52 1 0.180987
53 1 0.019109
54 1 0.787151
55 1 0.315454
56 1 0.125539
57 1 0.200674
58 1 0.148575
59 1 0.233150
60 1 0.131626
61 1 0.209355
62 1 0.248560
63 1 0.122042
64 1 0.147973
65 1 0.098524
66 1 0.022946
67 1 0.722793
68 1 0.163103
69 1 0.068297
70 1 0.162193
71 1 0.019281
72 1 0.042273
73 1 0.230290
74 1 0.117196
75 1 0.114039
76 1 0.082822
77 1 0.158285
78 1 0.138118
79 1 0.105678
80 1 0.835993
81 1 0.094490
82 1 0.212141
83 1 0.119995
84 1 0.142599
85 1 0.256110
86 1 0.102928
87 1 0.206351
88 1 0.206520
89 1 0.179127
90 1 0.138571
91 1 0.269204
92 1 0.019382
93 1 0.071397
94 1 0.060619
95 1 0.218590
96 1 0.154163
97 1 0.192586
98 1 0.107497
99 1 0.122251
100 2 0.141507
101 2 0.183703
102 2 0.081741
103 2 0.117355
104 2 0.157289
105 2 0.182224
106 2 0.174747
107 2 0.097813
108 2 0.075372
109 2 0.207782
110 2 0.147459
111 2 0.015470
112 2 0.130150
113 2 0.800303
114 2 0.158692
115 2 0.196470
116 2 0.081554
117 2 0.085488
118 2 0.041091
119 2 0.081308
120 2 0.078160
121 2 0.045036
122 2 0.019287
123 2 0.107568
124 2 0.133561
125 2 0.236433
126 2 0.140240
127 2 0.119400
128 2 0.189169
129 2 0.170827
130 2 0.178470
131 2 0.202274
132 2 0.166572
133 2 0.122632
134 2 0.128359
135 2 0.138926
136 2 0.101500
137 2 0.077678
138 2 0.276428
139 2 0.291445
140 2 0.078015
141 2 0.352739
142 2 0.232450
143 2 0.112098
144 2 0.113541
145 2 0.125431
146 2 0.196218
147 2 0.249462
148 2 0.264470
149 2 0.186623
150 2 0.019514
151 2 0.063601
152 2 0.081115
153 2 0.083222
154 2 0.147223
155 2 0.022983
156 2 0.569934
157 2 0.076963
158 2 0.116483
159 2 0.099911
160 2 0.170827
161 2 0.131537
162 2 0.160327
163 2 0.178207
164 2 0.093290
165 2 0.099415
166 2 0.012496
167 2 0.112594
168 2 0.176567
169 2 0.187484
170 2 0.094709
171 2 0.518950
172 2 0.218509
173 2 0.133446
174 2 0.172671
175 2 0.174224
176 2 0.158142
177 2 0.019640
178 2 0.229021
179 2 0.115106
180 2 0.170519
181 2 0.084853
182 2 0.077985
183 2 0.177045
184 2 0.186618
185 2 0.019934
186 2 0.156558
187 2 0.125209
188 2 0.172319
189 2 0.169568
190 2 0.169988
191 2 0.133254
192 2 0.177151
193 2 0.209572
194 2 0.754266
195 2 0.109878
196 2 0.130433
197 2 0.065943
198 2 0.076010
199 2 0.074866
200 3 0.197591
201 3 0.208021
202 3 0.093689
203 3 0.161557
204 3 0.023233
205 3 0.150669
206 3 0.127683
207 3 0.019905
208 3 0.660218
209 3 0.109127
210 3 0.120522
211 3 0.093115
212 3 0.110510
213 3 0.134165
214 3 0.172625
215 3 0.096227
216 3 0.206915
217 3 0.097389
218 3 0.654740
219 3 0.013177
220 3 0.110722
221 3 0.168853
222 3 0.069640
223 3 0.125030
224 3 0.191771
225 3 0.216289
226 3 0.073736
227 3 0.102983
228 3 0.259802
229 3 0.069403
230 3 0.187698
231 3 0.016747
232 3 0.076786
233 3 0.255339
234 3 0.166140
235 3 0.068553
236 3 0.143440
237 3 0.235106
238 3 0.223629
239 3 0.255372
240 3 0.158651
241 3 0.137986
242 3 0.074542
243 3 0.152363
244 3 0.295783
245 3 0.094071
246 3 0.131975
247 3 0.125103
248 3 0.097681
249 3 0.058948
250 3 0.153993
251 3 0.143148
252 3 0.452537
253 3 0.090074
254 3 0.078940
255 3 0.092928
256 3 0.219432
257 3 0.165468
258 3 0.094367
259 3 0.062423
260 3 0.154060
261 3 0.108693
262 3 0.300319
263 3 0.104074
264 3 0.121561
265 3 0.187688
266 3 0.076576
267 3 0.115714
268 3 0.162908
269 3 0.209060
270 3 0.094389
271 3 0.078096
272 3 0.100494
273 3 0.227556
274 3 0.099546
275 3 0.119904
276 3 0.020820
277 3 0.020827
278 3 0.145645
279 3 0.127156
280 3 0.154813
281 3 0.195556
282 3 0.122002
283 3 0.103979
284 3 0.514420
285 3 0.108436
286 3 0.164083
287 3 0.135362
288 3 0.075229
289 3 0.098788
290 3 0.158560
291 3 0.197405
292 3 0.110392
293 3 0.110397
294 3 0.112652
295 3 0.040970
296 3 0.098853
297 3 0.185474
298 3 0.122906
299 3 0.242769
300 4 0.177164
301 4 0.136927
302 4 0.124637
303 4 0.160722
304 4 0.076555
305 4 0.168178
306 4 0.201680
307 4 0.149112
308 4 0.151760
309 4 0.158053
310 4 0.115811
311 4 0.169968
312 4 0.058826
313 4 0.082520
314 4 0.185979
315 4 0.157779
316 4 0.021036
317 4 0.074770
318 4 0.112422
319 4 0.114454
320 4 0.198279
321 4 0.147453
322 4 0.093674
323 4 0.245904
324 4 0.101897
325 4 0.200685
326 4 0.138475
327 4 0.275349
328 4 0.021166
329 4 0.121562
330 4 0.078287
331 4 0.096600
332 4 0.163739
333 4 0.100827
334 4 0.166581
335 4 0.081430
336 4 0.091754
337 4 0.107479
338 4 0.074514
339 4 0.142295
340 4 0.080692
341 4 0.078784
342 4 0.209125
343 4 0.024296
344 4 0.423791
345 4 0.177169
346 4 0.120503
347 4 0.447043
348 4 0.065013
349 4 0.134198
350 4 0.115205
351 4 0.051769
352 4 0.126354
353 4 0.118043
354 4 0.017803
355 4 0.099686
356 4 0.116211
357 4 0.209820
358 4 0.119506
359 4 0.021473
360 4 0.014606
361 4 0.225865
362 4 0.109046
363 4 0.178082
364 4 0.164996
365 4 0.163378
366 4 0.095104
367 4 0.090659
368 4 0.045401
369 4 0.096343
370 4 0.040940
371 4 0.021463
372 4 0.133786
373 4 0.117220
374 4 0.114348
375 4 0.123074
376 4 0.162899
377 4 0.074345
378 4 0.061809
379 4 0.109428
380 4 0.192647
381 4 0.078268
382 4 0.220270
383 4 0.457724
384 4 0.124075
385 4 0.088932
386 4 0.253786
387 4 0.266645
388 4 0.083251
389 4 0.127951
390 4 0.096876
391 4 0.195614
392 4 0.076206
393 4 0.236910
394 4 0.229055
395 4 0.506642
396 4 0.128381
397 4 0.201163
398 4 0.209839
399 4 0.118900
400 5 0.088559
401 5 0.210608
402 5 0.098995
403 5 0.103272
404 5 0.108570
405 5 0.090965
406 5 0.158400
407 5 0.368902
408 5 0.094064
409 5 0.241594
410 5 0.249956
411 5 0.537402
412 5 0.076224
413 5 0.021888
414 5 0.106392
415 5 0.161803
416 5 0.018374
417 5 0.112887
418 5 0.145822
419 5 0.195213
420 5 0.131207
421 5 0.021946
422 5 0.133432
423 5 0.097851
424 5 0.132578
425 5 0.184975
426 5 0.076177
427 5 0.107754
428 5 0.082638
429 5 0.096732
430 5 0.171789
431 5 0.169443
432 5 0.126492
433 5 0.099405
434 5 0.074646
435 5 0.062525
436 5 0.089618
437 5 0.161496
438 5 0.024873
439 5 0.133941
440 5 0.216556
441 5 0.085911
442 5 0.174755
443 5 0.089142
444 5 0.147616
445 5 0.065280
446 5 0.110512
447 5 0.214759
448 5 0.187209
449 5 0.086240
450 5 0.201233
451 5 0.156764
452 5 0.215648
453 5 0.015355
454 5 0.159460
455 5 0.108849
456 5 0.078369
457 5 0.119639
458 5 0.209952
459 5 0.093525
460 5 0.209042
461 5 0.073999
462 5 0.189910
463 5 0.118185
464 5 0.171603
465 5 0.205472
466 5 0.077873
467 5 0.051619
468 5 0.113590
469 5 0.096078
470 5 0.151670
471 5 0.156115
472 5 0.044607
473 5 0.147974
474 5 0.113270
475 5 0.382564
476 5 0.123415
477 5 0.115162
478 5 0.137192
479 5 0.078074
480 5 0.132899
481 5 0.483952
482 5 0.127892
483 5 0.115397
484 5 0.022006
485 5 0.126217
486 5 0.182615
487 5 0.225391
488 5 0.108109
489 5 0.172309
490 5 0.117943
491 5 0.179955
492 5 0.199393
493 5 0.151286
494 5 0.062085
495 5 0.129516
496 5 0.192790
497 5 0.075771
498 5 0.059168
499 5 0.045560
500 6 0.106723
501 6 0.022173
502 6 0.075663
503 6 0.061992
504 6 0.205151
505 6 0.160403
506 6 0.024884
507 6 0.204701
508 6 0.360055
509 6 0.123774
510 6 0.074519
511 6 0.128569
512 6 0.169512
513 6 0.128960
514 6 0.195990
515 6 0.211272
516 6 0.045387
517 6 0.090591
518 6 0.086361
519 6 0.163493
520 6 0.142572
521 6 0.137517
522 6 0.130437
523 6 0.116801
524 6 0.253449
525 6 0.131353
526 6 0.159767
527 6 0.208172
528 6 0.086226
529 6 0.139249
530 6 0.143385
531 6 0.146283
532 6 0.122694
533 6 0.148579
534 6 0.077905
535 6 0.080800
536 6 0.161002
537 6 0.106986
538 6 0.144651
539 6 0.118075
540 6 0.088213
541 6 0.152630
542 6 0.082085
543 6 0.099444
544 6 0.120706
545 6 0.171327
546 6 0.132874
547 6 0.129717
548 6 0.076504
549 6 0.115818
550 6 0.190121
551 6 0.022250
552 6 0.062816
553 6 0.040866
554 6 0.083200
555 6 0.078462
556 6 0.127745
557 6 0.101241
558 6 0.173914
559 6 0.015680
560 6 0.093433
561 6 0.091023
562 6 0.065347
563 6 0.107258
564 6 0.022367
565 6 0.093622
566 6 0.132275
567 6 0.212485
568 6 0.133848
569 6 0.113634
570 6 0.018853
571 6 0.147570
572 6 0.149944
573 6 0.106278
574 6 0.214905
575 6 0.074830
576 6 0.022042
577 6 0.095468
578 6 0.103174
579 6 0.091688
580 6 0.097248
581 6 0.484798
582 6 0.086157
583 6 0.098590
584 6 0.187258
585 6 0.105654
586 6 0.130289
587 6 0.169104
588 6 0.051607
589 6 0.313269
590 6 0.349159
591 6 0.100609
592 6 0.078344
593 6 0.189484
594 6 0.173378
595 6 0.221110
596 6 0.121498
597 6 0.215608
598 6 0.113180
599 6 0.178638
600 7 0.088041
601 7 0.189058
602 7 0.128533
603 7 0.171602
604 7 0.025008
605 7 0.126792
606 7 0.181959
607 7 0.162121
608 7 0.120780
609 7 0.112860
610 7 0.123983
611 7 0.165440
612 7 0.132988
613 7 0.188925
614 7 0.125725
615 7 0.087762
616 7 0.263872
617 7 0.022291
618 7 0.077478
619 7 0.075488
620 7 0.022534
621 7 0.078008
622 7 0.073781
623 7 0.098506
624 7 0.045303
625 7 0.102876
626 7 0.270113
627 7 0.139244
628 7 0.074296
629 7 0.123882
630 7 0.177058
631 7 0.190048
632 7 0.075270
633 7 0.147215
634 7 0.137098
635 7 0.111965
636 7 0.022173
637 7 0.074731
638 7 0.095510
639 7 0.160526
640 7 0.135441
641 7 0.158699
642 7 0.141295
643 7 0.062174
644 7 0.108523
645 7 0.051345
646 7 0.077634
647 7 0.169829
648 7 0.144297
649 7 0.018854
650 7 0.093254
651 7 0.297579
652 7 0.180027
653 7 0.299679
654 7 0.096803
655 7 0.173170
656 7 0.077177
657 7 0.132045
658 7 0.150536
659 7 0.090914
660 7 0.111379
661 7 0.100616
662 7 0.175987
663 7 0.118122
664 7 0.149322
665 7 0.176245
666 7 0.143745
667 7 0.161243
668 7 0.155014
669 7 0.078163
670 7 0.161614
671 7 0.062781
672 7 0.332289
673 7 0.393695
674 7 0.178228
675 7 0.285242
676 7 0.175043
677 7 0.101050
678 7 0.116571
679 7 0.148876
680 7 0.210376
681 7 0.105765
682 7 0.112821
683 7 0.260969
684 7 0.143658
685 7 0.098737
686 7 0.208352
687 7 0.081787
688 7 0.022447
689 7 0.080957
690 7 0.115557
691 7 0.129688
692 7 0.063278
693 7 0.016111
694 7 0.066926
695 7 0.143244
696 7 0.073927
697 7 0.076170
698 7 0.090172
699 7 0.184186
700 8 0.219958
701 8 0.076713
702 8 0.094170
703 8 0.280147
704 8 0.112326
705 8 0.091128
706 8 0.022339
707 8 0.159138
708 8 0.100799
709 8 0.089355
710 8 0.211464
711 8 0.183528
712 8 0.099660
713 8 0.076742
714 8 0.149956
715 8 0.189946
716 8 0.253568
717 8 0.134908
718 8 0.311375
719 8 0.177160
720 8 0.074862
721 8 0.192174
722 8 0.143806
723 8 0.105320
724 8 0.168068
725 8 0.106522
726 8 0.173863
727 8 0.117495
728 8 0.107313
729 8 0.203017
730 8 0.073277
731 8 0.098397
732 8 0.192418
733 8 0.106288
734 8 0.108903
735 8 0.065908
736 8 0.111159
737 8 0.210441
738 8 0.066644
739 8 0.126520
740 8 0.123329
741 8 0.331205
742 8 0.100220
743 8 0.099317
744 8 0.169750
745 8 0.131102
746 8 0.016154
747 8 0.117402
748 8 0.063002
749 8 0.123180
750 8 0.074597
751 8 0.119859
752 8 0.089530
753 8 0.103593
754 8 0.132982
755 8 0.096062
756 8 0.197454
757 8 0.093713
758 8 0.091458
759 8 0.096547
760 8 0.139331
761 8 0.123119
762 8 0.137411
763 8 0.059403
764 8 0.146492
765 8 0.102846
766 8 0.140876
767 8 0.252177
768 8 0.159692
769 8 0.022238
770 8 0.107570
771 8 0.123543
772 8 0.090962
773 8 0.192693
774 8 0.096746
775 8 0.073720
776 8 0.092464
777 8 0.142983
778 8 0.075685
779 8 0.022337
780 8 0.188063
781 8 0.062302
782 8 0.040656
783 8 0.019034
784 8 0.022574
785 8 0.128978
786 8 0.166553
787 8 0.065441
788 8 0.107256
789 8 0.024683
790 8 0.095094
791 8 0.108138
792 8 0.126973
793 8 0.427686
794 8 0.160929
795 8 0.045151
796 8 0.092868
797 8 0.087136
798 8 0.112026
799 8 0.122910
800 9 0.137999
801 9 0.115047
802 9 0.158565
803 9 0.127090
804 9 0.170476
805 9 0.082346
806 9 0.130874
807 9 0.059099
808 9 0.132029
809 9 0.152028
810 9 0.137751
811 9 0.126189
812 9 0.202519
813 9 0.105876
814 9 0.098085
815 9 0.130151
816 9 0.180814
817 9 0.082005
818 9 0.251087
819 9 0.107422
820 9 0.100290
821 9 0.062137
822 9 0.119738
823 9 0.181211
824 9 0.091630
825 9 0.094977
826 9 0.135618
827 9 0.125806
828 9 0.208195
829 9 0.151050
830 9 0.024817
831 9 0.199170
832 9 0.074893
833 9 0.072061
834 9 0.126237
835 9 0.022332
836 9 0.101564
837 9 0.115886
838 9 0.166105
839 9 0.155957
840 9 0.158404
841 9 0.193453
842 9 0.158367
843 9 0.044989
844 9 0.112077
845 9 0.022323
846 9 0.094640
847 9 0.166021
848 9 0.022445
849 9 0.094336
850 9 0.074398
851 9 0.158901
852 9 0.065860
853 9 0.179921
854 9 0.116028
855 9 0.096673
856 9 0.075390
857 9 0.075800
858 9 0.138094
859 9 0.164231
860 9 0.148705
861 9 0.073581
862 9 0.062943
863 9 0.177394
864 9 0.016074
865 9 0.092626
866 9 0.161595
867 9 0.076628
868 9 0.105956
869 9 0.098250
870 9 0.105006
871 9 0.075043
872 9 0.078318
873 9 0.136160
874 9 0.136155
875 9 0.150483
876 9 0.039567
877 9 0.072696
878 9 0.200335
879 9 0.128689
880 9 0.096012
881 9 0.164314
882 9 0.196594
883 9 0.181413
884 9 0.258252
885 9 0.107052
886 9 0.019034
887 9 0.269221
888 9 0.077064
889 9 0.123771
890 9 0.078246
891 9 0.251837
892 9 0.077640
893 9 0.091235
894 9 0.077083
895 9 0.282742
896 9 0.040339
897 9 0.081862
898 9 0.097083
899 9 0.133181
900 10 0.103627
901 10 0.022318
902 10 0.114082
903 10 0.129554
904 10 0.190689
905 10 0.166742
906 10 0.080646
907 10 0.122045
908 10 0.128513
909 10 0.094155
910 10 0.075206
911 10 0.172530
912 10 0.223073
913 10 0.065153
914 10 0.072553
915 10 0.169198
916 10 0.074766
917 10 0.217167
918 10 0.142762
919 10 0.146320
920 10 0.044919
921 10 0.153540
922 10 0.086731
923 10 0.173414
924 10 0.164707
925 10 0.089475
926 10 0.094535
927 10 0.197704
928 10 0.131162
929 10 0.062950
930 10 0.228021
931 10 0.138791
932 10 0.182454
933 10 0.161109
934 10 0.133929
935 10 0.051011
936 10 0.159269
937 10 0.103303
938 10 0.207030
939 10 0.074313
940 10 0.116479
941 10 0.097687
942 10 0.176851
943 10 0.024634
944 10 0.091482
945 10 0.132852
946 10 0.158445
947 10 0.123290
948 10 0.019103
949 10 0.076385
950 10 0.129769
951 10 0.159164
952 10 0.093738
953 10 0.108833
954 10 0.135252
955 10 0.270761
956 10 0.133642
957 10 0.145614
958 10 0.169199
959 10 0.082507
960 10 0.107232
961 10 0.108509
962 10 0.153659
963 10 0.105675
964 10 0.022618
965 10 0.114640
966 10 0.132809
967 10 0.110816
968 10 0.095762
969 10 0.086174
970 10 0.016399
971 10 0.102593
972 10 0.081414
973 10 0.022752
974 10 0.157784
975 10 0.095974
976 10 0.134672
977 10 0.081195
978 10 0.075592
979 10 0.210425
980 10 0.219319
981 10 0.062399
982 10 0.040349
983 10 0.022345
984 10 0.130688
985 10 0.088231
986 10 0.076989
987 10 0.086889
988 10 0.198090
989 10 0.077589
990 10 0.074785
991 10 0.255514
992 10 0.119226
993 10 0.076712
994 10 0.148044
995 10 0.132216
996 10 0.161013
997 10 0.238806
998 10 0.229404
999 10 0.139439
1000 11 0.215971
1001 11 0.082142
1002 11 0.106285
1003 11 0.238118
1004 11 0.278146
1005 11 0.074274
1006 11 0.019230
1007 11 0.154396
1008 11 0.212948
1009 11 0.104955
1010 11 0.148640
1011 11 0.095875
1012 11 0.129585
1013 11 0.178399
1014 11 0.098023
1015 11 0.077273
1016 11 0.139836
1017 11 0.022767
1018 11 0.245024
1019 11 0.102610
1020 11 0.146758
1021 11 0.127447
1022 11 0.102045
1023 11 0.075206
1024 11 0.115419
1025 11 0.086198
1026 11 0.086053
1027 11 0.077913
1028 11 0.188976
1029 11 0.104660
1030 11 0.182761
1031 11 0.149368
1032 11 0.147572
1033 11 0.183822
1034 11 0.040228
1035 11 0.105095
1036 11 0.113967
1037 11 0.024783
1038 11 0.022574
1039 11 0.063025
1040 11 0.091206
1041 11 0.156960
1042 11 0.140022
1043 11 0.076531
1044 11 0.090690
1045 11 0.078771
1046 11 0.050906
1047 11 0.081371
1048 11 0.095287
1049 11 0.077980
1050 11 0.016496
1051 11 0.164903
1052 11 0.107397
1053 11 0.114508
1054 11 0.203002
1055 11 0.138784
1056 11 0.158546
1057 11 0.113663
1058 11 0.219090
1059 11 0.234881
1060 11 0.116234
1061 11 0.044820
1062 11 0.132692
1063 11 0.154992
1064 11 0.107662
1065 11 0.215292
1066 11 0.097773
1067 11 0.077486
1068 11 0.130123
1069 11 0.072447
1070 11 0.022250
1071 11 0.163923
1072 11 0.131746
1073 11 0.065254
1074 11 0.123197
1075 11 0.075674
1076 11 0.090979
1077 11 0.156988
1078 11 0.121512
1079 11 0.179793
1080 11 0.112336
1081 11 0.022552
1082 11 0.074690
1083 11 0.119488
1084 11 0.107320
1085 11 0.243659
1086 11 0.160310
1087 11 0.076621
1088 11 0.073366
1089 11 0.142532
1090 11 0.059664
1091 11 0.122088
1092 11 0.106742
1093 11 0.088920
1094 11 0.154849
1095 11 0.130433
1096 11 0.159018
1097 11 0.080022
1098 11 0.093005
1099 11 0.091916
1100 12 0.105720
1101 12 0.115652
1102 12 0.103664
1103 12 0.138051
1104 12 0.076082
1105 12 0.110143
1106 12 0.122491
1107 12 0.168304
1108 12 0.190010
1109 12 0.091045
1110 12 0.104401
1111 12 0.086155
1112 12 0.095274
1113 12 0.081053
1114 12 0.181703
1115 12 0.135882
1116 12 0.019314
1117 12 0.169519
1118 12 0.141788
1119 12 0.072796
1120 12 0.090512
1121 12 0.075378
1122 12 0.109905
1123 12 0.134371
1124 12 0.022615
1125 12 0.102311
1126 12 0.128033
1127 12 0.064913
1128 12 0.203612
1129 12 0.077728
1130 12 0.126326
1131 12 0.128372
1132 12 0.145168
1133 12 0.142533
1134 12 0.153113
1135 12 0.106775
1136 12 0.091428
1137 12 0.040262
1138 12 0.209548
1139 12 0.113972
1140 12 0.139299
1141 12 0.099239
1142 12 0.150703
1143 12 0.141676
1144 12 0.094642
1145 12 0.204537
1146 12 0.156778
1147 12 0.119110
1148 12 0.022844
1149 12 0.167292
1150 12 0.207929
1151 12 0.270536
1152 12 0.024818
1153 12 0.072212
1154 12 0.076498
1155 12 0.050879
1156 12 0.129839
1157 12 0.094400
1158 12 0.016735
1159 12 0.118916
1160 12 0.102843
1161 12 0.166187
1162 12 0.106949
1163 12 0.192686
1164 12 0.105274
1165 12 0.120984
1166 12 0.106463
1167 12 0.202764
1168 12 0.074595
1169 12 0.045246
1170 12 0.106474
1171 12 0.105359
1172 12 0.095148
1173 12 0.022529
1174 12 0.077505
1175 12 0.064945
1176 12 0.100242
1177 12 0.121709
1178 12 0.074756
1179 12 0.148082
1180 12 0.219264
1181 12 0.125174
1182 12 0.085938
1183 12 0.091031
1184 12 0.197647
1185 12 0.163601
1186 12 0.023052
1187 12 0.088906
1188 12 0.155840
1189 12 0.113646
1190 12 0.089713
1191 12 0.169194
1192 12 0.139445
1193 12 0.059792
1194 12 0.062367
1195 12 0.100722
1196 12 0.063665
1197 12 0.148273
1198 12 0.170786
1199 12 0.077342
1200 13 0.040123
1201 13 0.086181
1202 13 0.149965
1203 13 0.059599
1204 13 0.171647
1205 13 0.194747
1206 13 0.186812
1207 13 0.085685
1208 13 0.195474
1209 13 0.231891
1210 13 0.091285
1211 13 0.108752
1212 13 0.188506
1213 13 0.064812
1214 13 0.106116
1215 13 0.077168
1216 13 0.118321
1217 13 0.130316
1218 13 0.074509
1219 13 0.075187
1220 13 0.121182
1221 13 0.072758
1222 13 0.109771
1223 13 0.110936
1224 13 0.271789
1225 13 0.016796
1226 13 0.114244
1227 13 0.095321
1228 13 0.155947
1229 13 0.075208
1230 13 0.132388
1231 13 0.022501
1232 13 0.074889
1233 13 0.077315
1234 13 0.095605
1235 13 0.149925
1236 13 0.113545
1237 13 0.093880
1238 13 0.106556
1239 13 0.135744
1240 13 0.076530
1241 13 0.113631
1242 13 0.100825
1243 13 0.106993
1244 13 0.195800
1245 13 0.019465
1246 13 0.091881
1247 13 0.129693
1248 13 0.126220
1249 13 0.022806
1250 13 0.233850
1251 13 0.156956
1252 13 0.117646
1253 13 0.022794
1254 13 0.081476
1255 13 0.103863
1256 13 0.097025
1257 13 0.141579
1258 13 0.186635
1259 13 0.240250
1260 13 0.076732
1261 13 0.100503
1262 13 0.144774
1263 13 0.183884
1264 13 0.124222
1265 13 0.118025
1266 13 0.122737
1267 13 0.044883
1268 13 0.113578
1269 13 0.189988
1270 13 0.141189
1271 13 0.145432
1272 13 0.074705
1273 13 0.152540
1274 13 0.144994
1275 13 0.261264
1276 13 0.111709
1277 13 0.189455
1278 13 0.138781
1279 13 0.127170
1280 13 0.116889
1281 13 0.078240
1282 13 0.131849
1283 13 0.101031
1284 13 0.065422
1285 13 0.082185
1286 13 0.081228
1287 13 0.110649
1288 13 0.050946
1289 13 0.154021
1290 13 0.186267
1291 13 0.091030
1292 13 0.063672
1293 13 0.106615
1294 13 0.227096
1295 13 0.211787
1296 13 0.094277
1297 13 0.062300
1298 13 0.024799
1299 13 0.023040
1300 14 0.109035
1301 14 0.171744
1302 14 0.177285
1303 14 0.149701
1304 14 0.050768
1305 14 0.111867
1306 14 0.094976
1307 14 0.022845
1308 14 0.182785
1309 14 0.157669
1310 14 0.132028
1311 14 0.152170
1312 14 0.152130
1313 14 0.044854
1314 14 0.094525
1315 14 0.102308
1316 14 0.120621
1317 14 0.193584
1318 14 0.182403
1319 14 0.022576
1320 14 0.040154
1321 14 0.074592
1322 14 0.019477
1323 14 0.263988
1324 14 0.016817
1325 14 0.090164
1326 14 0.122671
1327 14 0.064599
1328 14 0.098885
1329 14 0.088117
1330 14 0.111683
1331 14 0.074429
1332 14 0.104934
1333 14 0.164606
1334 14 0.098226
1335 14 0.131378
1336 14 0.145514
1337 14 0.109504
1338 14 0.171684
1339 14 0.114443
1340 14 0.149785
1341 14 0.022726
1342 14 0.059730
1343 14 0.184839
1344 14 0.116347
1345 14 0.185014
1346 14 0.117968
1347 14 0.076681
1348 14 0.237028
1349 14 0.088777
1350 14 0.149516
1351 14 0.086216
1352 14 0.103948
1353 14 0.065315
1354 14 0.168514
1355 14 0.147845
1356 14 0.188619
1357 14 0.106180
1358 14 0.126216
1359 14 0.254871
1360 14 0.094426
1361 14 0.100677
1362 14 0.091134
1363 14 0.127053
1364 14 0.072961
1365 14 0.078135
1366 14 0.154441
1367 14 0.108541
1368 14 0.076326
1369 14 0.062059
1370 14 0.114332
1371 14 0.163354
1372 14 0.078300
1373 14 0.075435
1374 14 0.179736
1375 14 0.072091
1376 14 0.158604
1377 14 0.081350
1378 14 0.117717
1379 14 0.167806
1380 14 0.143809
1381 14 0.085679
1382 14 0.108233
1383 14 0.082206
1384 14 0.082163
1385 14 0.174148
1386 14 0.163656
1387 14 0.075689
1388 14 0.119108
1389 14 0.244177
1390 14 0.091148
1391 14 0.077485
1392 14 0.024507
1393 14 0.134029
1394 14 0.129806
1395 14 0.165278
1396 14 0.216722
1397 14 0.022604
1398 14 0.126398
1399 14 0.083234
1400 15 0.189000
1401 15 0.095062
1402 15 0.097707
1403 15 0.167264
1404 15 0.069084
1405 15 0.106227
1406 15 0.187392
1407 15 0.157028
1408 15 0.159960
1409 15 0.104539
1410 15 0.074639
1411 15 0.109314
1412 15 0.118760
1413 15 0.085441
1414 15 0.077854
1415 15 0.118442
1416 15 0.148540
1417 15 0.090092
1418 15 0.022346
1419 15 0.085998
1420 15 0.165412
1421 15 0.082933
1422 15 0.089066
1423 15 0.093763
1424 15 0.077127
1425 15 0.181876
1426 15 0.074954
1427 15 0.022708
1428 15 0.103682
1429 15 0.077003
1430 15 0.133818
1431 15 0.140731
1432 15 0.062150
1433 15 0.016656
1434 15 0.075548
1435 15 0.115104
1436 15 0.221444
1437 15 0.064576
1438 15 0.105880
1439 15 0.098282
1440 15 0.095290
1441 15 0.072023
1442 15 0.081385
1443 15 0.133521
1444 15 0.090655
1445 15 0.163430
1446 15 0.123148
1447 15 0.188386
1448 15 0.147205
1449 15 0.065111
1450 15 0.173113
1451 15 0.090988
1452 15 0.149243
1453 15 0.159930
1454 15 0.063764
1455 15 0.164505
1456 15 0.101596
1457 15 0.022780
1458 15 0.019161
1459 15 0.148413
1460 15 0.074289
1461 15 0.045088
1462 15 0.083844
1463 15 0.024463
1464 15 0.125834
1465 15 0.118475
1466 15 0.126791
1467 15 0.202145
1468 15 0.073003
1469 15 0.104178
1470 15 0.150148
1471 15 0.185301
1472 15 0.113845
1473 15 0.140269
1474 15 0.097345
1475 15 0.155458
1476 15 0.173436
1477 15 0.189752
1478 15 0.094342
1479 15 0.403269
1480 15 0.243283
1481 15 0.040022
1482 15 0.078278
1483 15 0.081024
1484 15 0.076514
1485 15 0.121794
1486 15 0.107472
1487 15 0.100948
1488 15 0.022553
1489 15 0.123332
1490 15 0.127668
1491 15 0.089570
1492 15 0.180154
1493 15 0.241237
1494 15 0.102793
1495 15 0.158514
1496 15 0.132753
1497 15 0.146473
1498 15 0.115057
1499 15 0.059821
1500 16 0.129360
1501 16 0.075329
1502 16 0.177992
1503 16 0.097487
1504 16 0.127438
1505 16 0.107363
1506 16 0.024409
1507 16 0.064319
1508 16 0.131995
1509 16 0.074802
1510 16 0.234552
1511 16 0.098392
1512 16 0.096609
1513 16 0.123832
1514 16 0.089739
1515 16 0.167355
1516 16 0.218748
1517 16 0.162912
1518 16 0.154763
1519 16 0.085454
1520 16 0.119240
1521 16 0.211020
1522 16 0.093848
1523 16 0.117480
1524 16 0.126108
1525 16 0.072748
1526 16 0.148804
1527 16 0.144867
1528 16 0.062180
1529 16 0.102851
1530 16 0.050624
1531 16 0.063804
1532 16 0.039811
1533 16 0.019214
1534 16 0.090347
1535 16 0.135767
1536 16 0.218079
1537 16 0.249536
1538 16 0.022580
1539 16 0.095679
1540 16 0.191958
1541 16 0.140394
1542 16 0.146993
1543 16 0.154606
1544 16 0.081981
1545 16 0.126603
1546 16 0.078160
1547 16 0.185331
1548 16 0.102926
1549 16 0.141625
1550 16 0.167504
1551 16 0.190730
1552 16 0.099877
1553 16 0.089385
1554 16 0.152221
1555 16 0.089185
1556 16 0.113568
1557 16 0.022895
1558 16 0.059658
1559 16 0.118318
1560 16 0.074510
1561 16 0.136921
1562 16 0.075279
1563 16 0.159103
1564 16 0.044975
1565 16 0.090835
1566 16 0.117684
1567 16 0.077446
1568 16 0.141056
1569 16 0.155074
1570 16 0.152268
1571 16 0.104928
1572 16 0.076368
1573 16 0.091974
1574 16 0.022314
1575 16 0.157283
1576 16 0.160691
1577 16 0.101334
1578 16 0.157692
1579 16 0.095010
1580 16 0.087765
1581 16 0.109737
1582 16 0.122678
1583 16 0.022686
1584 16 0.111883
1585 16 0.111330
1586 16 0.094996
1587 16 0.156207
1588 16 0.203819
1589 16 0.106208
1590 16 0.145716
1591 16 0.016772
1592 16 0.076634
1593 16 0.114008
1594 16 0.109038
1595 16 0.245430
1596 16 0.126659
1597 16 0.179199
1598 16 0.082909
1599 16 0.173325
1600 17 0.022771
1601 17 0.148610
1602 17 0.107924
1603 17 0.090288
1604 17 0.059333
1605 17 0.117402
1606 17 0.142970
1607 17 0.114543
1608 17 0.199166
1609 17 0.094625
1610 17 0.105622
1611 17 0.187893
1612 17 0.153329
1613 17 0.179326
1614 17 0.182117
1615 17 0.022191
1616 17 0.089757
1617 17 0.182722
1618 17 0.072918
1619 17 0.045103
1620 17 0.123040
1621 17 0.080692
1622 17 0.104732
1623 17 0.108798
1624 17 0.077129
1625 17 0.107121
1626 17 0.158984
1627 17 0.096550
1628 17 0.142824
1629 17 0.080369
1630 17 0.079206
1631 17 0.155551
1632 17 0.050619
1633 17 0.095680
1634 17 0.091110
1635 17 0.143705
1636 17 0.116480
1637 17 0.098335
1638 17 0.169712
1639 17 0.119691
1640 17 0.110524
1641 17 0.164488
1642 17 0.082136
1643 17 0.097771
1644 17 0.194769
1645 17 0.099806
1646 17 0.086014
1647 17 0.166843
1648 17 0.128262
1649 17 0.088393
1650 17 0.064195
1651 17 0.078406
1652 17 0.113763
1653 17 0.212007
1654 17 0.117797
1655 17 0.096957
1656 17 0.024651
1657 17 0.178630
1658 17 0.125968
1659 17 0.132244
1660 17 0.181685
1661 17 0.076665
1662 17 0.129254
1663 17 0.102869
1664 17 0.125743
1665 17 0.017053
1666 17 0.022849
1667 17 0.106176
1668 17 0.126813
1669 17 0.089264
1670 17 0.040125
1671 17 0.023007
1672 17 0.103160
1673 17 0.089507
1674 17 0.164589
1675 17 0.163779
1676 17 0.133701
1677 17 0.163140
1678 17 0.110099
1679 17 0.075082
1680 17 0.166012
1681 17 0.105765
1682 17 0.154207
1683 17 0.134580
1684 17 0.175370
1685 17 0.150837
1686 17 0.095326
1687 17 0.062334
1688 17 0.109867
1689 17 0.103642
1690 17 0.141550
1691 17 0.155341
1692 17 0.077304
1693 17 0.019239
1694 17 0.113838
1695 17 0.076005
1696 17 0.075406
1697 17 0.126728
1698 17 0.074967
1699 17 0.077785
1700 18 0.124101
1701 18 0.107850
1702 18 0.183942
1703 18 0.096631
1704 18 0.103258
1705 18 0.166266
1706 18 0.111487
1707 18 0.199477
1708 18 0.099716
1709 18 0.125424
1710 18 0.063921
1711 18 0.095662
1712 18 0.076512
1713 18 0.076236
1714 18 0.126784
1715 18 0.104642
1716 18 0.176930
1717 18 0.142271
1718 18 0.117527
1719 18 0.077090
1720 18 0.022834
1721 18 0.213132
1722 18 0.194175
1723 18 0.239937
1724 18 0.119105
1725 18 0.139488
1726 18 0.075617
1727 18 0.103143
1728 18 0.093906
1729 18 0.096045
1730 18 0.137944
1731 18 0.147619
1732 18 0.200066
1733 18 0.090383
1734 18 0.077282
1735 18 0.022880
1736 18 0.178173
1737 18 0.113321
1738 18 0.022659
1739 18 0.108707
1740 18 0.118593
1741 18 0.065271
1742 18 0.022258
1743 18 0.062184
1744 18 0.078405
1745 18 0.157115
1746 18 0.072789
1747 18 0.074791
1748 18 0.182769
1749 18 0.168782
1750 18 0.144170
1751 18 0.101869
1752 18 0.152656
1753 18 0.125384
1754 18 0.044829
1755 18 0.074798
1756 18 0.098124
1757 18 0.090149
1758 18 0.179911
1759 18 0.122004
1760 18 0.092113
1761 18 0.040004
1762 18 0.134345
1763 18 0.113572
1764 18 0.109834
1765 18 0.120333
1766 18 0.164044
1767 18 0.122947
1768 18 0.077635
1769 18 0.115205
1770 18 0.190451
1771 18 0.094042
1772 18 0.156068
1773 18 0.024583
1774 18 0.074640
1775 18 0.081578
1776 18 0.175426
1777 18 0.064417
1778 18 0.085904
1779 18 0.154603
1780 18 0.144529
1781 18 0.136079
1782 18 0.059908
1783 18 0.137195
1784 18 0.112668
1785 18 0.050827
1786 18 0.125219
1787 18 0.081203
1788 18 0.124698
1789 18 0.089126
1790 18 0.137080
1791 18 0.148364
1792 18 0.123522
1793 18 0.039678
1794 18 0.106642
1795 18 0.072355
1796 18 0.016975
1797 18 0.082242
1798 18 0.094885
1799 18 0.078339
1800 19 0.148630
1801 19 0.123184
1802 19 0.063924
1803 19 0.153608
1804 19 0.106217
1805 19 0.161739
1806 19 0.112889
1807 19 0.130161
1808 19 0.090552
1809 19 0.272883
1810 19 0.075580
1811 19 0.071973
1812 19 0.125126
1813 19 0.179922
1814 19 0.145554
1815 19 0.160931
1816 19 0.168461
1817 19 0.141602
1818 19 0.089218
1819 19 0.085509
1820 19 0.184353
1821 19 0.196058
1822 19 0.092276
1823 19 0.024505
1824 19 0.096759
1825 19 0.077581
1826 19 0.103231
1827 19 0.149627
1828 19 0.103452
1829 19 0.145441
1830 19 0.131705
1831 19 0.077344
1832 19 0.080895
1833 19 0.165060
1834 19 0.149385
1835 19 0.022301
1836 19 0.106478
1837 19 0.050610
1838 19 0.094878
1839 19 0.128701
1840 19 0.183277
1841 19 0.188262
1842 19 0.148003
1843 19 0.144361
1844 19 0.022777
1845 19 0.107267
1846 19 0.074763
1847 19 0.081829
1848 19 0.097650
1849 19 0.125856
1850 19 0.083888
1851 19 0.016988
1852 19 0.091366
1853 19 0.078149
1854 19 0.098244
1855 19 0.081531
1856 19 0.110249
1857 19 0.112147
1858 19 0.098384
1859 19 0.077766
1860 19 0.138583
1861 19 0.023002
1862 19 0.144525
1863 19 0.131843
1864 19 0.107315
1865 19 0.148867
1866 19 0.164912
1867 19 0.210347
1868 19 0.194855
1869 19 0.105224
1870 19 0.119520
1871 19 0.158853
1872 19 0.062470
1873 19 0.154659
1874 19 0.166965
1875 19 0.148887
1876 19 0.195838
1877 19 0.045172
1878 19 0.153770
1879 19 0.078544
1880 19 0.129512
1881 19 0.059783
1882 19 0.019265
1883 19 0.064169
1884 19 0.107131
1885 19 0.094144
1886 19 0.085559
1887 19 0.074605
1888 19 0.074819
1889 19 0.075356
1890 19 0.167471
1891 19 0.094975
1892 19 0.101688
1893 19 0.118237
1894 19 0.124691
1895 19 0.076775
1896 19 0.114984
1897 19 0.106714
1898 19 0.022924
1899 19 0.039883
1900 20 0.065222
1901 20 0.105509
1902 20 0.106919
1903 20 0.063856
1904 20 0.120103
1905 20 0.157269
1906 20 0.074659
1907 20 0.103012
1908 20 0.149959
1909 20 0.104714
1910 20 0.081504
1911 20 0.083923
1912 20 0.074291
1913 20 0.062089
1914 20 0.094792
1915 20 0.164149
1916 20 0.098259
1917 20 0.096651
1918 20 0.130314
1919 20 0.019341
1920 20 0.162879
1921 20 0.103124
1922 20 0.156476
1923 20 0.122566
1924 20 0.118242
1925 20 0.149421
1926 20 0.219300
1927 20 0.146858
1928 20 0.145991
1929 20 0.082247
1930 20 0.119863
1931 20 0.147759
1932 20 0.146838
1933 20 0.136686
1934 20 0.157589
1935 20 0.159207
1936 20 0.225773
1937 20 0.024732
1938 20 0.126717
1939 20 0.089084
1940 20 0.109086
1941 20 0.132898
1942 20 0.072191
1943 20 0.141506
1944 20 0.023032
1945 20 0.022872
1946 20 0.085767
1947 20 0.106530
1948 20 0.163596
1949 20 0.106353
1950 20 0.059819
1951 20 0.132704
1952 20 0.098200
1953 20 0.082089
1954 20 0.044763
1955 20 0.077681
1956 20 0.091546
1957 20 0.074948
1958 20 0.114173
1959 20 0.144991
1960 20 0.085731
1961 20 0.022443
1962 20 0.126572
1963 20 0.017018
1964 20 0.121716
1965 20 0.078558
1966 20 0.095536
1967 20 0.153377
1968 20 0.098631
1969 20 0.157171
1970 20 0.147017
1971 20 0.116727
1972 20 0.094820
1973 20 0.100175
1974 20 0.084747
1975 20 0.264035
1976 20 0.113031
1977 20 0.159761
1978 20 0.128796
1979 20 0.081450
1980 20 0.197284
1981 20 0.094159
1982 20 0.075511
1983 20 0.130838
1984 20 0.022964
1985 20 0.103480
1986 20 0.076191
1987 20 0.040154
1988 20 0.144771
1989 20 0.172742
1990 20 0.121687
1991 20 0.097786
1992 20 0.143601
1993 20 0.050878
1994 20 0.146141
1995 20 0.090482
1996 20 0.183620
1997 20 0.090921
1998 20 0.239392
1999 20 0.113805
2000 21 0.242038
2001 21 0.077137
2002 21 0.090583
2003 21 0.095340
2004 21 0.081465
2005 21 0.085605
2006 21 0.120260
2007 21 0.112729
2008 21 0.062157
2009 21 0.111624
2010 21 0.093760
2011 21 0.112877
2012 21 0.144612
2013 21 0.092329
2014 21 0.158727
2015 21 0.063785
2016 21 0.039843
2017 21 0.102314
2018 21 0.473792
2019 21 0.158577
2020 21 0.165172
2021 21 0.102131
2022 21 0.114689
2023 21 0.130150
2024 21 0.117686
2025 21 0.129856
2026 21 0.101053
2027 21 0.106383
2028 21 0.160301
2029 21 0.050645
2030 21 0.045006
2031 21 0.090651
2032 21 0.103045
2033 21 0.074795
2034 21 0.075950
2035 21 0.109571
2036 21 0.139569
2037 21 0.022448
2038 21 0.118090
2039 21 0.071976
2040 21 0.064556
2041 21 0.097574
2042 21 0.106172
2043 21 0.160943
2044 21 0.059704
2045 21 0.156637
2046 21 0.170514
2047 21 0.161310
2048 21 0.191719
2049 21 0.123528
2050 21 0.078806
2051 21 0.019491
2052 21 0.076649
2053 21 0.121845
2054 21 0.144771
2055 21 0.082242
2056 21 0.147218
2057 21 0.096565
2058 21 0.017117
2059 21 0.128906
2060 21 0.081113
2061 21 0.022851
2062 21 0.075219
2063 21 0.103638
2064 21 0.156780
2065 21 0.188351
2066 21 0.163630
2067 21 0.150217
2068 21 0.201063
2069 21 0.114922
2070 21 0.102894
2071 21 0.105475
2072 21 0.094140
2073 21 0.073524
2074 21 0.139294
2075 21 0.101713
2076 21 0.117951
2077 21 0.096122
2078 21 0.136604
2079 21 0.281057
2080 21 0.078145
2081 21 0.432648
2082 21 0.120013
2083 21 0.077909
2084 21 0.024620
2085 21 0.022905
2086 21 0.144605
2087 21 0.106183
2088 21 0.125355
2089 21 0.132508
2090 21 0.022986
2091 21 0.076075
2092 21 0.203830
2093 21 0.171434
2094 21 0.131977
2095 21 0.166763
2096 21 0.074679
2097 21 0.078639
2098 21 0.090328
2099 21 0.075197
2100 22 0.186239
2101 22 0.139822
2102 22 0.072899
2103 22 0.139729
2104 22 0.111810
2105 22 0.085922
2106 22 0.125036
2107 22 0.132096
2108 22 0.081615
2109 22 0.024538
2110 22 0.153905
2111 22 0.161342
2112 22 0.022782
2113 22 0.148745
2114 22 0.016983
2115 22 0.192902
2116 22 0.131073
2117 22 0.075569
2118 22 0.103174
2119 22 0.102990
2120 22 0.075896
2121 22 0.096271
2122 22 0.095818
2123 22 0.136987
2124 22 0.121964
2125 22 0.077613
2126 22 0.168250
2127 22 0.050569
2128 22 0.123580
2129 22 0.125935
2130 22 0.085956
2131 22 0.077225
2132 22 0.106008
2133 22 0.171849
2134 22 0.147885
2135 22 0.189948
2136 22 0.181738
2137 22 0.174452
2138 22 0.059733
2139 22 0.164419
2140 22 0.151658
2141 22 0.113162
2142 22 0.113720
2143 22 0.113924
2144 22 0.064218
2145 22 0.106698
2146 22 0.093931
2147 22 0.117824
2148 22 0.194083
2149 22 0.094401
2150 22 0.129096
2151 22 0.081932
2152 22 0.089302
2153 22 0.045037
2154 22 0.126542
2155 22 0.019598
2156 22 0.022951
2157 22 0.147310
2158 22 0.101881
2159 22 0.131512
2160 22 0.128514
2161 22 0.065289
2162 22 0.102912
2163 22 0.063880
2164 22 0.145409
2165 22 0.094002
2166 22 0.154435
2167 22 0.039943
2168 22 0.082226
2169 22 0.132021
2170 22 0.163620
2171 22 0.149203
2172 22 0.090939
2173 22 0.189300
2174 22 0.074845
2175 22 0.082888
2176 22 0.134143
2177 22 0.022392
2178 22 0.091576
2179 22 0.147489
2180 22 0.110059
2181 22 0.107856
2182 22 0.092214
2183 22 0.112043
2184 22 0.094011
2185 22 0.155561
2186 22 0.095450
2187 22 0.146356
2188 22 0.231389
2189 22 0.097184
2190 22 0.104282
2191 22 0.097586
2192 22 0.093485
2193 22 0.177729
2194 22 0.023202
2195 22 0.076773
2196 22 0.098052
2197 22 0.074951
2198 22 0.086707
2199 22 0.075991
2200 23 0.159248
2201 23 0.077213
2202 23 0.178931
2203 23 0.132742
2204 23 0.197479
2205 23 0.186237
2206 23 0.075772
2207 23 0.022850
2208 23 0.075936
2209 23 0.064060
2210 23 0.097209
2211 23 0.039897
2212 23 0.175958
2213 23 0.141414
2214 23 0.112649
2215 23 0.103355
2216 23 0.147230
2217 23 0.125058
2218 23 0.146828
2219 23 0.135231
2220 23 0.120107
2221 23 0.119372
2222 23 0.184972
2223 23 0.095432
2224 23 0.062107
2225 23 0.136691
2226 23 0.078104
2227 23 0.091787
2228 23 0.139694
2229 23 0.024569
2230 23 0.082156
2231 23 0.128759
2232 23 0.094154
2233 23 0.126483
2234 23 0.094432
2235 23 0.161823
2236 23 0.080771
2237 23 0.090027
2238 23 0.106131
2239 23 0.139387
2240 23 0.108294
2241 23 0.110346
2242 23 0.096881
2243 23 0.107416
2244 23 0.105667
2245 23 0.050488
2246 23 0.142226
2247 23 0.178148
2248 23 0.210762
2249 23 0.023152
2250 23 0.197038
2251 23 0.113642
2252 23 0.167305
2253 23 0.114574
2254 23 0.092618
2255 23 0.059648
2256 23 0.073166
2257 23 0.071992
2258 23 0.075520
2259 23 0.127280
2260 23 0.101880
2261 23 0.065374
2262 23 0.119733
2263 23 0.074860
2264 23 0.077999
2265 23 0.166381
2266 23 0.090656
2267 23 0.133651
2268 23 0.129618
2269 23 0.077543
2270 23 0.064010
2271 23 0.076539
2272 23 0.180664
2273 23 0.105869
2274 23 0.132237
2275 23 0.200827
2276 23 0.106650
2277 23 0.258485
2278 23 0.089947
2279 23 0.095055
2280 23 0.196001
2281 23 0.019590
2282 23 0.140183
2283 23 0.098078
2284 23 0.085227
2285 23 0.141527
2286 23 0.023130
2287 23 0.214700
2288 23 0.105036
2289 23 0.133659
2290 23 0.131811
2291 23 0.096570
2292 23 0.154928
2293 23 0.050542
2294 23 0.113404
2295 23 0.017314
2296 23 0.123763
2297 23 0.022624
2298 23 0.075192
2299 23 0.163398
2300 24 0.159960
2301 24 0.094593
2302 24 0.196535
2303 24 0.170523
2304 24 0.111401
2305 24 0.095297
2306 24 0.213463
2307 24 0.118346
2308 24 0.111006
2309 24 0.059770
2310 24 0.093409
2311 24 0.202170
2312 24 0.137223
2313 24 0.113523
2314 24 0.095650
2315 24 0.121526
2316 24 0.089570
2317 24 0.150483
2318 24 0.022993
2319 24 0.050706
2320 24 0.097458
2321 24 0.113086
2322 24 0.105548
2323 24 0.075194
2324 24 0.105908
2325 24 0.017098
2326 24 0.344973
2327 24 0.064549
2328 24 0.142586
2329 24 0.065486
2330 24 0.121545
2331 24 0.062341
2332 24 0.019646
2333 24 0.117401
2334 24 0.086131
2335 24 0.173632
2336 24 0.191372
2337 24 0.162936
2338 24 0.178338
2339 24 0.186812
2340 24 0.111661
2341 24 0.118994
2342 24 0.138619
2343 24 0.139932
2344 24 0.040236
2345 24 0.132373
2346 24 0.150714
2347 24 0.077392
2348 24 0.156515
2349 24 0.063861
2350 24 0.080743
2351 24 0.081815
2352 24 0.134295
2353 24 0.132785
2354 24 0.108895
2355 24 0.099226
2356 24 0.105957
2357 24 0.161436
2358 24 0.181559
2359 24 0.079459
2360 24 0.080926
2361 24 0.103371
2362 24 0.075772
2363 24 0.120234
2364 24 0.098808
2365 24 0.111287
2366 24 0.121992
2367 24 0.165956
2368 24 0.090745
2369 24 0.092098
2370 24 0.076055
2371 24 0.096297
2372 24 0.150155
2373 24 0.152020
2374 24 0.091091
2375 24 0.196221
2376 24 0.072009
2377 24 0.123027
2378 24 0.113056
2379 24 0.163277
2380 24 0.107923
2381 24 0.074904
2382 24 0.055023
2383 24 0.113035
2384 24 0.023000
2385 24 0.073371
2386 24 0.024797
2387 24 0.164857
2388 24 0.023117
2389 24 0.106907
2390 24 0.091132
2391 24 0.094300
2392 24 0.101178
2393 24 0.111377
2394 24 0.022252
2395 24 0.156563
2396 24 0.078052
2397 24 0.092580
2398 24 0.076898
2399 24 0.108548
2400 25 0.112966
2401 25 0.111558
2402 25 0.103331
2403 25 0.097721
2404 25 0.145149
2405 25 0.120851
2406 25 0.090860
2407 25 0.089522
2408 25 0.074614
2409 25 0.164246
2410 25 0.109722
2411 25 0.164667
2412 25 0.176036
2413 25 0.141455
2414 25 0.077108
2415 25 0.078251
2416 25 0.019462
2417 25 0.022815
2418 25 0.135221
2419 25 0.090220
2420 25 0.117873
2421 25 0.173986
2422 25 0.022356
2423 25 0.107861
2424 25 0.294539
2425 25 0.169049
2426 25 0.059885
2427 25 0.017156
2428 25 0.106106
2429 25 0.077353
2430 25 0.176491
2431 25 0.072648
2432 25 0.023143
2433 25 0.160424
2434 25 0.207240
2435 25 0.089700
2436 25 0.075379
2437 25 0.117390
2438 25 0.063817
2439 25 0.142501
2440 25 0.143881
2441 25 0.191103
2442 25 0.139397
2443 25 0.121746
2444 25 0.147776
2445 25 0.109185
2446 25 0.024819
2447 25 0.145711
2448 25 0.123015
2449 25 0.156858
2450 25 0.040030
2451 25 0.064582
2452 25 0.081488
2453 25 0.093739
2454 25 0.023031
2455 25 0.096025
2456 25 0.075045
2457 25 0.072189
2458 25 0.143329
2459 25 0.077830
2460 25 0.184183
2461 25 0.150690
2462 25 0.179113
2463 25 0.126359
2464 25 0.113279
2465 25 0.115666
2466 25 0.176256
2467 25 0.096354
2468 25 0.121487
2469 25 0.103091
2470 25 0.154698
2471 25 0.150790
2472 25 0.115592
2473 25 0.085651
2474 25 0.109084
2475 25 0.076693
2476 25 0.093806
2477 25 0.074668
2478 25 0.126370
2479 25 0.122857
2480 25 0.164808
2481 25 0.045101
2482 25 0.062262
2483 25 0.097685
2484 25 0.081990
2485 25 0.157998
2486 25 0.102112
2487 25 0.106636
2488 25 0.065517
2489 25 0.126062
2490 25 0.132836
2491 25 0.106050
2492 25 0.114823
2493 25 0.106506
2494 25 0.151441
2495 25 0.093477
2496 25 0.095399
2497 25 0.195675
2498 25 0.090305
2499 25 0.075970
2500 26 0.202830
2501 26 0.184131
2502 26 0.080498
2503 26 0.075282
2504 26 0.019393
2505 26 0.039782
2506 26 0.126578
2507 26 0.062048
2508 26 0.143507
2509 26 0.093601
2510 26 0.044783
2511 26 0.076587
2512 26 0.105458
2513 26 0.075896
2514 26 0.072697
2515 26 0.139975
2516 26 0.098627
2517 26 0.074633
2518 26 0.137237
2519 26 0.153069
2520 26 0.102293
2521 26 0.074861
2522 26 0.086916
2523 26 0.112399
2524 26 0.142258
2525 26 0.077079
2526 26 0.285263
2527 26 0.059901
2528 26 0.105640
2529 26 0.071809
2530 26 0.089531
2531 26 0.095898
2532 26 0.133285
2533 26 0.113039
2534 26 0.200139
2535 26 0.195283
2536 26 0.106024
2537 26 0.078407
2538 26 0.105058
2539 26 0.117919
2540 26 0.133897
2541 26 0.095699
2542 26 0.022431
2543 26 0.090505
2544 26 0.125711
2545 26 0.077868
2546 26 0.137229
2547 26 0.075624
2548 26 0.094238
2549 26 0.092901
2550 26 0.082001
2551 26 0.024703
2552 26 0.171249
2553 26 0.081620
2554 26 0.081732
2555 26 0.198003
2556 26 0.168581
2557 26 0.120495
2558 26 0.121585
2559 26 0.174500
2560 26 0.065605
2561 26 0.092516
2562 26 0.122138
2563 26 0.069540
2564 26 0.149186
2565 26 0.074424
2566 26 0.128240
2567 26 0.085840
2568 26 0.098338
2569 26 0.106498
2570 26 0.155597
2571 26 0.137606
2572 26 0.196201
2573 26 0.105232
2574 26 0.022981
2575 26 0.135177
2576 26 0.149438
2577 26 0.023163
2578 26 0.064629
2579 26 0.123597
2580 26 0.132559
2581 26 0.147266
2582 26 0.117926
2583 26 0.107989
2584 26 0.022954
2585 26 0.091183
2586 26 0.103609
2587 26 0.103819
2588 26 0.179049
2589 26 0.151853
2590 26 0.121453
2591 26 0.050576
2592 26 0.017011
2593 26 0.118071
2594 26 0.140516
2595 26 0.149597
2596 26 0.089870
2597 26 0.114508
2598 26 0.158688
2599 26 0.078362
2600 27 0.077178
2601 27 0.098282
2602 27 0.076957
2603 27 0.134514
2604 27 0.139151
2605 27 0.152741
2606 27 0.022966
2607 27 0.146047
2608 27 0.085960
2609 27 0.065355
2610 27 0.112955
2611 27 0.119459
2612 27 0.152409
2613 27 0.134092
2614 27 0.152305
2615 27 0.154019
2616 27 0.081215
2617 27 0.145579
2618 27 0.077596
2619 27 0.124759
2620 27 0.093279
2621 27 0.239417
2622 27 0.126486
2623 27 0.149288
2624 27 0.136239
2625 27 0.075635
2626 27 0.075751
2627 27 0.089383
2628 27 0.095944
2629 27 0.113352
2630 27 0.104357
2631 27 0.125895
2632 27 0.129195
2633 27 0.105398
2634 27 0.081230
2635 27 0.210882
2636 27 0.285907
2637 27 0.040034
2638 27 0.215528
2639 27 0.089285
2640 27 0.074724
2641 27 0.106882
2642 27 0.101701
2643 27 0.163041
2644 27 0.123168
2645 27 0.105005
2646 27 0.085594
2647 27 0.081735
2648 27 0.016941
2649 27 0.130388
2650 27 0.096355
2651 27 0.167735
2652 27 0.107746
2653 27 0.123253
2654 27 0.185823
2655 27 0.047107
2656 27 0.178628
2657 27 0.090399
2658 27 0.108126
2659 27 0.112752
2660 27 0.162333
2661 27 0.094004
2662 27 0.176867
2663 27 0.064168
2664 27 0.066091
2665 27 0.074560
2666 27 0.024703
2667 27 0.123666
2668 27 0.610260
2669 27 0.074615
2670 27 0.154680
2671 27 0.094510
2672 27 0.127366
2673 27 0.119253
2674 27 0.059841
2675 27 0.124751
2676 27 0.039148
2677 27 0.124851
2678 27 0.103375
2679 27 0.135692
2680 27 0.100224
2681 27 0.059905
2682 27 0.092726
2683 27 0.138888
2684 27 0.022566
2685 27 0.127236
2686 27 0.090195
2687 27 0.107407
2688 27 0.141478
2689 27 0.163056
2690 27 0.143672
2691 27 0.174197
2692 27 0.019828
2693 27 0.103256
2694 27 0.064434
2695 27 0.097381
2696 27 0.107812
2697 27 0.075615
2698 27 0.075597
2699 27 0.078124
2700 28 0.173879
2701 28 0.077849
2702 28 0.105137
2703 28 0.161170
2704 28 0.095494
2705 28 0.141150
2706 28 0.112182
2707 28 0.089876
2708 28 0.023211
2709 28 0.142076
2710 28 0.160692
2711 28 0.158476
2712 28 0.157214
2713 28 0.024824
2714 28 0.019865
2715 28 0.045311
2716 28 0.161467
2717 28 0.121372
2718 28 0.106155
2719 28 0.104575
2720 28 0.159417
2721 28 0.085968
2722 28 0.082120
2723 28 0.122961
2724 28 0.022364
2725 28 0.126130
2726 28 0.380450
2727 28 0.050588
2728 28 0.177208
2729 28 0.094302
2730 28 0.072519
2731 28 0.062231
2732 28 0.101373
2733 28 0.103000
2734 28 0.110279
2735 28 0.199430
2736 28 0.113296
2737 28 0.059962
2738 28 0.072143
2739 28 0.023517
2740 28 0.107308
2741 28 0.180610
2742 28 0.116144
2743 28 0.074240
2744 28 0.139001
2745 28 0.126447
2746 28 0.128173
2747 28 0.195026
2748 28 0.143968
2749 28 0.099893
2750 28 0.064177
2751 28 0.109036
2752 28 0.103960
2753 28 0.103932
2754 28 0.075755
2755 28 0.083339
2756 28 0.145714
2757 28 0.103897
2758 28 0.094204
2759 28 0.160460
2760 28 0.139735
2761 28 0.076431
2762 28 0.077904
2763 28 0.106138
2764 28 0.077116
2765 28 0.083514
2766 28 0.017328
2767 28 0.112917
2768 28 0.136609
2769 28 0.114004
2770 28 0.133098
2771 28 0.140560
2772 28 0.091883
2773 28 0.090871
2774 28 0.087204
2775 28 0.155149
2776 28 0.148551
2777 28 0.098949
2778 28 0.180898
2779 28 0.121097
2780 28 0.124949
2781 28 0.102909
2782 28 0.023116
2783 28 0.081724
2784 28 0.112280
2785 28 0.090797
2786 28 0.089674
2787 28 0.145979
2788 28 0.064116
2789 28 0.106442
2790 28 0.103405
2791 28 0.065086
2792 28 0.040265
2793 28 0.105349
2794 28 0.117726
2795 28 0.134979
2796 28 0.130571
2797 28 0.156846
2798 28 0.075643
2799 28 0.188244
2800 29 0.080276
2801 29 0.081522
2802 29 0.072587
2803 29 0.045574
2804 29 0.075494
2805 29 0.064049
2806 29 0.090337
2807 29 0.181302
2808 29 0.059703
2809 29 0.091642
2810 29 0.106105
2811 29 0.200686
2812 29 0.132853
2813 29 0.116835
2814 29 0.094111
2815 29 0.111854
2816 29 0.149569
2817 29 0.023198
2818 29 0.197446
2819 29 0.131055
2820 29 0.141722
2821 29 0.091987
2822 29 0.083168
2823 29 0.110485
2824 29 0.095199
2825 29 0.129293
2826 29 0.196258
2827 29 0.089618
2828 29 0.064946
2829 29 0.140013
2830 29 0.063997
2831 29 0.107174
2832 29 0.089374
2833 29 0.050492
2834 29 0.090576
2835 29 0.112210
2836 29 0.131771
2837 29 0.081556
2838 29 0.078752
2839 29 0.107052
2840 29 0.194558
2841 29 0.113808
2842 29 0.105597
2843 29 0.075002
2844 29 0.096239
2845 29 0.121614
2846 29 0.162554
2847 29 0.105666
2848 29 0.062155
2849 29 0.017567
2850 29 0.138473
2851 29 0.103900
2852 29 0.142824
2853 29 0.077182
2854 29 0.072029
2855 29 0.117500
2856 29 0.140346
2857 29 0.155529
2858 29 0.081838
2859 29 0.085380
2860 29 0.020062
2861 29 0.075736
2862 29 0.025202
2863 29 0.076977
2864 29 0.081224
2865 29 0.075727
2866 29 0.143829
2867 29 0.141198
2868 29 0.119376
2869 29 0.077096
2870 29 0.155995
2871 29 0.074391
2872 29 0.095646
2873 29 0.123726
2874 29 0.151204
2875 29 0.095136
2876 29 0.143497
2877 29 0.099103
2878 29 0.169758
2879 29 0.108402
2880 29 0.139278
2881 29 0.142178
2882 29 0.129632
2883 29 0.136123
2884 29 0.113123
2885 29 0.085840
2886 29 0.105207
2887 29 0.149778
2888 29 0.077956
2889 29 0.104413
2890 29 0.103038
2891 29 0.023474
2892 29 0.117713
2893 29 0.022774
2894 29 0.040476
2895 29 0.148035
2896 29 0.142767
2897 29 0.154209
2898 29 0.023479
2899 29 0.132197
2900 30 0.017403
2901 30 0.091592
2902 30 0.103500
2903 30 0.144319
2904 30 0.083334
2905 30 0.023332
2906 30 0.101041
2907 30 0.059690
2908 30 0.050445
2909 30 0.112762
2910 30 0.073984
2911 30 0.125738
2912 30 0.078363
2913 30 0.075768
2914 30 0.117293
2915 30 0.231132
2916 30 0.133922
2917 30 0.156283
2918 30 0.103945
2919 30 0.077575
2920 30 0.079217
2921 30 0.040200
2922 30 0.064022
2923 30 0.141109
2924 30 0.167038
2925 30 0.105291
2926 30 0.128391
2927 30 0.113258
2928 30 0.022568
2929 30 0.103092
2930 30 0.117703
2931 30 0.155704
2932 30 0.105152
2933 30 0.100823
2934 30 0.100139
2935 30 0.138217
2936 30 0.120770
2937 30 0.139853
2938 30 0.076144
2939 30 0.024885
2940 30 0.077134
2941 30 0.121985
2942 30 0.089547
2943 30 0.165827
2944 30 0.089472
2945 30 0.065037
2946 30 0.105018
2947 30 0.111512
2948 30 0.077572
2949 30 0.075317
2950 30 0.175474
2951 30 0.120112
2952 30 0.116780
2953 30 0.023553
2954 30 0.153985
2955 30 0.077139
2956 30 0.046145
2957 30 0.118237
2958 30 0.023222
2959 30 0.096696
2960 30 0.140325
2961 30 0.116239
2962 30 0.071970
2963 30 0.107453
2964 30 0.075162
2965 30 0.077393
2966 30 0.122358
2967 30 0.101090
2968 30 0.100159
2969 30 0.070123
2970 30 0.140462
2971 30 0.081240
2972 30 0.139577
2973 30 0.129754
2974 30 0.127677
2975 30 0.151386
2976 30 0.095936
2977 30 0.147241
2978 30 0.019897
2979 30 0.091038
2980 30 0.128860
2981 30 0.090430
2982 30 0.125461
2983 30 0.080593
2984 30 0.118537
2985 30 0.114518
2986 30 0.081881
2987 30 0.095023
2988 30 0.114041
2989 30 0.134197
2990 30 0.133821
2991 30 0.107055
2992 30 0.106192
2993 30 0.139509
2994 30 0.141125
2995 30 0.139362
2996 30 0.173180
2997 30 0.089266
2998 30 0.082989
2999 30 0.106973
