# Batch convergence for: model=snn-ae encoding=latency architecture=recurrent v_th=1 alpha=0.8 run=2
batch_num epoch batch_loss
0 1 0.381595
1 1 0.584290
2 1 0.545730
3 1 0.477041
4 1 0.869350
5 1 0.611835
6 1 0.563950
7 1 0.742649
8 1 0.506981
9 1 0.672097
10 1 0.680802
11 1 0.437598
12 1 0.387743
13 1 0.549693
14 1 0.521941
15 1 0.410394
16 1 0.562275
17 1 0.581311
18 1 0.530019
19 1 0.371576
20 1 0.553307
21 1 0.057264
22 1 0.410619
23 1 0.540890
24 1 0.432473
25 1 0.503444
26 1 0.397036
27 1 0.594966
28 1 0.429145
29 1 0.541130
30 1 0.354888
31 1 0.393529
32 1 0.423476
33 1 0.474039
34 1 0.396061
35 1 0.427059
36 1 0.567968
37 1 0.385991
38 1 0.512136
39 1 0.406925
40 1 0.451666
41 1 0.384994
42 1 0.396765
43 1 0.429290
44 1 0.396991
45 1 0.380993
46 1 0.340330
47 1 0.549729
48 1 0.438974
49 1 0.476836
50 1 0.084445
51 1 0.444709
52 1 0.419392
53 1 0.105624
54 1 0.816227
55 1 0.463567
56 1 0.485042
57 1 0.471035
58 1 0.386158
59 1 0.435309
60 1 0.438405
61 1 0.503274
62 1 0.438510
63 1 0.527893
64 1 0.304376
65 1 0.355993
66 1 0.022857
67 1 0.513713
68 1 0.344827
69 1 0.378842
70 1 0.359418
71 1 0.345758
72 1 0.026257
73 1 0.439224
74 1 0.520306
75 1 0.485059
76 1 0.349379
77 1 0.422055
78 1 0.322767
79 1 0.332161
80 1 0.748058
81 1 0.359454
82 1 0.376738
83 1 0.483425
84 1 0.386133
85 1 0.518309
86 1 0.391718
87 1 0.438021
88 1 0.378315
89 1 0.477481
90 1 0.326514
91 1 0.473378
92 1 0.196336
93 1 0.341223
94 1 0.391006
95 1 0.372095
96 1 0.387916
97 1 0.327460
98 1 0.409966
99 1 0.418327
100 2 0.382711
101 2 0.352058
102 2 0.310534
103 2 0.369409
104 2 0.380975
105 2 0.427334
106 2 0.369717
107 2 0.388490
108 2 0.329220
109 2 0.340025
110 2 0.302037
111 2 0.111069
112 2 0.370008
113 2 0.656480
114 2 0.296809
115 2 0.395173
116 2 0.357967
117 2 0.346698
118 2 0.269648
119 2 0.321867
120 2 0.314453
121 2 0.355560
122 2 0.353610
123 2 0.340759
124 2 0.271098
125 2 0.358614
126 2 0.320769
127 2 0.336287
128 2 0.312247
129 2 0.305614
130 2 0.320429
131 2 0.314859
132 2 0.337569
133 2 0.333932
134 2 0.330091
135 2 0.322595
136 2 0.289050
137 2 0.296284
138 2 0.356733
139 2 0.380315
140 2 0.280700
141 2 0.348297
142 2 0.400615
143 2 0.260146
144 2 0.319881
145 2 0.355051
146 2 0.339477
147 2 0.322089
148 2 0.352234
149 2 0.479575
150 2 0.238115
151 2 0.308428
152 2 0.413829
153 2 0.293008
154 2 0.345005
155 2 0.023667
156 2 0.362738
157 2 0.302723
158 2 0.362170
159 2 0.305029
160 2 0.304510
161 2 0.281001
162 2 0.298991
163 2 0.346110
164 2 0.306669
165 2 0.301876
166 2 0.026885
167 2 0.263949
168 2 0.356126
169 2 0.338922
170 2 0.283663
171 2 0.353795
172 2 0.317891
173 2 0.381446
174 2 0.275506
175 2 0.274462
176 2 0.376364
177 2 0.155097
178 2 0.307648
179 2 0.250177
180 2 0.352907
181 2 0.292534
182 2 0.210336
183 2 0.311387
184 2 0.321813
185 2 0.053434
186 2 0.372741
187 2 0.306711
188 2 0.305986
189 2 0.278792
190 2 0.310760
191 2 0.303720
192 2 0.304895
193 2 0.287779
194 2 0.498620
195 2 0.372874
196 2 0.276274
197 2 0.249172
198 2 0.238945
199 2 0.207119
200 3 0.260477
201 3 0.291970
202 3 0.272462
203 3 0.277390
204 3 0.023884
205 3 0.264798
206 3 0.283787
207 3 0.231328
208 3 0.508252
209 3 0.257289
210 3 0.298161
211 3 0.230325
212 3 0.364324
213 3 0.298952
214 3 0.467672
215 3 0.251100
216 3 0.309979
217 3 0.239432
218 3 0.544367
219 3 0.026958
220 3 0.225934
221 3 0.273071
222 3 0.256379
223 3 0.268985
224 3 0.301724
225 3 0.257242
226 3 0.220827
227 3 0.280162
228 3 0.223719
229 3 0.252430
230 3 0.308585
231 3 0.078953
232 3 0.263092
233 3 0.284681
234 3 0.278562
235 3 0.218251
236 3 0.304782
237 3 0.248708
238 3 0.282084
239 3 0.312216
240 3 0.263702
241 3 0.254850
242 3 0.253749
243 3 0.290641
244 3 0.301551
245 3 0.261906
246 3 0.262920
247 3 0.249670
248 3 0.257935
249 3 0.321082
250 3 0.216855
251 3 0.307225
252 3 0.292284
253 3 0.227998
254 3 0.232694
255 3 0.257567
256 3 0.239606
257 3 0.250217
258 3 0.296072
259 3 0.253999
260 3 0.226750
261 3 0.291835
262 3 0.281894
263 3 0.244244
264 3 0.221043
265 3 0.259845
266 3 0.233226
267 3 0.243611
268 3 0.275806
269 3 0.279621
270 3 0.287955
271 3 0.245653
272 3 0.211138
273 3 0.266936
274 3 0.245069
275 3 0.225558
276 3 0.053577
277 3 0.155617
278 3 0.251954
279 3 0.346789
280 3 0.195706
281 3 0.250307
282 3 0.219450
283 3 0.263281
284 3 0.278496
285 3 0.267021
286 3 0.274905
287 3 0.283350
288 3 0.319150
289 3 0.227383
290 3 0.225473
291 3 0.334976
292 3 0.226596
293 3 0.320380
294 3 0.247421
295 3 0.191402
296 3 0.190945
297 3 0.354432
298 3 0.250345
299 3 0.277431
300 4 0.247593
301 4 0.219682
302 4 0.250704
303 4 0.226599
304 4 0.199565
305 4 0.260029
306 4 0.222418
307 4 0.282141
308 4 0.262129
309 4 0.290846
310 4 0.242380
311 4 0.248311
312 4 0.261533
313 4 0.255027
314 4 0.303120
315 4 0.245436
316 4 0.233799
317 4 0.219827
318 4 0.299398
319 4 0.254456
320 4 0.285234
321 4 0.269566
322 4 0.246765
323 4 0.277742
324 4 0.220577
325 4 0.322048
326 4 0.211858
327 4 0.218612
328 4 0.146451
329 4 0.196877
330 4 0.202466
331 4 0.230010
332 4 0.256357
333 4 0.181509
334 4 0.262495
335 4 0.206101
336 4 0.225045
337 4 0.246316
338 4 0.259601
339 4 0.227107
340 4 0.231989
341 4 0.196950
342 4 0.347514
343 4 0.023914
344 4 0.233216
345 4 0.245264
346 4 0.260018
347 4 0.231398
348 4 0.179491
349 4 0.225476
350 4 0.268116
351 4 0.207725
352 4 0.223710
353 4 0.188713
354 4 0.077797
355 4 0.238634
356 4 0.276445
357 4 0.225503
358 4 0.230854
359 4 0.052842
360 4 0.026731
361 4 0.199586
362 4 0.237438
363 4 0.246326
364 4 0.207203
365 4 0.230141
366 4 0.286109
367 4 0.184156
368 4 0.259699
369 4 0.211426
370 4 0.177881
371 4 0.312327
372 4 0.226636
373 4 0.227567
374 4 0.250773
375 4 0.173180
376 4 0.187468
377 4 0.198622
378 4 0.227553
379 4 0.242660
380 4 0.203821
381 4 0.187017
382 4 0.278540
383 4 0.490944
384 4 0.243931
385 4 0.231862
386 4 0.275667
387 4 0.300588
388 4 0.213664
389 4 0.214223
390 4 0.296075
391 4 0.192814
392 4 0.225429
393 4 0.269045
394 4 0.222111
395 4 0.367181
396 4 0.208530
397 4 0.287013
398 4 0.234061
399 4 0.292228
400 5 0.249360
401 5 0.276606
402 5 0.177542
403 5 0.170291
404 5 0.224446
405 5 0.235327
406 5 0.207700
407 5 0.226906
408 5 0.169591
409 5 0.236191
410 5 0.220718
411 5 0.374632
412 5 0.197006
413 5 0.052658
414 5 0.193180
415 5 0.233190
416 5 0.138595
417 5 0.226021
418 5 0.156574
419 5 0.265359
420 5 0.229935
421 5 0.098309
422 5 0.185908
423 5 0.220717
424 5 0.197214
425 5 0.234997
426 5 0.231434
427 5 0.269058
428 5 0.199644
429 5 0.188914
430 5 0.228424
431 5 0.295028
432 5 0.213995
433 5 0.165829
434 5 0.221961
435 5 0.180245
436 5 0.192666
437 5 0.261876
438 5 0.098093
439 5 0.176726
440 5 0.272214
441 5 0.191942
442 5 0.251779
443 5 0.205706
444 5 0.194350
445 5 0.166997
446 5 0.271377
447 5 0.185514
448 5 0.232093
449 5 0.211976
450 5 0.199314
451 5 0.224381
452 5 0.186671
453 5 0.026426
454 5 0.230044
455 5 0.242151
456 5 0.223216
457 5 0.175344
458 5 0.209092
459 5 0.324619
460 5 0.242960
461 5 0.257658
462 5 0.209208
463 5 0.217928
464 5 0.243792
465 5 0.207900
466 5 0.263399
467 5 0.174061
468 5 0.252338
469 5 0.172145
470 5 0.257011
471 5 0.204081
472 5 0.157388
473 5 0.253453
474 5 0.180548
475 5 0.209655
476 5 0.232049
477 5 0.229369
478 5 0.169627
479 5 0.169645
480 5 0.281396
481 5 0.355512
482 5 0.251637
483 5 0.197702
484 5 0.216329
485 5 0.255332
486 5 0.237426
487 5 0.238132
488 5 0.192135
489 5 0.166891
490 5 0.215602
491 5 0.177633
492 5 0.265865
493 5 0.189342
494 5 0.241331
495 5 0.201150
496 5 0.210548
497 5 0.164579
498 5 0.159169
499 5 0.229600
500 6 0.240405
501 6 0.051908
502 6 0.155637
503 6 0.198241
504 6 0.256266
505 6 0.199227
506 6 0.023501
507 6 0.199720
508 6 0.239178
509 6 0.233741
510 6 0.176183
511 6 0.210764
512 6 0.185053
513 6 0.189932
514 6 0.218117
515 6 0.218178
516 6 0.180180
517 6 0.245159
518 6 0.141253
519 6 0.176871
520 6 0.201410
521 6 0.209185
522 6 0.221408
523 6 0.173186
524 6 0.208141
525 6 0.188804
526 6 0.210562
527 6 0.225588
528 6 0.175696
529 6 0.221901
530 6 0.249493
531 6 0.213865
532 6 0.208399
533 6 0.251278
534 6 0.138916
535 6 0.201741
536 6 0.236987
537 6 0.175633
538 6 0.215387
539 6 0.249749
540 6 0.168213
541 6 0.186066
542 6 0.152197
543 6 0.176849
544 6 0.205004
545 6 0.189418
546 6 0.198541
547 6 0.211736
548 6 0.154939
549 6 0.192049
550 6 0.298205
551 6 0.214195
552 6 0.168457
553 6 0.219034
554 6 0.190466
555 6 0.161112
556 6 0.208156
557 6 0.276417
558 6 0.201112
559 6 0.026202
560 6 0.165062
561 6 0.201060
562 6 0.164838
563 6 0.259407
564 6 0.158295
565 6 0.167486
566 6 0.186691
567 6 0.212835
568 6 0.234878
569 6 0.201840
570 6 0.076116
571 6 0.208756
572 6 0.200198
573 6 0.161250
574 6 0.197868
575 6 0.203396
576 6 0.149233
577 6 0.167999
578 6 0.241155
579 6 0.190603
580 6 0.221527
581 6 0.419189
582 6 0.212069
583 6 0.146314
584 6 0.236777
585 6 0.185989
586 6 0.220322
587 6 0.218161
588 6 0.206924
589 6 0.222625
590 6 0.422333
591 6 0.214104
592 6 0.131836
593 6 0.151477
594 6 0.196466
595 6 0.247280
596 6 0.200409
597 6 0.192519
598 6 0.278787
599 6 0.256068
600 7 0.222955
601 7 0.233180
602 7 0.183457
603 7 0.204886
604 7 0.023244
605 7 0.208492
606 7 0.152683
607 7 0.174678
608 7 0.267883
609 7 0.216079
610 7 0.217341
611 7 0.255853
612 7 0.300572
613 7 0.253080
614 7 0.171445
615 7 0.186410
616 7 0.196123
617 7 0.213325
618 7 0.147944
619 7 0.176743
620 7 0.105852
621 7 0.136007
622 7 0.190304
623 7 0.175916
624 7 0.175632
625 7 0.251608
626 7 0.248377
627 7 0.232452
628 7 0.185013
629 7 0.191725
630 7 0.225181
631 7 0.194133
632 7 0.145603
633 7 0.189919
634 7 0.187033
635 7 0.178503
636 7 0.118090
637 7 0.200308
638 7 0.154780
639 7 0.205555
640 7 0.169607
641 7 0.202571
642 7 0.191532
643 7 0.196102
644 7 0.199537
645 7 0.216869
646 7 0.202336
647 7 0.288186
648 7 0.284967
649 7 0.075274
650 7 0.161838
651 7 0.241831
652 7 0.253435
653 7 0.244904
654 7 0.210338
655 7 0.218149
656 7 0.153372
657 7 0.183580
658 7 0.173481
659 7 0.192495
660 7 0.211411
661 7 0.176425
662 7 0.189709
663 7 0.172883
664 7 0.196087
665 7 0.205702
666 7 0.186675
667 7 0.168505
668 7 0.194466
669 7 0.157669
670 7 0.254704
671 7 0.250151
672 7 0.381694
673 7 0.393242
674 7 0.240286
675 7 0.198826
676 7 0.235703
677 7 0.204114
678 7 0.170738
679 7 0.194499
680 7 0.204302
681 7 0.135188
682 7 0.190148
683 7 0.244554
684 7 0.169731
685 7 0.203434
686 7 0.190070
687 7 0.174957
688 7 0.148362
689 7 0.206643
690 7 0.188023
691 7 0.228165
692 7 0.160902
693 7 0.025880
694 7 0.152487
695 7 0.230812
696 7 0.185658
697 7 0.139852
698 7 0.166068
699 7 0.172489
700 8 0.236314
701 8 0.176380
702 8 0.214688
703 8 0.275151
704 8 0.295562
705 8 0.202164
706 8 0.185316
707 8 0.228565
708 8 0.144761
709 8 0.160353
710 8 0.211839
711 8 0.192763
712 8 0.201255
713 8 0.175028
714 8 0.176112
715 8 0.218205
716 8 0.358802
717 8 0.231703
718 8 0.211704
719 8 0.218905
720 8 0.154762
721 8 0.191473
722 8 0.185343
723 8 0.131554
724 8 0.178742
725 8 0.191624
726 8 0.198676
727 8 0.182973
728 8 0.200038
729 8 0.191699
730 8 0.148942
731 8 0.183426
732 8 0.193510
733 8 0.200288
734 8 0.181414
735 8 0.159982
736 8 0.217430
737 8 0.168810
738 8 0.303595
739 8 0.175878
740 8 0.173326
741 8 0.209343
742 8 0.170168
743 8 0.262669
744 8 0.197030
745 8 0.191718
746 8 0.025764
747 8 0.152631
748 8 0.158244
749 8 0.194027
750 8 0.202559
751 8 0.208436
752 8 0.154066
753 8 0.148700
754 8 0.208439
755 8 0.207552
756 8 0.164248
757 8 0.161440
758 8 0.163188
759 8 0.257104
760 8 0.155279
761 8 0.173252
762 8 0.190325
763 8 0.126748
764 8 0.175947
765 8 0.158549
766 8 0.217050
767 8 0.224518
768 8 0.205343
769 8 0.050244
770 8 0.183241
771 8 0.163995
772 8 0.169559
773 8 0.197047
774 8 0.245619
775 8 0.180363
776 8 0.206687
777 8 0.156719
778 8 0.129021
779 8 0.159328
780 8 0.273903
781 8 0.210521
782 8 0.231999
783 8 0.110618
784 8 0.123502
785 8 0.179964
786 8 0.243685
787 8 0.160821
788 8 0.161859
789 8 0.022949
790 8 0.158408
791 8 0.186518
792 8 0.191694
793 8 0.423104
794 8 0.231977
795 8 0.182847
796 8 0.176989
797 8 0.160142
798 8 0.174519
799 8 0.209425
800 9 0.224259
801 9 0.171677
802 9 0.168610
803 9 0.198690
804 9 0.175754
805 9 0.191417
806 9 0.203330
807 9 0.127133
808 9 0.185456
809 9 0.143397
810 9 0.190363
811 9 0.176189
812 9 0.214100
813 9 0.222350
814 9 0.211035
815 9 0.266309
816 9 0.207684
817 9 0.137894
818 9 0.350761
819 9 0.224912
820 9 0.176842
821 9 0.172107
822 9 0.149414
823 9 0.236524
824 9 0.162105
825 9 0.160065
826 9 0.220558
827 9 0.173919
828 9 0.186697
829 9 0.193135
830 9 0.022926
831 9 0.189222
832 9 0.162370
833 9 0.192732
834 9 0.208002
835 9 0.049771
836 9 0.169884
837 9 0.161820
838 9 0.202724
839 9 0.162165
840 9 0.215066
841 9 0.184983
842 9 0.209037
843 9 0.173322
844 9 0.225681
845 9 0.192731
846 9 0.149116
847 9 0.196178
848 9 0.113156
849 9 0.185652
850 9 0.159471
851 9 0.189916
852 9 0.161059
853 9 0.204989
854 9 0.259943
855 9 0.174027
856 9 0.126058
857 9 0.136622
858 9 0.153543
859 9 0.201151
860 9 0.224224
861 9 0.170814
862 9 0.191553
863 9 0.234081
864 9 0.025373
865 9 0.160014
866 9 0.191106
867 9 0.137927
868 9 0.193599
869 9 0.189778
870 9 0.131808
871 9 0.177964
872 9 0.145117
873 9 0.197194
874 9 0.196905
875 9 0.184940
876 9 0.225498
877 9 0.186855
878 9 0.247125
879 9 0.177973
880 9 0.174094
881 9 0.186389
882 9 0.201182
883 9 0.222027
884 9 0.206396
885 9 0.193050
886 9 0.073332
887 9 0.213498
888 9 0.202493
889 9 0.214032
890 9 0.148483
891 9 0.400835
892 9 0.172373
893 9 0.135306
894 9 0.231859
895 9 0.235967
896 9 0.179755
897 9 0.171606
898 9 0.175488
899 9 0.231238
900 10 0.170296
901 10 0.177157
902 10 0.190191
903 10 0.156340
904 10 0.236688
905 10 0.225673
906 10 0.181029
907 10 0.249865
908 10 0.153203
909 10 0.237242
910 10 0.155467
911 10 0.217225
912 10 0.186095
913 10 0.160265
914 10 0.133340
915 10 0.159646
916 10 0.216412
917 10 0.237255
918 10 0.240934
919 10 0.174720
920 10 0.235082
921 10 0.204525
922 10 0.161400
923 10 0.187647
924 10 0.172378
925 10 0.207613
926 10 0.161622
927 10 0.193849
928 10 0.162560
929 10 0.159678
930 10 0.199992
931 10 0.151237
932 10 0.205526
933 10 0.139886
934 10 0.176556
935 10 0.186565
936 10 0.185650
937 10 0.153788
938 10 0.174781
939 10 0.187872
940 10 0.174142
941 10 0.160813
942 10 0.199730
943 10 0.022732
944 10 0.158301
945 10 0.219446
946 10 0.163203
947 10 0.193778
948 10 0.072717
949 10 0.138186
950 10 0.166635
951 10 0.198990
952 10 0.141685
953 10 0.186982
954 10 0.186961
955 10 0.351871
956 10 0.231598
957 10 0.135505
958 10 0.150439
959 10 0.185636
960 10 0.204453
961 10 0.184823
962 10 0.125700
963 10 0.225272
964 10 0.176822
965 10 0.158630
966 10 0.223259
967 10 0.233577
968 10 0.222342
969 10 0.277832
970 10 0.025250
971 10 0.141523
972 10 0.193911
973 10 0.164902
974 10 0.257901
975 10 0.169483
976 10 0.246787
977 10 0.175326
978 10 0.149029
979 10 0.191931
980 10 0.207801
981 10 0.165588
982 10 0.161553
983 10 0.048741
984 10 0.184325
985 10 0.190771
986 10 0.195383
987 10 0.159367
988 10 0.191826
989 10 0.148091
990 10 0.220252
991 10 0.180159
992 10 0.210930
993 10 0.183628
994 10 0.207479
995 10 0.171116
996 10 0.149769
997 10 0.197628
998 10 0.409248
999 10 0.150735
1000 11 0.364986
1001 11 0.189156
1002 11 0.182011
1003 11 0.183813
1004 11 0.193573
1005 11 0.140940
1006 11 0.097375
1007 11 0.236250
1008 11 0.243249
1009 11 0.178562
1010 11 0.243843
1011 11 0.168657
1012 11 0.180707
1013 11 0.372683
1014 11 0.163092
1015 11 0.146984
1016 11 0.198955
1017 11 0.091907
1018 11 0.185579
1019 11 0.146058
1020 11 0.154192
1021 11 0.180008
1022 11 0.197934
1023 11 0.178540
1024 11 0.157178
1025 11 0.206269
1026 11 0.158918
1027 11 0.146144
1028 11 0.217116
1029 11 0.197460
1030 11 0.200247
1031 11 0.163627
1032 11 0.195552
1033 11 0.186858
1034 11 0.162368
1035 11 0.169157
1036 11 0.167706
1037 11 0.034179
1038 11 0.167385
1039 11 0.172632
1040 11 0.180614
1041 11 0.203126
1042 11 0.237541
1043 11 0.173143
1044 11 0.173227
1045 11 0.245159
1046 11 0.175369
1047 11 0.171799
1048 11 0.198386
1049 11 0.119543
1050 11 0.024947
1051 11 0.183783
1052 11 0.193518
1053 11 0.167343
1054 11 0.181196
1055 11 0.168771
1056 11 0.216324
1057 11 0.166147
1058 11 0.210501
1059 11 0.233887
1060 11 0.212899
1061 11 0.200843
1062 11 0.210450
1063 11 0.185217
1064 11 0.195368
1065 11 0.234760
1066 11 0.146077
1067 11 0.212257
1068 11 0.233954
1069 11 0.162180
1070 11 0.048133
1071 11 0.185456
1072 11 0.185765
1073 11 0.207758
1074 11 0.169241
1075 11 0.165282
1076 11 0.127128
1077 11 0.225329
1078 11 0.172711
1079 11 0.176413
1080 11 0.170833
1081 11 0.185496
1082 11 0.139279
1083 11 0.186586
1084 11 0.186647
1085 11 0.180015
1086 11 0.178464
1087 11 0.184256
1088 11 0.190074
1089 11 0.195690
1090 11 0.178358
1091 11 0.255394
1092 11 0.182212
1093 11 0.204647
1094 11 0.189175
1095 11 0.181038
1096 11 0.183958
1097 11 0.137940
1098 11 0.129544
1099 11 0.152076
1100 12 0.161770
1101 12 0.189097
1102 12 0.211811
1103 12 0.140495
1104 12 0.133967
1105 12 0.148635
1106 12 0.176363
1107 12 0.152878
1108 12 0.194222
1109 12 0.119963
1110 12 0.109414
1111 12 0.155243
1112 12 0.162561
1113 12 0.144400
1114 12 0.171905
1115 12 0.208982
1116 12 0.079077
1117 12 0.203434
1118 12 0.186056
1119 12 0.146397
1120 12 0.168652
1121 12 0.140633
1122 12 0.198797
1123 12 0.187424
1124 12 0.166272
1125 12 0.135704
1126 12 0.159085
1127 12 0.151778
1128 12 0.220055
1129 12 0.098692
1130 12 0.154880
1131 12 0.172578
1132 12 0.178297
1133 12 0.211625
1134 12 0.186511
1135 12 0.142095
1136 12 0.158030
1137 12 0.167237
1138 12 0.200974
1139 12 0.167959
1140 12 0.207343
1141 12 0.164932
1142 12 0.149809
1143 12 0.202938
1144 12 0.140419
1145 12 0.154797
1146 12 0.186575
1147 12 0.195371
1148 12 0.152420
1149 12 0.177399
1150 12 0.177280
1151 12 0.213119
1152 12 0.022303
1153 12 0.170496
1154 12 0.146806
1155 12 0.178491
1156 12 0.295562
1157 12 0.166888
1158 12 0.024780
1159 12 0.200209
1160 12 0.179909
1161 12 0.230609
1162 12 0.138162
1163 12 0.199547
1164 12 0.237945
1165 12 0.183739
1166 12 0.225558
1167 12 0.299901
1168 12 0.163239
1169 12 0.203610
1170 12 0.145950
1171 12 0.195179
1172 12 0.186415
1173 12 0.047580
1174 12 0.167032
1175 12 0.196088
1176 12 0.127696
1177 12 0.186271
1178 12 0.136035
1179 12 0.263632
1180 12 0.181025
1181 12 0.165762
1182 12 0.248732
1183 12 0.135013
1184 12 0.330102
1185 12 0.172006
1186 12 0.094813
1187 12 0.183517
1188 12 0.221543
1189 12 0.174984
1190 12 0.162063
1191 12 0.198824
1192 12 0.148933
1193 12 0.127126
1194 12 0.167925
1195 12 0.176675
1196 12 0.158974
1197 12 0.158201
1198 12 0.161067
1199 12 0.158371
1200 13 0.197694
1201 13 0.169511
1202 13 0.262622
1203 13 0.139307
1204 13 0.195615
1205 13 0.155887
1206 13 0.190434
1207 13 0.210330
1208 13 0.205592
1209 13 0.175045
1210 13 0.168288
1211 13 0.205918
1212 13 0.237019
1213 13 0.137504
1214 13 0.136115
1215 13 0.203271
1216 13 0.193597
1217 13 0.173330
1218 13 0.147795
1219 13 0.156746
1220 13 0.190480
1221 13 0.140845
1222 13 0.226909
1223 13 0.156675
1224 13 0.196545
1225 13 0.024660
1226 13 0.141445
1227 13 0.157417
1228 13 0.183070
1229 13 0.172328
1230 13 0.195633
1231 13 0.047258
1232 13 0.208902
1233 13 0.248695
1234 13 0.160718
1235 13 0.180046
1236 13 0.166870
1237 13 0.164591
1238 13 0.217833
1239 13 0.164384
1240 13 0.166549
1241 13 0.158094
1242 13 0.184250
1243 13 0.128839
1244 13 0.187258
1245 13 0.072642
1246 13 0.196527
1247 13 0.194471
1248 13 0.147194
1249 13 0.165609
1250 13 0.222724
1251 13 0.178222
1252 13 0.232768
1253 13 0.124825
1254 13 0.162626
1255 13 0.127964
1256 13 0.136135
1257 13 0.165183
1258 13 0.202607
1259 13 0.185929
1260 13 0.156170
1261 13 0.167090
1262 13 0.162420
1263 13 0.192978
1264 13 0.140796
1265 13 0.184173
1266 13 0.142995
1267 13 0.184611
1268 13 0.160633
1269 13 0.165202
1270 13 0.225863
1271 13 0.189283
1272 13 0.167095
1273 13 0.162102
1274 13 0.190689
1275 13 0.223332
1276 13 0.163235
1277 13 0.200625
1278 13 0.213446
1279 13 0.205961
1280 13 0.198042
1281 13 0.116767
1282 13 0.163773
1283 13 0.136515
1284 13 0.182289
1285 13 0.159880
1286 13 0.137746
1287 13 0.138353
1288 13 0.149787
1289 13 0.183055
1290 13 0.126482
1291 13 0.161950
1292 13 0.148242
1293 13 0.188736
1294 13 0.328881
1295 13 0.294415
1296 13 0.155360
1297 13 0.182802
1298 13 0.022168
1299 13 0.101895
1300 14 0.152315
1301 14 0.336433
1302 14 0.154595
1303 14 0.179218
1304 14 0.191382
1305 14 0.126654
1306 14 0.204955
1307 14 0.134328
1308 14 0.197307
1309 14 0.189663
1310 14 0.220362
1311 14 0.146522
1312 14 0.134704
1313 14 0.162347
1314 14 0.170951
1315 14 0.191894
1316 14 0.166399
1317 14 0.149428
1318 14 0.189318
1319 14 0.046949
1320 14 0.150904
1321 14 0.148137
1322 14 0.092770
1323 14 0.135473
1324 14 0.024457
1325 14 0.146872
1326 14 0.177410
1327 14 0.196682
1328 14 0.140704
1329 14 0.130975
1330 14 0.164413
1331 14 0.160774
1332 14 0.239977
1333 14 0.185132
1334 14 0.166344
1335 14 0.223720
1336 14 0.231490
1337 14 0.185332
1338 14 0.197537
1339 14 0.167347
1340 14 0.143553
1341 14 0.163807
1342 14 0.130581
1343 14 0.297454
1344 14 0.130083
1345 14 0.255727
1346 14 0.185219
1347 14 0.171129
1348 14 0.156746
1349 14 0.183646
1350 14 0.185067
1351 14 0.188654
1352 14 0.117774
1353 14 0.156168
1354 14 0.193723
1355 14 0.224934
1356 14 0.175076
1357 14 0.144605
1358 14 0.158156
1359 14 0.191424
1360 14 0.152315
1361 14 0.166154
1362 14 0.147518
1363 14 0.184491
1364 14 0.163524
1365 14 0.129786
1366 14 0.178837
1367 14 0.147403
1368 14 0.130814
1369 14 0.211609
1370 14 0.154030
1371 14 0.192372
1372 14 0.118286
1373 14 0.116882
1374 14 0.154576
1375 14 0.107576
1376 14 0.165166
1377 14 0.153683
1378 14 0.190850
1379 14 0.190583
1380 14 0.152289
1381 14 0.197700
1382 14 0.256960
1383 14 0.137501
1384 14 0.157534
1385 14 0.227659
1386 14 0.179141
1387 14 0.108381
1388 14 0.208194
1389 14 0.185774
1390 14 0.164597
1391 14 0.125176
1392 14 0.021864
1393 14 0.193594
1394 14 0.242349
1395 14 0.193378
1396 14 0.231544
1397 14 0.144450
1398 14 0.134811
1399 14 0.181364
1400 15 0.155943
1401 15 0.162060
1402 15 0.165518
1403 15 0.144433
1404 15 0.233378
1405 15 0.144134
1406 15 0.165680
1407 15 0.184047
1408 15 0.200554
1409 15 0.207441
1410 15 0.142024
1411 15 0.183297
1412 15 0.177101
1413 15 0.231658
1414 15 0.093413
1415 15 0.139414
1416 15 0.200856
1417 15 0.166421
1418 15 0.046276
1419 15 0.162386
1420 15 0.177972
1421 15 0.111862
1422 15 0.175286
1423 15 0.147689
1424 15 0.153383
1425 15 0.148619
1426 15 0.124996
1427 15 0.123045
1428 15 0.134888
1429 15 0.149360
1430 15 0.138000
1431 15 0.176229
1432 15 0.159966
1433 15 0.034223
1434 15 0.117814
1435 15 0.166291
1436 15 0.199985
1437 15 0.148197
1438 15 0.129002
1439 15 0.153279
1440 15 0.193785
1441 15 0.107751
1442 15 0.162909
1443 15 0.184461
1444 15 0.194637
1445 15 0.171686
1446 15 0.187996
1447 15 0.197938
1448 15 0.154014
1449 15 0.086799
1450 15 0.200606
1451 15 0.151250
1452 15 0.117445
1453 15 0.200990
1454 15 0.151443
1455 15 0.217343
1456 15 0.111013
1457 15 0.103132
1458 15 0.082220
1459 15 0.190774
1460 15 0.188211
1461 15 0.177194
1462 15 0.147543
1463 15 0.021710
1464 15 0.151063
1465 15 0.187694
1466 15 0.159410
1467 15 0.346956
1468 15 0.222058
1469 15 0.178304
1470 15 0.175867
1471 15 0.312637
1472 15 0.235235
1473 15 0.210004
1474 15 0.138981
1475 15 0.160980
1476 15 0.214389
1477 15 0.190607
1478 15 0.163964
1479 15 0.211281
1480 15 0.151378
1481 15 0.168434
1482 15 0.127440
1483 15 0.120477
1484 15 0.161243
1485 15 0.168013
1486 15 0.123500
1487 15 0.145593
1488 15 0.156748
1489 15 0.151443
1490 15 0.164819
1491 15 0.173481
1492 15 0.216400
1493 15 0.202822
1494 15 0.215418
1495 15 0.183663
1496 15 0.120574
1497 15 0.135156
1498 15 0.164264
1499 15 0.123359
1500 16 0.187241
1501 16 0.102788
1502 16 0.137725
1503 16 0.165501
1504 16 0.184267
1505 16 0.146195
1506 16 0.021614
1507 16 0.120604
1508 16 0.166687
1509 16 0.215701
1510 16 0.146133
1511 16 0.168091
1512 16 0.151440
1513 16 0.175967
1514 16 0.152389
1515 16 0.175410
1516 16 0.139223
1517 16 0.164742
1518 16 0.136677
1519 16 0.185426
1520 16 0.170746
1521 16 0.210493
1522 16 0.151916
1523 16 0.145746
1524 16 0.125629
1525 16 0.163743
1526 16 0.183624
1527 16 0.173579
1528 16 0.157622
1529 16 0.128405
1530 16 0.173298
1531 16 0.138432
1532 16 0.155548
1533 16 0.105635
1534 16 0.123024
1535 16 0.166231
1536 16 0.205887
1537 16 0.281290
1538 16 0.144128
1539 16 0.123578
1540 16 0.188417
1541 16 0.161535
1542 16 0.177188
1543 16 0.133675
1544 16 0.167965
1545 16 0.123355
1546 16 0.133867
1547 16 0.157292
1548 16 0.158845
1549 16 0.238601
1550 16 0.205050
1551 16 0.207301
1552 16 0.116750
1553 16 0.120712
1554 16 0.333415
1555 16 0.216270
1556 16 0.171053
1557 16 0.125740
1558 16 0.127396
1559 16 0.155457
1560 16 0.168089
1561 16 0.179582
1562 16 0.136324
1563 16 0.169164
1564 16 0.166331
1565 16 0.189328
1566 16 0.164380
1567 16 0.159568
1568 16 0.161056
1569 16 0.234136
1570 16 0.187110
1571 16 0.185633
1572 16 0.149083
1573 16 0.123834
1574 16 0.045319
1575 16 0.146002
1576 16 0.143664
1577 16 0.102796
1578 16 0.225751
1579 16 0.178806
1580 16 0.138963
1581 16 0.153700
1582 16 0.180768
1583 16 0.119012
1584 16 0.144416
1585 16 0.149667
1586 16 0.128475
1587 16 0.223987
1588 16 0.182154
1589 16 0.155606
1590 16 0.181538
1591 16 0.024048
1592 16 0.130471
1593 16 0.139184
1594 16 0.141924
1595 16 0.162536
1596 16 0.175292
1597 16 0.185497
1598 16 0.132215
1599 16 0.194174
1600 17 0.086523
1601 17 0.161458
1602 17 0.147253
1603 17 0.199595
1604 17 0.107152
1605 17 0.160989
1606 17 0.109754
1607 17 0.158636
1608 17 0.178294
1609 17 0.147495
1610 17 0.143816
1611 17 0.135740
1612 17 0.154777
1613 17 0.171004
1614 17 0.271294
1615 17 0.045135
1616 17 0.157609
1617 17 0.190949
1618 17 0.140905
1619 17 0.152152
1620 17 0.156886
1621 17 0.147943
1622 17 0.156805
1623 17 0.181805
1624 17 0.133529
1625 17 0.127608
1626 17 0.140292
1627 17 0.146997
1628 17 0.157522
1629 17 0.100647
1630 17 0.128357
1631 17 0.212723
1632 17 0.187512
1633 17 0.131394
1634 17 0.114613
1635 17 0.171693
1636 17 0.165614
1637 17 0.138499
1638 17 0.146275
1639 17 0.194203
1640 17 0.145632
1641 17 0.178692
1642 17 0.142815
1643 17 0.173422
1644 17 0.198654
1645 17 0.147453
1646 17 0.167531
1647 17 0.236298
1648 17 0.182047
1649 17 0.128352
1650 17 0.119339
1651 17 0.147398
1652 17 0.130383
1653 17 0.164353
1654 17 0.187879
1655 17 0.137557
1656 17 0.021472
1657 17 0.170175
1658 17 0.148518
1659 17 0.169240
1660 17 0.299674
1661 17 0.123284
1662 17 0.154864
1663 17 0.110997
1664 17 0.182301
1665 17 0.043936
1666 17 0.137222
1667 17 0.124486
1668 17 0.153656
1669 17 0.167498
1670 17 0.142496
1671 17 0.127567
1672 17 0.210195
1673 17 0.194568
1674 17 0.210499
1675 17 0.182009
1676 17 0.141422
1677 17 0.182517
1678 17 0.150312
1679 17 0.121642
1680 17 0.160390
1681 17 0.137572
1682 17 0.111081
1683 17 0.156821
1684 17 0.147260
1685 17 0.190910
1686 17 0.165215
1687 17 0.164836
1688 17 0.189264
1689 17 0.128836
1690 17 0.189425
1691 17 0.176079
1692 17 0.122322
1693 17 0.076400
1694 17 0.136712
1695 17 0.096034
1696 17 0.137281
1697 17 0.119452
1698 17 0.121355
1699 17 0.230674
1700 18 0.124018
1701 18 0.123700
1702 18 0.173910
1703 18 0.117151
1704 18 0.119350
1705 18 0.301412
1706 18 0.129137
1707 18 0.166214
1708 18 0.111138
1709 18 0.122827
1710 18 0.193937
1711 18 0.174657
1712 18 0.125520
1713 18 0.148653
1714 18 0.158380
1715 18 0.163871
1716 18 0.165694
1717 18 0.186968
1718 18 0.125605
1719 18 0.172130
1720 18 0.146416
1721 18 0.149818
1722 18 0.149164
1723 18 0.154929
1724 18 0.197353
1725 18 0.177313
1726 18 0.091709
1727 18 0.090508
1728 18 0.180870
1729 18 0.145779
1730 18 0.150596
1731 18 0.232724
1732 18 0.150035
1733 18 0.133541
1734 18 0.119408
1735 18 0.085520
1736 18 0.158452
1737 18 0.117770
1738 18 0.147880
1739 18 0.194245
1740 18 0.223431
1741 18 0.097304
1742 18 0.054241
1743 18 0.193906
1744 18 0.100844
1745 18 0.158006
1746 18 0.150523
1747 18 0.124452
1748 18 0.235437
1749 18 0.151754
1750 18 0.171032
1751 18 0.150979
1752 18 0.193596
1753 18 0.217033
1754 18 0.144001
1755 18 0.146191
1756 18 0.204408
1757 18 0.174453
1758 18 0.171731
1759 18 0.149197
1760 18 0.124536
1761 18 0.136424
1762 18 0.140461
1763 18 0.165711
1764 18 0.128438
1765 18 0.159025
1766 18 0.196205
1767 18 0.125206
1768 18 0.204858
1769 18 0.142463
1770 18 0.288942
1771 18 0.150166
1772 18 0.163483
1773 18 0.021325
1774 18 0.191858
1775 18 0.116826
1776 18 0.168542
1777 18 0.118392
1778 18 0.177885
1779 18 0.205340
1780 18 0.175906
1781 18 0.174761
1782 18 0.131163
1783 18 0.135833
1784 18 0.135008
1785 18 0.152667
1786 18 0.144162
1787 18 0.135640
1788 18 0.190230
1789 18 0.190335
1790 18 0.172050
1791 18 0.152575
1792 18 0.148160
1793 18 0.078485
1794 18 0.178790
1795 18 0.117817
1796 18 0.034007
1797 18 0.137088
1798 18 0.087931
1799 18 0.130690
1800 19 0.149984
1801 19 0.145038
1802 19 0.113457
1803 19 0.171838
1804 19 0.159168
1805 19 0.210311
1806 19 0.150084
1807 19 0.159205
1808 19 0.107770
1809 19 0.167392
1810 19 0.092594
1811 19 0.128040
1812 19 0.108520
1813 19 0.208302
1814 19 0.116260
1815 19 0.123265
1816 19 0.153123
1817 19 0.173492
1818 19 0.133464
1819 19 0.118138
1820 19 0.144992
1821 19 0.190075
1822 19 0.126521
1823 19 0.021299
1824 19 0.108723
1825 19 0.123804
1826 19 0.116027
1827 19 0.184539
1828 19 0.149336
1829 19 0.186759
1830 19 0.140975
1831 19 0.138252
1832 19 0.110310
1833 19 0.178358
1834 19 0.156922
1835 19 0.044119
1836 19 0.131818
1837 19 0.146526
1838 19 0.157151
1839 19 0.118888
1840 19 0.183528
1841 19 0.114960
1842 19 0.155533
1843 19 0.203667
1844 19 0.148533
1845 19 0.118061
1846 19 0.119349
1847 19 0.087541
1848 19 0.139183
1849 19 0.169189
1850 19 0.126291
1851 19 0.023721
1852 19 0.099637
1853 19 0.141797
1854 19 0.174014
1855 19 0.107888
1856 19 0.140393
1857 19 0.200388
1858 19 0.146271
1859 19 0.141398
1860 19 0.200867
1861 19 0.091888
1862 19 0.159022
1863 19 0.165739
1864 19 0.122826
1865 19 0.160896
1866 19 0.140792
1867 19 0.177059
1868 19 0.188433
1869 19 0.133081
1870 19 0.147683
1871 19 0.305443
1872 19 0.163527
1873 19 0.183419
1874 19 0.163695
1875 19 0.162355
1876 19 0.144898
1877 19 0.110068
1878 19 0.277552
1879 19 0.141047
1880 19 0.188653
1881 19 0.167755
1882 19 0.102868
1883 19 0.127172
1884 19 0.177518
1885 19 0.153630
1886 19 0.206848
1887 19 0.155438
1888 19 0.135959
1889 19 0.121814
1890 19 0.205347
1891 19 0.111183
1892 19 0.131126
1893 19 0.199726
1894 19 0.189649
1895 19 0.124049
1896 19 0.145549
1897 19 0.125074
1898 19 0.103651
1899 19 0.105547
1900 20 0.111903
1901 20 0.162293
1902 20 0.120129
1903 20 0.126221
1904 20 0.103987
1905 20 0.193968
1906 20 0.113269
1907 20 0.077564
1908 20 0.139011
1909 20 0.123366
1910 20 0.121935
1911 20 0.117686
1912 20 0.130133
1913 20 0.166061
1914 20 0.135574
1915 20 0.199849
1916 20 0.146510
1917 20 0.117154
1918 20 0.186037
1919 20 0.076426
1920 20 0.135897
1921 20 0.144452
1922 20 0.126630
1923 20 0.177517
1924 20 0.161297
1925 20 0.152163
1926 20 0.163656
1927 20 0.242206
1928 20 0.182667
1929 20 0.133130
1930 20 0.328786
1931 20 0.196340
1932 20 0.253482
1933 20 0.138337
1934 20 0.150618
1935 20 0.151837
1936 20 0.157815
1937 20 0.021043
1938 20 0.217077
1939 20 0.173659
1940 20 0.111772
1941 20 0.141158
1942 20 0.127460
1943 20 0.190400
1944 20 0.100265
1945 20 0.173808
1946 20 0.167766
1947 20 0.166900
1948 20 0.156338
1949 20 0.193196
1950 20 0.094175
1951 20 0.133118
1952 20 0.153261
1953 20 0.121488
1954 20 0.153024
1955 20 0.110848
1956 20 0.133950
1957 20 0.133973
1958 20 0.164402
1959 20 0.153161
1960 20 0.133784
1961 20 0.043278
1962 20 0.178994
1963 20 0.023577
1964 20 0.123522
1965 20 0.182064
1966 20 0.110046
1967 20 0.168451
1968 20 0.117956
1969 20 0.161774
1970 20 0.154808
1971 20 0.128254
1972 20 0.101788
1973 20 0.124275
1974 20 0.114078
1975 20 0.113132
1976 20 0.137614
1977 20 0.186827
1978 20 0.199355
1979 20 0.111393
1980 20 0.173302
1981 20 0.126691
1982 20 0.087102
1983 20 0.267747
1984 20 0.093784
1985 20 0.109515
1986 20 0.161203
1987 20 0.131735
1988 20 0.220612
1989 20 0.187740
1990 20 0.140295
1991 20 0.150717
1992 20 0.154264
1993 20 0.149878
1994 20 0.162019
1995 20 0.192069
1996 20 0.158832
1997 20 0.090322
1998 20 0.134234
1999 20 0.158314
2000 21 0.184099
2001 21 0.135875
2002 21 0.128115
2003 21 0.170594
2004 21 0.128433
2005 21 0.117312
2006 21 0.132973
2007 21 0.127187
2008 21 0.161053
2009 21 0.132665
2010 21 0.134262
2011 21 0.140420
2012 21 0.207269
2013 21 0.163063
2014 21 0.130787
2015 21 0.131644
2016 21 0.119903
2017 21 0.152269
2018 21 0.263444
2019 21 0.134736
2020 21 0.161749
2021 21 0.137797
2022 21 0.167390
2023 21 0.154485
2024 21 0.144522
2025 21 0.148647
2026 21 0.145834
2027 21 0.167646
2028 21 0.118255
2029 21 0.148399
2030 21 0.134534
2031 21 0.084591
2032 21 0.122923
2033 21 0.114460
2034 21 0.126054
2035 21 0.169538
2036 21 0.145483
2037 21 0.042948
2038 21 0.173831
2039 21 0.094600
2040 21 0.178061
2041 21 0.145083
2042 21 0.149604
2043 21 0.165849
2044 21 0.104513
2045 21 0.168710
2046 21 0.129584
2047 21 0.173363
2048 21 0.137379
2049 21 0.165543
2050 21 0.124789
2051 21 0.074903
2052 21 0.108036
2053 21 0.145651
2054 21 0.151052
2055 21 0.114082
2056 21 0.153183
2057 21 0.119385
2058 21 0.023546
2059 21 0.148731
2060 21 0.107131
2061 21 0.139601
2062 21 0.107524
2063 21 0.128683
2064 21 0.144982
2065 21 0.235611
2066 21 0.149012
2067 21 0.138419
2068 21 0.134031
2069 21 0.151991
2070 21 0.124507
2071 21 0.147487
2072 21 0.085471
2073 21 0.136106
2074 21 0.175931
2075 21 0.136940
2076 21 0.171199
2077 21 0.243817
2078 21 0.169162
2079 21 0.198401
2080 21 0.124531
2081 21 0.179077
2082 21 0.096162
2083 21 0.124318
2084 21 0.020996
2085 21 0.073246
2086 21 0.153104
2087 21 0.127364
2088 21 0.114384
2089 21 0.146731
2090 21 0.156457
2091 21 0.139913
2092 21 0.295190
2093 21 0.186286
2094 21 0.128137
2095 21 0.178251
2096 21 0.132641
2097 21 0.124113
2098 21 0.142851
2099 21 0.116876
2100 22 0.140904
2101 22 0.156783
2102 22 0.138799
2103 22 0.170786
2104 22 0.160022
2105 22 0.213151
2106 22 0.171761
2107 22 0.144292
2108 22 0.136882
2109 22 0.020883
2110 22 0.143311
2111 22 0.157443
2112 22 0.143593
2113 22 0.142094
2114 22 0.023348
2115 22 0.130511
2116 22 0.161246
2117 22 0.124752
2118 22 0.151011
2119 22 0.161262
2120 22 0.131707
2121 22 0.161615
2122 22 0.100613
2123 22 0.155083
2124 22 0.150072
2125 22 0.105568
2126 22 0.179638
2127 22 0.150195
2128 22 0.165803
2129 22 0.108385
2130 22 0.117322
2131 22 0.138873
2132 22 0.162950
2133 22 0.195646
2134 22 0.151446
2135 22 0.150232
2136 22 0.179822
2137 22 0.173227
2138 22 0.086876
2139 22 0.135728
2140 22 0.165183
2141 22 0.125020
2142 22 0.139661
2143 22 0.129880
2144 22 0.112162
2145 22 0.114581
2146 22 0.141809
2147 22 0.138406
2148 22 0.284270
2149 22 0.124659
2150 22 0.135901
2151 22 0.141857
2152 22 0.143477
2153 22 0.108799
2154 22 0.164626
2155 22 0.089789
2156 22 0.088006
2157 22 0.153658
2158 22 0.135166
2159 22 0.130029
2160 22 0.137919
2161 22 0.085866
2162 22 0.101676
2163 22 0.100497
2164 22 0.213790
2165 22 0.155952
2166 22 0.283438
2167 22 0.144758
2168 22 0.107643
2169 22 0.152774
2170 22 0.145068
2171 22 0.168910
2172 22 0.159693
2173 22 0.128334
2174 22 0.141269
2175 22 0.111975
2176 22 0.148835
2177 22 0.042341
2178 22 0.138096
2179 22 0.139033
2180 22 0.194606
2181 22 0.140893
2182 22 0.151798
2183 22 0.145010
2184 22 0.106063
2185 22 0.204356
2186 22 0.158520
2187 22 0.210335
2188 22 0.133532
2189 22 0.121301
2190 22 0.103408
2191 22 0.145350
2192 22 0.080691
2193 22 0.167253
2194 22 0.080791
2195 22 0.133234
2196 22 0.149000
2197 22 0.129627
2198 22 0.193724
2199 22 0.166202
2200 23 0.140677
2201 23 0.149875
2202 23 0.158447
2203 23 0.151081
2204 23 0.153856
2205 23 0.126179
2206 23 0.117860
2207 23 0.127096
2208 23 0.133746
2209 23 0.116762
2210 23 0.141313
2211 23 0.106115
2212 23 0.192957
2213 23 0.160647
2214 23 0.181889
2215 23 0.100399
2216 23 0.136249
2217 23 0.171466
2218 23 0.194538
2219 23 0.145010
2220 23 0.183391
2221 23 0.152578
2222 23 0.182991
2223 23 0.099567
2224 23 0.145640
2225 23 0.167970
2226 23 0.140479
2227 23 0.122997
2228 23 0.129875
2229 23 0.020813
2230 23 0.125092
2231 23 0.120360
2232 23 0.126273
2233 23 0.174826
2234 23 0.100280
2235 23 0.154907
2236 23 0.141247
2237 23 0.149751
2238 23 0.171950
2239 23 0.123462
2240 23 0.076325
2241 23 0.161489
2242 23 0.139857
2243 23 0.113017
2244 23 0.136152
2245 23 0.153314
2246 23 0.152381
2247 23 0.151967
2248 23 0.196234
2249 23 0.089286
2250 23 0.202600
2251 23 0.131263
2252 23 0.195096
2253 23 0.123153
2254 23 0.125930
2255 23 0.100583
2256 23 0.143969
2257 23 0.097496
2258 23 0.110570
2259 23 0.167969
2260 23 0.134779
2261 23 0.071435
2262 23 0.184300
2263 23 0.120182
2264 23 0.100760
2265 23 0.157085
2266 23 0.085773
2267 23 0.135345
2268 23 0.134054
2269 23 0.154075
2270 23 0.101966
2271 23 0.107523
2272 23 0.136143
2273 23 0.108738
2274 23 0.162869
2275 23 0.123995
2276 23 0.109961
2277 23 0.292190
2278 23 0.187719
2279 23 0.137472
2280 23 0.160839
2281 23 0.063976
2282 23 0.268386
2283 23 0.130115
2284 23 0.213282
2285 23 0.098889
2286 23 0.081053
2287 23 0.163682
2288 23 0.123051
2289 23 0.189818
2290 23 0.146697
2291 23 0.144816
2292 23 0.151247
2293 23 0.142199
2294 23 0.147793
2295 23 0.023430
2296 23 0.117397
2297 23 0.041714
2298 23 0.116738
2299 23 0.134346
2300 24 0.143529
2301 24 0.110558
2302 24 0.143216
2303 24 0.137937
2304 24 0.270860
2305 24 0.166245
2306 24 0.179547
2307 24 0.110723
2308 24 0.146407
2309 24 0.093860
2310 24 0.132340
2311 24 0.149906
2312 24 0.165225
2313 24 0.174988
2314 24 0.147755
2315 24 0.121817
2316 24 0.143562
2317 24 0.136315
2318 24 0.130638
2319 24 0.169121
2320 24 0.138936
2321 24 0.110351
2322 24 0.186695
2323 24 0.071114
2324 24 0.125562
2325 24 0.023336
2326 24 0.113414
2327 24 0.102058
2328 24 0.185179
2329 24 0.072107
2330 24 0.141421
2331 24 0.152733
2332 24 0.061854
2333 24 0.137123
2334 24 0.168768
2335 24 0.119989
2336 24 0.174260
2337 24 0.162077
2338 24 0.158100
2339 24 0.116200
2340 24 0.154496
2341 24 0.080100
2342 24 0.257570
2343 24 0.205016
2344 24 0.080589
2345 24 0.159729
2346 24 0.170261
2347 24 0.156180
2348 24 0.194441
2349 24 0.124631
2350 24 0.142502
2351 24 0.125544
2352 24 0.174723
2353 24 0.144144
2354 24 0.133185
2355 24 0.086323
2356 24 0.185578
2357 24 0.194572
2358 24 0.163104
2359 24 0.151402
2360 24 0.106398
2361 24 0.097338
2362 24 0.095075
2363 24 0.096027
2364 24 0.127923
2365 24 0.168624
2366 24 0.134874
2367 24 0.142275
2368 24 0.116585
2369 24 0.144394
2370 24 0.174455
2371 24 0.184897
2372 24 0.177640
2373 24 0.141362
2374 24 0.099522
2375 24 0.145884
2376 24 0.085020
2377 24 0.168450
2378 24 0.153746
2379 24 0.135737
2380 24 0.146203
2381 24 0.121588
2382 24 0.100528
2383 24 0.151849
2384 24 0.062420
2385 24 0.116526
2386 24 0.020792
2387 24 0.196306
2388 24 0.079988
2389 24 0.150890
2390 24 0.121725
2391 24 0.162413
2392 24 0.103073
2393 24 0.127061
2394 24 0.041201
2395 24 0.146115
2396 24 0.101507
2397 24 0.142844
2398 24 0.111812
2399 24 0.204932
2400 25 0.119558
2401 25 0.150197
2402 25 0.144010
2403 25 0.127175
2404 25 0.149981
2405 25 0.119214
2406 25 0.139188
2407 25 0.163443
2408 25 0.148869
2409 25 0.125728
2410 25 0.101050
2411 25 0.150212
2412 25 0.162467
2413 25 0.170032
2414 25 0.154690
2415 25 0.139076
2416 25 0.061706
2417 25 0.083706
2418 25 0.115500
2419 25 0.085838
2420 25 0.218389
2421 25 0.134445
2422 25 0.040938
2423 25 0.149126
2424 25 0.119592
2425 25 0.157491
2426 25 0.112185
2427 25 0.031334
2428 25 0.150469
2429 25 0.121744
2430 25 0.190410
2431 25 0.147734
2432 25 0.084581
2433 25 0.142041
2434 25 0.187771
2435 25 0.108415
2436 25 0.074940
2437 25 0.130587
2438 25 0.099465
2439 25 0.268964
2440 25 0.188250
2441 25 0.151905
2442 25 0.178921
2443 25 0.159358
2444 25 0.158534
2445 25 0.098301
2446 25 0.020653
2447 25 0.112282
2448 25 0.148418
2449 25 0.135302
2450 25 0.168400
2451 25 0.106129
2452 25 0.095177
2453 25 0.132785
2454 25 0.135099
2455 25 0.136064
2456 25 0.102912
2457 25 0.095763
2458 25 0.152221
2459 25 0.164683
2460 25 0.195051
2461 25 0.127674
2462 25 0.131961
2463 25 0.132780
2464 25 0.113112
2465 25 0.258484
2466 25 0.149059
2467 25 0.157624
2468 25 0.112387
2469 25 0.128337
2470 25 0.196905
2471 25 0.208918
2472 25 0.139409
2473 25 0.148182
2474 25 0.176637
2475 25 0.108009
2476 25 0.161554
2477 25 0.146066
2478 25 0.185251
2479 25 0.118842
2480 25 0.140999
2481 25 0.103517
2482 25 0.150705
2483 25 0.173012
2484 25 0.108495
2485 25 0.135175
2486 25 0.135499
2487 25 0.170332
2488 25 0.121324
2489 25 0.129425
2490 25 0.123150
2491 25 0.185331
2492 25 0.140994
2493 25 0.124424
2494 25 0.117004
2495 25 0.111366
2496 25 0.090363
2497 25 0.221739
2498 25 0.079936
2499 25 0.086724
2500 26 0.136846
2501 26 0.178567
2502 26 0.102902
2503 26 0.069459
2504 26 0.060149
2505 26 0.119732
2506 26 0.162219
2507 26 0.143836
2508 26 0.135750
2509 26 0.129290
2510 26 0.117047
2511 26 0.163148
2512 26 0.101580
2513 26 0.136369
2514 26 0.106930
2515 26 0.130876
2516 26 0.152589
2517 26 0.117668
2518 26 0.174613
2519 26 0.165068
2520 26 0.139413
2521 26 0.132550
2522 26 0.226024
2523 26 0.136281
2524 26 0.199277
2525 26 0.155827
2526 26 0.099889
2527 26 0.078957
2528 26 0.168909
2529 26 0.064522
2530 26 0.146838
2531 26 0.106687
2532 26 0.169120
2533 26 0.123035
2534 26 0.169608
2535 26 0.131399
2536 26 0.125813
2537 26 0.142947
2538 26 0.143883
2539 26 0.132329
2540 26 0.153201
2541 26 0.106940
2542 26 0.040306
2543 26 0.117203
2544 26 0.094556
2545 26 0.122248
2546 26 0.192327
2547 26 0.084205
2548 26 0.081262
2549 26 0.113825
2550 26 0.104716
2551 26 0.041686
2552 26 0.173537
2553 26 0.124826
2554 26 0.148954
2555 26 0.148209
2556 26 0.148647
2557 26 0.134340
2558 26 0.149444
2559 26 0.185322
2560 26 0.082977
2561 26 0.111245
2562 26 0.097646
2563 26 0.089753
2564 26 0.149668
2565 26 0.138983
2566 26 0.154103
2567 26 0.155542
2568 26 0.122318
2569 26 0.129338
2570 26 0.177199
2571 26 0.119216
2572 26 0.134976
2573 26 0.183646
2574 26 0.136406
2575 26 0.123652
2576 26 0.139295
2577 26 0.089734
2578 26 0.095391
2579 26 0.136433
2580 26 0.140218
2581 26 0.165019
2582 26 0.195124
2583 26 0.156655
2584 26 0.073803
2585 26 0.123227
2586 26 0.087344
2587 26 0.125166
2588 26 0.168538
2589 26 0.155649
2590 26 0.155159
2591 26 0.132873
2592 26 0.023263
2593 26 0.143120
2594 26 0.255264
2595 26 0.120801
2596 26 0.151694
2597 26 0.158886
2598 26 0.288663
2599 26 0.079084
2600 27 0.178225
2601 27 0.225924
2602 27 0.134510
2603 27 0.153075
2604 27 0.101944
2605 27 0.143591
2606 27 0.128984
2607 27 0.150639
2608 27 0.152658
2609 27 0.061392
2610 27 0.128590
2611 27 0.125157
2612 27 0.188792
2613 27 0.152935
2614 27 0.169485
2615 27 0.163410
2616 27 0.114485
2617 27 0.177367
2618 27 0.106747
2619 27 0.120288
2620 27 0.100735
2621 27 0.141645
2622 27 0.131637
2623 27 0.116379
2624 27 0.132722
2625 27 0.084820
2626 27 0.186975
2627 27 0.144690
2628 27 0.144776
2629 27 0.126956
2630 27 0.113777
2631 27 0.153647
2632 27 0.110032
2633 27 0.150214
2634 27 0.125673
2635 27 0.144060
2636 27 0.212159
2637 27 0.092867
2638 27 0.127417
2639 27 0.175216
2640 27 0.149212
2641 27 0.171496
2642 27 0.127178
2643 27 0.169131
2644 27 0.121233
2645 27 0.144735
2646 27 0.137693
2647 27 0.108891
2648 27 0.023325
2649 27 0.115050
2650 27 0.125730
2651 27 0.151479
2652 27 0.135397
2653 27 0.135323
2654 27 0.192255
2655 27 0.098791
2656 27 0.143392
2657 27 0.094310
2658 27 0.088932
2659 27 0.148394
2660 27 0.186535
2661 27 0.138746
2662 27 0.132451
2663 27 0.094086
2664 27 0.124825
2665 27 0.155759
2666 27 0.020847
2667 27 0.130593
2668 27 0.271395
2669 27 0.122162
2670 27 0.131917
2671 27 0.110492
2672 27 0.153105
2673 27 0.169474
2674 27 0.100825
2675 27 0.095385
2676 27 0.062859
2677 27 0.181871
2678 27 0.113460
2679 27 0.147646
2680 27 0.151397
2681 27 0.119034
2682 27 0.115497
2683 27 0.142461
2684 27 0.039823
2685 27 0.167166
2686 27 0.093347
2687 27 0.132813
2688 27 0.189010
2689 27 0.162304
2690 27 0.152217
2691 27 0.167091
2692 27 0.082328
2693 27 0.101359
2694 27 0.113233
2695 27 0.137361
2696 27 0.162702
2697 27 0.058338
2698 27 0.154447
2699 27 0.103925
2700 28 0.155907
2701 28 0.115122
2702 28 0.167100
2703 28 0.140094
2704 28 0.117482
2705 28 0.148546
2706 28 0.127401
2707 28 0.085003
2708 28 0.089305
2709 28 0.157990
2710 28 0.154050
2711 28 0.201394
2712 28 0.180948
2713 28 0.020647
2714 28 0.073688
2715 28 0.101171
2716 28 0.132108
2717 28 0.146934
2718 28 0.150969
2719 28 0.089090
2720 28 0.180126
2721 28 0.172187
2722 28 0.150435
2723 28 0.125789
2724 28 0.050152
2725 28 0.122005
2726 28 0.108994
2727 28 0.126030
2728 28 0.129377
2729 28 0.122157
2730 28 0.117854
2731 28 0.181004
2732 28 0.112363
2733 28 0.135439
2734 28 0.136931
2735 28 0.221667
2736 28 0.114117
2737 28 0.116974
2738 28 0.072629
2739 28 0.075275
2740 28 0.197722
2741 28 0.172055
2742 28 0.135127
2743 28 0.125540
2744 28 0.132091
2745 28 0.143604
2746 28 0.121510
2747 28 0.165989
2748 28 0.159991
2749 28 0.136254
2750 28 0.119229
2751 28 0.183838
2752 28 0.138484
2753 28 0.125484
2754 28 0.093657
2755 28 0.095751
2756 28 0.089942
2757 28 0.093152
2758 28 0.113199
2759 28 0.116443
2760 28 0.134714
2761 28 0.108626
2762 28 0.161085
2763 28 0.136424
2764 28 0.144530
2765 28 0.062910
2766 28 0.023166
2767 28 0.107996
2768 28 0.129188
2769 28 0.122147
2770 28 0.134509
2771 28 0.212362
2772 28 0.124149
2773 28 0.121057
2774 28 0.074444
2775 28 0.156387
2776 28 0.174543
2777 28 0.145680
2778 28 0.129838
2779 28 0.240670
2780 28 0.172761
2781 28 0.144160
2782 28 0.122311
2783 28 0.124246
2784 28 0.147840
2785 28 0.099516
2786 28 0.140807
2787 28 0.116121
2788 28 0.116784
2789 28 0.114972
2790 28 0.139591
2791 28 0.131812
2792 28 0.084700
2793 28 0.116251
2794 28 0.127509
2795 28 0.231108
2796 28 0.163480
2797 28 0.136094
2798 28 0.124331
2799 28 0.149092
2800 29 0.113324
2801 29 0.105501
2802 29 0.123258
2803 29 0.103314
2804 29 0.137409
2805 29 0.110020
2806 29 0.146118
2807 29 0.170616
2808 29 0.104731
2809 29 0.096956
2810 29 0.124669
2811 29 0.134697
2812 29 0.162668
2813 29 0.073596
2814 29 0.147735
2815 29 0.145190
2816 29 0.176408
2817 29 0.106218
2818 29 0.109573
2819 29 0.094673
2820 29 0.164045
2821 29 0.147831
2822 29 0.230289
2823 29 0.170939
2824 29 0.114755
2825 29 0.108685
2826 29 0.125080
2827 29 0.085168
2828 29 0.115012
2829 29 0.121920
2830 29 0.097211
2831 29 0.161075
2832 29 0.148816
2833 29 0.151248
2834 29 0.096500
2835 29 0.161911
2836 29 0.196425
2837 29 0.104120
2838 29 0.144664
2839 29 0.177702
2840 29 0.127857
2841 29 0.114397
2842 29 0.160099
2843 29 0.108722
2844 29 0.118100
2845 29 0.138609
2846 29 0.145015
2847 29 0.146560
2848 29 0.149013
2849 29 0.029094
2850 29 0.237612
2851 29 0.104740
2852 29 0.190878
2853 29 0.129999
2854 29 0.066071
2855 29 0.167090
2856 29 0.131679
2857 29 0.188518
2858 29 0.115323
2859 29 0.160929
2860 29 0.074707
2861 29 0.082977
2862 29 0.020830
2863 29 0.092020
2864 29 0.145054
2865 29 0.063340
2866 29 0.132221
2867 29 0.166052
2868 29 0.125719
2869 29 0.151795
2870 29 0.157412
2871 29 0.109568
2872 29 0.114108
2873 29 0.098200
2874 29 0.163217
2875 29 0.127184
2876 29 0.150321
2877 29 0.148020
2878 29 0.117760
2879 29 0.120590
2880 29 0.137947
2881 29 0.217399
2882 29 0.129210
2883 29 0.136956
2884 29 0.150759
2885 29 0.147863
2886 29 0.135541
2887 29 0.115779
2888 29 0.130219
2889 29 0.116090
2890 29 0.134137
2891 29 0.079881
2892 29 0.147982
2893 29 0.038865
2894 29 0.093774
2895 29 0.159438
2896 29 0.163615
2897 29 0.132070
2898 29 0.085129
2899 29 0.148500
2900 30 0.023135
2901 30 0.120875
2902 30 0.086283
2903 30 0.127532
2904 30 0.167729
2905 30 0.073178
2906 30 0.123300
2907 30 0.103252
2908 30 0.117068
2909 30 0.102111
2910 30 0.131075
2911 30 0.126734
2912 30 0.119295
2913 30 0.078143
2914 30 0.155835
2915 30 0.107718
2916 30 0.150225
2917 30 0.162045
2918 30 0.134970
2919 30 0.147270
2920 30 0.103223
2921 30 0.077068
2922 30 0.092843
2923 30 0.105662
2924 30 0.195870
2925 30 0.141897
2926 30 0.156856
2927 30 0.133356
2928 30 0.038469
2929 30 0.068607
2930 30 0.151948
2931 30 0.125209
2932 30 0.163299
2933 30 0.111060
2934 30 0.073827
2935 30 0.127350
2936 30 0.096526
2937 30 0.090813
2938 30 0.086823
2939 30 0.020683
2940 30 0.074693
2941 30 0.127875
2942 30 0.193722
2943 30 0.142310
2944 30 0.166934
2945 30 0.074357
2946 30 0.140877
2947 30 0.256074
2948 30 0.113786
2949 30 0.133098
2950 30 0.171060
2951 30 0.103429
2952 30 0.209842
2953 30 0.073479
2954 30 0.154362
2955 30 0.129378
2956 30 0.103716
2957 30 0.134211
2958 30 0.109947
2959 30 0.132662
2960 30 0.142320
2961 30 0.108095
2962 30 0.059492
2963 30 0.176391
2964 30 0.133677
2965 30 0.102675
2966 30 0.099124
2967 30 0.128869
2968 30 0.149353
2969 30 0.159314
2970 30 0.189867
2971 30 0.102815
2972 30 0.142060
2973 30 0.125172
2974 30 0.150891
2975 30 0.170250
2976 30 0.105542
2977 30 0.187392
2978 30 0.055255
2979 30 0.090616
2980 30 0.139317
2981 30 0.175898
2982 30 0.138658
2983 30 0.110661
2984 30 0.125497
2985 30 0.217543
2986 30 0.099988
2987 30 0.129073
2988 30 0.114019
2989 30 0.132762
2990 30 0.130484
2991 30 0.159938
2992 30 0.166776
2993 30 0.128945
2994 30 0.132314
2995 30 0.128301
2996 30 0.201570
2997 30 0.164472
2998 30 0.133063
2999 30 0.140299
