# Batch convergence for: model=snn-ae encoding=direct architecture=dense v_th=0.5 alpha=0.99 run=2
batch_num epoch batch_loss
0 1 1.268779
1 1 1.219977
2 1 1.419373
3 1 1.349155
4 1 1.301863
5 1 1.073062
6 1 1.107762
7 1 1.054829
8 1 1.057546
9 1 1.043014
10 1 1.150751
11 1 1.059990
12 1 1.135911
13 1 1.105510
14 1 1.167461
15 1 1.099797
16 1 0.989016
17 1 1.231416
18 1 1.010387
19 1 1.072703
20 1 1.007468
21 1 1.072736
22 1 1.039825
23 1 1.001852
24 1 1.100793
25 1 1.001745
26 1 1.111772
27 1 1.110044
28 1 1.007151
29 1 0.998897
30 1 1.297536
31 1 0.983982
32 1 1.083028
33 1 1.126673
34 1 1.150085
35 1 1.084117
36 1 1.041147
37 1 1.057878
38 1 1.028118
39 1 1.175102
40 1 1.210011
41 1 1.120084
42 1 1.050180
43 1 1.158641
44 1 1.029386
45 1 0.999187
46 1 1.001084
47 1 1.220004
48 1 1.002879
49 1 1.040992
50 1 0.997140
51 1 1.003656
52 1 1.033820
53 1 0.996652
54 1 1.003000
55 1 0.968154
56 1 1.094756
57 1 1.012818
58 1 1.043099
59 1 1.043725
60 1 1.037714
61 1 0.995875
62 1 1.040262
63 1 1.079531
64 1 1.045332
65 1 1.052891
66 1 1.163676
67 1 1.035479
68 1 1.007389
69 1 0.991037
70 1 0.996460
71 1 1.000084
72 1 1.031390
73 1 1.109746
74 1 1.012558
75 1 1.079729
76 1 1.098758
77 1 1.045388
78 1 1.002199
79 1 0.999491
80 1 1.102198
81 1 0.994829
82 1 1.000156
83 1 0.997785
84 1 1.029103
85 1 1.084574
86 1 1.047408
87 1 1.013596
88 1 0.999034
89 1 1.016566
90 1 1.027124
91 1 1.016526
92 1 0.981763
93 1 1.027624
94 1 1.037108
95 1 1.113815
96 1 0.995039
97 1 1.064796
98 1 0.999726
99 1 1.000058
100 2 1.092613
101 2 1.033357
102 2 1.008881
103 2 0.998894
104 2 1.033284
105 2 0.998412
106 2 0.995027
107 2 1.006280
108 2 0.996557
109 2 1.001866
110 2 0.998936
111 2 0.990853
112 2 1.024918
113 2 1.004834
114 2 1.000747
115 2 1.005666
116 2 0.992991
117 2 0.991892
118 2 0.988040
119 2 0.999784
120 2 0.993327
121 2 1.024942
122 2 1.014353
123 2 1.005113
124 2 0.996319
125 2 1.001666
126 2 1.059575
127 2 1.022323
128 2 1.061289
129 2 1.000015
130 2 0.997935
131 2 0.994117
132 2 1.017771
133 2 1.046194
134 2 1.003039
135 2 0.995301
136 2 1.032284
137 2 0.993638
138 2 1.014186
139 2 1.016187
140 2 0.999241
141 2 1.009933
142 2 1.039481
143 2 1.008953
144 2 0.998853
145 2 0.992735
146 2 1.004876
147 2 1.056875
148 2 1.014846
149 2 1.001592
150 2 0.988140
151 2 1.000430
152 2 1.001083
153 2 0.996525
154 2 0.988825
155 2 1.067192
156 2 1.024373
157 2 0.970690
158 2 1.020937
159 2 0.999331
160 2 1.020702
161 2 0.999827
162 2 0.998632
163 2 0.993557
164 2 1.005768
165 2 0.998569
166 2 0.985985
167 2 1.019182
168 2 1.052465
169 2 0.988913
170 2 0.979236
171 2 1.066181
172 2 1.052573
173 2 1.001459
174 2 1.018088
175 2 1.020283
176 2 1.066448
177 2 1.016405
178 2 1.063166
179 2 1.035316
180 2 0.985978
181 2 1.012632
182 2 1.038910
183 2 1.006518
184 2 1.028359
185 2 0.984040
186 2 1.059075
187 2 0.990100
188 2 0.994887
189 2 1.070456
190 2 1.001429
191 2 0.997593
192 2 1.008026
193 2 1.048340
194 2 1.032541
195 2 1.048145
196 2 0.989775
197 2 0.995516
198 2 0.991660
199 2 1.004246
200 3 1.142460
201 3 1.027942
202 3 0.994242
203 3 0.990722
204 3 1.008242
205 3 1.000906
206 3 1.171410
207 3 1.058297
208 3 1.007937
209 3 1.072775
210 3 0.996079
211 3 1.071120
212 3 1.034614
213 3 0.997482
214 3 1.009257
215 3 1.016219
216 3 1.006370
217 3 1.124439
218 3 1.008983
219 3 1.022840
220 3 1.057332
221 3 1.115922
222 3 1.052123
223 3 0.975210
224 3 1.056735
225 3 1.017445
226 3 0.994243
227 3 1.032718
228 3 1.002223
229 3 0.982176
230 3 0.999688
231 3 0.941173
232 3 0.998951
233 3 0.984591
234 3 0.998096
235 3 0.987115
236 3 1.009355
237 3 0.991211
238 3 1.015079
239 3 1.010464
240 3 1.002802
241 3 0.999014
242 3 1.043603
243 3 0.991564
244 3 0.996958
245 3 0.999942
246 3 0.997338
247 3 0.994743
248 3 0.997678
249 3 1.022064
250 3 0.994096
251 3 0.982273
252 3 0.994888
253 3 1.015322
254 3 1.001992
255 3 0.991210
256 3 0.994950
257 3 0.987861
258 3 0.996304
259 3 1.061578
260 3 1.002701
261 3 1.005161
262 3 0.992882
263 3 0.986386
264 3 0.986017
265 3 1.007212
266 3 0.989788
267 3 1.003704
268 3 1.022784
269 3 0.991298
270 3 1.075634
271 3 1.005469
272 3 1.014167
273 3 1.002373
274 3 0.991567
275 3 0.973636
276 3 0.990194
277 3 0.981676
278 3 1.028333
279 3 0.992204
280 3 1.000345
281 3 0.995022
282 3 1.061636
283 3 0.976759
284 3 0.993115
285 3 1.023637
286 3 0.996665
287 3 0.999469
288 3 0.980550
289 3 0.995449
290 3 1.000801
291 3 0.994667
292 3 0.991800
293 3 0.990961
294 3 1.087232
295 3 0.972058
296 3 0.988560
297 3 0.992196
298 3 0.997078
299 3 1.005014
300 4 0.975342
301 4 0.976385
302 4 0.989835
303 4 0.980408
304 4 0.993868
305 4 1.000393
306 4 1.011192
307 4 1.003551
308 4 0.992944
309 4 1.000940
310 4 1.046643
311 4 1.013119
312 4 0.992352
313 4 0.985169
314 4 0.989753
315 4 0.994590
316 4 0.993697
317 4 0.987395
318 4 1.043680
319 4 0.995280
320 4 0.989480
321 4 1.002736
322 4 0.993192
323 4 1.010003
324 4 1.045723
325 4 0.979323
326 4 1.012244
327 4 1.085667
328 4 1.026043
329 4 0.982094
330 4 0.997652
331 4 1.018754
332 4 1.111514
333 4 1.052008
334 4 0.987967
335 4 1.060488
336 4 1.000183
337 4 1.037499
338 4 0.974876
339 4 0.998269
340 4 1.102043
341 4 1.001885
342 4 1.015646
343 4 0.996154
344 4 0.990939
345 4 0.991624
346 4 0.979429
347 4 0.993535
348 4 0.987049
349 4 0.986939
350 4 0.983380
351 4 1.035074
352 4 0.981810
353 4 0.964671
354 4 0.975272
355 4 1.051439
356 4 0.984446
357 4 1.011830
358 4 0.984705
359 4 1.090920
360 4 0.952052
361 4 0.994438
362 4 1.000650
363 4 0.998144
364 4 0.988074
365 4 1.003384
366 4 1.019979
367 4 0.980470
368 4 1.005412
369 4 0.992421
370 4 0.965522
371 4 0.957561
372 4 0.998855
373 4 1.067156
374 4 1.005469
375 4 0.982391
376 4 1.002125
377 4 1.004943
378 4 0.995134
379 4 1.007329
380 4 0.984988
381 4 0.984286
382 4 1.022768
383 4 1.016640
384 4 0.999962
385 4 0.994589
386 4 0.987778
387 4 1.006323
388 4 1.000470
389 4 0.996199
390 4 0.995184
391 4 0.990390
392 4 0.999142
393 4 0.986191
394 4 1.015609
395 4 1.014434
396 4 1.001230
397 4 1.006246
398 4 0.986825
399 4 0.998908
400 5 0.983445
401 5 1.000767
402 5 0.991859
403 5 1.014087
404 5 0.986801
405 5 1.002187
406 5 0.983527
407 5 0.989518
408 5 0.975891
409 5 0.992993
410 5 1.005055
411 5 1.067925
412 5 0.997591
413 5 1.009626
414 5 0.993441
415 5 1.076473
416 5 0.971115
417 5 0.975357
418 5 0.979191
419 5 0.968692
420 5 0.967499
421 5 0.973248
422 5 0.998492
423 5 0.970039
424 5 0.988508
425 5 1.002325
426 5 0.992122
427 5 1.030389
428 5 1.027372
429 5 0.981620
430 5 1.021271
431 5 1.012195
432 5 1.050755
433 5 0.985948
434 5 0.985671
435 5 1.031306
436 5 1.019151
437 5 0.987764
438 5 0.979111
439 5 0.990451
440 5 0.992045
441 5 1.006681
442 5 1.029177
443 5 0.974521
444 5 0.966398
445 5 1.038987
446 5 0.986927
447 5 0.968131
448 5 0.997176
449 5 1.008535
450 5 1.030296
451 5 1.011771
452 5 0.985764
453 5 0.965933
454 5 0.983388
455 5 0.998009
456 5 1.002826
457 5 0.996314
458 5 1.014029
459 5 0.991299
460 5 0.986489
461 5 0.993244
462 5 1.025944
463 5 1.023125
464 5 0.984871
465 5 0.972343
466 5 1.007731
467 5 0.979224
468 5 1.037068
469 5 1.018981
470 5 1.018601
471 5 0.988396
472 5 0.992530
473 5 0.988886
474 5 0.997965
475 5 0.992730
476 5 0.999098
477 5 1.002751
478 5 0.995497
479 5 0.993691
480 5 0.994117
481 5 1.087451
482 5 0.995352
483 5 0.977749
484 5 0.964242
485 5 1.070385
486 5 1.010690
487 5 1.006006
488 5 0.999463
489 5 0.999001
490 5 1.016300
491 5 0.985660
492 5 1.026129
493 5 1.002650
494 5 0.994959
495 5 1.021420
496 5 0.985318
497 5 0.998176
498 5 0.989409
499 5 0.987539
500 6 0.996370
501 6 0.965828
502 6 0.997291
503 6 0.993695
504 6 1.024268
505 6 0.986019
506 6 0.965469
507 6 1.000783
508 6 0.991407
509 6 0.974822
510 6 1.005425
511 6 0.975964
512 6 0.973430
513 6 1.019656
514 6 1.010728
515 6 1.015297
516 6 0.985219
517 6 0.975041
518 6 1.047205
519 6 1.043597
520 6 1.005919
521 6 1.000065
522 6 0.989844
523 6 1.001139
524 6 1.003699
525 6 0.981342
526 6 0.986748
527 6 0.982109
528 6 1.004299
529 6 1.003477
530 6 0.988941
531 6 0.997710
532 6 0.999613
533 6 0.984201
534 6 0.988736
535 6 1.021929
536 6 0.982162
537 6 0.983308
538 6 0.999885
539 6 1.001376
540 6 0.962376
541 6 0.971926
542 6 0.971614
543 6 0.993003
544 6 0.995430
545 6 0.992709
546 6 1.005276
547 6 1.024654
548 6 0.978785
549 6 0.989895
550 6 1.020966
551 6 0.976317
552 6 0.996665
553 6 0.953208
554 6 1.000223
555 6 1.002259
556 6 1.058510
557 6 1.009254
558 6 0.989573
559 6 0.962658
560 6 0.989788
561 6 1.003844
562 6 0.985997
563 6 0.994842
564 6 0.961417
565 6 0.977729
566 6 0.998420
567 6 1.009014
568 6 0.997389
569 6 1.026622
570 6 0.916695
571 6 0.986889
572 6 1.004508
573 6 0.985356
574 6 1.024552
575 6 1.012946
576 6 0.995033
577 6 0.997749
578 6 1.013535
579 6 1.050880
580 6 0.980689
581 6 1.064242
582 6 0.995787
583 6 0.999897
584 6 1.008651
585 6 1.001582
586 6 0.946359
587 6 0.973878
588 6 1.025439
589 6 0.988373
590 6 1.042340
591 6 0.991019
592 6 0.965513
593 6 1.010990
594 6 0.994621
595 6 0.990687
596 6 0.993600
597 6 1.000771
598 6 1.097548
599 6 0.975965
600 7 0.995502
601 7 1.014521
602 7 1.003136
603 7 1.007583
604 7 0.906476
605 7 1.053851
606 7 1.003531
607 7 0.995346
608 7 1.076848
609 7 1.015946
610 7 1.088303
611 7 0.990914
612 7 0.996838
613 7 0.991018
614 7 0.966225
615 7 1.012650
616 7 0.967890
617 7 0.921152
618 7 0.997823
619 7 0.990161
620 7 0.966993
621 7 0.964029
622 7 0.875132
623 7 1.041492
624 7 0.984235
625 7 0.991398
626 7 0.993256
627 7 1.007262
628 7 1.025298
629 7 1.000888
630 7 1.018267
631 7 0.994276
632 7 0.995276
633 7 0.993854
634 7 0.998008
635 7 0.991018
636 7 0.958895
637 7 1.007778
638 7 0.996598
639 7 1.000751
640 7 0.947612
641 7 0.972716
642 7 0.979095
643 7 0.993115
644 7 0.999040
645 7 0.975087
646 7 1.009954
647 7 0.990357
648 7 1.003032
649 7 0.958326
650 7 0.988620
651 7 1.019520
652 7 0.969965
653 7 1.051252
654 7 0.970476
655 7 1.003128
656 7 0.974109
657 7 1.028308
658 7 0.983130
659 7 1.005327
660 7 1.021871
661 7 1.001917
662 7 0.992056
663 7 0.991775
664 7 1.002902
665 7 0.980613
666 7 0.999298
667 7 0.969357
668 7 0.990721
669 7 1.002739
670 7 1.020105
671 7 1.038905
672 7 1.020244
673 7 1.023510
674 7 1.024224
675 7 0.983590
676 7 0.970895
677 7 0.990056
678 7 1.025526
679 7 1.031750
680 7 0.987745
681 7 0.970516
682 7 0.972714
683 7 1.029706
684 7 0.999830
685 7 0.984613
686 7 1.014998
687 7 0.968208
688 7 0.989461
689 7 1.028022
690 7 0.989384
691 7 0.957569
692 7 0.947195
693 7 0.957164
694 7 0.971134
695 7 0.986075
696 7 0.992990
697 7 0.985971
698 7 0.984960
699 7 0.998013
700 8 1.001933
701 8 0.995469
702 8 1.029794
703 8 0.989807
704 8 1.044900
705 8 1.022027
706 8 0.954661
707 8 1.047336
708 8 0.964319
709 8 1.001420
710 8 1.028051
711 8 0.982126
712 8 0.989770
713 8 0.968768
714 8 1.024956
715 8 1.008849
716 8 1.023656
717 8 0.997175
718 8 1.016137
719 8 0.990992
720 8 1.008840
721 8 0.981185
722 8 1.024084
723 8 0.975511
724 8 0.995865
725 8 0.993073
726 8 0.988489
727 8 0.967511
728 8 0.981165
729 8 0.965194
730 8 0.852271
731 8 0.998339
732 8 0.995544
733 8 1.030301
734 8 0.985032
735 8 0.974113
736 8 0.940686
737 8 0.982590
738 8 0.969926
739 8 0.956328
740 8 0.998274
741 8 0.984283
742 8 0.989408
743 8 1.010882
744 8 1.000913
745 8 1.018827
746 8 0.912310
747 8 0.978006
748 8 0.996643
749 8 1.004834
750 8 0.982361
751 8 1.046574
752 8 0.974230
753 8 0.984454
754 8 0.999125
755 8 0.987513
756 8 0.991857
757 8 0.962980
758 8 0.996966
759 8 1.011073
760 8 0.981654
761 8 1.071945
762 8 1.024630
763 8 1.033444
764 8 0.996036
765 8 0.991499
766 8 1.041506
767 8 1.003313
768 8 0.979224
769 8 0.957145
770 8 0.980284
771 8 0.885932
772 8 1.002442
773 8 1.015125
774 8 0.980268
775 8 0.992843
776 8 0.988443
777 8 0.988076
778 8 1.034539
779 8 0.988353
780 8 0.980616
781 8 0.992852
782 8 0.932578
783 8 0.877459
784 8 0.892497
785 8 0.930519
786 8 1.136884
787 8 0.986269
788 8 0.998162
789 8 0.934450
790 8 1.004250
791 8 1.022544
792 8 1.050168
793 8 1.021952
794 8 0.988602
795 8 0.982598
796 8 1.029810
797 8 0.996812
798 8 0.968302
799 8 0.968411
800 9 0.968683
801 9 0.866682
802 9 0.997052
803 9 1.010495
804 9 0.979506
805 9 0.938075
806 9 0.968590
807 9 1.039439
808 9 1.091968
809 9 0.991134
810 9 0.964753
811 9 1.000171
812 9 1.008810
813 9 0.993128
814 9 0.981014
815 9 1.015358
816 9 1.068850
817 9 1.022412
818 9 1.020584
819 9 0.980106
820 9 0.988071
821 9 0.991102
822 9 0.998192
823 9 0.986707
824 9 0.975375
825 9 1.028604
826 9 0.953323
827 9 0.989541
828 9 1.031677
829 9 0.999322
830 9 0.962154
831 9 1.013378
832 9 1.009861
833 9 0.972154
834 9 1.004444
835 9 0.867950
836 9 0.951785
837 9 0.985401
838 9 1.012505
839 9 0.981083
840 9 0.994333
841 9 0.991105
842 9 0.995941
843 9 0.980928
844 9 0.969487
845 9 0.894873
846 9 0.993421
847 9 1.023695
848 9 0.899004
849 9 1.030847
850 9 0.980882
851 9 0.979700
852 9 0.960554
853 9 0.940336
854 9 0.984078
855 9 0.952850
856 9 1.034926
857 9 0.939153
858 9 0.957882
859 9 0.981361
860 9 0.988815
861 9 1.051157
862 9 0.994004
863 9 0.957502
864 9 0.907579
865 9 0.989417
866 9 1.020250
867 9 1.004660
868 9 1.036746
869 9 1.036533
870 9 0.932166
871 9 0.995591
872 9 0.955501
873 9 0.988779
874 9 1.048033
875 9 0.980960
876 9 0.985593
877 9 0.848283
878 9 1.030962
879 9 0.967161
880 9 1.006793
881 9 0.980589
882 9 0.912751
883 9 1.001670
884 9 0.999389
885 9 0.981688
886 9 0.951741
887 9 0.992465
888 9 1.029732
889 9 0.988069
890 9 1.003051
891 9 1.028890
892 9 1.005882
893 9 0.990926
894 9 0.996457
895 9 0.986689
896 9 0.937041
897 9 0.962787
898 9 1.027807
899 9 1.002921
900 10 0.968441
901 10 0.984805
902 10 1.004669
903 10 0.994663
904 10 0.999337
905 10 0.979261
906 10 0.982784
907 10 1.026693
908 10 0.998278
909 10 1.032686
910 10 0.987680
911 10 0.978242
912 10 0.984721
913 10 0.980265
914 10 0.956548
915 10 0.988106
916 10 1.008890
917 10 0.952248
918 10 1.002020
919 10 0.963456
920 10 0.979118
921 10 1.006169
922 10 0.992016
923 10 0.963650
924 10 1.015440
925 10 1.011163
926 10 0.990925
927 10 0.965016
928 10 1.045632
929 10 0.991850
930 10 1.005721
931 10 0.997872
932 10 0.981005
933 10 1.028596
934 10 0.982297
935 10 0.964212
936 10 0.999700
937 10 1.000612
938 10 0.957920
939 10 0.978789
940 10 1.014468
941 10 0.980090
942 10 1.028040
943 10 0.887709
944 10 0.991594
945 10 0.985105
946 10 0.989252
947 10 1.001753
948 10 0.874369
949 10 0.954796
950 10 0.978072
951 10 1.030936
952 10 1.001681
953 10 1.034536
954 10 0.994342
955 10 1.023408
956 10 1.012391
957 10 0.989467
958 10 0.956618
959 10 1.008133
960 10 0.979242
961 10 0.910180
962 10 0.966799
963 10 1.098168
964 10 0.859499
965 10 0.839413
966 10 1.039937
967 10 0.977865
968 10 0.986021
969 10 1.057871
970 10 0.832652
971 10 0.989498
972 10 0.935210
973 10 0.838521
974 10 0.985744
975 10 1.072805
976 10 1.001819
977 10 1.030421
978 10 0.964072
979 10 1.012622
980 10 1.031250
981 10 0.991743
982 10 0.933878
983 10 0.948597
984 10 1.000930
985 10 0.983910
986 10 1.029810
987 10 0.944960
988 10 0.971581
989 10 1.028170
990 10 0.995666
991 10 0.990375
992 10 0.983382
993 10 0.996386
994 10 0.984411
995 10 1.005092
996 10 0.952572
997 10 1.112282
998 10 1.031266
999 10 1.042142
1000 11 1.031041
1001 11 0.952120
1002 11 1.006956
1003 11 0.996502
1004 11 0.979065
1005 11 0.972952
1006 11 0.808065
1007 11 0.983384
1008 11 0.958282
1009 11 0.990551
1010 11 1.029760
1011 11 0.913886
1012 11 1.006762
1013 11 1.022801
1014 11 0.998461
1015 11 0.976344
1016 11 0.993204
1017 11 0.926143
1018 11 1.015929
1019 11 0.943084
1020 11 0.859104
1021 11 0.901854
1022 11 1.042881
1023 11 0.974313
1024 11 0.973884
1025 11 0.943706
1026 11 0.911419
1027 11 1.003642
1028 11 1.049788
1029 11 1.037663
1030 11 0.954377
1031 11 0.997288
1032 11 1.010472
1033 11 1.010171
1034 11 0.931884
1035 11 1.007027
1036 11 0.993452
1037 11 0.891201
1038 11 0.984594
1039 11 0.990248
1040 11 1.031994
1041 11 0.974320
1042 11 1.006771
1043 11 0.968527
1044 11 0.963088
1045 11 0.990809
1046 11 0.947404
1047 11 1.029751
1048 11 0.982515
1049 11 0.948030
1050 11 0.946128
1051 11 1.001734
1052 11 1.025857
1053 11 0.922898
1054 11 0.958570
1055 11 0.994648
1056 11 1.093115
1057 11 0.986436
1058 11 1.012509
1059 11 1.016766
1060 11 0.973317
1061 11 0.976837
1062 11 0.999670
1063 11 0.980164
1064 11 0.980558
1065 11 1.035905
1066 11 0.982015
1067 11 1.034414
1068 11 1.009769
1069 11 0.955001
1070 11 0.875992
1071 11 1.079460
1072 11 0.954120
1073 11 1.011928
1074 11 1.003341
1075 11 0.988363
1076 11 0.995739
1077 11 0.999470
1078 11 1.033575
1079 11 1.057165
1080 11 0.985839
1081 11 0.830529
1082 11 1.045536
1083 11 1.013711
1084 11 0.981723
1085 11 0.983746
1086 11 1.046331
1087 11 0.995962
1088 11 1.017365
1089 11 0.967042
1090 11 1.018550
1091 11 1.022199
1092 11 1.037041
1093 11 0.990185
1094 11 1.003076
1095 11 0.998983
1096 11 0.967782
1097 11 0.980455
1098 11 0.991938
1099 11 0.990549
1100 12 0.944935
1101 12 0.971265
1102 12 0.943767
1103 12 0.960883
1104 12 0.966813
1105 12 1.003644
1106 12 0.938955
1107 12 0.993591
1108 12 0.965477
1109 12 0.995540
1110 12 0.964914
1111 12 0.940800
1112 12 1.006207
1113 12 1.029302
1114 12 1.008394
1115 12 1.001399
1116 12 0.865131
1117 12 0.936767
1118 12 0.942355
1119 12 0.989474
1120 12 0.946963
1121 12 1.031020
1122 12 0.962969
1123 12 0.980177
1124 12 0.821954
1125 12 1.025176
1126 12 0.874487
1127 12 0.976479
1128 12 1.029349
1129 12 0.946388
1130 12 0.996326
1131 12 0.973829
1132 12 1.010068
1133 12 1.035356
1134 12 0.950414
1135 12 0.902909
1136 12 0.937583
1137 12 0.868153
1138 12 0.981171
1139 12 1.017535
1140 12 1.003744
1141 12 0.951502
1142 12 0.997541
1143 12 1.001158
1144 12 1.002945
1145 12 0.988390
1146 12 0.989198
1147 12 0.991847
1148 12 0.983861
1149 12 0.977909
1150 12 1.048156
1151 12 1.008263
1152 12 0.946886
1153 12 0.957798
1154 12 0.994180
1155 12 0.967364
1156 12 1.012677
1157 12 1.032205
1158 12 0.884434
1159 12 1.063814
1160 12 1.030727
1161 12 0.920831
1162 12 1.000579
1163 12 1.043281
1164 12 0.981376
1165 12 0.970532
1166 12 0.989691
1167 12 1.024779
1168 12 1.010460
1169 12 0.977996
1170 12 0.994094
1171 12 1.044155
1172 12 0.980335
1173 12 0.945443
1174 12 1.014004
1175 12 0.964296
1176 12 0.964817
1177 12 0.961385
1178 12 0.982153
1179 12 0.984170
1180 12 0.955369
1181 12 0.990188
1182 12 1.014351
1183 12 0.990417
1184 12 1.033069
1185 12 0.978676
1186 12 0.951551
1187 12 0.986668
1188 12 0.974121
1189 12 0.935344
1190 12 1.015043
1191 12 1.030757
1192 12 0.934682
1193 12 0.983054
1194 12 1.034555
1195 12 0.984808
1196 12 0.988942
1197 12 1.033427
1198 12 0.996269
1199 12 1.013625
1200 13 0.818996
1201 13 0.803904
1202 13 0.925313
1203 13 1.051592
1204 13 1.037578
1205 13 0.958417
1206 13 0.890873
1207 13 1.046464
1208 13 1.036091
1209 13 1.012110
1210 13 0.919848
1211 13 0.979165
1212 13 1.023063
1213 13 0.963581
1214 13 0.983161
1215 13 0.903410
1216 13 1.011827
1217 13 1.002259
1218 13 0.962028
1219 13 0.915213
1220 13 0.958654
1221 13 0.974427
1222 13 0.959867
1223 13 0.990157
1224 13 0.952280
1225 13 0.774744
1226 13 0.902056
1227 13 1.007422
1228 13 0.910923
1229 13 0.986908
1230 13 0.977733
1231 13 0.802180
1232 13 1.017111
1233 13 1.013222
1234 13 0.834646
1235 13 0.916244
1236 13 0.986762
1237 13 1.036972
1238 13 0.980981
1239 13 0.980081
1240 13 0.967369
1241 13 0.947591
1242 13 1.029449
1243 13 1.000339
1244 13 0.954681
1245 13 0.857849
1246 13 1.039240
1247 13 1.010818
1248 13 0.997075
1249 13 0.810477
1250 13 1.025291
1251 13 0.994641
1252 13 0.959455
1253 13 0.981674
1254 13 1.029122
1255 13 0.962871
1256 13 1.015564
1257 13 0.992288
1258 13 0.971155
1259 13 0.983860
1260 13 1.032846
1261 13 0.980382
1262 13 1.003281
1263 13 0.979968
1264 13 0.990380
1265 13 0.938174
1266 13 0.991850
1267 13 0.973571
1268 13 0.936316
1269 13 1.006146
1270 13 1.044446
1271 13 0.979413
1272 13 1.012215
1273 13 0.997862
1274 13 0.973575
1275 13 0.978947
1276 13 1.014644
1277 13 1.004030
1278 13 1.010187
1279 13 0.954162
1280 13 0.986668
1281 13 0.945416
1282 13 1.016070
1283 13 1.003561
1284 13 0.977892
1285 13 1.017047
1286 13 0.962721
1287 13 1.000775
1288 13 0.968558
1289 13 0.990024
1290 13 0.988596
1291 13 0.995210
1292 13 0.986371
1293 13 0.977848
1294 13 1.034830
1295 13 1.024368
1296 13 1.005143
1297 13 0.991535
1298 13 0.944826
1299 13 0.950809
1300 14 1.028561
1301 14 1.033875
1302 14 0.989573
1303 14 1.009988
1304 14 0.967092
1305 14 0.998014
1306 14 1.006875
1307 14 0.981144
1308 14 1.024712
1309 14 1.037845
1310 14 1.002254
1311 14 0.885334
1312 14 0.998748
1313 14 0.973259
1314 14 0.976154
1315 14 0.987629
1316 14 0.969069
1317 14 0.999943
1318 14 1.024420
1319 14 0.860354
1320 14 0.830504
1321 14 0.964699
1322 14 0.755983
1323 14 0.986535
1324 14 0.782381
1325 14 1.007044
1326 14 0.986649
1327 14 0.968624
1328 14 0.943536
1329 14 1.081272
1330 14 0.953681
1331 14 1.011103
1332 14 1.046561
1333 14 0.991630
1334 14 0.985660
1335 14 0.957441
1336 14 0.986305
1337 14 0.995605
1338 14 0.953386
1339 14 1.033974
1340 14 0.986573
1341 14 0.947815
1342 14 0.981866
1343 14 1.024126
1344 14 1.032630
1345 14 0.971576
1346 14 0.992154
1347 14 0.967239
1348 14 0.974064
1349 14 0.984650
1350 14 0.998840
1351 14 0.935361
1352 14 0.963555
1353 14 0.976379
1354 14 0.994868
1355 14 0.980286
1356 14 0.974467
1357 14 1.002258
1358 14 1.003073
1359 14 1.032630
1360 14 1.006264
1361 14 0.979330
1362 14 1.004177
1363 14 0.952309
1364 14 0.991060
1365 14 1.002357
1366 14 1.005093
1367 14 1.031306
1368 14 1.035187
1369 14 0.991108
1370 14 0.931100
1371 14 0.962811
1372 14 0.953911
1373 14 0.941030
1374 14 0.994221
1375 14 0.802176
1376 14 0.990304
1377 14 0.961487
1378 14 0.977483
1379 14 0.880517
1380 14 0.997304
1381 14 1.013706
1382 14 0.981669
1383 14 0.994334
1384 14 0.946386
1385 14 1.007515
1386 14 0.977053
1387 14 0.988160
1388 14 1.013798
1389 14 0.982357
1390 14 0.991005
1391 14 1.017813
1392 14 0.835645
1393 14 0.979144
1394 14 0.999167
1395 14 0.911527
1396 14 1.014616
1397 14 0.780603
1398 14 0.995325
1399 14 1.014793
1400 15 0.985629
1401 15 0.931431
1402 15 1.049631
1403 15 0.995454
1404 15 0.963733
1405 15 0.989417
1406 15 1.012832
1407 15 0.978402
1408 15 1.012259
1409 15 0.975199
1410 15 0.981773
1411 15 0.997549
1412 15 1.011497
1413 15 1.011342
1414 15 0.941284
1415 15 0.986525
1416 15 0.976876
1417 15 0.957403
1418 15 0.941956
1419 15 0.958110
1420 15 0.991163
1421 15 0.946170
1422 15 0.984635
1423 15 1.003794
1424 15 0.972172
1425 15 0.987027
1426 15 0.993486
1427 15 0.979873
1428 15 0.875334
1429 15 1.035267
1430 15 0.989640
1431 15 0.984842
1432 15 1.019779
1433 15 0.768625
1434 15 0.986926
1435 15 0.964981
1436 15 0.982010
1437 15 0.960790
1438 15 0.948348
1439 15 0.940072
1440 15 1.008649
1441 15 0.737598
1442 15 1.030244
1443 15 0.870620
1444 15 1.052195
1445 15 0.895924
1446 15 0.807030
1447 15 1.004968
1448 15 1.015649
1449 15 0.977281
1450 15 0.994246
1451 15 0.945360
1452 15 0.844322
1453 15 0.973773
1454 15 0.986268
1455 15 1.032746
1456 15 0.989968
1457 15 0.756261
1458 15 0.710823
1459 15 0.938307
1460 15 1.009867
1461 15 0.971085
1462 15 0.995140
1463 15 0.747808
1464 15 0.994088
1465 15 1.045497
1466 15 0.922706
1467 15 1.023689
1468 15 0.992731
1469 15 0.988602
1470 15 1.042072
1471 15 1.035431
1472 15 0.962007
1473 15 0.988199
1474 15 0.927251
1475 15 1.000461
1476 15 0.876267
1477 15 0.947731
1478 15 1.039201
1479 15 1.024627
1480 15 0.992825
1481 15 0.924618
1482 15 1.001677
1483 15 0.960802
1484 15 0.966932
1485 15 0.957018
1486 15 1.001559
1487 15 0.979920
1488 15 0.938628
1489 15 1.004613
1490 15 0.971673
1491 15 1.016107
1492 15 0.969514
1493 15 0.982349
1494 15 0.995360
1495 15 0.957167
1496 15 0.992515
1497 15 0.995265
1498 15 1.016389
1499 15 1.012440
1500 16 1.029259
1501 16 0.987792
1502 16 0.990091
1503 16 0.940453
1504 16 0.976048
1505 16 0.998987
1506 16 0.723339
1507 16 0.955056
1508 16 0.816741
1509 16 0.992863
1510 16 0.986234
1511 16 0.940165
1512 16 1.034445
1513 16 0.964147
1514 16 0.956186
1515 16 1.032541
1516 16 1.003824
1517 16 1.041806
1518 16 0.994031
1519 16 1.012256
1520 16 1.000524
1521 16 1.031188
1522 16 1.004380
1523 16 0.948227
1524 16 0.999709
1525 16 1.001827
1526 16 0.870835
1527 16 1.031483
1528 16 0.991020
1529 16 1.048555
1530 16 0.954401
1531 16 0.983984
1532 16 0.843291
1533 16 0.716012
1534 16 0.963209
1535 16 0.997263
1536 16 1.004118
1537 16 1.023920
1538 16 0.938416
1539 16 0.937431
1540 16 1.024490
1541 16 0.998317
1542 16 0.973906
1543 16 0.981233
1544 16 1.023001
1545 16 0.990359
1546 16 0.999403
1547 16 0.978000
1548 16 0.929996
1549 16 1.014258
1550 16 0.986187
1551 16 0.934429
1552 16 0.780762
1553 16 0.912073
1554 16 1.035293
1555 16 0.983049
1556 16 0.939289
1557 16 0.765210
1558 16 0.995589
1559 16 0.981479
1560 16 1.009467
1561 16 0.980618
1562 16 0.959120
1563 16 0.976269
1564 16 0.969863
1565 16 0.993343
1566 16 0.979996
1567 16 1.036196
1568 16 1.036678
1569 16 0.968993
1570 16 1.035376
1571 16 1.047970
1572 16 0.965157
1573 16 0.989936
1574 16 0.941681
1575 16 0.994426
1576 16 0.992019
1577 16 0.961914
1578 16 0.982805
1579 16 1.014612
1580 16 1.028248
1581 16 1.009803
1582 16 0.954540
1583 16 0.978900
1584 16 0.987640
1585 16 0.989652
1586 16 0.971877
1587 16 1.017565
1588 16 1.011748
1589 16 0.986042
1590 16 1.012380
1591 16 0.939843
1592 16 0.994833
1593 16 0.932090
1594 16 1.022811
1595 16 0.981589
1596 16 1.014630
1597 16 0.947372
1598 16 0.962045
1599 16 0.963176
1600 17 0.743352
1601 17 0.870502
1602 17 1.015325
1603 17 0.895584
1604 17 0.981918
1605 17 1.059416
1606 17 0.989157
1607 17 0.846500
1608 17 1.011753
1609 17 0.972196
1610 17 0.984230
1611 17 0.986021
1612 17 0.947783
1613 17 1.023829
1614 17 1.022350
1615 17 0.940360
1616 17 0.956092
1617 17 1.032124
1618 17 0.984134
1619 17 0.970294
1620 17 1.003365
1621 17 0.961285
1622 17 1.048612
1623 17 0.998628
1624 17 1.034257
1625 17 0.999739
1626 17 0.989243
1627 17 1.011473
1628 17 1.014591
1629 17 0.974617
1630 17 0.958108
1631 17 0.945001
1632 17 0.977693
1633 17 0.821912
1634 17 1.033386
1635 17 1.130927
1636 17 0.865508
1637 17 0.938511
1638 17 0.983349
1639 17 0.979855
1640 17 0.978268
1641 17 0.971780
1642 17 0.896472
1643 17 1.004790
1644 17 1.002889
1645 17 0.993952
1646 17 0.930522
1647 17 0.967828
1648 17 1.014425
1649 17 0.963021
1650 17 0.960412
1651 17 0.999025
1652 17 0.987028
1653 17 0.980194
1654 17 0.988038
1655 17 0.983016
1656 17 0.942245
1657 17 0.946627
1658 17 0.951895
1659 17 1.007457
1660 17 1.035179
1661 17 0.983291
1662 17 0.992555
1663 17 0.938805
1664 17 0.954240
1665 17 0.940297
1666 17 0.938642
1667 17 0.987267
1668 17 0.968664
1669 17 1.010910
1670 17 0.923073
1671 17 0.977808
1672 17 0.873330
1673 17 0.983080
1674 17 0.918801
1675 17 0.975573
1676 17 0.996439
1677 17 1.006313
1678 17 1.037604
1679 17 0.993873
1680 17 1.035945
1681 17 0.988788
1682 17 1.030631
1683 17 1.039502
1684 17 1.014152
1685 17 0.962505
1686 17 1.010261
1687 17 0.992227
1688 17 0.978274
1689 17 0.989305
1690 17 0.989101
1691 17 0.999237
1692 17 1.022581
1693 17 0.833710
1694 17 0.896101
1695 17 1.015057
1696 17 0.947849
1697 17 0.991526
1698 17 0.984540
1699 17 1.015021
1700 18 1.072766
1701 18 0.959235
1702 18 0.975166
1703 18 0.994348
1704 18 0.961514
1705 18 1.036467
1706 18 0.941594
1707 18 1.022439
1708 18 0.957658
1709 18 0.990536
1710 18 0.981490
1711 18 0.994987
1712 18 0.993394
1713 18 0.962503
1714 18 0.992718
1715 18 1.049426
1716 18 0.976878
1717 18 1.008244
1718 18 1.034836
1719 18 1.035989
1720 18 0.978219
1721 18 0.985073
1722 18 0.985320
1723 18 0.979620
1724 18 0.978958
1725 18 0.967015
1726 18 0.985607
1727 18 0.960574
1728 18 1.035492
1729 18 0.990816
1730 18 0.954779
1731 18 0.988521
1732 18 1.004332
1733 18 0.993821
1734 18 1.025676
1735 18 0.948516
1736 18 0.944521
1737 18 0.986145
1738 18 0.835396
1739 18 0.965842
1740 18 1.014884
1741 18 1.006612
1742 18 0.787290
1743 18 1.011814
1744 18 0.940069
1745 18 1.000245
1746 18 0.971242
1747 18 0.927510
1748 18 0.949216
1749 18 1.014214
1750 18 1.090798
1751 18 1.054930
1752 18 0.961242
1753 18 1.005702
1754 18 0.967547
1755 18 0.993016
1756 18 0.938523
1757 18 1.010836
1758 18 0.967482
1759 18 0.986455
1760 18 0.987787
1761 18 0.948841
1762 18 1.023580
1763 18 0.925793
1764 18 0.984829
1765 18 0.990584
1766 18 0.914998
1767 18 0.868773
1768 18 1.013201
1769 18 0.964475
1770 18 1.021663
1771 18 1.009613
1772 18 0.997978
1773 18 0.743291
1774 18 1.010841
1775 18 1.026809
1776 18 1.036314
1777 18 0.961013
1778 18 0.925433
1779 18 0.999579
1780 18 0.999337
1781 18 1.017056
1782 18 0.982001
1783 18 1.015138
1784 18 0.978229
1785 18 0.968154
1786 18 1.000932
1787 18 0.961495
1788 18 0.953048
1789 18 0.982680
1790 18 0.973084
1791 18 0.972021
1792 18 0.951863
1793 18 0.919715
1794 18 0.976797
1795 18 0.740454
1796 18 0.736786
1797 18 0.895255
1798 18 0.970333
1799 18 0.999597
1800 19 0.997941
1801 19 1.004271
1802 19 0.980980
1803 19 0.951336
1804 19 0.975534
1805 19 0.982144
1806 19 0.860647
1807 19 0.966895
1808 19 1.045263
1809 19 0.993033
1810 19 0.985611
1811 19 0.820047
1812 19 0.990184
1813 19 0.839613
1814 19 0.999715
1815 19 0.986038
1816 19 0.935996
1817 19 0.782941
1818 19 0.875877
1819 19 0.921660
1820 19 0.979532
1821 19 1.022942
1822 19 0.988689
1823 19 0.939739
1824 19 0.982226
1825 19 0.942352
1826 19 0.879038
1827 19 1.013509
1828 19 0.985563
1829 19 1.026661
1830 19 0.982788
1831 19 1.035739
1832 19 0.898638
1833 19 0.867288
1834 19 1.083509
1835 19 0.719081
1836 19 0.997087
1837 19 0.943599
1838 19 1.009435
1839 19 0.991861
1840 19 0.944500
1841 19 0.984109
1842 19 0.974317
1843 19 1.009650
1844 19 0.735217
1845 19 1.023747
1846 19 1.027001
1847 19 0.974681
1848 19 1.000252
1849 19 1.041583
1850 19 0.973447
1851 19 0.742585
1852 19 0.989702
1853 19 0.997943
1854 19 0.935614
1855 19 1.027155
1856 19 1.035307
1857 19 1.001156
1858 19 0.960975
1859 19 1.015032
1860 19 0.986966
1861 19 0.976506
1862 19 0.979504
1863 19 0.924430
1864 19 0.997670
1865 19 0.961808
1866 19 0.986390
1867 19 0.988644
1868 19 1.036450
1869 19 1.052104
1870 19 0.929432
1871 19 1.022891
1872 19 0.992097
1873 19 0.968009
1874 19 1.039411
1875 19 0.979927
1876 19 0.978928
1877 19 0.969223
1878 19 1.037404
1879 19 0.935558
1880 19 1.017769
1881 19 0.981679
1882 19 0.941588
1883 19 0.942156
1884 19 0.979611
1885 19 0.998101
1886 19 1.013215
1887 19 1.010326
1888 19 0.994414
1889 19 0.958576
1890 19 1.000824
1891 19 0.969271
1892 19 0.977357
1893 19 1.022004
1894 19 1.015234
1895 19 0.994690
1896 19 0.996324
1897 19 0.985523
1898 19 0.948017
1899 19 0.920896
1900 20 0.960685
1901 20 0.918079
1902 20 0.999609
1903 20 0.962793
1904 20 0.986533
1905 20 0.969504
1906 20 0.992850
1907 20 0.961080
1908 20 0.893314
1909 20 1.050229
1910 20 1.027860
1911 20 0.985622
1912 20 1.008996
1913 20 0.991577
1914 20 1.008764
1915 20 0.984385
1916 20 1.012668
1917 20 0.982703
1918 20 0.950599
1919 20 0.940787
1920 20 0.958674
1921 20 0.987990
1922 20 0.984579
1923 20 1.010405
1924 20 1.013164
1925 20 1.005019
1926 20 1.010242
1927 20 0.988968
1928 20 1.014224
1929 20 0.980210
1930 20 1.036660
1931 20 0.971548
1932 20 0.998068
1933 20 0.985786
1934 20 0.974259
1935 20 0.978114
1936 20 0.938838
1937 20 0.940077
1938 20 1.014832
1939 20 0.979071
1940 20 0.996886
1941 20 0.988110
1942 20 0.948398
1943 20 1.004205
1944 20 0.947544
1945 20 0.759274
1946 20 0.922538
1947 20 0.993832
1948 20 1.039000
1949 20 0.974758
1950 20 0.981589
1951 20 0.947362
1952 20 0.993341
1953 20 0.959932
1954 20 0.967546
1955 20 0.901288
1956 20 0.999289
1957 20 0.949119
1958 20 0.865519
1959 20 0.803725
1960 20 1.041172
1961 20 0.717837
1962 20 0.964957
1963 20 0.694860
1964 20 0.983993
1965 20 0.996335
1966 20 0.993969
1967 20 0.930343
1968 20 0.888189
1969 20 0.998603
1970 20 0.989707
1971 20 0.933284
1972 20 0.969485
1973 20 0.957276
1974 20 0.994879
1975 20 0.986166
1976 20 0.963609
1977 20 0.968137
1978 20 1.014282
1979 20 0.961922
1980 20 0.981036
1981 20 1.036945
1982 20 0.955910
1983 20 1.020668
1984 20 0.974954
1985 20 0.991537
1986 20 0.961114
1987 20 0.919323
1988 20 0.980703
1989 20 1.041658
1990 20 0.977636
1991 20 1.001174
1992 20 0.998293
1993 20 0.968124
1994 20 1.051091
1995 20 0.997009
1996 20 1.021993
1997 20 1.039293
1998 20 0.988114
1999 20 0.930283
2000 21 0.895505
2001 21 1.038763
2002 21 0.990987
2003 21 0.921367
2004 21 1.028088
2005 21 0.954444
2006 21 0.986887
2007 21 0.932231
2008 21 0.991399
2009 21 1.023283
2010 21 1.035568
2011 21 0.962215
2012 21 0.968965
2013 21 0.986983
2014 21 0.972689
2015 21 0.959401
2016 21 0.917469
2017 21 1.013202
2018 21 1.021365
2019 21 1.000082
2020 21 0.976868
2021 21 1.010034
2022 21 1.013709
2023 21 0.968109
2024 21 0.982600
2025 21 0.964946
2026 21 0.979226
2027 21 1.013438
2028 21 0.928476
2029 21 0.967239
2030 21 0.966881
2031 21 1.036399
2032 21 0.987822
2033 21 0.985123
2034 21 0.960592
2035 21 0.977270
2036 21 1.023809
2037 21 0.830429
2038 21 1.016140
2039 21 0.853477
2040 21 0.981216
2041 21 0.999644
2042 21 0.973998
2043 21 0.814510
2044 21 0.980197
2045 21 0.967376
2046 21 0.985478
2047 21 0.940607
2048 21 0.979552
2049 21 1.006839
2050 21 0.972535
2051 21 0.938062
2052 21 0.994310
2053 21 0.948608
2054 21 1.049322
2055 21 0.867448
2056 21 1.014401
2057 21 0.957479
2058 21 0.729035
2059 21 0.997563
2060 21 0.888428
2061 21 0.708389
2062 21 0.950319
2063 21 0.988558
2064 21 0.983347
2065 21 1.000116
2066 21 1.040920
2067 21 0.991428
2068 21 0.984706
2069 21 0.960074
2070 21 0.959546
2071 21 1.055170
2072 21 0.966985
2073 21 0.993929
2074 21 0.972846
2075 21 0.976251
2076 21 0.986841
2077 21 1.006702
2078 21 0.997888
2079 21 0.990482
2080 21 0.933293
2081 21 1.020078
2082 21 0.998291
2083 21 1.030412
2084 21 0.936888
2085 21 0.974764
2086 21 0.979795
2087 21 0.985706
2088 21 0.988927
2089 21 1.012894
2090 21 0.944431
2091 21 0.987200
2092 21 1.039086
2093 21 1.041386
2094 21 1.001696
2095 21 0.912096
2096 21 1.010047
2097 21 0.998903
2098 21 0.995673
2099 21 0.993855
2100 22 1.020546
2101 22 0.978579
2102 22 0.992961
2103 22 0.996612
2104 22 0.945849
2105 22 0.919986
2106 22 1.005805
2107 22 1.011077
2108 22 1.028168
2109 22 0.935969
2110 22 0.964262
2111 22 1.049216
2112 22 0.768918
2113 22 1.001810
2114 22 0.677165
2115 22 0.983523
2116 22 0.830285
2117 22 0.939083
2118 22 1.002045
2119 22 0.982728
2120 22 0.960808
2121 22 0.937351
2122 22 0.838919
2123 22 0.839424
2124 22 0.775338
2125 22 0.900552
2126 22 0.997946
2127 22 0.965916
2128 22 1.013036
2129 22 0.933538
2130 22 0.992280
2131 22 1.039939
2132 22 0.974603
2133 22 0.982757
2134 22 0.981820
2135 22 0.975108
2136 22 0.966381
2137 22 0.977960
2138 22 0.983051
2139 22 0.977087
2140 22 0.970845
2141 22 0.789785
2142 22 1.127049
2143 22 0.984041
2144 22 0.979113
2145 22 1.000271
2146 22 1.009159
2147 22 0.985471
2148 22 1.038677
2149 22 0.966369
2150 22 1.018819
2151 22 0.992353
2152 22 0.954559
2153 22 0.963973
2154 22 0.957623
2155 22 0.937688
2156 22 0.974882
2157 22 0.973327
2158 22 0.976290
2159 22 0.989593
2160 22 0.990314
2161 22 0.972883
2162 22 0.959342
2163 22 0.960327
2164 22 1.010783
2165 22 1.038377
2166 22 1.021713
2167 22 0.915144
2168 22 1.032129
2169 22 1.014488
2170 22 0.983100
2171 22 0.966892
2172 22 1.012494
2173 22 1.001213
2174 22 1.009102
2175 22 0.961095
2176 22 0.949700
2177 22 0.935533
2178 22 0.993935
2179 22 0.974142
2180 22 1.003507
2181 22 0.988756
2182 22 0.996312
2183 22 1.056582
2184 22 1.039710
2185 22 0.992201
2186 22 1.012851
2187 22 0.971301
2188 22 0.979454
2189 22 0.998483
2190 22 0.987485
2191 22 1.000528
2192 22 0.957447
2193 22 0.938796
2194 22 0.943689
2195 22 0.994476
2196 22 0.931334
2197 22 0.987301
2198 22 1.016399
2199 22 0.986704
