# Batch convergence for: model=snn-ae encoding=direct architecture=conv1d v_th=1.5 alpha=0.8 run=2
batch_num epoch batch_loss
0 1 1.560659
1 1 1.475176
2 1 1.225737
3 1 0.889548
4 1 0.861393
5 1 1.194286
6 1 1.234811
7 1 1.242508
8 1 0.730102
9 1 1.174552
10 1 1.031810
11 1 1.058256
12 1 1.155957
13 1 1.029157
14 1 1.113721
15 1 1.142408
16 1 1.414441
17 1 1.068566
18 1 0.979010
19 1 1.131414
20 1 1.371557
21 1 0.972893
22 1 1.379075
23 1 0.965485
24 1 1.011203
25 1 1.185057
26 1 1.078168
27 1 1.237684
28 1 0.037283
29 1 1.137934
30 1 1.313838
31 1 1.041110
32 1 1.035757
33 1 1.080815
34 1 1.007294
35 1 0.100846
36 1 1.193403
37 1 1.248346
38 1 0.860223
39 1 0.102187
40 1 0.574179
41 1 1.065044
42 1 0.996156
43 1 1.013819
44 1 0.825431
45 1 1.115658
46 1 0.921674
47 1 0.904152
48 1 1.087190
49 1 1.210887
50 1 0.900141
51 1 1.162469
52 1 1.234314
53 1 0.925879
54 1 1.158272
55 1 0.993593
56 1 1.146020
57 1 1.201467
58 1 0.097227
59 1 1.079253
60 1 1.071784
61 1 1.165172
62 1 1.013297
63 1 0.907309
64 1 1.159478
65 1 1.016201
66 1 0.861732
67 1 0.658762
68 1 1.104003
69 1 1.149069
70 1 1.054923
71 1 0.669952
72 1 0.839212
73 1 0.926248
74 1 0.889737
75 1 1.044254
76 1 1.125826
77 1 0.926732
78 1 0.989063
79 1 1.055933
80 1 1.012373
81 1 1.216059
82 1 0.119481
83 1 0.947297
84 1 1.123202
85 1 1.164784
86 1 0.235721
87 1 0.926238
88 1 0.956708
89 1 1.128648
90 1 0.886788
91 1 0.978664
92 1 0.785245
93 1 1.030596
94 1 0.636146
95 1 1.124068
96 1 0.996734
97 1 0.822462
98 1 1.140480
99 1 0.938408
100 2 0.957245
101 2 0.037719
102 2 1.000948
103 2 1.015615
104 2 1.032092
105 2 1.003067
106 2 1.059028
107 2 1.145748
108 2 1.024691
109 2 0.883902
110 2 1.003945
111 2 0.870284
112 2 0.937192
113 2 1.035224
114 2 1.089194
115 2 1.033871
116 2 1.003801
117 2 0.996662
118 2 0.923663
119 2 1.044150
120 2 0.978901
121 2 0.770588
122 2 0.617049
123 2 1.030057
124 2 0.601893
125 2 0.896279
126 2 1.116618
127 2 0.765598
128 2 0.945437
129 2 0.977059
130 2 1.023107
131 2 0.979250
132 2 1.056452
133 2 0.614753
134 2 1.022050
135 2 1.036395
136 2 0.185991
137 2 0.852160
138 2 1.062546
139 2 0.999848
140 2 0.096886
141 2 1.137616
142 2 0.989714
143 2 1.204411
144 2 0.945645
145 2 0.911659
146 2 0.912454
147 2 0.069274
148 2 0.989919
149 2 1.079514
150 2 0.812535
151 2 0.966772
152 2 0.799660
153 2 0.608435
154 2 1.002331
155 2 0.789309
156 2 0.674766
157 2 0.915684
158 2 0.822307
159 2 0.944778
160 2 0.536479
161 2 0.959762
162 2 0.138692
163 2 0.991823
164 2 0.830693
165 2 1.040942
166 2 0.865153
167 2 0.991814
168 2 1.029190
169 2 1.100752
170 2 1.034664
171 2 0.771595
172 2 0.911974
173 2 0.908935
174 2 1.026883
175 2 1.101314
176 2 0.974319
177 2 0.858021
178 2 0.901823
179 2 0.939980
180 2 1.145968
181 2 0.918199
182 2 0.135825
183 2 1.091708
184 2 0.925044
185 2 0.737738
186 2 0.978615
187 2 1.019649
188 2 0.951206
189 2 0.991277
190 2 0.910543
191 2 0.905988
192 2 0.926950
193 2 1.017607
194 2 0.971831
195 2 0.969765
196 2 0.922438
197 2 0.948782
198 2 0.436636
199 2 1.010819
200 3 1.134765
201 3 0.961835
202 3 0.547842
203 3 1.022807
204 3 0.780127
205 3 0.995307
206 3 0.888068
207 3 0.671806
208 3 1.119430
209 3 0.861953
210 3 1.037413
211 3 0.992853
212 3 0.970788
213 3 0.927691
214 3 0.949856
215 3 0.110932
216 3 0.991809
217 3 0.119936
218 3 1.020056
219 3 0.750816
220 3 0.865909
221 3 0.038742
222 3 0.803348
223 3 1.130253
224 3 1.016298
225 3 0.825364
226 3 1.007546
227 3 0.994599
228 3 0.988473
229 3 0.773624
230 3 0.902655
231 3 0.773186
232 3 0.102370
233 3 0.917497
234 3 0.934848
235 3 1.010301
236 3 1.107053
237 3 0.950788
238 3 0.944877
239 3 1.103907
240 3 1.016927
241 3 1.000396
242 3 0.925534
243 3 0.900346
244 3 1.028478
245 3 0.860612
246 3 1.027022
247 3 0.972862
248 3 1.001429
249 3 0.504513
250 3 0.842951
251 3 1.080589
252 3 0.722506
253 3 0.954369
254 3 1.025646
255 3 1.008745
256 3 0.573550
257 3 0.971577
258 3 0.975428
259 3 0.835047
260 3 0.958759
261 3 0.972284
262 3 0.992316
263 3 0.912112
264 3 0.995133
265 3 1.137167
266 3 0.999734
267 3 0.903290
268 3 0.881326
269 3 0.941819
270 3 0.462040
271 3 0.921000
272 3 1.058929
273 3 0.983832
274 3 0.857163
275 3 0.965183
276 3 0.766232
277 3 0.845412
278 3 0.998465
279 3 0.814069
280 3 0.070064
281 3 0.929723
282 3 0.937366
283 3 0.998401
284 3 0.609213
285 3 0.998166
286 3 0.966641
287 3 0.988023
288 3 0.964645
289 3 0.186183
290 3 1.027803
291 3 0.936012
292 3 0.979214
293 3 0.501050
294 3 0.869217
295 3 0.790551
296 3 0.945975
297 3 1.032102
298 3 0.817169
299 3 1.010261
300 4 0.900392
301 4 0.909652
302 4 0.931867
303 4 0.889567
304 4 0.185853
305 4 0.895202
306 4 0.844968
307 4 0.977311
308 4 0.894335
309 4 0.895378
310 4 1.037812
311 4 0.912626
312 4 0.539233
313 4 0.919567
314 4 0.800334
315 4 0.782941
316 4 0.644682
317 4 0.860990
318 4 0.902431
319 4 0.787070
320 4 0.968227
321 4 0.993511
322 4 0.932715
323 4 1.055804
324 4 0.913487
325 4 0.884126
326 4 0.580986
327 4 0.965993
328 4 0.828210
329 4 0.938040
330 4 1.016384
331 4 0.952979
332 4 0.981329
333 4 1.093228
334 4 0.536383
335 4 0.862728
336 4 0.587957
337 4 0.983292
338 4 0.905291
339 4 0.097055
340 4 0.962284
341 4 0.831752
342 4 0.942855
343 4 0.702873
344 4 0.728106
345 4 0.972692
346 4 0.921052
347 4 0.688768
348 4 0.919029
349 4 1.052648
350 4 1.022073
351 4 0.453461
352 4 0.991527
353 4 0.957871
354 4 0.736929
355 4 0.039889
356 4 0.925825
357 4 0.941803
358 4 0.913200
359 4 0.840687
360 4 0.775107
361 4 0.935509
362 4 0.843454
363 4 1.058901
364 4 0.889776
365 4 0.892382
366 4 0.933676
367 4 0.923415
368 4 0.814754
369 4 0.995607
370 4 0.803440
371 4 0.797816
372 4 0.932524
373 4 1.019730
374 4 0.929340
375 4 0.939023
376 4 0.951197
377 4 0.978312
378 4 0.163386
379 4 0.976028
380 4 0.931354
381 4 0.955293
382 4 1.065014
383 4 0.915061
384 4 1.026943
385 4 1.021179
386 4 0.930749
387 4 0.991294
388 4 0.877087
389 4 0.941521
390 4 0.961719
391 4 0.948458
392 4 0.139148
393 4 0.998812
394 4 0.979655
395 4 0.988283
396 4 0.931347
397 4 0.892212
398 4 0.951938
399 4 0.098148
400 5 0.928008
401 5 0.955590
402 5 0.602787
403 5 0.835592
404 5 0.988106
405 5 1.049208
406 5 0.954054
407 5 0.606762
408 5 0.947112
409 5 1.118015
410 5 0.926447
411 5 0.915453
412 5 0.098008
413 5 0.728901
414 5 0.969769
415 5 0.945016
416 5 0.709428
417 5 0.895058
418 5 0.976960
419 5 1.008316
420 5 0.933758
421 5 0.717741
422 5 0.928514
423 5 0.901523
424 5 0.885334
425 5 0.933691
426 5 0.185852
427 5 0.987494
428 5 0.870357
429 5 0.819915
430 5 0.964650
431 5 0.949025
432 5 1.024014
433 5 0.900898
434 5 0.767644
435 5 0.827286
436 5 0.909496
437 5 0.631150
438 5 0.716237
439 5 0.591430
440 5 0.938767
441 5 0.948338
442 5 0.905199
443 5 1.000859
444 5 0.875114
445 5 0.994083
446 5 0.873082
447 5 0.979928
448 5 1.005880
449 5 0.997980
450 5 0.959365
451 5 0.945919
452 5 0.917154
453 5 0.688002
454 5 0.994993
455 5 0.070729
456 5 0.899122
457 5 0.963783
458 5 0.989831
459 5 0.955722
460 5 1.006441
461 5 0.953122
462 5 1.078843
463 5 1.057141
464 5 0.931202
465 5 0.950981
466 5 0.944041
467 5 0.432341
468 5 0.767433
469 5 0.977846
470 5 0.995491
471 5 0.940242
472 5 0.643594
473 5 1.081840
474 5 0.040652
475 5 0.680460
476 5 0.941870
477 5 0.878779
478 5 0.741090
479 5 0.928185
480 5 1.043512
481 5 0.946185
482 5 0.965187
483 5 1.022072
484 5 0.749532
485 5 0.925351
486 5 0.858850
487 5 1.068336
488 5 0.784258
489 5 0.961721
490 5 0.939642
491 5 0.991190
492 5 0.907146
493 5 0.889141
494 5 0.121620
495 5 1.109888
496 5 1.010722
497 5 0.103417
498 5 0.477006
499 5 0.764651
500 6 0.098296
501 6 0.686304
502 6 0.103270
503 6 0.121401
504 6 0.957321
505 6 0.843624
506 6 0.741667
507 6 0.826407
508 6 0.731425
509 6 0.878198
510 6 0.944517
511 6 1.040581
512 6 0.897364
513 6 0.922170
514 6 0.878085
515 6 1.155729
516 6 0.784193
517 6 0.903399
518 6 0.185547
519 6 0.885322
520 6 1.049190
521 6 0.908825
522 6 0.932264
523 6 0.878034
524 6 0.887522
525 6 0.846166
526 6 0.837376
527 6 0.963521
528 6 0.861564
529 6 0.916027
530 6 0.978334
531 6 0.087232
532 6 0.915590
533 6 0.510442
534 6 0.672587
535 6 0.982251
536 6 0.957699
537 6 0.953664
538 6 0.975657
539 6 0.955109
540 6 0.853822
541 6 0.953584
542 6 0.873293
543 6 0.949009
544 6 0.771777
545 6 0.945680
546 6 0.936141
547 6 1.062355
548 6 0.909087
549 6 0.497379
550 6 0.952873
551 6 0.713394
552 6 0.861156
553 6 0.723874
554 6 0.844440
555 6 0.778231
556 6 0.914206
557 6 0.923744
558 6 0.985607
559 6 0.662490
560 6 1.019449
561 6 0.980960
562 6 1.053854
563 6 1.046803
564 6 0.649921
565 6 0.954997
566 6 0.933119
567 6 1.055263
568 6 0.898373
569 6 0.964193
570 6 0.656220
571 6 0.959575
572 6 0.874426
573 6 0.890115
574 6 0.979851
575 6 0.801623
576 6 0.663057
577 6 1.023624
578 6 0.751885
579 6 0.812182
580 6 0.969418
581 6 1.029503
582 6 0.996898
583 6 0.066826
584 6 0.920840
585 6 0.638348
586 6 0.887123
587 6 0.824066
588 6 0.486486
589 6 0.672168
590 6 0.882359
591 6 0.916936
592 6 0.890925
593 6 0.860353
594 6 0.979986
595 6 0.883843
596 6 0.940139
597 6 0.958962
598 6 0.764807
599 6 0.951012
600 7 0.098398
601 7 0.873985
602 7 0.845975
603 7 0.801946
604 7 0.684273
605 7 0.889820
606 7 0.820101
607 7 0.823399
608 7 0.948153
609 7 0.733715
610 7 1.020947
611 7 0.901732
612 7 0.893147
613 7 0.931953
614 7 0.071400
615 7 0.931204
616 7 1.027210
617 7 0.667107
618 7 1.051390
619 7 0.185818
620 7 0.599665
621 7 0.937748
622 7 0.829101
623 7 0.041252
624 7 0.752198
625 7 0.745460
626 7 0.828483
627 7 0.895973
628 7 0.754658
629 7 0.829488
630 7 0.998826
631 7 1.049119
632 7 0.103335
633 7 0.842701
634 7 0.826680
635 7 0.642219
636 7 0.683783
637 7 1.025896
638 7 0.908456
639 7 0.982491
640 7 0.781089
641 7 0.926299
642 7 0.697754
643 7 0.121980
644 7 0.668919
645 7 0.504183
646 7 0.959887
647 7 0.941247
648 7 0.945219
649 7 0.524763
650 7 0.884125
651 7 0.630259
652 7 0.974060
653 7 0.705781
654 7 0.744616
655 7 0.949639
656 7 0.965316
657 7 0.918796
658 7 0.862411
659 7 1.065682
660 7 0.917196
661 7 1.004295
662 7 1.100500
663 7 0.862131
664 7 0.950978
665 7 0.973242
666 7 0.822616
667 7 0.934049
668 7 0.897477
669 7 0.806125
670 7 0.842102
671 7 0.916901
672 7 0.995905
673 7 0.967849
674 7 1.022326
675 7 0.965609
676 7 1.001471
677 7 0.873957
678 7 0.958090
679 7 1.028876
680 7 0.560319
681 7 0.923513
682 7 0.973466
683 7 0.947730
684 7 0.906042
685 7 0.949147
686 7 0.777184
687 7 0.880197
688 7 0.696921
689 7 0.919965
690 7 0.553006
691 7 0.890908
692 7 0.676498
693 7 0.493431
694 7 0.905599
695 7 0.914298
696 7 0.960746
697 7 0.517361
698 7 0.992193
699 7 0.899238
700 8 0.931296
701 8 0.117087
702 8 0.901802
703 8 0.683720
704 8 0.867652
705 8 0.713193
706 8 0.740730
707 8 0.930126
708 8 0.855968
709 8 0.804495
710 8 0.862124
711 8 1.000503
712 8 0.566173
713 8 0.889622
714 8 0.908688
715 8 0.749521
716 8 0.868351
717 8 0.681397
718 8 0.623580
719 8 0.792115
720 8 1.030244
721 8 0.886733
722 8 0.909743
723 8 0.854770
724 8 0.859731
725 8 0.980967
726 8 0.896371
727 8 0.830999
728 8 0.473133
729 8 0.888077
730 8 0.800658
731 8 0.041538
732 8 0.785083
733 8 1.031183
734 8 0.852653
735 8 0.508626
736 8 0.615895
737 8 0.768574
738 8 0.901076
739 8 0.861933
740 8 0.071830
741 8 0.965278
742 8 0.858489
743 8 0.964234
744 8 0.668183
745 8 1.100844
746 8 0.705818
747 8 0.743956
748 8 0.845031
749 8 0.937802
750 8 0.775637
751 8 0.998243
752 8 0.941806
753 8 0.933310
754 8 0.866323
755 8 0.855720
756 8 0.936875
757 8 1.006169
758 8 0.761326
759 8 0.871226
760 8 0.938320
761 8 0.975633
762 8 0.955963
763 8 0.479216
764 8 1.001304
765 8 0.724584
766 8 0.902433
767 8 0.853688
768 8 0.907536
769 8 0.620947
770 8 0.881472
771 8 0.733264
772 8 0.913489
773 8 0.724218
774 8 0.955226
775 8 1.001345
776 8 0.960436
777 8 0.552365
778 8 0.201012
779 8 0.594246
780 8 0.902931
781 8 0.122187
782 8 0.623642
783 8 0.474508
784 8 0.495010
785 8 0.751776
786 8 0.950002
787 8 0.934122
788 8 0.756429
789 8 0.511003
790 8 0.837631
791 8 1.151012
792 8 0.912444
793 8 0.983200
794 8 0.955652
795 8 0.737832
796 8 0.840588
797 8 0.103625
798 8 0.892075
799 8 0.873707
800 9 0.843032
801 9 0.730068
802 9 0.710213
803 9 0.846398
804 9 0.881339
805 9 0.561929
806 9 0.898330
807 9 0.505140
808 9 0.776046
809 9 0.670004
810 9 0.904161
811 9 0.863723
812 9 0.813640
813 9 0.914848
814 9 0.918026
815 9 0.744664
816 9 0.846135
817 9 0.931522
818 9 0.891994
819 9 0.503525
820 9 0.867580
821 9 0.122148
822 9 0.071670
823 9 0.767720
824 9 0.816112
825 9 0.897174
826 9 0.893941
827 9 0.970805
828 9 0.774082
829 9 0.898613
830 9 0.579980
831 9 0.736452
832 9 0.908974
833 9 0.470688
834 9 0.774693
835 9 0.436037
836 9 0.758804
837 9 0.751413
838 9 0.980964
839 9 0.802741
840 9 0.975357
841 9 0.776376
842 9 0.908821
843 9 0.873877
844 9 0.597682
845 9 0.599029
846 9 0.818876
847 9 0.953941
848 9 0.469489
849 9 0.853959
850 9 0.801156
851 9 0.885808
852 9 0.939581
853 9 0.955657
854 9 0.756059
855 9 0.622163
856 9 0.199904
857 9 0.918508
858 9 0.773636
859 9 0.569517
860 9 0.815946
861 9 0.957557
862 9 0.836871
863 9 0.812057
864 9 0.488560
865 9 0.914234
866 9 0.922157
867 9 0.882716
868 9 0.972732
869 9 0.041794
870 9 0.696899
871 9 0.103191
872 9 0.891270
873 9 0.852827
874 9 0.935329
875 9 0.961049
876 9 0.624416
877 9 0.810732
878 9 0.692676
879 9 0.878414
880 9 0.848614
881 9 0.901959
882 9 0.888145
883 9 0.841091
884 9 0.663410
885 9 0.946587
886 9 0.610638
887 9 0.706037
888 9 0.822573
889 9 0.588752
890 9 0.755422
891 9 0.834630
892 9 0.860354
893 9 0.633133
894 9 0.137171
895 9 0.616836
896 9 0.659202
897 9 0.734379
898 9 0.781691
899 9 0.775208
900 10 0.936737
901 10 0.582232
902 10 0.504740
903 10 0.774528
904 10 0.852887
905 10 0.911428
906 10 0.482044
907 10 0.655078
908 10 0.041652
909 10 0.858923
910 10 0.184806
911 10 0.730726
912 10 0.604899
913 10 0.868146
914 10 0.834285
915 10 0.836776
916 10 0.868831
917 10 0.770921
918 10 0.908594
919 10 0.811952
920 10 0.708374
921 10 0.892565
922 10 0.874667
923 10 0.926534
924 10 0.784710
925 10 0.836281
926 10 0.879361
927 10 0.733823
928 10 0.896963
929 10 0.794923
930 10 0.808569
931 10 0.682916
932 10 0.760781
933 10 0.072447
934 10 0.890466
935 10 0.518554
936 10 0.637509
937 10 0.812799
938 10 0.882595
939 10 0.766326
940 10 0.528810
941 10 0.927823
942 10 0.954785
943 10 0.545087
944 10 0.819475
945 10 0.737727
946 10 0.724471
947 10 0.950198
948 10 0.486628
949 10 0.811294
950 10 0.643985
951 10 0.879005
952 10 0.746373
953 10 0.990125
954 10 0.743358
955 10 0.867127
956 10 0.877761
957 10 0.614468
958 10 0.921406
959 10 0.696095
960 10 0.526962
961 10 0.590455
962 10 0.882783
963 10 0.854658
964 10 0.555063
965 10 0.651136
966 10 0.913299
967 10 0.699540
968 10 0.899364
969 10 0.889320
970 10 0.434846
971 10 0.632145
972 10 0.892728
973 10 0.366937
974 10 0.789394
975 10 0.813263
976 10 0.834232
977 10 0.756705
978 10 0.952837
979 10 0.621151
980 10 0.572486
981 10 0.122330
982 10 0.678841
983 10 0.488034
984 10 0.909577
985 10 0.807715
986 10 0.944721
987 10 0.788131
988 10 0.798549
989 10 0.811384
990 10 0.102572
991 10 0.701556
992 10 0.800979
993 10 0.099449
994 10 0.850682
995 10 0.806544
996 10 0.884498
997 10 0.576454
998 10 0.745333
999 10 0.623655
1000 11 0.831511
1001 11 0.441146
1002 11 0.780932
1003 11 0.695500
1004 11 0.904745
1005 11 0.690348
1006 11 0.441454
1007 11 0.939866
1008 11 0.779998
1009 11 0.757982
1010 11 0.761988
1011 11 0.557353
1012 11 0.752612
1013 11 0.898383
1014 11 0.041564
1015 11 0.657219
1016 11 0.729721
1017 11 0.580615
1018 11 0.803190
1019 11 0.814693
1020 11 0.602297
1021 11 0.757457
1022 11 0.813678
1023 11 1.039265
1024 11 0.820752
1025 11 0.746876
1026 11 0.729775
1027 11 0.818893
1028 11 0.811291
1029 11 0.869218
1030 11 0.952705
1031 11 0.871927
1032 11 0.745314
1033 11 0.561536
1034 11 0.640636
1035 11 0.925858
1036 11 0.694123
1037 11 0.390782
1038 11 0.583508
1039 11 0.852616
1040 11 0.687438
1041 11 0.802862
1042 11 0.896274
1043 11 0.839791
1044 11 0.827344
1045 11 0.121891
1046 11 0.411041
1047 11 0.663291
1048 11 0.649019
1049 11 0.909246
1050 11 0.465130
1051 11 0.625997
1052 11 0.072359
1053 11 0.669852
1054 11 0.689581
1055 11 0.112301
1056 11 0.928930
1057 11 0.618927
1058 11 0.817934
1059 11 0.717257
1060 11 0.510556
1061 11 0.712812
1062 11 1.029221
1063 11 0.952510
1064 11 0.490373
1065 11 0.584180
1066 11 0.953986
1067 11 0.950440
1068 11 0.920109
1069 11 0.724895
1070 11 0.276034
1071 11 0.826441
1072 11 0.649908
1073 11 0.802585
1074 11 0.938033
1075 11 0.184845
1076 11 0.921965
1077 11 0.750335
1078 11 0.647843
1079 11 0.757570
1080 11 0.914064
1081 11 0.392238
1082 11 0.839311
1083 11 0.894177
1084 11 0.755147
1085 11 0.633137
1086 11 0.858324
1087 11 0.099637
1088 11 0.931653
1089 11 0.967821
1090 11 0.568471
1091 11 0.867237
1092 11 0.776929
1093 11 1.037343
1094 11 0.991814
1095 11 0.711536
1096 11 0.788230
1097 11 0.884593
1098 11 0.632654
1099 11 0.819790
1100 12 0.804580
1101 12 0.577020
1102 12 0.778548
1103 12 0.494617
1104 12 0.796278
1105 12 0.041707
1106 12 0.782519
1107 12 0.101593
1108 12 0.692030
1109 12 0.795171
1110 12 0.689578
1111 12 0.720169
1112 12 0.916335
1113 12 0.625777
1114 12 0.826283
1115 12 0.683050
1116 12 0.300588
1117 12 0.854719
1118 12 0.769790
1119 12 0.846640
1120 12 0.792397
1121 12 0.184298
1122 12 0.714499
1123 12 0.837717
1124 12 0.394064
1125 12 0.653395
1126 12 0.599706
1127 12 0.753099
1128 12 0.619687
1129 12 0.926365
1130 12 0.759651
1131 12 0.708696
1132 12 0.959637
1133 12 0.871485
1134 12 0.771036
1135 12 0.664936
1136 12 0.705534
1137 12 0.534641
1138 12 0.597340
1139 12 0.513214
1140 12 0.842279
1141 12 0.763429
1142 12 0.702354
1143 12 0.988752
1144 12 0.706438
1145 12 0.773686
1146 12 0.817452
1147 12 0.788184
1148 12 0.579551
1149 12 0.849722
1150 12 0.633490
1151 12 0.608838
1152 12 0.654331
1153 12 0.785203
1154 12 0.099385
1155 12 0.480863
1156 12 0.774665
1157 12 0.938640
1158 12 0.219544
1159 12 0.979993
1160 12 0.540943
1161 12 0.945887
1162 12 0.072444
1163 12 0.631268
1164 12 0.717661
1165 12 0.971098
1166 12 0.541756
1167 12 0.837150
1168 12 0.934414
1169 12 0.716962
1170 12 0.631112
1171 12 0.970466
1172 12 0.648542
1173 12 0.528692
1174 12 0.809744
1175 12 0.756350
1176 12 1.012263
1177 12 0.825500
1178 12 0.787185
1179 12 0.850564
1180 12 0.813066
1181 12 0.741301
1182 12 0.761020
1183 12 0.577816
1184 12 0.801060
1185 12 0.878205
1186 12 0.462123
1187 12 1.140995
1188 12 0.816968
1189 12 0.764821
1190 12 0.505135
1191 12 1.009261
1192 12 0.721327
1193 12 0.535417
1194 12 0.151564
1195 12 0.976509
1196 12 0.733313
1197 12 0.856599
1198 12 0.545546
1199 12 0.953964
1200 13 0.485968
1201 13 0.710139
1202 13 0.681810
1203 13 0.489005
1204 13 0.904965
1205 13 0.500300
1206 13 0.722158
1207 13 0.828393
1208 13 0.841120
1209 13 0.531990
1210 13 0.856871
1211 13 0.767026
1212 13 0.814349
1213 13 0.805944
1214 13 0.830520
1215 13 0.575718
1216 13 0.950275
1217 13 0.836914
1218 13 0.745501
1219 13 0.893526
1220 13 0.892075
1221 13 0.823547
1222 13 0.783977
1223 13 0.572289
1224 13 0.713409
1225 13 0.406269
1226 13 0.702751
1227 13 0.893325
1228 13 0.625226
1229 13 0.184099
1230 13 0.636097
1231 13 0.266545
1232 13 0.101303
1233 13 0.775220
1234 13 0.572991
1235 13 0.579056
1236 13 0.551416
1237 13 0.787284
1238 13 0.803376
1239 13 0.675340
1240 13 0.766272
1241 13 0.699860
1242 13 0.661059
1243 13 0.072333
1244 13 0.741341
1245 13 0.224200
1246 13 0.756410
1247 13 0.888911
1248 13 0.789030
1249 13 0.358102
1250 13 0.440067
1251 13 0.528909
1252 13 0.769663
1253 13 0.536145
1254 13 0.569510
1255 13 0.700673
1256 13 1.134831
1257 13 0.793490
1258 13 0.770967
1259 13 0.656235
1260 13 0.856894
1261 13 0.877798
1262 13 0.796244
1263 13 0.807712
1264 13 0.721787
1265 13 0.771453
1266 13 0.559647
1267 13 0.655193
1268 13 0.675970
1269 13 0.514264
1270 13 0.889926
1271 13 0.879715
1272 13 0.879434
1273 13 0.702456
1274 13 0.650415
1275 13 0.764263
1276 13 0.737055
1277 13 0.673605
1278 13 0.812257
1279 13 0.731083
1280 13 0.960086
1281 13 0.773682
1282 13 0.701291
1283 13 0.684313
1284 13 0.756951
1285 13 0.632618
1286 13 0.778737
1287 13 0.041426
1288 13 0.395435
1289 13 0.644915
1290 13 0.834786
1291 13 0.099668
1292 13 0.806540
1293 13 0.540712
1294 13 0.638648
1295 13 0.639223
1296 13 0.856541
1297 13 0.122260
1298 13 0.319329
1299 13 0.229067
1300 14 0.702946
1301 14 0.686879
1302 14 0.608884
1303 14 0.920507
1304 14 0.443963
1305 14 0.840226
1306 14 0.776263
1307 14 0.595010
1308 14 0.465422
1309 14 0.879529
1310 14 0.629306
1311 14 0.737028
1312 14 0.041450
1313 14 0.669730
1314 14 0.658267
1315 14 0.650490
1316 14 0.825306
1317 14 0.072091
1318 14 0.694489
1319 14 0.308735
1320 14 0.431153
1321 14 0.704292
1322 14 0.176383
1323 14 0.666126
1324 14 0.169944
1325 14 0.738226
1326 14 0.673323
1327 14 0.817548
1328 14 0.648296
1329 14 0.811543
1330 14 0.640162
1331 14 0.831631
1332 14 0.712213
1333 14 0.886529
1334 14 0.781023
1335 14 0.829332
1336 14 0.701246
1337 14 0.744890
1338 14 0.809737
1339 14 0.685430
1340 14 0.518980
1341 14 0.184009
1342 14 0.462055
1343 14 0.835566
1344 14 0.561546
1345 14 0.732193
1346 14 0.792785
1347 14 0.776842
1348 14 0.612372
1349 14 0.931753
1350 14 0.869949
1351 14 0.670543
1352 14 0.614418
1353 14 0.737149
1354 14 0.694688
1355 14 0.778787
1356 14 0.934666
1357 14 0.805015
1358 14 0.774626
1359 14 0.736497
1360 14 0.650468
1361 14 0.868861
1362 14 0.647201
1363 14 0.633321
1364 14 0.948790
1365 14 0.747596
1366 14 0.495257
1367 14 0.624938
1368 14 0.099731
1369 14 0.122344
1370 14 0.758330
1371 14 0.843437
1372 14 0.735214
1373 14 0.757926
1374 14 0.429329
1375 14 0.678398
1376 14 0.599266
1377 14 0.798947
1378 14 0.553407
1379 14 0.627018
1380 14 0.669525
1381 14 0.801071
1382 14 0.787280
1383 14 0.127284
1384 14 0.463039
1385 14 0.646965
1386 14 0.847938
1387 14 0.198920
1388 14 0.937162
1389 14 0.622381
1390 14 0.695442
1391 14 0.604576
1392 14 0.310645
1393 14 0.595470
1394 14 0.683148
1395 14 0.727879
1396 14 0.569522
1397 14 0.439817
1398 14 0.695356
1399 14 0.633131
1400 15 0.629736
1401 15 0.431341
1402 15 0.041352
1403 15 0.888198
1404 15 0.382794
1405 15 0.655529
1406 15 0.763422
1407 15 0.808330
1408 15 0.834341
1409 15 0.521321
1410 15 0.791489
1411 15 0.726958
1412 15 0.800067
1413 15 0.739339
1414 15 0.817514
1415 15 0.578092
1416 15 0.519291
1417 15 0.683281
1418 15 0.198041
1419 15 0.618943
1420 15 0.528454
1421 15 0.806044
1422 15 1.111509
1423 15 0.631818
1424 15 0.615321
1425 15 0.752900
1426 15 0.182581
1427 15 0.524373
1428 15 0.562176
1429 15 0.889004
1430 15 0.445422
1431 15 0.972335
1432 15 0.153000
1433 15 0.148741
1434 15 0.183588
1435 15 0.556600
1436 15 0.584830
1437 15 0.687930
1438 15 0.755808
1439 15 0.611541
1440 15 0.788793
1441 15 0.658486
1442 15 0.644794
1443 15 0.564237
1444 15 0.397052
1445 15 0.987970
1446 15 0.591692
1447 15 0.771046
1448 15 0.827789
1449 15 0.841203
1450 15 0.727668
1451 15 0.738495
1452 15 0.503592
1453 15 0.907039
1454 15 0.763711
1455 15 0.840968
1456 15 0.701486
1457 15 0.291803
1458 15 0.165923
1459 15 0.629634
1460 15 0.797874
1461 15 0.637794
1462 15 0.099627
1463 15 0.142302
1464 15 0.762810
1465 15 0.749357
1466 15 0.745937
1467 15 0.769276
1468 15 0.900794
1469 15 0.847347
1470 15 0.790432
1471 15 0.609863
1472 15 0.867946
1473 15 0.784362
1474 15 0.750725
1475 15 0.826561
1476 15 0.716507
1477 15 0.701373
1478 15 0.666917
1479 15 0.456143
1480 15 0.849632
1481 15 0.611954
1482 15 0.720618
1483 15 0.718035
1484 15 0.694360
1485 15 0.845987
1486 15 0.072384
1487 15 0.877889
1488 15 0.273090
1489 15 0.900459
1490 15 0.543189
1491 15 0.718547
1492 15 0.807233
1493 15 0.773571
1494 15 0.811492
1495 15 0.866355
1496 15 0.692271
1497 15 0.624606
1498 15 0.522137
1499 15 0.545681
1500 16 0.822549
1501 16 0.183392
1502 16 0.539458
1503 16 0.839059
1504 16 0.551050
1505 16 0.041139
1506 16 0.125717
1507 16 0.718833
1508 16 0.590786
1509 16 0.103264
1510 16 0.666986
1511 16 0.571671
1512 16 0.561337
1513 16 0.625023
1514 16 0.861279
1515 16 0.855055
1516 16 0.798804
1517 16 0.951464
1518 16 0.632764
1519 16 0.645380
1520 16 0.072055
1521 16 0.577731
1522 16 0.683712
1523 16 0.379297
1524 16 0.638658
1525 16 0.865381
1526 16 0.634267
1527 16 0.766885
1528 16 0.121747
1529 16 0.627541
1530 16 0.376018
1531 16 0.832031
1532 16 0.454881
1533 16 0.138592
1534 16 0.725300
1535 16 0.747233
1536 16 0.561320
1537 16 0.668872
1538 16 0.760322
1539 16 0.730589
1540 16 0.516656
1541 16 0.797760
1542 16 0.763262
1543 16 0.889116
1544 16 0.513442
1545 16 0.685699
1546 16 0.707200
1547 16 0.780081
1548 16 0.593359
1549 16 0.727854
1550 16 0.663814
1551 16 0.707915
1552 16 0.743955
1553 16 0.627113
1554 16 0.593216
1555 16 0.989597
1556 16 0.690182
1557 16 0.392064
1558 16 0.479969
1559 16 0.567977
1560 16 0.872989
1561 16 0.540654
1562 16 0.851155
1563 16 0.741030
1564 16 0.596493
1565 16 0.724594
1566 16 0.843299
1567 16 0.770957
1568 16 0.774390
1569 16 0.758732
1570 16 0.757461
1571 16 0.778287
1572 16 0.750255
1573 16 0.757707
1574 16 0.421054
1575 16 0.605370
1576 16 0.659697
1577 16 0.586282
1578 16 0.912601
1579 16 0.572273
1580 16 0.550349
1581 16 0.849498
1582 16 0.893462
1583 16 0.524355
1584 16 0.605638
1585 16 0.711468
1586 16 0.528353
1587 16 0.755905
1588 16 0.627121
1589 16 0.875426
1590 16 0.405816
1591 16 0.241847
1592 16 0.099294
1593 16 0.594800
1594 16 0.530050
1595 16 0.702564
1596 16 0.817085
1597 16 0.768369
1598 16 0.784550
1599 16 0.644804
1600 17 0.152960
1601 17 0.546394
1602 17 0.666070
1603 17 0.596983
1604 17 0.456478
1605 17 0.824336
1606 17 0.673816
1607 17 0.460148
1608 17 0.637705
1609 17 0.853891
1610 17 0.763527
1611 17 0.675416
1612 17 0.887507
1613 17 0.472285
1614 17 0.612791
1615 17 0.594717
1616 17 0.595221
1617 17 0.682196
1618 17 0.958907
1619 17 0.555970
1620 17 0.783173
1621 17 0.773064
1622 17 0.692034
1623 17 0.752709
1624 17 0.732052
1625 17 0.088388
1626 17 0.555200
1627 17 0.757626
1628 17 0.589920
1629 17 0.699486
1630 17 0.738934
1631 17 0.623893
1632 17 0.448600
1633 17 0.390695
1634 17 0.589988
1635 17 0.906985
1636 17 0.633283
1637 17 0.682089
1638 17 0.791559
1639 17 0.827835
1640 17 0.908751
1641 17 0.749273
1642 17 0.605595
1643 17 0.050701
1644 17 0.601830
1645 17 0.099151
1646 17 0.584459
1647 17 0.779078
1648 17 0.808364
1649 17 0.629517
1650 17 0.705677
1651 17 0.557364
1652 17 0.582473
1653 17 0.579367
1654 17 0.531809
1655 17 0.737802
1656 17 0.342555
1657 17 0.661292
1658 17 0.567600
1659 17 0.664610
1660 17 0.688743
1661 17 0.823753
1662 17 0.566877
1663 17 0.662450
1664 17 0.781661
1665 17 0.145375
1666 17 0.248727
1667 17 0.580994
1668 17 0.473748
1669 17 0.631938
1670 17 0.452124
1671 17 0.464501
1672 17 0.609691
1673 17 0.987529
1674 17 0.664447
1675 17 0.699311
1676 17 0.631380
1677 17 0.623007
1678 17 0.444042
1679 17 0.115215
1680 17 0.758601
1681 17 0.459192
1682 17 0.465148
1683 17 0.661623
1684 17 0.579001
1685 17 0.577447
1686 17 0.864572
1687 17 0.121213
1688 17 0.461963
1689 17 0.668297
1690 17 0.763635
1691 17 0.863151
1692 17 0.559928
1693 17 0.157909
1694 17 0.599411
1695 17 0.182978
1696 17 0.704741
1697 17 0.704018
1698 17 0.771487
1699 17 0.672556
1700 18 0.118076
1701 18 0.696689
1702 18 0.782502
1703 18 0.812671
1704 18 0.715667
1705 18 0.676104
1706 18 0.692622
1707 18 0.418831
1708 18 0.919769
1709 18 0.703613
1710 18 0.705373
1711 18 0.820924
1712 18 0.099246
1713 18 0.687663
1714 18 0.496979
1715 18 0.691204
1716 18 0.724706
1717 18 0.605944
1718 18 0.393674
1719 18 0.673339
1720 18 0.599621
1721 18 0.738667
1722 18 0.574044
1723 18 0.691941
1724 18 0.771488
1725 18 0.464808
1726 18 0.184752
1727 18 0.538612
1728 18 0.716167
1729 18 0.653423
1730 18 0.656660
1731 18 0.596621
1732 18 0.717061
1733 18 0.636304
1734 18 0.508106
1735 18 0.295606
1736 18 0.733789
1737 18 0.573249
1738 18 0.236683
1739 18 0.795625
1740 18 0.781434
1741 18 0.688902
1742 18 0.236643
1743 18 0.243427
1744 18 0.821440
1745 18 0.586865
1746 18 0.890451
1747 18 0.743607
1748 18 0.617589
1749 18 0.664090
1750 18 0.706482
1751 18 0.886852
1752 18 0.804245
1753 18 0.654436
1754 18 0.692087
1755 18 0.100198
1756 18 0.510772
1757 18 0.622445
1758 18 0.744919
1759 18 0.533927
1760 18 0.671598
1761 18 0.522263
1762 18 0.713216
1763 18 0.693536
1764 18 0.633782
1765 18 0.534008
1766 18 0.640739
1767 18 0.575695
1768 18 0.666522
1769 18 0.446635
1770 18 0.686559
1771 18 0.640197
1772 18 0.639639
1773 18 0.273741
1774 18 0.731061
1775 18 0.864338
1776 18 0.771273
1777 18 0.683751
1778 18 0.579705
1779 18 0.515382
1780 18 0.790056
1781 18 0.591924
1782 18 0.506836
1783 18 0.715629
1784 18 0.882111
1785 18 0.472101
1786 18 0.040583
1787 18 0.596124
1788 18 0.792550
1789 18 0.922077
1790 18 0.700246
1791 18 0.712786
1792 18 0.460500
1793 18 0.126117
1794 18 0.594454
1795 18 0.674837
1796 18 0.110393
1797 18 0.481887
1798 18 0.821261
1799 18 0.788361
1800 19 0.771973
1801 19 0.676791
1802 19 0.737455
1803 19 0.794230
1804 19 0.497108
1805 19 0.601970
1806 19 0.736600
1807 19 0.451563
1808 19 0.549031
1809 19 0.470962
1810 19 0.201279
1811 19 0.669341
1812 19 0.747555
1813 19 0.487560
1814 19 0.608579
1815 19 0.698604
1816 19 0.561114
1817 19 0.565790
1818 19 0.338019
1819 19 0.804554
1820 19 0.660142
1821 19 0.380095
1822 19 0.683444
1823 19 0.264036
1824 19 0.737660
1825 19 0.663086
1826 19 0.622665
1827 19 0.640055
1828 19 0.859926
1829 19 0.754978
1830 19 0.670617
1831 19 0.811542
1832 19 0.621643
1833 19 0.548959
1834 19 0.816208
1835 19 0.172506
1836 19 0.582899
1837 19 0.445862
1838 19 0.862014
1839 19 0.603784
1840 19 0.711701
1841 19 0.812335
1842 19 0.767017
1843 19 0.718041
1844 19 0.377724
1845 19 0.071889
1846 19 0.780674
1847 19 0.650092
1848 19 0.040935
1849 19 0.647737
1850 19 0.798625
1851 19 0.154175
1852 19 0.590945
1853 19 0.547216
1854 19 0.676709
1855 19 0.486870
1856 19 0.600471
1857 19 0.802164
1858 19 0.702862
1859 19 0.538854
1860 19 0.688592
1861 19 0.623733
1862 19 0.818133
1863 19 0.505355
1864 19 0.547294
1865 19 0.474256
1866 19 0.523178
1867 19 0.457244
1868 19 0.730570
1869 19 0.625071
1870 19 0.717901
1871 19 0.656452
1872 19 0.120707
1873 19 0.715220
1874 19 0.760327
1875 19 0.936329
1876 19 0.709998
1877 19 0.556567
1878 19 0.551241
1879 19 0.667551
1880 19 0.849898
1881 19 0.486528
1882 19 0.109762
1883 19 0.756902
1884 19 0.781573
1885 19 0.681358
1886 19 0.654522
1887 19 0.691006
1888 19 0.100012
1889 19 0.767811
1890 19 0.590245
1891 19 0.566547
1892 19 0.953403
1893 19 0.717126
1894 19 0.748630
1895 19 0.138284
1896 19 0.602786
1897 19 0.608490
1898 19 0.175328
1899 19 0.419893
1900 20 0.591848
1901 20 0.636159
1902 20 0.083906
1903 20 0.560353
1904 20 0.629825
1905 20 0.750832
1906 20 0.138602
1907 20 0.507159
1908 20 0.535070
1909 20 0.663246
1910 20 0.643587
1911 20 0.182479
1912 20 0.734776
1913 20 0.141014
1914 20 0.782181
1915 20 0.564202
1916 20 0.471752
1917 20 0.677352
1918 20 0.704771
1919 20 0.131545
1920 20 0.533494
1921 20 0.508744
1922 20 0.394793
1923 20 0.541166
1924 20 0.769340
1925 20 0.844200
1926 20 0.541045
1927 20 0.744608
1928 20 0.702739
1929 20 0.777163
1930 20 0.471053
1931 20 0.754600
1932 20 0.481190
1933 20 0.465017
1934 20 0.657517
1935 20 0.697859
1936 20 0.645126
1937 20 0.118565
1938 20 0.751540
1939 20 0.819934
1940 20 0.369235
1941 20 0.534875
1942 20 0.679073
1943 20 0.719961
1944 20 0.167269
1945 20 0.227460
1946 20 0.541028
1947 20 0.574694
1948 20 0.660408
1949 20 0.861208
1950 20 0.485847
1951 20 0.654456
1952 20 0.509605
1953 20 0.738376
1954 20 0.724143
1955 20 0.544092
1956 20 0.545121
1957 20 0.722737
1958 20 0.383694
1959 20 0.555459
1960 20 0.655276
1961 20 0.150634
1962 20 0.582238
1963 20 0.076374
1964 20 0.603670
1965 20 0.573892
1966 20 0.098841
1967 20 0.464559
1968 20 0.384888
1969 20 0.459868
1970 20 0.758724
1971 20 0.662134
1972 20 0.528755
1973 20 0.729505
1974 20 0.763434
1975 20 0.720465
1976 20 0.650750
1977 20 0.634337
1978 20 0.508647
1979 20 0.659130
1980 20 0.583429
1981 20 0.751763
1982 20 0.746910
1983 20 0.535813
1984 20 0.614441
1985 20 0.732217
1986 20 0.584457
1987 20 0.392398
1988 20 0.846914
1989 20 0.642181
1990 20 0.874108
1991 20 0.118160
1992 20 0.616539
1993 20 0.345277
1994 20 0.721170
1995 20 0.540710
1996 20 0.416752
1997 20 0.431835
1998 20 0.591980
1999 20 0.643269
2000 21 0.736690
2001 21 0.653203
2002 21 0.688742
2003 21 0.562902
2004 21 0.529580
2005 21 0.562734
2006 21 0.539796
2007 21 0.505039
2008 21 0.120301
2009 21 0.394369
2010 21 0.596193
2011 21 0.811132
2012 21 0.730323
2013 21 0.541281
2014 21 0.629821
2015 21 0.581798
2016 21 0.425509
2017 21 0.574053
2018 21 0.745051
2019 21 0.607910
2020 21 0.788046
2021 21 0.751553
2022 21 0.642194
2023 21 0.677649
2024 21 0.554275
2025 21 0.515512
2026 21 0.907823
2027 21 0.547680
2028 21 0.728612
2029 21 0.390071
2030 21 0.586013
2031 21 0.448715
2032 21 0.714339
2033 21 0.678339
2034 21 0.623829
2035 21 0.768829
2036 21 0.492901
2037 21 0.188075
2038 21 0.700281
2039 21 0.650531
2040 21 0.725231
2041 21 0.040914
2042 21 0.409663
2043 21 0.529235
2044 21 0.468352
2045 21 0.630848
2046 21 0.513326
2047 21 0.636437
2048 21 0.634493
2049 21 0.840082
2050 21 0.637822
2051 21 0.147971
2052 21 0.098604
2053 21 0.685124
2054 21 0.709404
2055 21 0.357815
2056 21 0.574477
2057 21 0.618802
2058 21 0.229710
2059 21 0.636003
2060 21 0.557779
2061 21 0.201447
2062 21 0.735942
2063 21 0.573574
2064 21 0.565372
2065 21 0.657583
2066 21 0.643219
2067 21 0.597608
2068 21 0.734247
2069 21 0.473000
2070 21 0.789439
2071 21 0.658443
2072 21 0.550365
2073 21 0.842495
2074 21 0.655293
2075 21 0.867906
2076 21 0.529998
2077 21 0.618363
2078 21 0.890568
2079 21 0.547725
2080 21 0.663464
2081 21 0.355936
2082 21 0.729207
2083 21 0.487671
2084 21 0.185853
2085 21 0.472977
2086 21 0.884813
2087 21 0.635312
2088 21 0.577719
2089 21 0.602160
2090 21 0.127516
2091 21 0.181891
2092 21 0.560935
2093 21 0.573120
2094 21 0.137983
2095 21 0.439930
2096 21 0.799617
2097 21 0.642453
2098 21 0.602285
2099 21 0.140645
2100 22 0.442648
2101 22 0.863887
2102 22 0.754989
2103 22 0.693323
2104 22 0.464827
2105 22 0.636831
2106 22 0.738755
2107 22 0.544749
2108 22 0.556236
2109 22 0.167631
2110 22 0.610381
2111 22 0.660454
2112 22 0.183939
2113 22 0.839428
2114 22 0.082194
2115 22 0.648120
2116 22 0.515715
2117 22 0.561793
2118 22 0.636641
2119 22 0.445890
2120 22 0.557829
2121 22 0.613671
2122 22 0.512304
2123 22 0.329576
2124 22 0.587398
2125 22 0.448589
2126 22 0.807611
2127 22 0.402240
2128 22 0.655491
2129 22 0.652869
2130 22 0.118470
2131 22 0.789404
2132 22 0.415409
2133 22 0.553682
2134 22 0.819045
2135 22 0.689065
2136 22 0.616871
2137 22 0.808505
2138 22 0.412697
2139 22 0.411506
2140 22 0.639165
2141 22 0.689312
2142 22 0.631904
2143 22 0.541725
2144 22 0.711744
2145 22 0.071893
2146 22 0.507656
2147 22 0.498831
2148 22 0.471188
2149 22 0.549391
2150 22 0.686353
2151 22 0.120273
2152 22 0.692080
2153 22 0.492997
2154 22 0.455691
2155 22 0.149405
2156 22 0.407586
2157 22 0.510054
2158 22 0.900058
2159 22 0.591014
2160 22 0.543530
2161 22 0.701947
2162 22 0.637041
2163 22 0.639193
2164 22 0.698827
2165 22 0.639046
2166 22 0.537703
2167 22 0.656638
2168 22 0.379109
2169 22 0.620753
2170 22 0.560978
2171 22 0.426858
2172 22 0.522996
2173 22 0.593823
2174 22 0.695723
2175 22 0.710448
2176 22 0.749546
2177 22 0.106671
2178 22 0.550903
2179 22 0.675949
2180 22 0.693353
2181 22 0.585385
2182 22 0.560154
2183 22 0.610670
2184 22 0.499972
2185 22 0.577755
2186 22 0.697638
2187 22 0.844149
2188 22 0.580260
2189 22 0.602782
2190 22 0.827827
2191 22 0.040274
2192 22 0.581799
2193 22 0.589847
2194 22 0.113995
2195 22 0.098650
2196 22 0.483446
2197 22 0.687081
2198 22 0.494957
2199 22 0.181615
2200 23 0.549828
2201 23 0.641713
2202 23 0.402092
2203 23 0.639809
2204 23 0.580409
2205 23 0.613643
2206 23 0.235839
2207 23 0.199514
2208 23 0.532469
2209 23 0.717458
2210 23 0.040359
2211 23 0.348420
2212 23 0.531291
2213 23 0.517227
2214 23 0.630381
2215 23 0.641958
2216 23 0.668269
2217 23 0.505562
2218 23 0.802997
2219 23 0.601945
2220 23 0.726113
2221 23 0.590365
2222 23 0.587052
2223 23 0.437424
2224 23 0.120051
2225 23 0.668687
2226 23 0.496000
2227 23 0.571849
2228 23 0.529675
2229 23 0.241578
2230 23 0.361962
2231 23 0.630308
2232 23 0.549337
2233 23 0.549125
2234 23 0.433015
2235 23 0.625569
2236 23 0.558490
2237 23 0.514147
2238 23 0.404125
2239 23 0.457014
2240 23 0.658530
2241 23 0.627233
2242 23 0.550342
2243 23 0.631227
2244 23 0.495899
2245 23 0.514687
2246 23 0.785510
2247 23 0.616989
2248 23 0.832012
2249 23 0.131916
2250 23 0.551858
2251 23 0.541998
2252 23 0.621734
2253 23 0.520853
2254 23 0.742328
2255 23 0.461801
2256 23 0.783750
2257 23 0.667553
2258 23 0.512343
2259 23 0.671770
2260 23 0.794284
2261 23 0.624817
2262 23 0.471771
2263 23 0.705534
2264 23 0.757738
2265 23 0.646105
2266 23 0.470714
2267 23 0.764588
2268 23 0.378118
2269 23 0.579067
2270 23 0.780479
2271 23 0.098567
2272 23 0.427907
2273 23 0.600612
2274 23 0.701828
2275 23 0.559308
2276 23 0.159178
2277 23 0.407419
2278 23 0.939149
2279 23 0.682128
2280 23 0.612903
2281 23 0.095901
2282 23 0.671208
2283 23 0.531974
2284 23 0.617057
2285 23 0.590209
2286 23 0.546979
2287 23 0.598141
2288 23 0.567391
2289 23 0.789513
2290 23 0.510285
2291 23 0.735826
2292 23 0.666791
2293 23 0.522682
2294 23 0.632106
2295 23 0.103926
2296 23 0.541661
2297 23 0.142505
2298 23 0.173687
2299 23 0.463732
2300 24 0.555598
2301 24 0.381333
2302 24 0.450961
2303 24 0.619903
2304 24 0.413159
2305 24 0.661264
2306 24 0.549407
2307 24 0.561085
2308 24 0.809312
2309 24 0.405347
2310 24 0.484882
2311 24 0.628616
2312 24 0.337034
2313 24 0.616717
2314 24 0.509462
2315 24 0.526227
2316 24 0.617260
2317 24 0.498333
2318 24 0.244333
2319 24 0.529807
2320 24 0.040378
2321 24 0.713073
2322 24 0.385967
2323 24 0.560444
2324 24 0.519791
2325 24 0.108941
2326 24 0.645307
2327 24 0.688168
2328 24 0.425017
2329 24 0.580664
2330 24 0.754283
2331 24 0.119904
2332 24 0.082631
2333 24 0.489305
2334 24 0.413051
2335 24 0.380352
2336 24 0.648852
2337 24 0.792471
2338 24 0.583319
2339 24 0.536108
2340 24 0.426104
2341 24 0.802571
2342 24 0.584897
2343 24 0.722420
2344 24 0.523008
2345 24 0.574742
2346 24 0.497917
2347 24 0.628436
2348 24 0.580213
2349 24 0.678766
2350 24 0.708199
2351 24 0.419336
2352 24 0.882092
2353 24 0.527784
2354 24 0.602704
2355 24 0.574318
2356 24 0.529881
2357 24 0.778344
2358 24 0.498453
2359 24 0.534337
2360 24 0.894106
2361 24 0.716821
2362 24 0.180941
2363 24 0.536068
2364 24 0.426940
2365 24 0.391284
2366 24 0.622103
2367 24 0.625207
2368 24 0.297423
2369 24 1.005973
2370 24 0.594003
2371 24 0.548911
2372 24 0.723394
2373 24 0.548249
2374 24 0.575771
2375 24 0.715378
2376 24 0.499887
2377 24 0.773883
2378 24 0.171255
2379 24 0.678751
2380 24 0.648050
2381 24 0.159482
2382 24 0.544190
2383 24 0.493013
2384 24 0.363162
2385 24 0.751069
2386 24 0.078948
2387 24 0.510262
2388 24 0.125166
2389 24 0.701953
2390 24 0.345476
2391 24 0.729861
2392 24 0.619199
2393 24 0.509065
2394 24 0.097659
2395 24 0.418157
2396 24 0.593275
2397 24 0.689561
2398 24 0.148625
2399 24 0.725742
