# Batch convergence for: model=snn-ae encoding=poisson architecture=conv1d v_th=1 alpha=0.9 run=3
batch_num epoch batch_loss
0 1 0.059570
1 1 0.139044
2 1 0.121044
3 1 0.106178
4 1 0.830893
5 1 0.067567
6 1 0.220385
7 1 0.234160
8 1 0.128572
9 1 0.241577
10 1 0.065604
11 1 0.179489
12 1 0.253240
13 1 0.226164
14 1 0.147295
15 1 0.170612
16 1 0.163055
17 1 0.207826
18 1 0.237625
19 1 0.117702
20 1 0.109123
21 1 0.014571
22 1 0.068661
23 1 0.235008
24 1 0.062890
25 1 0.263888
26 1 0.122558
27 1 0.184086
28 1 0.088739
29 1 0.182285
30 1 0.256995
31 1 0.133518
32 1 0.130435
33 1 0.061707
34 1 0.135199
35 1 0.087255
36 1 0.160909
37 1 0.121690
38 1 0.037941
39 1 0.042588
40 1 0.081839
41 1 0.155409
42 1 0.099212
43 1 0.246528
44 1 0.068990
45 1 0.066751
46 1 0.081381
47 1 0.083440
48 1 0.074348
49 1 0.188031
50 1 0.008522
51 1 0.154784
52 1 0.103746
53 1 0.013258
54 1 0.916738
55 1 0.237580
56 1 0.156458
57 1 0.144031
58 1 0.045921
59 1 0.168473
60 1 0.102125
61 1 0.168421
62 1 0.200666
63 1 0.087035
64 1 0.145052
65 1 0.074855
66 1 0.018163
67 1 0.697311
68 1 0.069219
69 1 0.106761
70 1 0.141734
71 1 0.010691
72 1 0.008834
73 1 0.141969
74 1 0.093094
75 1 0.082844
76 1 0.073798
77 1 0.165880
78 1 0.076383
79 1 0.078420
80 1 0.894363
81 1 0.111417
82 1 0.034626
83 1 0.119838
84 1 0.133874
85 1 0.261403
86 1 0.037407
87 1 0.189012
88 1 0.131721
89 1 0.155799
90 1 0.030524
91 1 0.189770
92 1 0.018092
93 1 0.086145
94 1 0.034922
95 1 0.195001
96 1 0.067828
97 1 0.205360
98 1 0.128020
99 1 0.086139
100 2 0.076766
101 2 0.079425
102 2 0.066964
103 2 0.073827
104 2 0.070285
105 2 0.138020
106 2 0.144137
107 2 0.095793
108 2 0.053418
109 2 0.227725
110 2 0.085337
111 2 0.008733
112 2 0.105560
113 2 0.829133
114 2 0.058692
115 2 0.168109
116 2 0.091250
117 2 0.066656
118 2 0.050530
119 2 0.070960
120 2 0.179407
121 2 0.035720
122 2 0.010957
123 2 0.062877
124 2 0.058922
125 2 0.124368
126 2 0.228509
127 2 0.102984
128 2 0.285655
129 2 0.064806
130 2 0.132538
131 2 0.099523
132 2 0.109576
133 2 0.099966
134 2 0.154363
135 2 0.097605
136 2 0.035239
137 2 0.056391
138 2 0.171299
139 2 0.165767
140 2 0.041663
141 2 0.274829
142 2 0.286059
143 2 0.079018
144 2 0.091833
145 2 0.140837
146 2 0.126299
147 2 0.096411
148 2 0.118844
149 2 0.101689
150 2 0.043213
151 2 0.036600
152 2 0.073245
153 2 0.033313
154 2 0.065738
155 2 0.018261
156 2 0.547299
157 2 0.058041
158 2 0.088157
159 2 0.079967
160 2 0.060901
161 2 0.173777
162 2 0.052722
163 2 0.200465
164 2 0.135029
165 2 0.080745
166 2 0.010127
167 2 0.108799
168 2 0.149883
169 2 0.143827
170 2 0.069765
171 2 0.512281
172 2 0.209311
173 2 0.107912
174 2 0.095932
175 2 0.091814
176 2 0.172064
177 2 0.014105
178 2 0.180524
179 2 0.054775
180 2 0.193196
181 2 0.062564
182 2 0.067453
183 2 0.138639
184 2 0.150147
185 2 0.015176
186 2 0.151354
187 2 0.159281
188 2 0.124653
189 2 0.173630
190 2 0.126806
191 2 0.132313
192 2 0.139842
193 2 0.159738
194 2 0.797661
195 2 0.075621
196 2 0.108325
197 2 0.088366
198 2 0.055755
199 2 0.055490
200 3 0.183378
201 3 0.184623
202 3 0.132783
203 3 0.087594
204 3 0.050761
205 3 0.161595
206 3 0.113697
207 3 0.012241
208 3 0.612249
209 3 0.058915
210 3 0.079296
211 3 0.068025
212 3 0.118470
213 3 0.105052
214 3 0.159223
215 3 0.039639
216 3 0.253645
217 3 0.130074
218 3 0.667163
219 3 0.011414
220 3 0.079235
221 3 0.046374
222 3 0.035730
223 3 0.107854
224 3 0.147311
225 3 0.122318
226 3 0.072533
227 3 0.092818
228 3 0.217400
229 3 0.019577
230 3 0.177788
231 3 0.038840
232 3 0.035043
233 3 0.208254
234 3 0.193533
235 3 0.065733
236 3 0.134395
237 3 0.179456
238 3 0.140030
239 3 0.207584
240 3 0.125214
241 3 0.127102
242 3 0.054987
243 3 0.126923
244 3 0.144364
245 3 0.061007
246 3 0.145898
247 3 0.107390
248 3 0.096308
249 3 0.057625
250 3 0.099847
251 3 0.165394
252 3 0.418606
253 3 0.062867
254 3 0.067464
255 3 0.079716
256 3 0.100754
257 3 0.091586
258 3 0.079421
259 3 0.035673
260 3 0.102118
261 3 0.181198
262 3 0.149036
263 3 0.077636
264 3 0.081362
265 3 0.132511
266 3 0.057605
267 3 0.070602
268 3 0.101275
269 3 0.245856
270 3 0.026692
271 3 0.055484
272 3 0.053261
273 3 0.204971
274 3 0.062464
275 3 0.112285
276 3 0.016779
277 3 0.016045
278 3 0.144969
279 3 0.113130
280 3 0.051643
281 3 0.063503
282 3 0.219290
283 3 0.064595
284 3 0.377742
285 3 0.073121
286 3 0.138811
287 3 0.181105
288 3 0.079939
289 3 0.032408
290 3 0.162896
291 3 0.136224
292 3 0.132732
293 3 0.072696
294 3 0.044370
295 3 0.109965
296 3 0.121873
297 3 0.119644
298 3 0.075320
299 3 0.175414
300 4 0.194616
301 4 0.061932
302 4 0.194692
303 4 0.120972
304 4 0.032184
305 4 0.122984
306 4 0.073859
307 4 0.119257
308 4 0.114866
309 4 0.148749
310 4 0.069445
311 4 0.059737
312 4 0.054759
313 4 0.061688
314 4 0.097593
315 4 0.074492
316 4 0.013829
317 4 0.052542
318 4 0.089904
319 4 0.083144
320 4 0.182124
321 4 0.086454
322 4 0.098128
323 4 0.141106
324 4 0.135182
325 4 0.119310
326 4 0.079742
327 4 0.103715
328 4 0.040668
329 4 0.063765
330 4 0.066281
331 4 0.173804
332 4 0.147219
333 4 0.081386
334 4 0.104050
335 4 0.082202
336 4 0.078989
337 4 0.161624
338 4 0.054554
339 4 0.056261
340 4 0.053053
341 4 0.044418
342 4 0.177330
343 4 0.020366
344 4 0.305132
345 4 0.118795
346 4 0.105006
347 4 0.331807
348 4 0.054428
349 4 0.097610
350 4 0.102111
351 4 0.046725
352 4 0.097764
353 4 0.154769
354 4 0.012415
355 4 0.062747
356 4 0.084491
357 4 0.184776
358 4 0.083336
359 4 0.017794
360 4 0.013545
361 4 0.128212
362 4 0.123601
363 4 0.126082
364 4 0.143597
365 4 0.174655
366 4 0.059237
367 4 0.052395
368 4 0.084632
369 4 0.150249
370 4 0.049826
371 4 0.020947
372 4 0.128055
373 4 0.092697
374 4 0.054661
375 4 0.103652
376 4 0.069477
377 4 0.054960
378 4 0.065853
379 4 0.119095
380 4 0.162129
381 4 0.096836
382 4 0.194410
383 4 0.463475
384 4 0.094140
385 4 0.067515
386 4 0.210325
387 4 0.193410
388 4 0.120180
389 4 0.084387
390 4 0.078024
391 4 0.131768
392 4 0.034576
393 4 0.200983
394 4 0.121413
395 4 0.402610
396 4 0.090091
397 4 0.225072
398 4 0.180128
399 4 0.058747
400 5 0.109263
401 5 0.218596
402 5 0.053404
403 5 0.116965
404 5 0.152850
405 5 0.100694
406 5 0.093211
407 5 0.328255
408 5 0.061271
409 5 0.116307
410 5 0.220007
411 5 0.334904
412 5 0.038780
413 5 0.018302
414 5 0.066986
415 5 0.206050
416 5 0.013104
417 5 0.082190
418 5 0.077774
419 5 0.081674
420 5 0.143936
421 5 0.017545
422 5 0.245269
423 5 0.069728
424 5 0.111088
425 5 0.128994
426 5 0.031662
427 5 0.083519
428 5 0.119104
429 5 0.051768
430 5 0.152617
431 5 0.110939
432 5 0.135453
433 5 0.077775
434 5 0.074246
435 5 0.121883
436 5 0.103216
437 5 0.080762
438 5 0.020903
439 5 0.065407
440 5 0.178200
441 5 0.055134
442 5 0.228413
443 5 0.051842
444 5 0.083646
445 5 0.069096
446 5 0.081245
447 5 0.109454
448 5 0.111454
449 5 0.066645
450 5 0.116893
451 5 0.197973
452 5 0.122701
453 5 0.014117
454 5 0.088169
455 5 0.050074
456 5 0.058072
457 5 0.076009
458 5 0.151667
459 5 0.077587
460 5 0.155414
461 5 0.050922
462 5 0.127806
463 5 0.052922
464 5 0.173998
465 5 0.161282
466 5 0.054550
467 5 0.026277
468 5 0.073062
469 5 0.085390
470 5 0.156265
471 5 0.089284
472 5 0.014914
473 5 0.149895
474 5 0.043887
475 5 0.257498
476 5 0.092961
477 5 0.068396
478 5 0.084372
479 5 0.063389
480 5 0.123060
481 5 0.325309
482 5 0.078039
483 5 0.091162
484 5 0.021508
485 5 0.058858
486 5 0.115060
487 5 0.181727
488 5 0.161120
489 5 0.128897
490 5 0.145381
491 5 0.099892
492 5 0.177583
493 5 0.103198
494 5 0.066381
495 5 0.104318
496 5 0.169970
497 5 0.034215
498 5 0.032917
499 5 0.036784
500 6 0.150397
501 6 0.018631
502 6 0.034140
503 6 0.088596
504 6 0.171598
505 6 0.181272
506 6 0.021032
507 6 0.128287
508 6 0.290109
509 6 0.093982
510 6 0.105357
511 6 0.134951
512 6 0.114927
513 6 0.074130
514 6 0.139334
515 6 0.132444
516 6 0.036460
517 6 0.103786
518 6 0.044380
519 6 0.140463
520 6 0.129656
521 6 0.217580
522 6 0.125126
523 6 0.176277
524 6 0.187294
525 6 0.123722
526 6 0.094041
527 6 0.138798
528 6 0.053851
529 6 0.106129
530 6 0.120506
531 6 0.064606
532 6 0.108736
533 6 0.077036
534 6 0.032863
535 6 0.079029
536 6 0.128457
537 6 0.094295
538 6 0.148455
539 6 0.147857
540 6 0.060122
541 6 0.114514
542 6 0.089073
543 6 0.050884
544 6 0.084804
545 6 0.131445
546 6 0.110837
547 6 0.085560
548 6 0.072847
549 6 0.074877
550 6 0.153802
551 6 0.021479
552 6 0.037228
553 6 0.029686
554 6 0.079880
555 6 0.044598
556 6 0.115573
557 6 0.081275
558 6 0.144726
559 6 0.014489
560 6 0.076566
561 6 0.067774
562 6 0.092762
563 6 0.082339
564 6 0.068149
565 6 0.062494
566 6 0.096091
567 6 0.150042
568 6 0.168333
569 6 0.073505
570 6 0.013038
571 6 0.129694
572 6 0.068516
573 6 0.077375
574 6 0.102742
575 6 0.145966
576 6 0.014716
577 6 0.099705
578 6 0.083991
579 6 0.068048
580 6 0.089990
581 6 0.421871
582 6 0.065776
583 6 0.043267
584 6 0.227378
585 6 0.053634
586 6 0.116445
587 6 0.116048
588 6 0.026270
589 6 0.222197
590 6 0.372775
591 6 0.085353
592 6 0.083309
593 6 0.153946
594 6 0.133854
595 6 0.154983
596 6 0.252472
597 6 0.172694
598 6 0.102098
599 6 0.213536
600 7 0.063106
601 7 0.207366
602 7 0.109914
603 7 0.220223
604 7 0.020830
605 7 0.098774
606 7 0.133152
607 7 0.082513
608 7 0.066660
609 7 0.143752
610 7 0.124764
611 7 0.155226
612 7 0.184609
613 7 0.108600
614 7 0.065284
615 7 0.103586
616 7 0.146972
617 7 0.021262
618 7 0.065114
619 7 0.031125
620 7 0.017673
621 7 0.062693
622 7 0.052983
623 7 0.043217
624 7 0.036386
625 7 0.081003
626 7 0.131968
627 7 0.162237
628 7 0.051840
629 7 0.079836
630 7 0.132183
631 7 0.081939
632 7 0.034207
633 7 0.087164
634 7 0.157145
635 7 0.085542
636 7 0.018159
637 7 0.055007
638 7 0.074991
639 7 0.129100
640 7 0.129865
641 7 0.094242
642 7 0.081278
643 7 0.031386
644 7 0.059847
645 7 0.026041
646 7 0.053762
647 7 0.138846
648 7 0.127701
649 7 0.013114
650 7 0.076410
651 7 0.216510
652 7 0.149449
653 7 0.267086
654 7 0.078596
655 7 0.146890
656 7 0.077138
657 7 0.096186
658 7 0.150545
659 7 0.110099
660 7 0.083065
661 7 0.126158
662 7 0.105049
663 7 0.056061
664 7 0.147318
665 7 0.145070
666 7 0.105106
667 7 0.111985
668 7 0.090747
669 7 0.064938
670 7 0.120752
671 7 0.055084
672 7 0.254522
673 7 0.343067
674 7 0.111783
675 7 0.178155
676 7 0.112326
677 7 0.118934
678 7 0.071120
679 7 0.072469
680 7 0.100644
681 7 0.098835
682 7 0.089477
683 7 0.214268
684 7 0.130305
685 7 0.175248
686 7 0.219747
687 7 0.116370
688 7 0.015397
689 7 0.053019
690 7 0.072448
691 7 0.130936
692 7 0.029818
693 7 0.015001
694 7 0.050068
695 7 0.110917
696 7 0.071989
697 7 0.060377
698 7 0.070461
699 7 0.074912
700 8 0.191094
701 8 0.063815
702 8 0.058178
703 8 0.222658
704 8 0.071806
705 8 0.058455
706 8 0.021515
707 8 0.129371
708 8 0.080456
709 8 0.044366
710 8 0.141149
711 8 0.159547
712 8 0.100117
713 8 0.061665
714 8 0.111057
715 8 0.157041
716 8 0.294206
717 8 0.098643
718 8 0.207413
719 8 0.114413
720 8 0.055156
721 8 0.145263
722 8 0.071951
723 8 0.086406
724 8 0.200648
725 8 0.092098
726 8 0.199108
727 8 0.089096
728 8 0.073340
729 8 0.168939
730 8 0.063776
731 8 0.042493
732 8 0.085927
733 8 0.135411
734 8 0.095299
735 8 0.037157
736 8 0.059364
737 8 0.112423
738 8 0.049788
739 8 0.081102
740 8 0.059039
741 8 0.154480
742 8 0.102391
743 8 0.096118
744 8 0.122544
745 8 0.148697
746 8 0.015099
747 8 0.080427
748 8 0.037817
749 8 0.067472
750 8 0.068980
751 8 0.149273
752 8 0.126283
753 8 0.063079
754 8 0.132074
755 8 0.076043
756 8 0.135500
757 8 0.065136
758 8 0.086043
759 8 0.053609
760 8 0.082429
761 8 0.092760
762 8 0.145314
763 8 0.032794
764 8 0.120821
765 8 0.074688
766 8 0.104330
767 8 0.121759
768 8 0.193836
769 8 0.018532
770 8 0.103616
771 8 0.080297
772 8 0.067899
773 8 0.159419
774 8 0.128797
775 8 0.050561
776 8 0.075646
777 8 0.071473
778 8 0.031190
779 8 0.015310
780 8 0.158112
781 8 0.043305
782 8 0.029490
783 8 0.013603
784 8 0.018005
785 8 0.114672
786 8 0.131749
787 8 0.055735
788 8 0.058068
789 8 0.020672
790 8 0.074359
791 8 0.067110
792 8 0.094572
793 8 0.207661
794 8 0.112065
795 8 0.036665
796 8 0.053208
797 8 0.033797
798 8 0.088802
799 8 0.093142
800 9 0.096442
801 9 0.101393
802 9 0.107123
803 9 0.053583
804 9 0.144564
805 9 0.059371
806 9 0.109457
807 9 0.032709
808 9 0.148710
809 9 0.084228
810 9 0.081303
811 9 0.137445
812 9 0.210676
813 9 0.080644
814 9 0.082265
815 9 0.071103
816 9 0.120313
817 9 0.055566
818 9 0.206058
819 9 0.052814
820 9 0.084381
821 9 0.048598
822 9 0.049002
823 9 0.128232
824 9 0.101411
825 9 0.067609
826 9 0.114043
827 9 0.066826
828 9 0.185891
829 9 0.092185
830 9 0.020848
831 9 0.149902
832 9 0.079452
833 9 0.057885
834 9 0.094482
835 9 0.018716
836 9 0.058794
837 9 0.096928
838 9 0.090692
839 9 0.121382
840 9 0.148908
841 9 0.141370
842 9 0.144629
843 9 0.036399
844 9 0.081264
845 9 0.021591
846 9 0.073915
847 9 0.134368
848 9 0.017886
849 9 0.058024
850 9 0.076880
851 9 0.137131
852 9 0.063213
853 9 0.157934
854 9 0.091460
855 9 0.089310
856 9 0.073922
857 9 0.110499
858 9 0.116042
859 9 0.079991
860 9 0.119149
861 9 0.064796
862 9 0.064154
863 9 0.154061
864 9 0.015007
865 9 0.075730
866 9 0.170583
867 9 0.056216
868 9 0.070685
869 9 0.042155
870 9 0.092711
871 9 0.049010
872 9 0.063148
873 9 0.106865
874 9 0.099724
875 9 0.124481
876 9 0.015157
877 9 0.052333
878 9 0.146065
879 9 0.099955
880 9 0.067594
881 9 0.122865
882 9 0.110327
883 9 0.079747
884 9 0.179592
885 9 0.095220
886 9 0.013559
887 9 0.194426
888 9 0.059780
889 9 0.063212
890 9 0.050296
891 9 0.226092
892 9 0.065163
893 9 0.053056
894 9 0.038818
895 9 0.165049
896 9 0.029174
897 9 0.060454
898 9 0.058570
899 9 0.115399
900 10 0.082497
901 10 0.015442
902 10 0.104367
903 10 0.101073
904 10 0.139651
905 10 0.136379
906 10 0.032767
907 10 0.092013
908 10 0.063843
909 10 0.138672
910 10 0.030906
911 10 0.206640
912 10 0.154405
913 10 0.055330
914 10 0.059012
915 10 0.119227
916 10 0.061046
917 10 0.113693
918 10 0.179548
919 10 0.073390
920 10 0.036357
921 10 0.107991
922 10 0.050276
923 10 0.092467
924 10 0.146447
925 10 0.053641
926 10 0.094023
927 10 0.130867
928 10 0.091367
929 10 0.129778
930 10 0.098041
931 10 0.158848
932 10 0.139520
933 10 0.063656
934 10 0.110782
935 10 0.026055
936 10 0.124980
937 10 0.082367
938 10 0.157890
939 10 0.101096
940 10 0.084797
941 10 0.085908
942 10 0.125261
943 10 0.020459
944 10 0.087854
945 10 0.099147
946 10 0.118061
947 10 0.092524
948 10 0.013611
949 10 0.055682
950 10 0.109536
951 10 0.103389
952 10 0.043419
953 10 0.070965
954 10 0.085849
955 10 0.210623
956 10 0.104620
957 10 0.069584
958 10 0.086905
959 10 0.114890
960 10 0.052410
961 10 0.083664
962 10 0.186681
963 10 0.070505
964 10 0.021614
965 10 0.086378
966 10 0.080376
967 10 0.070869
968 10 0.089685
969 10 0.066136
970 10 0.015169
971 10 0.072942
972 10 0.060179
973 10 0.017954
974 10 0.120783
975 10 0.074051
976 10 0.123502
977 10 0.053002
978 10 0.060501
979 10 0.138518
980 10 0.277280
981 10 0.045542
982 10 0.028920
983 10 0.018420
984 10 0.095000
985 10 0.048647
986 10 0.059508
987 10 0.058658
988 10 0.124334
989 10 0.065317
990 10 0.033247
991 10 0.183205
992 10 0.077871
993 10 0.038626
994 10 0.134692
995 10 0.122509
996 10 0.080206
997 10 0.169796
998 10 0.199984
999 10 0.106804
1000 11 0.240629
1001 11 0.059215
1002 11 0.100816
1003 11 0.115632
1004 11 0.188974
1005 11 0.051765
1006 11 0.013776
1007 11 0.117213
1008 11 0.158631
1009 11 0.087796
1010 11 0.084961
1011 11 0.190306
1012 11 0.100442
1013 11 0.141563
1014 11 0.041897
1015 11 0.064942
1016 11 0.104010
1017 11 0.017944
1018 11 0.160456
1019 11 0.096177
1020 11 0.084514
1021 11 0.137357
1022 11 0.084231
1023 11 0.059952
1024 11 0.072815
1025 11 0.058251
1026 11 0.059929
1027 11 0.043626
1028 11 0.171498
1029 11 0.069904
1030 11 0.145472
1031 11 0.296387
1032 11 0.065734
1033 11 0.137472
1034 11 0.028733
1035 11 0.067188
1036 11 0.096083
1037 11 0.020547
1038 11 0.015495
1039 11 0.038068
1040 11 0.058623
1041 11 0.128488
1042 11 0.093849
1043 11 0.075952
1044 11 0.103481
1045 11 0.030929
1046 11 0.025975
1047 11 0.053225
1048 11 0.116882
1049 11 0.062957
1050 11 0.015187
1051 11 0.099792
1052 11 0.048214
1053 11 0.105298
1054 11 0.118509
1055 11 0.033078
1056 11 0.126832
1057 11 0.066880
1058 11 0.223077
1059 11 0.163325
1060 11 0.079614
1061 11 0.036101
1062 11 0.098730
1063 11 0.116325
1064 11 0.059767
1065 11 0.162422
1066 11 0.077927
1067 11 0.074448
1068 11 0.143839
1069 11 0.060216
1070 11 0.018424
1071 11 0.130021
1072 11 0.080987
1073 11 0.048355
1074 11 0.092306
1075 11 0.031053
1076 11 0.100101
1077 11 0.127083
1078 11 0.077254
1079 11 0.074059
1080 11 0.118235
1081 11 0.021413
1082 11 0.055918
1083 11 0.127340
1084 11 0.078489
1085 11 0.146831
1086 11 0.101712
1087 11 0.038444
1088 11 0.050511
1089 11 0.111778
1090 11 0.032955
1091 11 0.092278
1092 11 0.058704
1093 11 0.110746
1094 11 0.113153
1095 11 0.119423
1096 11 0.122080
1097 11 0.055726
1098 11 0.084380
1099 11 0.110582
1100 12 0.060084
1101 12 0.083165
1102 12 0.077366
1103 12 0.221378
1104 12 0.066955
1105 12 0.041510
1106 12 0.088634
1107 12 0.032903
1108 12 0.108539
1109 12 0.067668
1110 12 0.075518
1111 12 0.058182
1112 12 0.090111
1113 12 0.052696
1114 12 0.093282
1115 12 0.113827
1116 12 0.013955
1117 12 0.128409
1118 12 0.107398
1119 12 0.062702
1120 12 0.096550
1121 12 0.030868
1122 12 0.069895
1123 12 0.106075
1124 12 0.021662
1125 12 0.071387
1126 12 0.083711
1127 12 0.055388
1128 12 0.165348
1129 12 0.062715
1130 12 0.094662
1131 12 0.118121
1132 12 0.111502
1133 12 0.124984
1134 12 0.124331
1135 12 0.105547
1136 12 0.075113
1137 12 0.039281
1138 12 0.114090
1139 12 0.062177
1140 12 0.104328
1141 12 0.076314
1142 12 0.115703
1143 12 0.129970
1144 12 0.043634
1145 12 0.139279
1146 12 0.155252
1147 12 0.085335
1148 12 0.015766
1149 12 0.156765
1150 12 0.144255
1151 12 0.198425
1152 12 0.020644
1153 12 0.051856
1154 12 0.038405
1155 12 0.026177
1156 12 0.094124
1157 12 0.058244
1158 12 0.015522
1159 12 0.095484
1160 12 0.072470
1161 12 0.121239
1162 12 0.047894
1163 12 0.159637
1164 12 0.080543
1165 12 0.082767
1166 12 0.054394
1167 12 0.197444
1168 12 0.055947
1169 12 0.057367
1170 12 0.056950
1171 12 0.079629
1172 12 0.143868
1173 12 0.018803
1174 12 0.053798
1175 12 0.048264
1176 12 0.060080
1177 12 0.091842
1178 12 0.062803
1179 12 0.129254
1180 12 0.196828
1181 12 0.111109
1182 12 0.085668
1183 12 0.063026
1184 12 0.193421
1185 12 0.138913
1186 12 0.018136
1187 12 0.067112
1188 12 0.125290
1189 12 0.156515
1190 12 0.059031
1191 12 0.124196
1192 12 0.072289
1193 12 0.033168
1194 12 0.030792
1195 12 0.100139
1196 12 0.061933
1197 12 0.059813
1198 12 0.125098
1199 12 0.090266
1200 13 0.028758
1201 13 0.071729
1202 13 0.125855
1203 13 0.067672
1204 13 0.123782
1205 13 0.078545
1206 13 0.174865
1207 13 0.065762
1208 13 0.105470
1209 13 0.188926
1210 13 0.094910
1211 13 0.103792
1212 13 0.114099
1213 13 0.048172
1214 13 0.102112
1215 13 0.064990
1216 13 0.142340
1217 13 0.137658
1218 13 0.130493
1219 13 0.069377
1220 13 0.091460
1221 13 0.050138
1222 13 0.091443
1223 13 0.081226
1224 13 0.259206
1225 13 0.015615
1226 13 0.072027
1227 13 0.066965
1228 13 0.126507
1229 13 0.030734
1230 13 0.098080
1231 13 0.018706
1232 13 0.032908
1233 13 0.053465
1234 13 0.067432
1235 13 0.124025
1236 13 0.089490
1237 13 0.058132
1238 13 0.076924
1239 13 0.079927
1240 13 0.061119
1241 13 0.078232
1242 13 0.057956
1243 13 0.077405
1244 13 0.147874
1245 13 0.014093
1246 13 0.068168
1247 13 0.093554
1248 13 0.088135
1249 13 0.021770
1250 13 0.142762
1251 13 0.110169
1252 13 0.086435
1253 13 0.015812
1254 13 0.053130
1255 13 0.081712
1256 13 0.077035
1257 13 0.085020
1258 13 0.132114
1259 13 0.112459
1260 13 0.059226
1261 13 0.089933
1262 13 0.116224
1263 13 0.157520
1264 13 0.056574
1265 13 0.057955
1266 13 0.052781
1267 13 0.036278
1268 13 0.080488
1269 13 0.096364
1270 13 0.069986
1271 13 0.149336
1272 13 0.112508
1273 13 0.118072
1274 13 0.098921
1275 13 0.176522
1276 13 0.088204
1277 13 0.131777
1278 13 0.117974
1279 13 0.119177
1280 13 0.066844
1281 13 0.063219
1282 13 0.135151
1283 13 0.043521
1284 13 0.071575
1285 13 0.078348
1286 13 0.060141
1287 13 0.041435
1288 13 0.055961
1289 13 0.105813
1290 13 0.120097
1291 13 0.038264
1292 13 0.038319
1293 13 0.051492
1294 13 0.411151
1295 13 0.153145
1296 13 0.073487
1297 13 0.030911
1298 13 0.021054
1299 13 0.018582
1300 14 0.074857
1301 14 0.133900
1302 14 0.153009
1303 14 0.101044
1304 14 0.026238
1305 14 0.108117
1306 14 0.111490
1307 14 0.016266
1308 14 0.197988
1309 14 0.143611
1310 14 0.207591
1311 14 0.115077
1312 14 0.041117
1313 14 0.036146
1314 14 0.074383
1315 14 0.072134
1316 14 0.083960
1317 14 0.052080
1318 14 0.222575
1319 14 0.019132
1320 14 0.028994
1321 14 0.061572
1322 14 0.014406
1323 14 0.155381
1324 14 0.015843
1325 14 0.096433
1326 14 0.079766
1327 14 0.047977
1328 14 0.078017
1329 14 0.059445
1330 14 0.080358
1331 14 0.066370
1332 14 0.124900
1333 14 0.089030
1334 14 0.038445
1335 14 0.106384
1336 14 0.226063
1337 14 0.110531
1338 14 0.154319
1339 14 0.057958
1340 14 0.061742
1341 14 0.018081
1342 14 0.032874
1343 14 0.119748
1344 14 0.067756
1345 14 0.127732
1346 14 0.101645
1347 14 0.091650
1348 14 0.139145
1349 14 0.075574
1350 14 0.118461
1351 14 0.061602
1352 14 0.105584
1353 14 0.055882
1354 14 0.135347
1355 14 0.124909
1356 14 0.115462
1357 14 0.098314
1358 14 0.094568
1359 14 0.127229
1360 14 0.129222
1361 14 0.170994
1362 14 0.075662
1363 14 0.115228
1364 14 0.078249
1365 14 0.043452
1366 14 0.120689
1367 14 0.058078
1368 14 0.038260
1369 14 0.030899
1370 14 0.071710
1371 14 0.121604
1372 14 0.063489
1373 14 0.059339
1374 14 0.124031
1375 14 0.051820
1376 14 0.058159
1377 14 0.060197
1378 14 0.074572
1379 14 0.108127
1380 14 0.093479
1381 14 0.065520
1382 14 0.077138
1383 14 0.032778
1384 14 0.065087
1385 14 0.136661
1386 14 0.165982
1387 14 0.030989
1388 14 0.107524
1389 14 0.116733
1390 14 0.052924
1391 14 0.065558
1392 14 0.020763
1393 14 0.100494
1394 14 0.093711
1395 14 0.139076
1396 14 0.165303
1397 14 0.021907
1398 14 0.087296
1399 14 0.053682
1400 15 0.099614
1401 15 0.064066
1402 15 0.041244
1403 15 0.147562
1404 15 0.026151
1405 15 0.070533
1406 15 0.204750
1407 15 0.110119
1408 15 0.185637
1409 15 0.074546
1410 15 0.055507
1411 15 0.078173
1412 15 0.106191
1413 15 0.065348
1414 15 0.067920
1415 15 0.079067
1416 15 0.051298
1417 15 0.086556
1418 15 0.018991
1419 15 0.057627
1420 15 0.113742
1421 15 0.066225
1422 15 0.067278
1423 15 0.072935
1424 15 0.073293
1425 15 0.120198
1426 15 0.032927
1427 15 0.015919
1428 15 0.074282
1429 15 0.059680
1430 15 0.071016
1431 15 0.093199
1432 15 0.030692
1433 15 0.015886
1434 15 0.030708
1435 15 0.078209
1436 15 0.142906
1437 15 0.047718
1438 15 0.087709
1439 15 0.099093
1440 15 0.066834
1441 15 0.097714
1442 15 0.052585
1443 15 0.105708
1444 15 0.057851
1445 15 0.122361
1446 15 0.089643
1447 15 0.186423
1448 15 0.117837
1449 15 0.055915
1450 15 0.211515
1451 15 0.075462
1452 15 0.071741
1453 15 0.160404
1454 15 0.038335
1455 15 0.138396
1456 15 0.169692
1457 15 0.018341
1458 15 0.014454
1459 15 0.097731
1460 15 0.056141
1461 15 0.036249
1462 15 0.038170
1463 15 0.020749
1464 15 0.086960
1465 15 0.069970
1466 15 0.112634
1467 15 0.164495
1468 15 0.050267
1469 15 0.079511
1470 15 0.108632
1471 15 0.148322
1472 15 0.071254
1473 15 0.107870
1474 15 0.095792
1475 15 0.187424
1476 15 0.107648
1477 15 0.233154
1478 15 0.058266
1479 15 0.238108
1480 15 0.115119
1481 15 0.028943
1482 15 0.043333
1483 15 0.060206
1484 15 0.056929
1485 15 0.095299
1486 15 0.049199
1487 15 0.133864
1488 15 0.021971
1489 15 0.092820
1490 15 0.091522
1491 15 0.053555
1492 15 0.184925
1493 15 0.154940
1494 15 0.084266
1495 15 0.122427
1496 15 0.067730
1497 15 0.093194
1498 15 0.080078
1499 15 0.033191
1500 16 0.098691
1501 16 0.030496
1502 16 0.113661
1503 16 0.063417
1504 16 0.051034
1505 16 0.041268
1506 16 0.020790
1507 16 0.047611
1508 16 0.126276
1509 16 0.032709
1510 16 0.301520
1511 16 0.077692
1512 16 0.057919
1513 16 0.078028
1514 16 0.085916
1515 16 0.122967
1516 16 0.092176
1517 16 0.103292
1518 16 0.092578
1519 16 0.065295
1520 16 0.071731
1521 16 0.157616
1522 16 0.092086
1523 16 0.089472
1524 16 0.061013
1525 16 0.083343
1526 16 0.106203
1527 16 0.107918
1528 16 0.100389
1529 16 0.070649
1530 16 0.026368
1531 16 0.038391
1532 16 0.028967
1533 16 0.014915
1534 16 0.055925
1535 16 0.068855
1536 16 0.126542
1537 16 0.153543
1538 16 0.022469
1539 16 0.066997
1540 16 0.136610
1541 16 0.154067
1542 16 0.116332
1543 16 0.076558
1544 16 0.071606
1545 16 0.052920
1546 16 0.090972
1547 16 0.170514
1548 16 0.061072
1549 16 0.093235
1550 16 0.164454
1551 16 0.128933
1552 16 0.055791
1553 16 0.059564
1554 16 0.190553
1555 16 0.067473
1556 16 0.070918
1557 16 0.018885
1558 16 0.033482
1559 16 0.084270
1560 16 0.056392
1561 16 0.132361
1562 16 0.077973
1563 16 0.182006
1564 16 0.036291
1565 16 0.075126
1566 16 0.079101
1567 16 0.063097
1568 16 0.064366
1569 16 0.220345
1570 16 0.076515
1571 16 0.078146
1572 16 0.056650
1573 16 0.142129
1574 16 0.019420
1575 16 0.140593
1576 16 0.146734
1577 16 0.116357
1578 16 0.125459
1579 16 0.062111
1580 16 0.052999
1581 16 0.066771
1582 16 0.091316
1583 16 0.016075
1584 16 0.056183
1585 16 0.079397
1586 16 0.074364
1587 16 0.099259
1588 16 0.176289
1589 16 0.102181
1590 16 0.084932
1591 16 0.016217
1592 16 0.038056
1593 16 0.080444
1594 16 0.065363
1595 16 0.193660
1596 16 0.092433
1597 16 0.153043
1598 16 0.052193
1599 16 0.098382
1600 17 0.018639
1601 17 0.115476
1602 17 0.073214
1603 17 0.102223
1604 17 0.033190
1605 17 0.091926
1606 17 0.087374
1607 17 0.086192
1608 17 0.146022
1609 17 0.074112
1610 17 0.088968
1611 17 0.123830
1612 17 0.127804
1613 17 0.133150
1614 17 0.147795
1615 17 0.019599
1616 17 0.086072
1617 17 0.153794
1618 17 0.050070
1619 17 0.036434
1620 17 0.091380
1621 17 0.082998
1622 17 0.073691
1623 17 0.068766
1624 17 0.128459
1625 17 0.068923
1626 17 0.128663
1627 17 0.108083
1628 17 0.117194
1629 17 0.075503
1630 17 0.133902
1631 17 0.127660
1632 17 0.026534
1633 17 0.067111
1634 17 0.052729
1635 17 0.092043
1636 17 0.079069
1637 17 0.077347
1638 17 0.137040
1639 17 0.110567
1640 17 0.090029
1641 17 0.106062
1642 17 0.058973
1643 17 0.041325
1644 17 0.121706
1645 17 0.037943
1646 17 0.068867
1647 17 0.126866
1648 17 0.116825
1649 17 0.056456
1650 17 0.047549
1651 17 0.043319
1652 17 0.061145
1653 17 0.099912
1654 17 0.084224
1655 17 0.076542
1656 17 0.021191
1657 17 0.152787
1658 17 0.123413
1659 17 0.095059
1660 17 0.163267
1661 17 0.038651
1662 17 0.096788
1663 17 0.073939
1664 17 0.258363
1665 17 0.016653
1666 17 0.022545
1667 17 0.055841
1668 17 0.090386
1669 17 0.065164
1670 17 0.029074
1671 17 0.016438
1672 17 0.074284
1673 17 0.067468
1674 17 0.120320
1675 17 0.106733
1676 17 0.099384
1677 17 0.114129
1678 17 0.131468
1679 17 0.032817
1680 17 0.121945
1681 17 0.109525
1682 17 0.080558
1683 17 0.073134
1684 17 0.108019
1685 17 0.078075
1686 17 0.072427
1687 17 0.030880
1688 17 0.050885
1689 17 0.084455
1690 17 0.151595
1691 17 0.115491
1692 17 0.070740
1693 17 0.014848
1694 17 0.080121
1695 17 0.030798
1696 17 0.058758
1697 17 0.086753
1698 17 0.052175
1699 17 0.053461
1700 18 0.047048
1701 18 0.111055
1702 18 0.111311
1703 18 0.076197
1704 18 0.088473
1705 18 0.224270
1706 18 0.087126
1707 18 0.129199
1708 18 0.058597
1709 18 0.090489
1710 18 0.077398
1711 18 0.067859
1712 18 0.038020
1713 18 0.056495
1714 18 0.092486
1715 18 0.069605
1716 18 0.196161
1717 18 0.111162
1718 18 0.060236
1719 18 0.059644
1720 18 0.016554
1721 18 0.124358
1722 18 0.112210
1723 18 0.135834
1724 18 0.078714
1725 18 0.134450
1726 18 0.030585
1727 18 0.072686
1728 18 0.057888
1729 18 0.052828
1730 18 0.121648
1731 18 0.149469
1732 18 0.111703
1733 18 0.114738
1734 18 0.082188
1735 18 0.018812
1736 18 0.141826
1737 18 0.065234
1738 18 0.022523
1739 18 0.068672
1740 18 0.123487
1741 18 0.056020
1742 18 0.019449
1743 18 0.030910
1744 18 0.063538
1745 18 0.095689
1746 18 0.050159
1747 18 0.052223
1748 18 0.188306
1749 18 0.167776
1750 18 0.101248
1751 18 0.081474
1752 18 0.112065
1753 18 0.095890
1754 18 0.035811
1755 18 0.032603
1756 18 0.077532
1757 18 0.065041
1758 18 0.127102
1759 18 0.079794
1760 18 0.070471
1761 18 0.028919
1762 18 0.099585
1763 18 0.071283
1764 18 0.055611
1765 18 0.084346
1766 18 0.153440
1767 18 0.082417
1768 18 0.053385
1769 18 0.078230
1770 18 0.173861
1771 18 0.074528
1772 18 0.124932
1773 18 0.021253
1774 18 0.056289
1775 18 0.052867
1776 18 0.114131
1777 18 0.047683
1778 18 0.062877
1779 18 0.134393
1780 18 0.133044
1781 18 0.090047
1782 18 0.033278
1783 18 0.104952
1784 18 0.083239
1785 18 0.026736
1786 18 0.054313
1787 18 0.059963
1788 18 0.108401
1789 18 0.067386
1790 18 0.139157
1791 18 0.116149
1792 18 0.079154
1793 18 0.015273
1794 18 0.050872
1795 18 0.099213
1796 18 0.016897
1797 18 0.070545
1798 18 0.074162
1799 18 0.043076
1800 19 0.115475
1801 19 0.091079
1802 19 0.111497
1803 19 0.090727
1804 19 0.053603
1805 19 0.133289
1806 19 0.074179
1807 19 0.105987
1808 19 0.070806
1809 19 0.181960
1810 19 0.030731
1811 19 0.052038
1812 19 0.092691
1813 19 0.101143
1814 19 0.087007
1815 19 0.074738
1816 19 0.154219
1817 19 0.114637
1818 19 0.066693
1819 19 0.085755
1820 19 0.107964
1821 19 0.142731
1822 19 0.084292
1823 19 0.021352
1824 19 0.076365
1825 19 0.065487
1826 19 0.074167
1827 19 0.193099
1828 19 0.088412
1829 19 0.114515
1830 19 0.098706
1831 19 0.059610
1832 19 0.059777
1833 19 0.103276
1834 19 0.103679
1835 19 0.019569
1836 19 0.070450
1837 19 0.026357
1838 19 0.066269
1839 19 0.092395
1840 19 0.152563
1841 19 0.103888
1842 19 0.107131
1843 19 0.097722
1844 19 0.022666
1845 19 0.047024
1846 19 0.051970
1847 19 0.056535
1848 19 0.041139
1849 19 0.092451
1850 19 0.050175
1851 19 0.016803
1852 19 0.052306
1853 19 0.043009
1854 19 0.077140
1855 19 0.059193
1856 19 0.058170
1857 19 0.110962
1858 19 0.056515
1859 19 0.058158
1860 19 0.104205
1861 19 0.016702
1862 19 0.097249
1863 19 0.057115
1864 19 0.064740
1865 19 0.104921
1866 19 0.118666
1867 19 0.083831
1868 19 0.160459
1869 19 0.078031
1870 19 0.084215
1871 19 0.173787
1872 19 0.030921
1873 19 0.126307
1874 19 0.118576
1875 19 0.067271
1876 19 0.136717
1877 19 0.036611
1878 19 0.154026
1879 19 0.063473
1880 19 0.089285
1881 19 0.033277
1882 19 0.015471
1883 19 0.047857
1884 19 0.076203
1885 19 0.078368
1886 19 0.065301
1887 19 0.076947
1888 19 0.032689
1889 19 0.062867
1890 19 0.119403
1891 19 0.076829
1892 19 0.105695
1893 19 0.090747
1894 19 0.094153
1895 19 0.038187
1896 19 0.075333
1897 19 0.189883
1898 19 0.019230
1899 19 0.029247
1900 20 0.056344
1901 20 0.095856
1902 20 0.046872
1903 20 0.047519
1904 20 0.092327
1905 20 0.116659
1906 20 0.032657
1907 20 0.074020
1908 20 0.124142
1909 20 0.069243
1910 20 0.052828
1911 20 0.030786
1912 20 0.056033
1913 20 0.030910
1914 20 0.066108
1915 20 0.123707
1916 20 0.058971
1917 20 0.076298
1918 20 0.099065
1919 20 0.015224
1920 20 0.096923
1921 20 0.085925
1922 20 0.113059
1923 20 0.064927
1924 20 0.111820
1925 20 0.092021
1926 20 0.173853
1927 20 0.107342
1928 20 0.094622
1929 20 0.054607
1930 20 0.140668
1931 20 0.095523
1932 20 0.124685
1933 20 0.089077
1934 20 0.116948
1935 20 0.131220
1936 20 0.141705
1937 20 0.021750
1938 20 0.091003
1939 20 0.071283
1940 20 0.071351
1941 20 0.091572
1942 20 0.054046
1943 20 0.068604
1944 20 0.019259
1945 20 0.022914
1946 20 0.056323
1947 20 0.050635
1948 20 0.122659
1949 20 0.076092
1950 20 0.033247
1951 20 0.098548
1952 20 0.071263
1953 20 0.067559
1954 20 0.036236
1955 20 0.065491
1956 20 0.050503
1957 20 0.056865
1958 20 0.077262
1959 20 0.142693
1960 20 0.065571
1961 20 0.020045
1962 20 0.089821
1963 20 0.017069
1964 20 0.055654
1965 20 0.043243
1966 20 0.038297
1967 20 0.096184
1968 20 0.066733
1969 20 0.154825
1970 20 0.079949
1971 20 0.076972
1972 20 0.078043
1973 20 0.085986
1974 20 0.050578
1975 20 0.118204
1976 20 0.070830
1977 20 0.129652
1978 20 0.095614
1979 20 0.065102
1980 20 0.091146
1981 20 0.058207
1982 20 0.058360
1983 20 0.125563
1984 20 0.016809
1985 20 0.079266
1986 20 0.056548
1987 20 0.029332
1988 20 0.141219
1989 20 0.135808
1990 20 0.082625
1991 20 0.041126
1992 20 0.114763
1993 20 0.026786
1994 20 0.108157
1995 20 0.094272
1996 20 0.197752
1997 20 0.058130
1998 20 0.105755
1999 20 0.128055
