# Batch convergence for: model=snn-ae encoding=direct architecture=conv1d v_th=0.5 alpha=0.99 run=3
batch_num epoch batch_loss
0 1 1.185543
1 1 1.279144
2 1 1.012257
3 1 0.576140
4 1 0.885180
5 1 1.153861
6 1 1.255307
7 1 1.118505
8 1 0.650268
9 1 1.189000
10 1 0.861470
11 1 0.998511
12 1 1.039620
13 1 1.023546
14 1 0.586104
15 1 0.973906
16 1 0.982023
17 1 0.985638
18 1 0.967455
19 1 0.983804
20 1 0.879399
21 1 0.845460
22 1 0.957688
23 1 0.914857
24 1 0.802525
25 1 1.106600
26 1 0.985150
27 1 0.998256
28 1 0.037595
29 1 0.968681
30 1 1.075590
31 1 1.023246
32 1 0.975433
33 1 0.965541
34 1 1.003323
35 1 0.070025
36 1 1.035151
37 1 0.930826
38 1 0.796650
39 1 0.102075
40 1 0.566307
41 1 0.937564
42 1 1.090121
43 1 0.968885
44 1 0.836870
45 1 0.844493
46 1 0.841370
47 1 0.773327
48 1 0.941933
49 1 0.934636
50 1 0.742642
51 1 0.974104
52 1 1.045882
53 1 0.824066
54 1 0.928908
55 1 0.907099
56 1 0.972186
57 1 0.977894
58 1 0.125068
59 1 0.905951
60 1 0.971010
61 1 1.002361
62 1 0.976833
63 1 0.768331
64 1 1.041723
65 1 1.007823
66 1 0.780204
67 1 0.728082
68 1 0.924180
69 1 1.067153
70 1 0.935550
71 1 0.618349
72 1 0.810231
73 1 0.974385
74 1 0.815772
75 1 0.952057
76 1 1.018588
77 1 0.940395
78 1 0.896708
79 1 0.960698
80 1 0.854035
81 1 0.993816
82 1 0.118734
83 1 0.820006
84 1 0.990315
85 1 0.968027
86 1 0.221460
87 1 0.907623
88 1 0.910856
89 1 0.895970
90 1 0.843835
91 1 0.947395
92 1 0.811906
93 1 0.945358
94 1 0.466713
95 1 1.172607
96 1 0.936311
97 1 0.809844
98 1 0.936416
99 1 1.008996
100 2 0.841390
101 2 0.038110
102 2 0.995807
103 2 0.935601
104 2 0.939942
105 2 0.973186
106 2 0.981594
107 2 0.925558
108 2 0.921942
109 2 0.837586
110 2 0.957523
111 2 0.737218
112 2 0.913283
113 2 0.930573
114 2 0.937217
115 2 0.904192
116 2 0.941446
117 2 0.890025
118 2 0.809548
119 2 0.992615
120 2 0.919970
121 2 0.780238
122 2 0.651677
123 2 0.949099
124 2 0.564604
125 2 0.894970
126 2 0.951659
127 2 0.764688
128 2 0.996624
129 2 0.774705
130 2 0.940350
131 2 0.955760
132 2 0.964126
133 2 0.502128
134 2 0.978863
135 2 0.969534
136 2 0.186391
137 2 0.753083
138 2 0.996238
139 2 0.965114
140 2 0.096868
141 2 0.988467
142 2 0.968542
143 2 0.953523
144 2 1.008605
145 2 0.961785
146 2 0.909054
147 2 0.069922
148 2 0.909525
149 2 0.928688
150 2 0.778099
151 2 0.846400
152 2 0.844764
153 2 0.463521
154 2 0.915525
155 2 0.751779
156 2 0.642697
157 2 0.947526
158 2 0.786870
159 2 0.947362
160 2 0.507553
161 2 0.884058
162 2 0.118541
163 2 1.062206
164 2 0.828327
165 2 0.953063
166 2 0.784997
167 2 0.958034
168 2 0.950733
169 2 0.961020
170 2 0.966296
171 2 0.700697
172 2 0.913045
173 2 0.908325
174 2 0.869632
175 2 0.929173
176 2 0.937067
177 2 0.738312
178 2 0.929380
179 2 0.927904
180 2 0.906563
181 2 0.836614
182 2 0.101952
183 2 0.976857
184 2 0.946494
185 2 0.736789
186 2 0.899006
187 2 0.985002
188 2 0.950785
189 2 1.030303
190 2 0.903899
191 2 0.764294
192 2 0.938284
193 2 1.023097
194 2 0.860534
195 2 0.953339
196 2 0.885038
197 2 0.963008
198 2 0.439638
199 2 1.013433
200 3 1.009061
201 3 0.903783
202 3 0.648127
203 3 0.931682
204 3 0.724261
205 3 0.987416
206 3 0.885463
207 3 0.614161
208 3 0.986341
209 3 0.805912
210 3 1.033721
211 3 1.078148
212 3 0.944182
213 3 1.017393
214 3 0.907119
215 3 0.097381
216 3 0.989072
217 3 0.118282
218 3 0.859453
219 3 0.728433
220 3 0.773448
221 3 0.039152
222 3 0.799405
223 3 0.974380
224 3 0.960105
225 3 0.781898
226 3 0.946681
227 3 0.976098
228 3 0.895793
229 3 0.758772
230 3 0.907507
231 3 0.724399
232 3 0.101729
233 3 0.896180
234 3 0.938085
235 3 0.926175
236 3 0.915420
237 3 0.925683
238 3 0.975592
239 3 0.989266
240 3 0.909364
241 3 0.963033
242 3 0.923174
243 3 0.906111
244 3 0.958694
245 3 0.839122
246 3 0.948604
247 3 0.928142
248 3 0.977254
249 3 0.463073
250 3 0.840379
251 3 0.939324
252 3 0.683548
253 3 0.907575
254 3 0.978339
255 3 0.944629
256 3 0.500906
257 3 0.953155
258 3 0.932571
259 3 0.823732
260 3 0.951672
261 3 0.941604
262 3 0.906410
263 3 0.884074
264 3 0.900934
265 3 0.976841
266 3 0.917153
267 3 0.844821
268 3 0.892348
269 3 0.945616
270 3 0.437275
271 3 0.901511
272 3 0.959596
273 3 0.969848
274 3 0.750390
275 3 0.901378
276 3 0.732239
277 3 0.729080
278 3 0.972161
279 3 0.785888
280 3 0.070450
281 3 0.910746
282 3 0.946957
283 3 0.959009
284 3 0.621917
285 3 0.953234
286 3 0.918786
287 3 0.923008
288 3 0.959741
289 3 0.186529
290 3 0.879881
291 3 0.885433
292 3 0.931043
293 3 0.505399
294 3 0.774607
295 3 0.795096
296 3 0.944157
297 3 0.945611
298 3 0.763045
299 3 1.049732
300 4 0.956527
301 4 0.903296
302 4 0.983136
303 4 0.898873
304 4 0.186166
305 4 0.912556
306 4 0.834914
307 4 1.008650
308 4 0.883609
309 4 0.894664
310 4 0.960889
311 4 0.939044
312 4 0.461456
313 4 0.878171
314 4 0.809349
315 4 0.762189
316 4 0.613385
317 4 0.747570
318 4 0.784467
319 4 0.761338
320 4 0.956901
321 4 0.967080
322 4 0.930316
323 4 0.979518
324 4 0.861631
325 4 0.951925
326 4 0.498947
327 4 1.042506
328 4 0.748995
329 4 0.929998
330 4 1.001543
331 4 0.969758
332 4 0.987562
333 4 0.926008
334 4 0.507316
335 4 0.825598
336 4 0.562822
337 4 0.952131
338 4 0.900761
339 4 0.070276
340 4 0.963114
341 4 0.777260
342 4 0.959913
343 4 0.717378
344 4 0.618925
345 4 0.956020
346 4 0.894673
347 4 0.682861
348 4 0.939815
349 4 0.889241
350 4 0.925938
351 4 0.518516
352 4 0.939122
353 4 0.890658
354 4 0.724265
355 4 0.040469
356 4 0.911937
357 4 0.974066
358 4 0.930096
359 4 0.744699
360 4 0.731928
361 4 0.976176
362 4 0.775215
363 4 0.961789
364 4 0.902718
365 4 0.906989
366 4 0.940118
367 4 0.919122
368 4 0.805736
369 4 0.928936
370 4 0.789692
371 4 0.743750
372 4 0.922509
373 4 0.950374
374 4 0.902408
375 4 0.968582
376 4 0.843437
377 4 0.958611
378 4 0.118364
379 4 0.980863
380 4 0.886701
381 4 0.904027
382 4 1.009417
383 4 0.887142
384 4 0.908671
385 4 0.930973
386 4 0.897580
387 4 0.975508
388 4 0.839485
389 4 0.940946
390 4 0.949880
391 4 0.949692
392 4 0.102165
393 4 0.961771
394 4 1.018353
395 4 0.941401
396 4 0.881292
397 4 0.980608
398 4 0.921444
399 4 0.098125
400 5 0.929490
401 5 0.912877
402 5 0.563168
403 5 0.838021
404 5 0.913030
405 5 0.967652
406 5 0.926579
407 5 0.629521
408 5 0.873724
409 5 0.912003
410 5 0.979265
411 5 0.928962
412 5 0.097964
413 5 0.725580
414 5 0.929675
415 5 0.904641
416 5 0.730391
417 5 1.002248
418 5 0.943239
419 5 0.946676
420 5 0.975307
421 5 0.747086
422 5 0.874661
423 5 0.917732
424 5 0.799646
425 5 0.908138
426 5 0.186189
427 5 0.941361
428 5 0.867426
429 5 0.807379
430 5 0.908103
431 5 0.991346
432 5 0.957159
433 5 0.900604
434 5 0.776582
435 5 0.825394
436 5 0.909266
437 5 0.533252
438 5 0.718005
439 5 0.478393
440 5 0.882108
441 5 0.994509
442 5 0.910455
443 5 0.950070
444 5 0.924418
445 5 1.024650
446 5 0.804756
447 5 0.963248
448 5 0.960215
449 5 0.943485
450 5 1.017485
451 5 0.954915
452 5 0.900196
453 5 0.702405
454 5 1.015002
455 5 0.070784
456 5 0.769665
457 5 1.024175
458 5 1.042822
459 5 0.926738
460 5 0.947759
461 5 0.930358
462 5 0.980643
463 5 0.969637
464 5 0.919500
465 5 0.883681
466 5 0.905466
467 5 0.477775
468 5 0.759227
469 5 0.978100
470 5 0.954730
471 5 0.889149
472 5 0.613839
473 5 0.979598
474 5 0.041411
475 5 0.683401
476 5 0.907686
477 5 0.843548
478 5 0.764194
479 5 0.922199
480 5 0.922221
481 5 0.945078
482 5 0.950217
483 5 0.963597
484 5 0.744556
485 5 0.953523
486 5 0.946148
487 5 0.974516
488 5 0.773901
489 5 0.896871
490 5 0.861890
491 5 0.945273
492 5 1.060859
493 5 0.924249
494 5 0.118870
495 5 0.928193
496 5 0.940163
497 5 0.102435
498 5 0.508834
499 5 0.785106
500 6 0.098343
501 6 0.721341
502 6 0.102293
503 6 0.118606
504 6 1.004014
505 6 0.875604
506 6 0.705224
507 6 0.887120
508 6 0.682603
509 6 0.847336
510 6 0.923918
511 6 0.954523
512 6 0.908936
513 6 0.957004
514 6 0.968891
515 6 0.982965
516 6 0.778509
517 6 0.924273
518 6 0.185896
519 6 0.931041
520 6 0.952218
521 6 0.908772
522 6 0.944629
523 6 0.903453
524 6 0.900427
525 6 0.910865
526 6 0.799703
527 6 0.948236
528 6 0.891567
529 6 0.908288
530 6 0.956393
531 6 0.071126
532 6 0.930859
533 6 0.500334
534 6 0.459868
535 6 0.968247
536 6 0.896001
537 6 0.941700
538 6 0.941977
539 6 0.929892
540 6 0.944959
541 6 0.886287
542 6 0.901062
543 6 0.926405
544 6 0.769972
545 6 0.898241
546 6 0.920136
547 6 0.961664
548 6 0.907409
549 6 0.485740
550 6 0.918400
551 6 0.740743
552 6 0.825450
553 6 0.729994
554 6 0.824355
555 6 0.793318
556 6 0.857148
557 6 0.943828
558 6 0.950407
559 6 0.712650
560 6 0.925155
561 6 0.939120
562 6 0.939298
563 6 0.938619
564 6 0.723321
565 6 0.943678
566 6 0.914558
567 6 0.983519
568 6 0.959338
569 6 0.946985
570 6 0.711165
571 6 0.953169
572 6 0.844849
573 6 0.936634
574 6 0.899580
575 6 0.744922
576 6 0.610329
577 6 0.960409
578 6 0.760977
579 6 0.842470
580 6 0.946375
581 6 0.947018
582 6 0.975468
583 6 0.042381
584 6 0.977916
585 6 0.565908
586 6 0.919683
587 6 0.947252
588 6 0.430391
589 6 0.607276
590 6 0.873219
591 6 0.860643
592 6 0.895377
593 6 0.948031
594 6 0.945469
595 6 0.879717
596 6 0.929977
597 6 0.922463
598 6 0.758262
599 6 0.916197
600 7 0.098764
601 7 0.969384
602 7 0.843638
603 7 0.979392
604 7 0.706048
605 7 0.883190
606 7 0.900225
607 7 0.967268
608 7 0.944381
609 7 0.756816
610 7 0.961439
611 7 0.880276
612 7 0.958393
613 7 0.946763
614 7 0.071378
615 7 0.890914
616 7 0.880515
617 7 0.721536
618 7 0.971721
619 7 0.186368
620 7 0.728133
621 7 0.893776
622 7 0.881111
623 7 0.042493
624 7 0.762186
625 7 0.825179
626 7 0.952051
627 7 0.952676
628 7 0.783532
629 7 0.780705
630 7 0.986334
631 7 0.937902
632 7 0.102115
633 7 0.944515
634 7 0.914241
635 7 0.563538
636 7 0.719023
637 7 0.926651
638 7 0.952742
639 7 0.907147
640 7 0.875900
641 7 0.882860
642 7 0.897152
643 7 0.119088
644 7 0.836141
645 7 0.427695
646 7 0.970115
647 7 0.943669
648 7 0.915211
649 7 0.721332
650 7 0.925257
651 7 0.607806
652 7 0.946840
653 7 0.683557
654 7 0.955435
655 7 0.920361
656 7 0.973270
657 7 0.919001
658 7 0.897330
659 7 0.974903
660 7 0.845892
661 7 0.861371
662 7 0.980294
663 7 0.910937
664 7 0.924960
665 7 0.935446
666 7 0.775288
667 7 0.892932
668 7 0.853683
669 7 0.780781
670 7 0.918310
671 7 0.823199
672 7 0.949441
673 7 0.875141
674 7 0.922014
675 7 0.950398
676 7 0.922335
677 7 0.887487
678 7 0.933097
679 7 0.953857
680 7 0.508476
681 7 0.914211
682 7 0.959374
683 7 1.011610
684 7 0.936747
685 7 0.918888
686 7 0.967628
687 7 0.865132
688 7 0.615439
689 7 0.976076
690 7 0.497889
691 7 0.914713
692 7 0.701356
693 7 0.712218
694 7 0.899246
695 7 0.952546
696 7 0.931883
697 7 0.487945
698 7 0.937951
699 7 0.773108
700 8 0.964523
701 8 0.099177
702 8 0.951820
703 8 0.682316
704 8 0.798401
705 8 0.895404
706 8 0.722404
707 8 0.945003
708 8 0.884832
709 8 0.788461
710 8 1.009627
711 8 0.957809
712 8 0.572470
713 8 0.915972
714 8 0.922403
715 8 0.978963
716 8 0.925171
717 8 0.926210
718 8 0.605802
719 8 0.908071
720 8 0.927607
721 8 0.927105
722 8 0.979211
723 8 0.932078
724 8 0.907408
725 8 0.936263
726 8 0.943597
727 8 0.882158
728 8 0.512292
729 8 0.863411
730 8 0.899965
731 8 0.043372
732 8 0.963974
733 8 0.965775
734 8 0.780301
735 8 0.427079
736 8 0.875306
737 8 0.803975
738 8 0.880780
739 8 0.945391
740 8 0.071907
741 8 0.950819
742 8 0.917652
743 8 0.945284
744 8 0.908007
745 8 0.921282
746 8 0.710464
747 8 0.894146
748 8 0.827157
749 8 0.844816
750 8 0.741541
751 8 0.954318
752 8 0.904409
753 8 0.934204
754 8 0.960021
755 8 0.943450
756 8 0.948888
757 8 0.973523
758 8 0.841875
759 8 0.939192
760 8 0.915332
761 8 0.909774
762 8 0.906428
763 8 0.457656
764 8 0.906458
765 8 0.762190
766 8 0.885014
767 8 0.914785
768 8 0.893433
769 8 0.720101
770 8 0.925909
771 8 0.831880
772 8 0.924631
773 8 0.959616
774 8 0.941629
775 8 0.931815
776 8 0.922661
777 8 0.497497
778 8 0.257166
779 8 0.611792
780 8 0.921012
781 8 0.152020
782 8 0.738535
783 8 0.687729
784 8 0.750630
785 8 0.861271
786 8 0.985449
787 8 0.957849
788 8 0.774046
789 8 0.688271
790 8 0.959636
791 8 0.955991
792 8 0.932561
793 8 0.950932
794 8 0.878861
795 8 0.739614
796 8 0.978189
797 8 0.102943
798 8 0.927999
799 8 0.886008
800 9 1.009806
801 9 0.807658
802 9 0.875140
803 9 0.932888
804 9 0.975359
805 9 0.861951
806 9 0.906212
807 9 0.457162
808 9 0.772606
809 9 0.776389
810 9 0.875494
811 9 0.884477
812 9 0.977107
813 9 0.936233
814 9 0.934690
815 9 0.755195
816 9 0.924099
817 9 0.935252
818 9 0.949357
819 9 0.499020
820 9 0.859985
821 9 0.119034
822 9 0.072007
823 9 0.944549
824 9 0.953014
825 9 0.977286
826 9 0.910655
827 9 0.927098
828 9 0.979233
829 9 0.908486
830 9 0.672203
831 9 0.958632
832 9 0.928669
833 9 0.425500
834 9 0.899147
835 9 0.683774
836 9 0.866066
837 9 0.942680
838 9 0.992363
839 9 0.807754
840 9 0.947437
841 9 0.930940
842 9 0.949243
843 9 0.760524
844 9 0.926938
845 9 0.676151
846 9 0.943379
847 9 0.988019
848 9 0.681839
849 9 0.954257
850 9 0.727572
851 9 0.894110
852 9 0.894424
853 9 0.882138
854 9 0.806439
855 9 0.916296
856 9 0.187309
857 9 0.871307
858 9 0.880362
859 9 0.887317
860 9 0.905048
861 9 0.907099
862 9 0.811938
863 9 0.888522
864 9 0.645411
865 9 0.959938
866 9 0.915416
867 9 0.911613
868 9 0.964816
869 9 0.044899
870 9 0.928191
871 9 0.103092
872 9 0.888063
873 9 0.904434
874 9 0.951930
875 9 0.950904
876 9 0.645003
877 9 0.877609
878 9 1.014572
879 9 0.891407
880 9 0.846565
881 9 0.882496
882 9 0.938533
883 9 0.924816
884 9 0.908339
885 9 0.894498
886 9 0.664141
887 9 0.684660
888 9 0.937896
889 9 0.529097
890 9 0.750754
891 9 0.878940
892 9 0.974510
893 9 0.565025
894 9 0.100238
895 9 0.606868
896 9 0.735010
897 9 0.858459
898 9 0.902641
899 9 0.959614
900 10 0.936285
901 10 0.624757
902 10 0.485675
903 10 0.808934
904 10 0.884919
905 10 0.949405
906 10 0.456727
907 10 0.851188
908 10 0.044798
909 10 0.956606
910 10 0.187125
911 10 0.912586
912 10 0.605241
913 10 0.934126
914 10 0.838799
915 10 0.893446
916 10 0.927477
917 10 0.879494
918 10 0.913991
919 10 0.876781
920 10 0.759892
921 10 0.943519
922 10 0.958939
923 10 0.861634
924 10 0.894062
925 10 0.962386
926 10 0.934662
927 10 0.893484
928 10 0.858976
929 10 0.825228
930 10 0.900077
931 10 0.874207
932 10 0.982658
933 10 0.072756
934 10 0.887178
935 10 0.441973
936 10 0.908883
937 10 0.973760
938 10 0.849267
939 10 0.751167
940 10 0.852620
941 10 0.912561
942 10 0.992290
943 10 0.661206
944 10 0.934888
945 10 0.956772
946 10 0.907892
947 10 0.911068
948 10 0.623640
949 10 0.902589
950 10 0.788427
951 10 0.926239
952 10 0.745257
953 10 0.906160
954 10 0.945118
955 10 0.952740
956 10 0.986293
957 10 0.565475
958 10 0.864607
959 10 0.840703
960 10 0.498231
961 10 0.875766
962 10 0.929747
963 10 1.051022
964 10 0.696398
965 10 0.794083
966 10 0.943319
967 10 0.755775
968 10 0.961662
969 10 0.948644
970 10 0.632354
971 10 0.795778
972 10 0.857049
973 10 0.636818
974 10 0.895443
975 10 0.845769
976 10 0.906646
977 10 0.979980
978 10 0.911099
979 10 0.960457
980 10 1.100012
981 10 0.119432
982 10 0.692283
983 10 0.644506
984 10 0.924958
985 10 0.894821
986 10 0.937926
987 10 0.804063
988 10 0.944988
989 10 1.031359
990 10 0.102984
991 10 0.682473
992 10 0.777919
993 10 0.100531
994 10 0.875933
995 10 0.995795
996 10 0.886531
997 10 0.975742
998 10 0.880565
999 10 0.948895
1000 11 0.943663
1001 11 0.840051
1002 11 0.872343
1003 11 0.976754
1004 11 0.892615
1005 11 0.710431
1006 11 0.703541
1007 11 0.875137
1008 11 0.837663
1009 11 0.956274
1010 11 0.790208
1011 11 0.871049
1012 11 0.722741
1013 11 0.952726
1014 11 0.045134
1015 11 0.948567
1016 11 0.991153
1017 11 0.700249
1018 11 1.018373
1019 11 0.877934
1020 11 0.764961
1021 11 0.905235
1022 11 1.068133
1023 11 0.888734
1024 11 0.881120
1025 11 0.960451
1026 11 0.849723
1027 11 0.811183
1028 11 1.002467
1029 11 0.969846
1030 11 0.912578
1031 11 0.884526
1032 11 0.943922
1033 11 0.998455
1034 11 0.766675
1035 11 0.845922
1036 11 0.770294
1037 11 0.695980
1038 11 0.588762
1039 11 0.799873
1040 11 0.856394
1041 11 0.889960
1042 11 0.900527
1043 11 0.901781
1044 11 0.969337
1045 11 0.119381
1046 11 0.421636
1047 11 1.094273
1048 11 0.941725
1049 11 0.875799
1050 11 0.591423
1051 11 0.952068
1052 11 0.072554
1053 11 0.918877
1054 11 0.979071
1055 11 0.103183
1056 11 0.926148
1057 11 0.496312
1058 11 0.978457
1059 11 0.681561
1060 11 0.883860
1061 11 0.718288
1062 11 0.955452
1063 11 0.922022
1064 11 0.526412
1065 11 1.011563
1066 11 0.912335
1067 11 0.914060
1068 11 0.926160
1069 11 0.826107
1070 11 0.672473
1071 11 0.914852
1072 11 0.965281
1073 11 0.923500
1074 11 0.912795
1075 11 0.187957
1076 11 0.907579
1077 11 0.942485
1078 11 0.781088
1079 11 0.965951
1080 11 0.860629
1081 11 0.627517
1082 11 0.931412
1083 11 0.952648
1084 11 0.776437
1085 11 0.604047
1086 11 0.907793
1087 11 0.100710
1088 11 0.934732
1089 11 1.010408
1090 11 0.456177
1091 11 0.822597
1092 11 0.948234
1093 11 0.903479
1094 11 0.897295
1095 11 0.871401
1096 11 0.952186
1097 11 0.949241
1098 11 0.567458
1099 11 0.920852
1100 12 0.853309
1101 12 0.910892
1102 12 0.910573
1103 12 0.913984
1104 12 0.943625
1105 12 0.045633
1106 12 0.788618
1107 12 0.136041
1108 12 0.842252
1109 12 0.972736
1110 12 0.922670
1111 12 0.825392
1112 12 0.844430
1113 12 0.979974
1114 12 0.901557
1115 12 0.955756
1116 12 0.703103
1117 12 0.871515
1118 12 0.946786
1119 12 0.935052
1120 12 0.954860
1121 12 0.187659
1122 12 0.753326
1123 12 0.904668
1124 12 0.714783
1125 12 0.773091
1126 12 0.927677
1127 12 0.931846
1128 12 1.016238
1129 12 0.881935
1130 12 0.885178
1131 12 0.805507
1132 12 0.875591
1133 12 0.927928
1134 12 0.857702
1135 12 0.904572
1136 12 0.907464
1137 12 0.783679
1138 12 0.603483
1139 12 0.496386
1140 12 0.910790
1141 12 0.891231
1142 12 0.903431
1143 12 0.889317
1144 12 0.746186
1145 12 0.680742
1146 12 0.907947
1147 12 0.943609
1148 12 0.584643
1149 12 0.921437
1150 12 0.977014
1151 12 0.948393
1152 12 0.580676
1153 12 0.873741
1154 12 0.100512
1155 12 0.481032
1156 12 0.970569
1157 12 0.958094
1158 12 0.613067
1159 12 0.951938
1160 12 0.854084
1161 12 0.941753
1162 12 0.072685
1163 12 0.979455
1164 12 0.948646
1165 12 0.776980
1166 12 0.499113
1167 12 0.955549
1168 12 0.930941
1169 12 0.762828
1170 12 0.771693
1171 12 0.975244
1172 12 0.941338
1173 12 0.705986
1174 12 0.939831
1175 12 0.859060
1176 12 0.888005
1177 12 0.876398
1178 12 0.737663
1179 12 0.877572
1180 12 0.818811
1181 12 0.937069
1182 12 0.948198
1183 12 0.566339
1184 12 0.881235
1185 12 0.936021
1186 12 0.597431
1187 12 0.893633
1188 12 0.889624
1189 12 0.807515
1190 12 0.814045
1191 12 0.991477
1192 12 0.874024
1193 12 0.467270
1194 12 0.119952
1195 12 0.861009
1196 12 0.828167
1197 12 0.940818
1198 12 0.910058
1199 12 0.975685
1200 13 0.705983
1201 13 0.781438
1202 13 0.935602
1203 13 0.455964
1204 13 0.990172
1205 13 0.908229
1206 13 0.879091
1207 13 0.946056
1208 13 0.927578
1209 13 0.983081
1210 13 0.918213
1211 13 0.940511
1212 13 0.955161
1213 13 0.875301
1214 13 0.884336
1215 13 0.960101
1216 13 0.949519
1217 13 0.903464
1218 13 0.699684
1219 13 0.848183
1220 13 0.903676
1221 13 1.008861
1222 13 0.752852
1223 13 0.797877
1224 13 1.016441
1225 13 0.666874
1226 13 0.954876
1227 13 0.845304
1228 13 0.940872
1229 13 0.188146
1230 13 0.962324
1231 13 0.622974
1232 13 0.102917
1233 13 0.915841
1234 13 0.875353
1235 13 0.825213
1236 13 0.509825
1237 13 1.029736
1238 13 0.806217
1239 13 0.950044
1240 13 0.862239
1241 13 1.002872
1242 13 0.889713
1243 13 0.072570
1244 13 0.803016
1245 13 0.605354
1246 13 0.972616
1247 13 0.924414
1248 13 0.886602
1249 13 0.677290
1250 13 1.013223
1251 13 0.909525
1252 13 0.871860
1253 13 0.578275
1254 13 0.980581
1255 13 0.920421
1256 13 0.910026
1257 13 0.939816
1258 13 0.888374
1259 13 0.604243
1260 13 0.940778
1261 13 0.855548
1262 13 0.884140
1263 13 0.939057
1264 13 0.805682
1265 13 0.786325
1266 13 0.568940
1267 13 0.760262
1268 13 0.801958
1269 13 0.954784
1270 13 0.973831
1271 13 0.891350
1272 13 0.933062
1273 13 0.925321
1274 13 0.808635
1275 13 0.902672
1276 13 0.940731
1277 13 0.938115
1278 13 0.903554
1279 13 0.909940
1280 13 0.930794
1281 13 0.916758
1282 13 0.906319
1283 13 0.739404
1284 13 0.942711
1285 13 0.842228
1286 13 0.852933
1287 13 0.045976
1288 13 0.420591
1289 13 0.910619
1290 13 0.680304
1291 13 0.100947
1292 13 0.826213
1293 13 0.499792
1294 13 0.881423
1295 13 0.954978
1296 13 0.951389
1297 13 0.119674
1298 13 0.693885
1299 13 0.710742
1300 14 0.978546
1301 14 0.880406
1302 14 0.909984
1303 14 0.903490
1304 14 0.420022
1305 14 0.908615
1306 14 0.844112
1307 14 0.611690
1308 14 1.011123
1309 14 0.928149
1310 14 0.964344
1311 14 0.867143
1312 14 0.045940
1313 14 0.760753
1314 14 0.937449
1315 14 0.788204
1316 14 0.926737
1317 14 0.072233
1318 14 0.978949
1319 14 0.706505
1320 14 0.765483
1321 14 0.737717
1322 14 0.658151
1323 14 0.678439
1324 14 0.569893
1325 14 0.882030
1326 14 0.909322
1327 14 0.865599
1328 14 0.835657
1329 14 0.946284
1330 14 0.934819
1331 14 0.932055
1332 14 0.975174
1333 14 0.943175
1334 14 0.825914
1335 14 0.848735
1336 14 0.950530
1337 14 0.750744
1338 14 0.814535
1339 14 0.980951
1340 14 0.496604
1341 14 0.607392
1342 14 0.455177
1343 14 0.955119
1344 14 0.946526
1345 14 0.888999
1346 14 0.970487
1347 14 0.917464
1348 14 0.814764
1349 14 0.883935
1350 14 0.943088
1351 14 0.780104
1352 14 0.910414
1353 14 0.934193
1354 14 0.990368
1355 14 0.894908
1356 14 0.928448
1357 14 0.872008
1358 14 0.911686
1359 14 0.990351
1360 14 0.952795
1361 14 0.856983
1362 14 0.918758
1363 14 0.850664
1364 14 1.004898
1365 14 0.787474
1366 14 1.011351
1367 14 0.853738
1368 14 0.101229
1369 14 0.119531
1370 14 0.873030
1371 14 0.890606
1372 14 0.881135
1373 14 0.851200
1374 14 0.994873
1375 14 0.784625
1376 14 0.788820
1377 14 0.851377
1378 14 0.510759
1379 14 0.928578
1380 14 0.862395
1381 14 0.947006
1382 14 0.776550
1383 14 0.102808
1384 14 0.846014
1385 14 0.959309
1386 14 0.935986
1387 14 0.207965
1388 14 0.949674
1389 14 0.601867
1390 14 0.568173
1391 14 0.976505
1392 14 0.599133
1393 14 0.904952
1394 14 0.927223
1395 14 0.844048
1396 14 0.985915
1397 14 0.598844
1398 14 0.885585
1399 14 0.916213
1400 15 0.942098
1401 15 0.840051
1402 15 0.046092
1403 15 0.934841
1404 15 0.419561
1405 15 0.768929
1406 15 0.984149
1407 15 0.872760
1408 15 0.948210
1409 15 0.938072
1410 15 0.735900
1411 15 0.751748
1412 15 0.904767
1413 15 0.945371
1414 15 0.878631
1415 15 0.496667
1416 15 0.499224
1417 15 0.946652
1418 15 0.602793
1419 15 0.802732
1420 15 0.907619
1421 15 0.842355
1422 15 0.928988
1423 15 0.938462
1424 15 0.975312
1425 15 0.678411
1426 15 0.102989
1427 15 0.611645
1428 15 0.864787
1429 15 0.941700
1430 15 0.764363
1431 15 0.927916
1432 15 0.119554
1433 15 0.589140
1434 15 0.207163
1435 15 0.914252
1436 15 0.601766
1437 15 0.841880
1438 15 0.853142
1439 15 0.870522
1440 15 0.845363
1441 15 0.751456
1442 15 0.979707
1443 15 0.931999
1444 15 0.857967
1445 15 0.940692
1446 15 0.790194
1447 15 0.997630
1448 15 0.904067
1449 15 0.936084
1450 15 0.978636
1451 15 0.918915
1452 15 0.944577
1453 15 1.013279
1454 15 0.828286
1455 15 0.989202
1456 15 0.568231
1457 15 0.709549
1458 15 0.652871
1459 15 0.966953
1460 15 0.931400
1461 15 0.732213
1462 15 0.101581
1463 15 0.620788
1464 15 0.885975
1465 15 0.970656
1466 15 0.906656
1467 15 0.955042
1468 15 0.952110
1469 15 0.931222
1470 15 0.930797
1471 15 0.881204
1472 15 0.870536
1473 15 0.951056
1474 15 0.907752
1475 15 0.914002
1476 15 0.938827
1477 15 0.860456
1478 15 0.966001
1479 15 1.014059
1480 15 0.910978
1481 15 0.764759
1482 15 0.787453
1483 15 0.848586
1484 15 0.900501
1485 15 0.812702
1486 15 0.072557
1487 15 0.854528
1488 15 0.580162
1489 15 0.911824
1490 15 0.789421
1491 15 0.918375
1492 15 0.884111
1493 15 0.833300
1494 15 0.813928
1495 15 0.890681
1496 15 0.901362
1497 15 0.858660
1498 15 0.932085
1499 15 0.455698
1500 16 0.948149
1501 16 0.188704
1502 16 0.907958
1503 16 0.878114
1504 16 0.498617
1505 16 0.046423
1506 16 0.644502
1507 16 0.819927
1508 16 0.761515
1509 16 0.102936
1510 16 0.677601
1511 16 0.855459
1512 16 0.857254
1513 16 0.923337
1514 16 0.945614
1515 16 0.987912
1516 16 0.910681
1517 16 0.930335
1518 16 0.924056
1519 16 0.947563
1520 16 0.072446
1521 16 0.981358
1522 16 0.950058
1523 16 0.891110
1524 16 0.497040
1525 16 0.911327
1526 16 0.863915
1527 16 0.890498
1528 16 0.119922
1529 16 0.765894
1530 16 0.424087
1531 16 0.826618
1532 16 0.698634
1533 16 0.533751
1534 16 0.936563
1535 16 0.801100
1536 16 0.934358
1537 16 0.955919
1538 16 0.680648
1539 16 0.923194
1540 16 1.014744
1541 16 0.873119
1542 16 0.915608
1543 16 0.907448
1544 16 0.840971
1545 16 0.568828
1546 16 0.732944
1547 16 0.914949
1548 16 0.818642
1549 16 0.917511
1550 16 0.966917
1551 16 0.931574
1552 16 0.741239
1553 16 0.812899
1554 16 0.881013
1555 16 0.928382
1556 16 0.869846
1557 16 0.581828
1558 16 0.502207
1559 16 0.940587
1560 16 0.966156
1561 16 0.854729
1562 16 0.872296
1563 16 0.873602
1564 16 0.713401
1565 16 0.936215
1566 16 0.903414
1567 16 0.941702
1568 16 0.963550
1569 16 0.887510
1570 16 0.775319
1571 16 0.972854
1572 16 0.900844
1573 16 0.971138
1574 16 0.652031
1575 16 0.910752
1576 16 0.885423
1577 16 0.931701
1578 16 0.924606
1579 16 0.916773
1580 16 0.978468
1581 16 0.845982
1582 16 0.880539
1583 16 0.572987
1584 16 0.758320
1585 16 0.885482
1586 16 0.985597
1587 16 0.902507
1588 16 1.028919
1589 16 0.932241
1590 16 0.943829
1591 16 0.573654
1592 16 0.101297
1593 16 0.775225
1594 16 0.976747
1595 16 0.600920
1596 16 0.896706
1597 16 0.781173
1598 16 0.741836
1599 16 0.951617
1600 17 0.604319
1601 17 0.923328
1602 17 0.936746
1603 17 0.903360
1604 17 0.453788
1605 17 0.892563
1606 17 0.970080
1607 17 0.874632
1608 17 0.980145
1609 17 0.938059
1610 17 0.930661
1611 17 0.676972
1612 17 0.887640
1613 17 1.013494
1614 17 0.954275
1615 17 0.704802
1616 17 0.946558
1617 17 0.979079
1618 17 0.937896
1619 17 0.762732
1620 17 0.909220
1621 17 0.847716
1622 17 0.972799
1623 17 0.750065
1624 17 0.938830
1625 17 0.072485
1626 17 0.909631
1627 17 0.933959
1628 17 0.927745
1629 17 0.935734
1630 17 0.873156
1631 17 0.943019
1632 17 0.419541
1633 17 0.942803
1634 17 0.591871
1635 17 0.931595
1636 17 0.924024
1637 17 0.873002
1638 17 0.901597
1639 17 0.833127
1640 17 0.856247
1641 17 1.016197
1642 17 0.848891
1643 17 0.046538
1644 17 0.960481
1645 17 0.101320
1646 17 0.882809
1647 17 0.883186
1648 17 0.950654
1649 17 0.898765
1650 17 0.857587
1651 17 0.786999
1652 17 0.496594
1653 17 0.600124
1654 17 0.940091
1655 17 0.909258
1656 17 0.569407
1657 17 0.819000
1658 17 0.842540
1659 17 0.941765
1660 17 0.880384
1661 17 0.827627
1662 17 0.925183
1663 17 0.877232
1664 17 0.860813
1665 17 0.567899
1666 17 0.548393
1667 17 0.753812
1668 17 0.800148
1669 17 0.947765
1670 17 0.585955
1671 17 0.565169
1672 17 0.899303
1673 17 0.885509
1674 17 0.840172
1675 17 0.890301
1676 17 0.903038
1677 17 0.909246
1678 17 0.858970
1679 17 0.102674
1680 17 0.988736
1681 17 0.764734
1682 17 0.979377
1683 17 0.964722
1684 17 0.952373
1685 17 0.923199
1686 17 0.846080
1687 17 0.119809
1688 17 0.500519
1689 17 0.933808
1690 17 0.950842
1691 17 0.912751
1692 17 0.975981
1693 17 0.700890
1694 17 0.842938
1695 17 0.189363
1696 17 0.915437
1697 17 0.868467
1698 17 0.735606
1699 17 0.916483
1700 18 0.072458
1701 18 0.864389
1702 18 0.873303
1703 18 0.907863
1704 18 0.870404
1705 18 0.880614
1706 18 0.931157
1707 18 1.011796
1708 18 0.909592
1709 18 0.883517
1710 18 0.825562
1711 18 0.944368
1712 18 0.101422
1713 18 0.898313
1714 18 0.925383
1715 18 0.973016
1716 18 0.896903
1717 18 0.956288
1718 18 0.856354
1719 18 0.939623
1720 18 0.612406
1721 18 0.675692
1722 18 0.905794
1723 18 0.599217
1724 18 0.774236
1725 18 0.805526
1726 18 0.188997
1727 18 0.920808
1728 18 0.961187
1729 18 0.569769
1730 18 0.906633
1731 18 0.949783
1732 18 0.909532
1733 18 0.916048
1734 18 0.978650
1735 18 0.666486
1736 18 0.841668
1737 18 0.523897
1738 18 0.600525
1739 18 0.809793
1740 18 0.951482
1741 18 0.935623
1742 18 0.549211
1743 18 0.119844
1744 18 0.937590
1745 18 0.935569
1746 18 0.908947
1747 18 0.786111
1748 18 0.980777
1749 18 0.986310
1750 18 0.930835
1751 18 0.844989
1752 18 0.889044
1753 18 0.907402
1754 18 0.760707
1755 18 0.102336
1756 18 0.872371
1757 18 0.948122
1758 18 0.886367
1759 18 0.762087
1760 18 0.967427
1761 18 0.687894
1762 18 0.907217
1763 18 0.871725
1764 18 0.783722
1765 18 0.942990
1766 18 0.830053
1767 18 0.788979
1768 18 0.914837
1769 18 0.924930
1770 18 0.953670
1771 18 0.956483
1772 18 0.944181
1773 18 0.632212
1774 18 0.934096
1775 18 0.976113
1776 18 0.989213
1777 18 0.905868
1778 18 0.878711
1779 18 0.921647
1780 18 0.870292
1781 18 0.930978
1782 18 0.453336
1783 18 0.951175
1784 18 0.855738
1785 18 0.418973
1786 18 0.046695
1787 18 0.846890
1788 18 0.827653
1789 18 0.881914
1790 18 0.893081
1791 18 0.919049
1792 18 0.990348
1793 18 0.509168
1794 18 0.500624
1795 18 0.799319
1796 18 0.500624
1797 18 0.859801
1798 18 0.937930
1799 18 0.786645
1800 19 0.912269
1801 19 0.908729
1802 19 0.825177
1803 19 0.877968
1804 19 0.498600
1805 19 0.851931
1806 19 0.863115
1807 19 0.781772
1808 19 0.857144
1809 19 0.906425
1810 19 0.189167
1811 19 0.713782
1812 19 0.883218
1813 19 0.948058
1814 19 0.869436
1815 19 0.504487
1816 19 0.943358
1817 19 0.838867
1818 19 0.773866
1819 19 0.962355
1820 19 0.598925
1821 19 1.013896
1822 19 0.968563
1823 19 0.692619
1824 19 0.898673
1825 19 0.976750
1826 19 0.886498
1827 19 0.985807
1828 19 0.929669
1829 19 0.923140
1830 19 0.901858
1831 19 0.938568
1832 19 0.845613
1833 19 0.932972
1834 19 0.932272
1835 19 0.564499
1836 19 0.754631
1837 19 0.419770
1838 19 0.845553
1839 19 0.938244
1840 19 0.755070
1841 19 0.674273
1842 19 0.874912
1843 19 0.956390
1844 19 0.536116
1845 19 0.072440
1846 19 0.733488
1847 19 0.938922
1848 19 0.047032
1849 19 0.936472
1850 19 0.922086
1851 19 0.529560
1852 19 0.569213
1853 19 0.726856
1854 19 0.826150
1855 19 0.977603
1856 19 0.943873
1857 19 0.749940
1858 19 0.897117
1859 19 0.916969
1860 19 0.945583
1861 19 0.612088
1862 19 0.886922
1863 19 0.822862
1864 19 0.943193
1865 19 0.877281
1866 19 0.909847
1867 19 0.941315
1868 19 0.978251
1869 19 0.974498
1870 19 0.861999
1871 19 0.955933
1872 19 0.119953
1873 19 0.887554
1874 19 0.990294
1875 19 0.927608
1876 19 0.937834
1877 19 0.764574
1878 19 0.880794
1879 19 0.875463
1880 19 0.931639
1881 19 0.452338
1882 19 0.700984
1883 19 0.863151
1884 19 0.795245
1885 19 0.941894
1886 19 0.952070
1887 19 0.935300
1888 19 0.103158
1889 19 0.844657
1890 19 0.960308
1891 19 0.938724
1892 19 0.855374
1893 19 0.929809
1894 19 0.951796
1895 19 0.101759
1896 19 0.916393
1897 19 0.771904
1898 19 0.710074
1899 19 0.762754
1900 20 0.933272
1901 20 0.840418
1902 20 0.072500
1903 20 0.817015
1904 20 0.966194
1905 20 0.955246
1906 20 0.102994
1907 20 0.851506
1908 20 0.942312
1909 20 0.972308
1910 20 0.977441
1911 20 0.189525
1912 20 0.933819
1913 20 0.120285
1914 20 0.844925
1915 20 0.919528
1916 20 0.913906
1917 20 0.908914
1918 20 0.878141
1919 20 0.700745
1920 20 0.865938
1921 20 0.773076
1922 20 0.900965
1923 20 0.949131
1924 20 0.949777
1925 20 0.908427
1926 20 0.982273
1927 20 0.947762
1928 20 0.928279
1929 20 0.778136
1930 20 0.879758
1931 20 0.871837
1932 20 0.956747
1933 20 0.929041
1934 20 0.935123
1935 20 0.937068
1936 20 0.827230
1937 20 0.639287
1938 20 0.939720
1939 20 0.873764
1940 20 0.966517
1941 20 0.847701
1942 20 0.778061
1943 20 0.753803
1944 20 0.535415
1945 20 0.535700
1946 20 0.754195
1947 20 0.495826
1948 20 0.989596
1949 20 0.775006
1950 20 0.452822
1951 20 0.903094
1952 20 0.950404
1953 20 0.875708
1954 20 0.721618
1955 20 0.969911
1956 20 0.569602
1957 20 0.733529
1958 20 0.925405
1959 20 0.821634
1960 20 0.943501
1961 20 0.559062
1962 20 0.792090
1963 20 0.545721
1964 20 0.759096
1965 20 0.718417
1966 20 0.101821
1967 20 0.951037
1968 20 0.834910
1969 20 0.927181
1970 20 0.883036
1971 20 0.869694
1972 20 0.939371
1973 20 0.856984
1974 20 0.939994
1975 20 0.676339
1976 20 0.867303
1977 20 0.887053
1978 20 0.933385
1979 20 0.844433
1980 20 0.599713
1981 20 0.962837
1982 20 0.909432
1983 20 0.953434
1984 20 0.611244
1985 20 0.938733
1986 20 0.896644
1987 20 0.564228
1988 20 0.873982
1989 20 0.983204
1990 20 0.855383
1991 20 0.047307
1992 20 0.913727
1993 20 0.418239
1994 20 0.936404
1995 20 0.916051
1996 20 1.015190
1997 20 0.860025
1998 20 0.497320
1999 20 0.863155
2000 21 0.815142
2001 21 0.940764
2002 21 0.563076
2003 21 0.812008
2004 21 0.977393
2005 21 0.850846
2006 21 0.523465
2007 21 0.828114
2008 21 0.120282
2009 21 0.929872
2010 21 0.944901
2011 21 0.857927
2012 21 0.909831
2013 21 0.888981
2014 21 0.931746
2015 21 0.816508
2016 21 0.553959
2017 21 0.913235
2018 21 0.953390
2019 21 0.943587
2020 21 0.936636
2021 21 0.845505
2022 21 0.906348
2023 21 0.750948
2024 21 0.770304
2025 21 0.805729
2026 21 0.927119
2027 21 0.953198
2028 21 0.827451
2029 21 0.421851
2030 21 0.734092
2031 21 0.856651
2032 21 0.850371
2033 21 0.732851
2034 21 0.883248
2035 21 0.787442
2036 21 0.903556
2037 21 0.552159
2038 21 0.972794
2039 21 0.706442
2040 21 0.866959
2041 21 0.047250
2042 21 0.498300
2043 21 0.849483
2044 21 0.451074
2045 21 0.884736
2046 21 0.909265
2047 21 0.827551
2048 21 0.597796
2049 21 0.908288
2050 21 0.934554
2051 21 0.491562
2052 21 0.101677
2053 21 0.825807
2054 21 1.003077
2055 21 0.836796
2056 21 0.985299
2057 21 0.910045
2058 21 0.482391
2059 21 0.949447
2060 21 0.878396
2061 21 0.519276
2062 21 0.902887
2063 21 0.852517
2064 21 0.906432
2065 21 0.911047
2066 21 0.988227
2067 21 0.835256
2068 21 0.673248
2069 21 0.857200
2070 21 0.920161
2071 21 0.973214
2072 21 0.936447
2073 21 0.939490
2074 21 0.874071
2075 21 0.853271
2076 21 0.919004
2077 21 0.972589
2078 21 0.864132
2079 21 0.948707
2080 21 0.865671
2081 21 1.017025
2082 21 0.943066
2083 21 0.978391
2084 21 0.694775
2085 21 0.567339
2086 21 0.867165
2087 21 0.931855
2088 21 0.881196
2089 21 0.959413
2090 21 0.657117
2091 21 0.189907
2092 21 0.878537
2093 21 0.981483
2094 21 0.072440
2095 21 0.949965
2096 21 0.934807
2097 21 0.786941
2098 21 0.914515
2099 21 0.103327
2100 22 1.011541
2101 22 0.886175
2102 22 0.938367
2103 22 0.912598
2104 22 0.931511
2105 22 0.881211
2106 22 0.906410
2107 22 0.982223
2108 22 0.974580
2109 22 0.694426
2110 22 0.882079
2111 22 0.933666
2112 22 0.729602
2113 22 0.985078
2114 22 0.625148
2115 22 0.672395
2116 22 0.867234
2117 22 0.837279
2118 22 0.924028
2119 22 0.810203
2120 22 0.895764
2121 22 0.927789
2122 22 0.879530
2123 22 0.923217
2124 22 0.815262
2125 22 0.976034
2126 22 0.958883
2127 22 0.417584
2128 22 0.948929
2129 22 0.873951
2130 22 0.103445
2131 22 0.940774
2132 22 0.498735
2133 22 0.919613
2134 22 0.930509
2135 22 0.889106
2136 22 0.980192
2137 22 0.801499
2138 22 0.453384
2139 22 0.905780
2140 22 0.898225
2141 22 0.727486
2142 22 0.520239
2143 22 0.752795
2144 22 0.825707
2145 22 0.072116
2146 22 0.954664
2147 22 0.936503
2148 22 0.879555
2149 22 0.937581
2150 22 0.932923
2151 22 0.120662
2152 22 0.949466
2153 22 0.762871
2154 22 0.918418
2155 22 0.545038
2156 22 0.611394
2157 22 0.902567
2158 22 0.854143
2159 22 0.883399
2160 22 0.830201
2161 22 0.933878
2162 22 0.877339
2163 22 0.824626
2164 22 0.902114
2165 22 0.944060
2166 22 0.953459
2167 22 0.667091
2168 22 0.838280
2169 22 0.961340
2170 22 0.909608
2171 22 0.808778
2172 22 0.954160
2173 22 0.944069
2174 22 0.934191
2175 22 0.842930
2176 22 0.880385
2177 22 0.547566
2178 22 0.573274
2179 22 0.951084
2180 22 0.746860
2181 22 0.836798
2182 22 0.941347
2183 22 0.973922
2184 22 0.859132
2185 22 0.949496
2186 22 0.847650
2187 22 0.960744
2188 22 0.597143
2189 22 0.786651
2190 22 0.967039
2191 22 0.047003
2192 22 0.876124
2193 22 0.880617
2194 22 0.565075
2195 22 0.101851
2196 22 0.852446
2197 22 0.726062
2198 22 0.914530
2199 22 0.189950
2200 23 0.942104
2201 23 0.940418
2202 23 1.012795
2203 23 0.901565
2204 23 0.985227
2205 23 0.671927
2206 23 0.189810
2207 23 0.729621
2208 23 0.895048
2209 23 0.824604
2210 23 0.046921
2211 23 0.762464
2212 23 0.958514
2213 23 0.958093
2214 23 0.865517
2215 23 0.943081
2216 23 0.841055
2217 23 0.881474
2218 23 0.923082
2219 23 0.873472
2220 23 0.960907
2221 23 0.935813
2222 23 0.980876
2223 23 0.922345
2224 23 0.120547
2225 23 0.896236
2226 23 0.785315
2227 23 0.876757
2228 23 0.900285
2229 23 0.561642
2230 23 0.841069
2231 23 0.910281
2232 23 0.962883
2233 23 0.807282
2234 23 0.936915
2235 23 0.595341
2236 23 0.842124
2237 23 0.914088
2238 23 0.499337
2239 23 0.974833
2240 23 0.924218
2241 23 0.752265
2242 23 0.955072
2243 23 0.573294
2244 23 0.961785
2245 23 0.416583
2246 23 0.936235
2247 23 0.880196
2248 23 0.884460
2249 23 0.561654
2250 23 0.820943
2251 23 0.832294
2252 23 0.976253
2253 23 0.917366
2254 23 0.934518
2255 23 0.451044
2256 23 0.908264
2257 23 0.813598
2258 23 0.889414
2259 23 0.965587
2260 23 0.853382
2261 23 0.934901
2262 23 0.780028
2263 23 0.733149
2264 23 0.872479
2265 23 0.912826
2266 23 0.859246
2267 23 0.906937
2268 23 0.947789
2269 23 0.911286
2270 23 0.851946
2271 23 0.102058
2272 23 0.898819
2273 23 0.935486
2274 23 0.780130
2275 23 0.741787
2276 23 0.072443
2277 23 0.880104
2278 23 0.930149
2279 23 0.845630
2280 23 0.881811
2281 23 0.725908
2282 23 0.954654
2283 23 0.871280
2284 23 0.955178
2285 23 0.882468
2286 23 0.613161
2287 23 0.981949
2288 23 0.970602
2289 23 0.879390
2290 23 0.773620
2291 23 0.908561
2292 23 0.930075
2293 23 0.765186
2294 23 0.497492
2295 23 0.698663
2296 23 0.924719
2297 23 0.544635
2298 23 0.103344
2299 23 0.909877
