# Batch convergence for: model=snn-ae encoding=direct architecture=recurrent v_th=1 alpha=0.9 run=3
batch_num epoch batch_loss
0 1 0.222656
1 1 0.295455
2 1 0.323072
3 1 0.245300
4 1 0.505443
5 1 0.356459
6 1 0.263646
7 1 0.477471
8 1 0.209860
9 1 0.368017
10 1 0.246685
11 1 0.290136
12 1 0.151979
13 1 0.364562
14 1 0.503920
15 1 0.365827
16 1 0.387025
17 1 0.249750
18 1 0.337722
19 1 0.289396
20 1 0.481832
21 1 0.153130
22 1 0.178502
23 1 0.339397
24 1 0.209160
25 1 0.274850
26 1 0.169662
27 1 0.247875
28 1 0.117440
29 1 0.270463
30 1 0.312525
31 1 0.351286
32 1 0.310090
33 1 0.201147
34 1 0.199350
35 1 0.046086
36 1 0.226832
37 1 0.221348
38 1 0.087731
39 1 0.075262
40 1 0.127401
41 1 0.386068
42 1 0.172689
43 1 0.465689
44 1 0.318009
45 1 0.294948
46 1 0.194600
47 1 0.268044
48 1 0.234213
49 1 0.227123
50 1 0.166078
51 1 0.330374
52 1 0.319262
53 1 0.101822
54 1 0.149014
55 1 0.312452
56 1 0.247257
57 1 0.288586
58 1 0.042267
59 1 0.231161
60 1 0.210438
61 1 0.252035
62 1 0.248661
63 1 0.200577
64 1 0.259909
65 1 0.267352
66 1 0.096778
67 1 0.234958
68 1 0.218089
69 1 0.103052
70 1 0.157161
71 1 0.113959
72 1 0.096306
73 1 0.211949
74 1 0.233615
75 1 0.179740
76 1 0.209979
77 1 0.142079
78 1 0.208447
79 1 0.183114
80 1 0.075719
81 1 0.284065
82 1 0.037710
83 1 0.130491
84 1 0.260407
85 1 0.289513
86 1 0.044780
87 1 0.184065
88 1 0.288217
89 1 0.205343
90 1 0.095798
91 1 0.262116
92 1 0.087805
93 1 0.148042
94 1 0.127333
95 1 0.343226
96 1 0.199099
97 1 0.261432
98 1 0.250191
99 1 0.249697
100 2 0.183928
101 2 0.037426
102 2 0.173857
103 2 0.217938
104 2 0.217702
105 2 0.265632
106 2 0.280920
107 2 0.215421
108 2 0.243240
109 2 0.294542
110 2 0.179984
111 2 0.097647
112 2 0.155180
113 2 0.143005
114 2 0.162901
115 2 0.260449
116 2 0.127243
117 2 0.257516
118 2 0.129975
119 2 0.204127
120 2 0.139551
121 2 0.115944
122 2 0.051248
123 2 0.196408
124 2 0.143956
125 2 0.157483
126 2 0.225828
127 2 0.176054
128 2 0.146080
129 2 0.222125
130 2 0.264994
131 2 0.270715
132 2 0.256081
133 2 0.100702
134 2 0.249878
135 2 0.173060
136 2 0.043893
137 2 0.137806
138 2 0.267014
139 2 0.177195
140 2 0.041285
141 2 0.284792
142 2 0.289372
143 2 0.187287
144 2 0.224868
145 2 0.187393
146 2 0.384522
147 2 0.109996
148 2 0.165406
149 2 0.172986
150 2 0.084888
151 2 0.196561
152 2 0.181902
153 2 0.123711
154 2 0.154151
155 2 0.091543
156 2 0.225993
157 2 0.153375
158 2 0.125159
159 2 0.329658
160 2 0.231146
161 2 0.122698
162 2 0.037109
163 2 0.211231
164 2 0.177624
165 2 0.159179
166 2 0.167213
167 2 0.185176
168 2 0.213547
169 2 0.228299
170 2 0.188842
171 2 0.314574
172 2 0.136497
173 2 0.184699
174 2 0.217346
175 2 0.255407
176 2 0.174996
177 2 0.094098
178 2 0.248785
179 2 0.194172
180 2 0.157205
181 2 0.223604
182 2 0.045139
183 2 0.240357
184 2 0.307815
185 2 0.107516
186 2 0.179710
187 2 0.256948
188 2 0.238135
189 2 0.335201
190 2 0.241388
191 2 0.242231
192 2 0.176010
193 2 0.237709
194 2 0.073505
195 2 0.194650
196 2 0.146021
197 2 0.154646
198 2 0.176635
199 2 0.167749
200 3 0.323280
201 3 0.217437
202 3 0.139839
203 3 0.209434
204 3 0.111164
205 3 0.183051
206 3 0.120761
207 3 0.049816
208 3 0.149009
209 3 0.174126
210 3 0.231924
211 3 0.185347
212 3 0.236063
213 3 0.238076
214 3 0.173614
215 3 0.041490
216 3 0.225281
217 3 0.037189
218 3 0.073036
219 3 0.088670
220 3 0.216857
221 3 0.037692
222 3 0.081809
223 3 0.305994
224 3 0.190746
225 3 0.212996
226 3 0.219881
227 3 0.147268
228 3 0.265915
229 3 0.081734
230 3 0.151800
231 3 0.091635
232 3 0.045360
233 3 0.239711
234 3 0.229403
235 3 0.209603
236 3 0.180083
237 3 0.218638
238 3 0.193013
239 3 0.277429
240 3 0.160399
241 3 0.237896
242 3 0.191619
243 3 0.138871
244 3 0.281146
245 3 0.226357
246 3 0.224902
247 3 0.255355
248 3 0.217550
249 3 0.141991
250 3 0.219167
251 3 0.213328
252 3 0.263251
253 3 0.132695
254 3 0.221672
255 3 0.097725
256 3 0.116285
257 3 0.218544
258 3 0.204106
259 3 0.218989
260 3 0.237869
261 3 0.224968
262 3 0.153118
263 3 0.182686
264 3 0.329642
265 3 0.232303
266 3 0.132080
267 3 0.175906
268 3 0.186421
269 3 0.191854
270 3 0.123611
271 3 0.204133
272 3 0.210994
273 3 0.233469
274 3 0.130888
275 3 0.199665
276 3 0.087266
277 3 0.097587
278 3 0.233647
279 3 0.161862
280 3 0.045455
281 3 0.168100
282 3 0.157658
283 3 0.198590
284 3 0.217753
285 3 0.159444
286 3 0.247799
287 3 0.201220
288 3 0.183716
289 3 0.044334
290 3 0.177345
291 3 0.185945
292 3 0.165200
293 3 0.256890
294 3 0.265866
295 3 0.117456
296 3 0.166849
297 3 0.222720
298 3 0.185240
299 3 0.267503
300 4 0.231260
301 4 0.147747
302 4 0.257222
303 4 0.164194
304 4 0.068832
305 4 0.130751
306 4 0.170134
307 4 0.229629
308 4 0.172947
309 4 0.209171
310 4 0.191369
311 4 0.189643
312 4 0.118480
313 4 0.194939
314 4 0.163608
315 4 0.206748
316 4 0.049798
317 4 0.212968
318 4 0.165249
319 4 0.185792
320 4 0.267587
321 4 0.230267
322 4 0.196601
323 4 0.244971
324 4 0.117952
325 4 0.187591
326 4 0.166940
327 4 0.266047
328 4 0.107848
329 4 0.201422
330 4 0.194913
331 4 0.231277
332 4 0.297575
333 4 0.143192
334 4 0.195473
335 4 0.150259
336 4 0.154378
337 4 0.153693
338 4 0.157948
339 4 0.045855
340 4 0.173500
341 4 0.189234
342 4 0.176814
343 4 0.085844
344 4 0.269926
345 4 0.260835
346 4 0.184136
347 4 0.266387
348 4 0.113664
349 4 0.226059
350 4 0.255799
351 4 0.157440
352 4 0.123071
353 4 0.166105
354 4 0.092235
355 4 0.039063
356 4 0.129263
357 4 0.218173
358 4 0.210754
359 4 0.097896
360 4 0.184324
361 4 0.283691
362 4 0.191782
363 4 0.228214
364 4 0.134563
365 4 0.235988
366 4 0.176983
367 4 0.198256
368 4 0.081233
369 4 0.228816
370 4 0.086697
371 4 0.079182
372 4 0.144721
373 4 0.236617
374 4 0.195767
375 4 0.213510
376 4 0.214698
377 4 0.160031
378 4 0.038898
379 4 0.295230
380 4 0.203148
381 4 0.139147
382 4 0.249223
383 4 0.073062
384 4 0.134087
385 4 0.226844
386 4 0.160437
387 4 0.288167
388 4 0.203132
389 4 0.196551
390 4 0.200800
391 4 0.237261
392 4 0.047069
393 4 0.173747
394 4 0.175972
395 4 0.154751
396 4 0.174072
397 4 0.283943
398 4 0.184765
399 4 0.043540
400 5 0.129085
401 5 0.169189
402 5 0.178350
403 5 0.217812
404 5 0.203039
405 5 0.200977
406 5 0.207463
407 5 0.371910
408 5 0.151521
409 5 0.287690
410 5 0.222506
411 5 0.072783
412 5 0.063130
413 5 0.084568
414 5 0.212549
415 5 0.231433
416 5 0.115437
417 5 0.182789
418 5 0.237145
419 5 0.163755
420 5 0.193487
421 5 0.123408
422 5 0.172453
423 5 0.140422
424 5 0.172645
425 5 0.167224
426 5 0.045537
427 5 0.194586
428 5 0.329211
429 5 0.102688
430 5 0.147463
431 5 0.259107
432 5 0.146382
433 5 0.128270
434 5 0.126917
435 5 0.137952
436 5 0.127914
437 5 0.162984
438 5 0.146376
439 5 0.115187
440 5 0.185362
441 5 0.158669
442 5 0.122162
443 5 0.123974
444 5 0.233973
445 5 0.096963
446 5 0.118036
447 5 0.218862
448 5 0.225734
449 5 0.289247
450 5 0.238447
451 5 0.214599
452 5 0.132630
453 5 0.083150
454 5 0.200469
455 5 0.071007
456 5 0.189852
457 5 0.233673
458 5 0.248733
459 5 0.204674
460 5 0.231361
461 5 0.191561
462 5 0.227318
463 5 0.184607
464 5 0.164002
465 5 0.233417
466 5 0.183590
467 5 0.118135
468 5 0.155199
469 5 0.226751
470 5 0.219638
471 5 0.178279
472 5 0.075339
473 5 0.196871
474 5 0.059739
475 5 0.252542
476 5 0.139080
477 5 0.132986
478 5 0.200389
479 5 0.136397
480 5 0.181657
481 5 0.119036
482 5 0.174791
483 5 0.247032
484 5 0.077529
485 5 0.174435
486 5 0.200211
487 5 0.260520
488 5 0.168514
489 5 0.258397
490 5 0.116740
491 5 0.134015
492 5 0.252321
493 5 0.146558
494 5 0.059591
495 5 0.146613
496 5 0.227555
497 5 0.093677
498 5 0.127599
499 5 0.080677
500 6 0.044551
501 6 0.129617
502 6 0.048124
503 6 0.040297
504 6 0.230121
505 6 0.201933
506 6 0.083024
507 6 0.255490
508 6 0.273272
509 6 0.154963
510 6 0.187523
511 6 0.153173
512 6 0.206397
513 6 0.139037
514 6 0.259037
515 6 0.284598
516 6 0.080178
517 6 0.122584
518 6 0.138850
519 6 0.131497
520 6 0.213091
521 6 0.135018
522 6 0.149042
523 6 0.161523
524 6 0.239672
525 6 0.249473
526 6 0.116260
527 6 0.226537
528 6 0.190686
529 6 0.218444
530 6 0.226148
531 6 0.048278
532 6 0.248547
533 6 0.152663
534 6 0.183165
535 6 0.169911
536 6 0.153496
537 6 0.165000
538 6 0.166786
539 6 0.160326
540 6 0.215476
541 6 0.183748
542 6 0.191076
543 6 0.207276
544 6 0.167497
545 6 0.259437
546 6 0.148776
547 6 0.145187
548 6 0.157551
549 6 0.098488
550 6 0.180748
551 6 0.113357
552 6 0.137893
553 6 0.089488
554 6 0.191498
555 6 0.250491
556 6 0.188949
557 6 0.228021
558 6 0.272107
559 6 0.082974
560 6 0.173355
561 6 0.250907
562 6 0.126785
563 6 0.230854
564 6 0.086163
565 6 0.235327
566 6 0.187939
567 6 0.219750
568 6 0.243138
569 6 0.181991
570 6 0.085715
571 6 0.201669
572 6 0.154377
573 6 0.196381
574 6 0.165822
575 6 0.125169
576 6 0.068390
577 6 0.191496
578 6 0.206942
579 6 0.208925
580 6 0.185495
581 6 0.216407
582 6 0.286001
583 6 0.041856
584 6 0.244977
585 6 0.172603
586 6 0.210087
587 6 0.230500
588 6 0.118165
589 6 0.213195
590 6 0.146325
591 6 0.115546
592 6 0.136441
593 6 0.256947
594 6 0.177674
595 6 0.189001
596 6 0.222540
597 6 0.163052
598 6 0.190303
599 6 0.172913
600 7 0.045236
601 7 0.246850
602 7 0.150815
603 7 0.235230
604 7 0.129016
605 7 0.185459
606 7 0.316899
607 7 0.226891
608 7 0.202766
609 7 0.197873
610 7 0.223295
611 7 0.168727
612 7 0.220153
613 7 0.149444
614 7 0.049211
615 7 0.127677
616 7 0.211901
617 7 0.076956
618 7 0.181799
619 7 0.046998
620 7 0.085525
621 7 0.151532
622 7 0.139331
623 7 0.041956
624 7 0.080399
625 7 0.229094
626 7 0.194082
627 7 0.203641
628 7 0.156618
629 7 0.115965
630 7 0.255098
631 7 0.190549
632 7 0.048861
633 7 0.205180
634 7 0.221297
635 7 0.139818
636 7 0.078247
637 7 0.179447
638 7 0.185172
639 7 0.258983
640 7 0.156025
641 7 0.133633
642 7 0.231769
643 7 0.041517
644 7 0.210431
645 7 0.142633
646 7 0.147842
647 7 0.244388
648 7 0.142676
649 7 0.128138
650 7 0.212675
651 7 0.234283
652 7 0.162544
653 7 0.283949
654 7 0.165445
655 7 0.295641
656 7 0.138161
657 7 0.140617
658 7 0.203554
659 7 0.195561
660 7 0.178382
661 7 0.145897
662 7 0.232038
663 7 0.125581
664 7 0.177491
665 7 0.168969
666 7 0.206451
667 7 0.170711
668 7 0.163833
669 7 0.182089
670 7 0.153872
671 7 0.159808
672 7 0.162410
673 7 0.086965
674 7 0.174666
675 7 0.219305
676 7 0.214532
677 7 0.165231
678 7 0.189645
679 7 0.191946
680 7 0.159246
681 7 0.180705
682 7 0.157988
683 7 0.255359
684 7 0.144816
685 7 0.156272
686 7 0.242151
687 7 0.125908
688 7 0.050957
689 7 0.193899
690 7 0.099203
691 7 0.185596
692 7 0.098386
693 7 0.145970
694 7 0.121123
695 7 0.191913
696 7 0.198238
697 7 0.116102
698 7 0.122369
699 7 0.175674
700 8 0.232981
701 8 0.046102
702 8 0.171019
703 8 0.246144
704 8 0.165555
705 8 0.161863
706 8 0.083409
707 8 0.209277
708 8 0.170140
709 8 0.227619
710 8 0.219406
711 8 0.193718
712 8 0.132659
713 8 0.120187
714 8 0.164150
715 8 0.212850
716 8 0.091383
717 8 0.201052
718 8 0.222880
719 8 0.254238
720 8 0.155041
721 8 0.181689
722 8 0.137534
723 8 0.167188
724 8 0.264350
725 8 0.186628
726 8 0.175722
727 8 0.202311
728 8 0.179370
729 8 0.233601
730 8 0.144061
731 8 0.042928
732 8 0.186195
733 8 0.163184
734 8 0.124573
735 8 0.157387
736 8 0.214381
737 8 0.176233
738 8 0.149181
739 8 0.168413
740 8 0.050387
741 8 0.187333
742 8 0.129105
743 8 0.192150
744 8 0.211175
745 8 0.146278
746 8 0.075293
747 8 0.252239
748 8 0.164364
749 8 0.139908
750 8 0.123568
751 8 0.223295
752 8 0.125095
753 8 0.119287
754 8 0.226968
755 8 0.165264
756 8 0.207034
757 8 0.173457
758 8 0.138862
759 8 0.175019
760 8 0.177407
761 8 0.137944
762 8 0.156304
763 8 0.115735
764 8 0.151039
765 8 0.194346
766 8 0.185395
767 8 0.127262
768 8 0.145453
769 8 0.081957
770 8 0.171652
771 8 0.164784
772 8 0.210936
773 8 0.221635
774 8 0.146518
775 8 0.186731
776 8 0.200450
777 8 0.099358
778 8 0.057930
779 8 0.082210
780 8 0.186910
781 8 0.042613
782 8 0.095644
783 8 0.160359
784 8 0.146045
785 8 0.229943
786 8 0.246250
787 8 0.112495
788 8 0.151520
789 8 0.109618
790 8 0.186247
791 8 0.188144
792 8 0.149896
793 8 0.131989
794 8 0.242309
795 8 0.080647
796 8 0.178247
797 8 0.050371
798 8 0.167562
799 8 0.120184
800 9 0.247515
801 9 0.160450
802 9 0.189138
803 9 0.145884
804 9 0.245871
805 9 0.213565
806 9 0.166819
807 9 0.124642
808 9 0.151025
809 9 0.194042
810 9 0.185946
811 9 0.194224
812 9 0.224772
813 9 0.195321
814 9 0.138451
815 9 0.145685
816 9 0.164392
817 9 0.113977
818 9 0.154680
819 9 0.170639
820 9 0.114608
821 9 0.093551
822 9 0.066274
823 9 0.255726
824 9 0.160531
825 9 0.164694
826 9 0.203498
827 9 0.188811
828 9 0.324763
829 9 0.161745
830 9 0.080831
831 9 0.208834
832 9 0.182818
833 9 0.149981
834 9 0.144345
835 9 0.142632
836 9 0.135033
837 9 0.144426
838 9 0.211784
839 9 0.165712
840 9 0.211099
841 9 0.251374
842 9 0.187389
843 9 0.080195
844 9 0.217434
845 9 0.075512
846 9 0.179547
847 9 0.221790
848 9 0.083815
849 9 0.199307
850 9 0.169598
851 9 0.143782
852 9 0.134447
853 9 0.157972
854 9 0.121423
855 9 0.168490
856 9 0.048102
857 9 0.114378
858 9 0.150552
859 9 0.194517
860 9 0.172704
861 9 0.193007
862 9 0.137082
863 9 0.203950
864 9 0.109713
865 9 0.159015
866 9 0.146497
867 9 0.133922
868 9 0.180361
869 9 0.043652
870 9 0.152930
871 9 0.050414
872 9 0.112827
873 9 0.158310
874 9 0.187668
875 9 0.179910
876 9 0.050566
877 9 0.131286
878 9 0.213454
879 9 0.171785
880 9 0.129778
881 9 0.161750
882 9 0.183109
883 9 0.207029
884 9 0.201528
885 9 0.172387
886 9 0.093872
887 9 0.266910
888 9 0.173907
889 9 0.133628
890 9 0.177594
891 9 0.074748
892 9 0.182786
893 9 0.173786
894 9 0.065316
895 9 0.221027
896 9 0.083863
897 9 0.130349
898 9 0.167917
899 9 0.220709
900 10 0.159512
901 10 0.050524
902 10 0.122270
903 10 0.151442
904 10 0.180555
905 10 0.180307
906 10 0.114912
907 10 0.161657
908 10 0.043514
909 10 0.189011
910 10 0.080543
911 10 0.172280
912 10 0.198099
913 10 0.096748
914 10 0.129904
915 10 0.132021
916 10 0.154060
917 10 0.173432
918 10 0.129905
919 10 0.207504
920 10 0.080140
921 10 0.187685
922 10 0.198802
923 10 0.166503
924 10 0.205859
925 10 0.149684
926 10 0.184715
927 10 0.188913
928 10 0.114109
929 10 0.149410
930 10 0.165143
931 10 0.180458
932 10 0.215755
933 10 0.137279
934 10 0.216573
935 10 0.116928
936 10 0.193313
937 10 0.252815
938 10 0.196504
939 10 0.141427
940 10 0.184879
941 10 0.143292
942 10 0.211989
943 10 0.080824
944 10 0.162782
945 10 0.209863
946 10 0.233677
947 10 0.131238
948 10 0.083930
949 10 0.123910
950 10 0.187174
951 10 0.171941
952 10 0.168744
953 10 0.186997
954 10 0.181228
955 10 0.147093
956 10 0.191781
957 10 0.142367
958 10 0.148685
959 10 0.206552
960 10 0.148541
961 10 0.158253
962 10 0.180241
963 10 0.197499
964 10 0.082300
965 10 0.141190
966 10 0.198932
967 10 0.150637
968 10 0.152950
969 10 0.202823
970 10 0.072056
971 10 0.196196
972 10 0.192286
973 10 0.105747
974 10 0.160159
975 10 0.129494
976 10 0.159170
977 10 0.186727
978 10 0.121784
979 10 0.281593
980 10 0.358056
981 10 0.043222
982 10 0.088383
983 10 0.070926
984 10 0.162142
985 10 0.196297
986 10 0.162389
987 10 0.135250
988 10 0.246602
989 10 0.163764
990 10 0.066114
991 10 0.236076
992 10 0.142322
993 10 0.065834
994 10 0.175303
995 10 0.194051
996 10 0.119534
997 10 0.268814
998 10 0.075156
999 10 0.220717
1000 11 0.075091
1001 11 0.165738
1002 11 0.168233
1003 11 0.199893
1004 11 0.146585
1005 11 0.145934
1006 11 0.101507
1007 11 0.167260
1008 11 0.216661
1009 11 0.222052
1010 11 0.137367
1011 11 0.142176
1012 11 0.172329
1013 11 0.124446
1014 11 0.058551
1015 11 0.167647
1016 11 0.178916
1017 11 0.081631
1018 11 0.212321
1019 11 0.164850
1020 11 0.153231
1021 11 0.182608
1022 11 0.148714
1023 11 0.120534
1024 11 0.170504
1025 11 0.126895
1026 11 0.128138
1027 11 0.159913
1028 11 0.227657
1029 11 0.150240
1030 11 0.169416
1031 11 0.243044
1032 11 0.207892
1033 11 0.220233
1034 11 0.113096
1035 11 0.128926
1036 11 0.150858
1037 11 0.084318
1038 11 0.050668
1039 11 0.144412
1040 11 0.181521
1041 11 0.144746
1042 11 0.141307
1043 11 0.163386
1044 11 0.131936
1045 11 0.043270
1046 11 0.133856
1047 11 0.162651
1048 11 0.157120
1049 11 0.122710
1050 11 0.066558
1051 11 0.197962
1052 11 0.051327
1053 11 0.158601
1054 11 0.209489
1055 11 0.051306
1056 11 0.178489
1057 11 0.106767
1058 11 0.214144
1059 11 0.234984
1060 11 0.216395
1061 11 0.079336
1062 11 0.229167
1063 11 0.180172
1064 11 0.184460
1065 11 0.220800
1066 11 0.141594
1067 11 0.145474
1068 11 0.175685
1069 11 0.153663
1070 11 0.077142
1071 11 0.199087
1072 11 0.188471
1073 11 0.119591
1074 11 0.138908
1075 11 0.048637
1076 11 0.173320
1077 11 0.187083
1078 11 0.188882
1079 11 0.170924
1080 11 0.114458
1081 11 0.074031
1082 11 0.175679
1083 11 0.180605
1084 11 0.156501
1085 11 0.191309
1086 11 0.168176
1087 11 0.047225
1088 11 0.192937
1089 11 0.222276
1090 11 0.114866
1091 11 0.119672
1092 11 0.191522
1093 11 0.184114
1094 11 0.150909
1095 11 0.189354
1096 11 0.166440
1097 11 0.126792
1098 11 0.142361
1099 11 0.195535
1100 12 0.129494
1101 12 0.199165
1102 12 0.148167
1103 12 0.177420
1104 12 0.123287
1105 12 0.044174
1106 12 0.175645
1107 12 0.051317
1108 12 0.177497
1109 12 0.173093
1110 12 0.170735
1111 12 0.168330
1112 12 0.134249
1113 12 0.167196
1114 12 0.174072
1115 12 0.217232
1116 12 0.082568
1117 12 0.168204
1118 12 0.191918
1119 12 0.185572
1120 12 0.146886
1121 12 0.048571
1122 12 0.143844
1123 12 0.168147
1124 12 0.115284
1125 12 0.190898
1126 12 0.178924
1127 12 0.113521
1128 12 0.214984
1129 12 0.127122
1130 12 0.184436
1131 12 0.158746
1132 12 0.144512
1133 12 0.179949
1134 12 0.160732
1135 12 0.142296
1136 12 0.166225
1137 12 0.104099
1138 12 0.225111
1139 12 0.105899
1140 12 0.162928
1141 12 0.151223
1142 12 0.193062
1143 12 0.144535
1144 12 0.166747
1145 12 0.265541
1146 12 0.233516
1147 12 0.220126
1148 12 0.050651
1149 12 0.194610
1150 12 0.207715
1151 12 0.193872
1152 12 0.079275
1153 12 0.118337
1154 12 0.047195
1155 12 0.117973
1156 12 0.149971
1157 12 0.177889
1158 12 0.079246
1159 12 0.192836
1160 12 0.192666
1161 12 0.197380
1162 12 0.051703
1163 12 0.214724
1164 12 0.180279
1165 12 0.137335
1166 12 0.159491
1167 12 0.134964
1168 12 0.154916
1169 12 0.089158
1170 12 0.149780
1171 12 0.182104
1172 12 0.147157
1173 12 0.086116
1174 12 0.143886
1175 12 0.119990
1176 12 0.147931
1177 12 0.130711
1178 12 0.131333
1179 12 0.200464
1180 12 0.178462
1181 12 0.186925
1182 12 0.180310
1183 12 0.133906
1184 12 0.102327
1185 12 0.166097
1186 12 0.089309
1187 12 0.209518
1188 12 0.159184
1189 12 0.134109
1190 12 0.163808
1191 12 0.210142
1192 12 0.176145
1193 12 0.114363
1194 12 0.043645
1195 12 0.113773
1196 12 0.147130
1197 12 0.161504
1198 12 0.212128
1199 12 0.164915
1200 13 0.118555
1201 13 0.215705
1202 13 0.241887
1203 13 0.145770
1204 13 0.214773
1205 13 0.238784
1206 13 0.152152
1207 13 0.190465
1208 13 0.172831
1209 13 0.197454
1210 13 0.167697
1211 13 0.139125
1212 13 0.174020
1213 13 0.119433
1214 13 0.183040
1215 13 0.155868
1216 13 0.190413
1217 13 0.143570
1218 13 0.152425
1219 13 0.120427
1220 13 0.118517
1221 13 0.184520
1222 13 0.194521
1223 13 0.209109
1224 13 0.206020
1225 13 0.081788
1226 13 0.179337
1227 13 0.128341
1228 13 0.184063
1229 13 0.048736
1230 13 0.212209
1231 13 0.079176
1232 13 0.088333
1233 13 0.157540
1234 13 0.138017
1235 13 0.179107
1236 13 0.099940
1237 13 0.192213
1238 13 0.133980
1239 13 0.185116
1240 13 0.123582
1241 13 0.150922
1242 13 0.160175
1243 13 0.051823
1244 13 0.188222
1245 13 0.079266
1246 13 0.199843
1247 13 0.141362
1248 13 0.181890
1249 13 0.059109
1250 13 0.188851
1251 13 0.165154
1252 13 0.119648
1253 13 0.050005
1254 13 0.165621
1255 13 0.167042
1256 13 0.181172
1257 13 0.237679
1258 13 0.162145
1259 13 0.227633
1260 13 0.146112
1261 13 0.137487
1262 13 0.134425
1263 13 0.187609
1264 13 0.141411
1265 13 0.133091
1266 13 0.138730
1267 13 0.085973
1268 13 0.144856
1269 13 0.183128
1270 13 0.147665
1271 13 0.134798
1272 13 0.145355
1273 13 0.177445
1274 13 0.160628
1275 13 0.167183
1276 13 0.212990
1277 13 0.205505
1278 13 0.144896
1279 13 0.152086
1280 13 0.196464
1281 13 0.119177
1282 13 0.178858
1283 13 0.194514
1284 13 0.126067
1285 13 0.196601
1286 13 0.129324
1287 13 0.099372
1288 13 0.120628
1289 13 0.193436
1290 13 0.233038
1291 13 0.047429
1292 13 0.135466
1293 13 0.148718
1294 13 0.094478
1295 13 0.140979
1296 13 0.166919
1297 13 0.043740
1298 13 0.062797
1299 13 0.075088
1300 14 0.170979
1301 14 0.074849
1302 14 0.188323
1303 14 0.193242
1304 14 0.116770
1305 14 0.138242
1306 14 0.127927
1307 14 0.050190
1308 14 0.199617
1309 14 0.166383
1310 14 0.231355
1311 14 0.193828
1312 14 0.044429
1313 14 0.083067
1314 14 0.137748
1315 14 0.189563
1316 14 0.205615
1317 14 0.051632
1318 14 0.228240
1319 14 0.070086
1320 14 0.098251
1321 14 0.127653
1322 14 0.076400
1323 14 0.241586
1324 14 0.071191
1325 14 0.144530
1326 14 0.214277
1327 14 0.147346
1328 14 0.212936
1329 14 0.135007
1330 14 0.198616
1331 14 0.154532
1332 14 0.151784
1333 14 0.194199
1334 14 0.135547
1335 14 0.120901
1336 14 0.178773
1337 14 0.144790
1338 14 0.178919
1339 14 0.177374
1340 14 0.112569
1341 14 0.096182
1342 14 0.118373
1343 14 0.125289
1344 14 0.129515
1345 14 0.161555
1346 14 0.181993
1347 14 0.132496
1348 14 0.196666
1349 14 0.194061
1350 14 0.123876
1351 14 0.137278
1352 14 0.147172
1353 14 0.097560
1354 14 0.183137
1355 14 0.178409
1356 14 0.169744
1357 14 0.149934
1358 14 0.131301
1359 14 0.217121
1360 14 0.168973
1361 14 0.124273
1362 14 0.160683
1363 14 0.137310
1364 14 0.194798
1365 14 0.171639
1366 14 0.197563
1367 14 0.161754
1368 14 0.047468
1369 14 0.043764
1370 14 0.171653
1371 14 0.179763
1372 14 0.132022
1373 14 0.111206
1374 14 0.187088
1375 14 0.106002
1376 14 0.149845
1377 14 0.125850
1378 14 0.164179
1379 14 0.163722
1380 14 0.187002
1381 14 0.189855
1382 14 0.113819
1383 14 0.063248
1384 14 0.158511
1385 14 0.186532
1386 14 0.184056
1387 14 0.049167
1388 14 0.200754
1389 14 0.202853
1390 14 0.132331
1391 14 0.151779
1392 14 0.065862
1393 14 0.142961
1394 14 0.136723
1395 14 0.148528
1396 14 0.224743
1397 14 0.074475
1398 14 0.168689
1399 14 0.143612
1400 15 0.171823
1401 15 0.153721
1402 15 0.066307
1403 15 0.164884
1404 15 0.140941
1405 15 0.139200
1406 15 0.221740
1407 15 0.151142
1408 15 0.195103
1409 15 0.150057
1410 15 0.153913
1411 15 0.145923
1412 15 0.150532
1413 15 0.170785
1414 15 0.129241
1415 15 0.104250
1416 15 0.146493
1417 15 0.148665
1418 15 0.057664
1419 15 0.134283
1420 15 0.185132
1421 15 0.121580
1422 15 0.190913
1423 15 0.164919
1424 15 0.156134
1425 15 0.221180
1426 15 0.051731
1427 15 0.050027
1428 15 0.153880
1429 15 0.151879
1430 15 0.178583
1431 15 0.126034
1432 15 0.043703
1433 15 0.073104
1434 15 0.048819
1435 15 0.173629
1436 15 0.179693
1437 15 0.125808
1438 15 0.162716
1439 15 0.166569
1440 15 0.133998
1441 15 0.105942
1442 15 0.183892
1443 15 0.185207
1444 15 0.149724
1445 15 0.197036
1446 15 0.153342
1447 15 0.216138
1448 15 0.138446
1449 15 0.100224
1450 15 0.197151
1451 15 0.170169
1452 15 0.114463
1453 15 0.167657
1454 15 0.134359
1455 15 0.218727
1456 15 0.156504
1457 15 0.082057
1458 15 0.078996
1459 15 0.216018
1460 15 0.153894
1461 15 0.080814
1462 15 0.047165
1463 15 0.067094
1464 15 0.167056
1465 15 0.144505
1466 15 0.132989
1467 15 0.119918
1468 15 0.201681
1469 15 0.183837
1470 15 0.187973
1471 15 0.099966
1472 15 0.170048
1473 15 0.182475
1474 15 0.139721
1475 15 0.133417
1476 15 0.160815
1477 15 0.177162
1478 15 0.160461
1479 15 0.231187
1480 15 0.199731
1481 15 0.081282
1482 15 0.168083
1483 15 0.119678
1484 15 0.123043
1485 15 0.117401
1486 15 0.052093
1487 15 0.113268
1488 15 0.077851
1489 15 0.130727
1490 15 0.159926
1491 15 0.143140
1492 15 0.146338
1493 15 0.156376
1494 15 0.119663
1495 15 0.126716
1496 15 0.171440
1497 15 0.177193
1498 15 0.231610
1499 15 0.115616
1500 16 0.200066
1501 16 0.048854
1502 16 0.171721
1503 16 0.105088
1504 16 0.181831
1505 16 0.062620
1506 16 0.057391
1507 16 0.113835
1508 16 0.133981
1509 16 0.051979
1510 16 0.214047
1511 16 0.145597
1512 16 0.157033
1513 16 0.180262
1514 16 0.146956
1515 16 0.201565
1516 16 0.107708
1517 16 0.164816
1518 16 0.183887
1519 16 0.159979
1520 16 0.051935
1521 16 0.198350
1522 16 0.161331
1523 16 0.148250
1524 16 0.099310
1525 16 0.184652
1526 16 0.156651
1527 16 0.127480
1528 16 0.043994
1529 16 0.177725
1530 16 0.115555
1531 16 0.133719
1532 16 0.091709
1533 16 0.078256
1534 16 0.096734
1535 16 0.141818
1536 16 0.203517
1537 16 0.134970
1538 16 0.070741
1539 16 0.120435
1540 16 0.164226
1541 16 0.126565
1542 16 0.162502
1543 16 0.195949
1544 16 0.221764
1545 16 0.141154
1546 16 0.162026
1547 16 0.160252
1548 16 0.130810
1549 16 0.135950
1550 16 0.174792
1551 16 0.205920
1552 16 0.107412
1553 16 0.131601
1554 16 0.097058
1555 16 0.186905
1556 16 0.157149
1557 16 0.064186
1558 16 0.113505
1559 16 0.170453
1560 16 0.188314
1561 16 0.158600
1562 16 0.109298
1563 16 0.166146
1564 16 0.126345
1565 16 0.173448
1566 16 0.129495
1567 16 0.170624
1568 16 0.192625
1569 16 0.146628
1570 16 0.123050
1571 16 0.137757
1572 16 0.149090
1573 16 0.176712
1574 16 0.078920
1575 16 0.172529
1576 16 0.166576
1577 16 0.141523
1578 16 0.142395
1579 16 0.142292
1580 16 0.167206
1581 16 0.127613
1582 16 0.124579
1583 16 0.086599
1584 16 0.160721
1585 16 0.147704
1586 16 0.143705
1587 16 0.161419
1588 16 0.197037
1589 16 0.157478
1590 16 0.191488
1591 16 0.057363
1592 16 0.047034
1593 16 0.137267
1594 16 0.131912
1595 16 0.223502
1596 16 0.155902
1597 16 0.172691
1598 16 0.124036
1599 16 0.204646
1600 17 0.085560
1601 17 0.185541
1602 17 0.149013
1603 17 0.167924
1604 17 0.112849
1605 17 0.139371
1606 17 0.169644
1607 17 0.142072
1608 17 0.277094
1609 17 0.182828
1610 17 0.151312
1611 17 0.218040
1612 17 0.126342
1613 17 0.184202
1614 17 0.129605
1615 17 0.110936
1616 17 0.131176
1617 17 0.189283
1618 17 0.179180
1619 17 0.104924
1620 17 0.115613
1621 17 0.117667
1622 17 0.136137
1623 17 0.137929
1624 17 0.161458
1625 17 0.060978
1626 17 0.178285
1627 17 0.153618
1628 17 0.145671
1629 17 0.110554
1630 17 0.129792
1631 17 0.187888
1632 17 0.125015
1633 17 0.104395
1634 17 0.142768
1635 17 0.171057
1636 17 0.149376
1637 17 0.141644
1638 17 0.173660
1639 17 0.147394
1640 17 0.116222
1641 17 0.187774
1642 17 0.160872
1643 17 0.045131
1644 17 0.168896
1645 17 0.060922
1646 17 0.134279
1647 17 0.175199
1648 17 0.161026
1649 17 0.121918
1650 17 0.117137
1651 17 0.164709
1652 17 0.103907
1653 17 0.183556
1654 17 0.159520
1655 17 0.131241
1656 17 0.058262
1657 17 0.173156
1658 17 0.143570
1659 17 0.203840
1660 17 0.095400
1661 17 0.132384
1662 17 0.174141
1663 17 0.136212
1664 17 0.133950
1665 17 0.054380
1666 17 0.087947
1667 17 0.132716
1668 17 0.176313
1669 17 0.167028
1670 17 0.075921
1671 17 0.094496
1672 17 0.171802
1673 17 0.184144
1674 17 0.148706
1675 17 0.179561
1676 17 0.133508
1677 17 0.197676
1678 17 0.145049
1679 17 0.052284
1680 17 0.196926
1681 17 0.159566
1682 17 0.140198
1683 17 0.165907
1684 17 0.175852
1685 17 0.188923
1686 17 0.133679
1687 17 0.044197
1688 17 0.181555
1689 17 0.180123
1690 17 0.173757
1691 17 0.126824
1692 17 0.121723
1693 17 0.068691
1694 17 0.133604
1695 17 0.069594
1696 17 0.114037
1697 17 0.165051
1698 17 0.130303
1699 17 0.145640
1700 18 0.057048
1701 18 0.101162
1702 18 0.150533
1703 18 0.140130
1704 18 0.135758
1705 18 0.074673
1706 18 0.191039
1707 18 0.173435
1708 18 0.118194
1709 18 0.167025
1710 18 0.193930
1711 18 0.136897
1712 18 0.046970
1713 18 0.140687
1714 18 0.154873
1715 18 0.163625
1716 18 0.167380
1717 18 0.187232
1718 18 0.161002
1719 18 0.139078
1720 18 0.049736
1721 18 0.215601
1722 18 0.170062
1723 18 0.184081
1724 18 0.112037
1725 18 0.241299
1726 18 0.049036
1727 18 0.151775
1728 18 0.156733
1729 18 0.137762
1730 18 0.169742
1731 18 0.178411
1732 18 0.129007
1733 18 0.150401
1734 18 0.178679
1735 18 0.056901
1736 18 0.167476
1737 18 0.107357
1738 18 0.056434
1739 18 0.115649
1740 18 0.176041
1741 18 0.121392
1742 18 0.048648
1743 18 0.044233
1744 18 0.129653
1745 18 0.174563
1746 18 0.181463
1747 18 0.127997
1748 18 0.188429
1749 18 0.193617
1750 18 0.185378
1751 18 0.155255
1752 18 0.120324
1753 18 0.165038
1754 18 0.085890
1755 18 0.058626
1756 18 0.156241
1757 18 0.152640
1758 18 0.146174
1759 18 0.169099
1760 18 0.167458
1761 18 0.083387
1762 18 0.156598
1763 18 0.163501
1764 18 0.129191
1765 18 0.169868
1766 18 0.136787
1767 18 0.143168
1768 18 0.134439
1769 18 0.186102
1770 18 0.126525
1771 18 0.140028
1772 18 0.179684
1773 18 0.079003
1774 18 0.158356
1775 18 0.166633
1776 18 0.212582
1777 18 0.119900
1778 18 0.129511
1779 18 0.182007
1780 18 0.138216
1781 18 0.171516
1782 18 0.113095
1783 18 0.169646
1784 18 0.113193
1785 18 0.119949
1786 18 0.045462
1787 18 0.130746
1788 18 0.137450
1789 18 0.183687
1790 18 0.155295
1791 18 0.137005
1792 18 0.171905
1793 18 0.054052
1794 18 0.153408
1795 18 0.121304
1796 18 0.049954
1797 18 0.270251
1798 18 0.145688
1799 18 0.164147
1800 19 0.126724
1801 19 0.101823
1802 19 0.130899
1803 19 0.112723
1804 19 0.153319
1805 19 0.144308
1806 19 0.147702
1807 19 0.148393
1808 19 0.142585
1809 19 0.166476
1810 19 0.049022
1811 19 0.124583
1812 19 0.163481
1813 19 0.151271
1814 19 0.154115
1815 19 0.098913
1816 19 0.195630
1817 19 0.131631
1818 19 0.144923
1819 19 0.105078
1820 19 0.189687
1821 19 0.183468
1822 19 0.162481
1823 19 0.097187
1824 19 0.140581
1825 19 0.148926
1826 19 0.154544
1827 19 0.180710
1828 19 0.153331
1829 19 0.179283
1830 19 0.132450
1831 19 0.138273
1832 19 0.123420
1833 19 0.151851
1834 19 0.165510
1835 19 0.063821
1836 19 0.166276
1837 19 0.115794
1838 19 0.142689
1839 19 0.177526
1840 19 0.172130
1841 19 0.204493
1842 19 0.147770
1843 19 0.203432
1844 19 0.065262
1845 19 0.052426
1846 19 0.121429
1847 19 0.095165
1848 19 0.058567
1849 19 0.150339
1850 19 0.174133
1851 19 0.061972
1852 19 0.137192
1853 19 0.149641
1854 19 0.148091
1855 19 0.158868
1856 19 0.172329
1857 19 0.124487
1858 19 0.120683
1859 19 0.169921
1860 19 0.200857
1861 19 0.065935
1862 19 0.132201
1863 19 0.136019
1864 19 0.108483
1865 19 0.190742
1866 19 0.179877
1867 19 0.169763
1868 19 0.199255
1869 19 0.144487
1870 19 0.151506
1871 19 0.134927
1872 19 0.044233
1873 19 0.135006
1874 19 0.200266
1875 19 0.190942
1876 19 0.167651
1877 19 0.092340
1878 19 0.101133
1879 19 0.121180
1880 19 0.121985
1881 19 0.110606
1882 19 0.047591
1883 19 0.116081
1884 19 0.127933
1885 19 0.160808
1886 19 0.183889
1887 19 0.152500
1888 19 0.052831
1889 19 0.119933
1890 19 0.192972
1891 19 0.146867
1892 19 0.113215
1893 19 0.204280
1894 19 0.175689
1895 19 0.047029
1896 19 0.151472
1897 19 0.142559
1898 19 0.056032
1899 19 0.060850
1900 20 0.105131
1901 20 0.144185
1902 20 0.052389
1903 20 0.114987
1904 20 0.166030
1905 20 0.174508
1906 20 0.052589
1907 20 0.136452
1908 20 0.185125
1909 20 0.137643
1910 20 0.149815
1911 20 0.048975
1912 20 0.145913
1913 20 0.044146
1914 20 0.126956
1915 20 0.139428
1916 20 0.126168
1917 20 0.163359
1918 20 0.130816
1919 20 0.083058
1920 20 0.169871
1921 20 0.152523
1922 20 0.146871
1923 20 0.178527
1924 20 0.192306
1925 20 0.140061
1926 20 0.186486
1927 20 0.187046
1928 20 0.134826
1929 20 0.130770
1930 20 0.074498
1931 20 0.144592
1932 20 0.154926
1933 20 0.146583
1934 20 0.145161
1935 20 0.156640
1936 20 0.208262
1937 20 0.041844
1938 20 0.148234
1939 20 0.189516
1940 20 0.114972
1941 20 0.174444
1942 20 0.101792
1943 20 0.130211
1944 20 0.052984
1945 20 0.072986
1946 20 0.153249
1947 20 0.209571
1948 20 0.233925
1949 20 0.114798
1950 20 0.112556
1951 20 0.136649
1952 20 0.141638
1953 20 0.109511
1954 20 0.079109
1955 20 0.136640
1956 20 0.130751
1957 20 0.111727
1958 20 0.168370
1959 20 0.126986
1960 20 0.135283
1961 20 0.056387
1962 20 0.162054
1963 20 0.070997
1964 20 0.148580
1965 20 0.172358
1966 20 0.046897
1967 20 0.158007
1968 20 0.143251
1969 20 0.173587
1970 20 0.166793
1971 20 0.160318
1972 20 0.143584
1973 20 0.116503
1974 20 0.200629
1975 20 0.203653
1976 20 0.172267
1977 20 0.150125
1978 20 0.184489
1979 20 0.119696
1980 20 0.190231
1981 20 0.168373
1982 20 0.115525
1983 20 0.126051
1984 20 0.065045
1985 20 0.155231
1986 20 0.121612
1987 20 0.051560
1988 20 0.128372
1989 20 0.198738
1990 20 0.118418
1991 20 0.045596
1992 20 0.122390
1993 20 0.114309
1994 20 0.165574
1995 20 0.146972
1996 20 0.171085
1997 20 0.140906
1998 20 0.109652
1999 20 0.165717
2000 21 0.133946
2001 21 0.130551
2002 21 0.136886
2003 21 0.125056
2004 21 0.149498
2005 21 0.090582
2006 21 0.098421
2007 21 0.139181
2008 21 0.053158
2009 21 0.156885
2010 21 0.146021
2011 21 0.167147
2012 21 0.174164
2013 21 0.160602
2014 21 0.136543
2015 21 0.123887
2016 21 0.053037
2017 21 0.140869
2018 21 0.123046
2019 21 0.179273
2020 21 0.161547
2021 21 0.127600
2022 21 0.151987
2023 21 0.124318
2024 21 0.119919
2025 21 0.150198
2026 21 0.197723
2027 21 0.144561
2028 21 0.155875
2029 21 0.110841
2030 21 0.081050
2031 21 0.154813
2032 21 0.154441
2033 21 0.126152
2034 21 0.124186
2035 21 0.116868
2036 21 0.130673
2037 21 0.049355
2038 21 0.183289
2039 21 0.136880
2040 21 0.130093
2041 21 0.045767
2042 21 0.153486
2043 21 0.137558
2044 21 0.112111
2045 21 0.142385
2046 21 0.154161
2047 21 0.169191
2048 21 0.176523
2049 21 0.121498
2050 21 0.096162
2051 21 0.081749
2052 21 0.046957
2053 21 0.120303
2054 21 0.167589
2055 21 0.137524
2056 21 0.184129
2057 21 0.150086
2058 21 0.043908
2059 21 0.140573
2060 21 0.121449
2061 21 0.042419
2062 21 0.140456
2063 21 0.213450
2064 21 0.193974
2065 21 0.172067
2066 21 0.224278
2067 21 0.159635
2068 21 0.194376
2069 21 0.164157
2070 21 0.147193
2071 21 0.140646
2072 21 0.146273
2073 21 0.197150
2074 21 0.141866
2075 21 0.112549
2076 21 0.167464
2077 21 0.162668
2078 21 0.129225
2079 21 0.186729
2080 21 0.132225
2081 21 0.202630
2082 21 0.126067
2083 21 0.134627
2084 21 0.078647
2085 21 0.049594
2086 21 0.145637
2087 21 0.144464
2088 21 0.162807
2089 21 0.185324
2090 21 0.043319
2091 21 0.049366
2092 21 0.074745
2093 21 0.198750
2094 21 0.083679
2095 21 0.177747
2096 21 0.171217
2097 21 0.169629
2098 21 0.157176
2099 21 0.052931
2100 22 0.235485
2101 22 0.120394
2102 22 0.186137
2103 22 0.122228
2104 22 0.183488
2105 22 0.123942
2106 22 0.129173
2107 22 0.181668
2108 22 0.159822
2109 22 0.078449
2110 22 0.133362
2111 22 0.166860
2112 22 0.052451
2113 22 0.206545
2114 22 0.052645
2115 22 0.241541
2116 22 0.150615
2117 22 0.110875
2118 22 0.128269
2119 22 0.190516
2120 22 0.120882
2121 22 0.143168
2122 22 0.131329
2123 22 0.186625
2124 22 0.117185
2125 22 0.125359
2126 22 0.205950
2127 22 0.116775
2128 22 0.208906
2129 22 0.108175
2130 22 0.053102
2131 22 0.135546
2132 22 0.152722
2133 22 0.137820
2134 22 0.178758
2135 22 0.166137
2136 22 0.178253
2137 22 0.123887
2138 22 0.121635
2139 22 0.161597
2140 22 0.145799
2141 22 0.143064
2142 22 0.104959
2143 22 0.150214
2144 22 0.131298
2145 22 0.052454
2146 22 0.163252
2147 22 0.162770
2148 22 0.074802
2149 22 0.145107
2150 22 0.133832
2151 22 0.044601
2152 22 0.101258
2153 22 0.079086
2154 22 0.182999
2155 22 0.057954
2156 22 0.070936
2157 22 0.149030
2158 22 0.112405
2159 22 0.176966
2160 22 0.169564
2161 22 0.095744
2162 22 0.142741
2163 22 0.127296
2164 22 0.131527
2165 22 0.165866
2166 22 0.123356
2167 22 0.083295
2168 22 0.138045
2169 22 0.185864
2170 22 0.172225
2171 22 0.153926
2172 22 0.136748
2173 22 0.177576
2174 22 0.151256
2175 22 0.125629
2176 22 0.120564
2177 22 0.059891
2178 22 0.127517
2179 22 0.161529
2180 22 0.110639
2181 22 0.145786
2182 22 0.160421
2183 22 0.155742
2184 22 0.133090
2185 22 0.164907
2186 22 0.134734
2187 22 0.173614
2188 22 0.164541
2189 22 0.156479
2190 22 0.163003
2191 22 0.046034
2192 22 0.139284
2193 22 0.207274
2194 22 0.069233
2195 22 0.047072
2196 22 0.155186
2197 22 0.134435
2198 22 0.141207
2199 22 0.049525
2200 23 0.174281
2201 23 0.124603
2202 23 0.206187
2203 23 0.173557
2204 23 0.194942
2205 23 0.202493
2206 23 0.049475
2207 23 0.042148
2208 23 0.121186
2209 23 0.128697
2210 23 0.050864
2211 23 0.051018
2212 23 0.172550
2213 23 0.204895
2214 23 0.154204
2215 23 0.119189
2216 23 0.167762
2217 23 0.139780
2218 23 0.166184
2219 23 0.124892
2220 23 0.186469
2221 23 0.163647
2222 23 0.184161
2223 23 0.108673
2224 23 0.044638
2225 23 0.147103
2226 23 0.148093
2227 23 0.155650
2228 23 0.131017
2229 23 0.048420
2230 23 0.136291
2231 23 0.137076
2232 23 0.157080
2233 23 0.170514
2234 23 0.132319
2235 23 0.156332
2236 23 0.114284
2237 23 0.145688
2238 23 0.170890
2239 23 0.148389
2240 23 0.149952
2241 23 0.113380
2242 23 0.162620
2243 23 0.125501
2244 23 0.127232
2245 23 0.117082
2246 23 0.154875
2247 23 0.137825
2248 23 0.119952
2249 23 0.043748
2250 23 0.127959
2251 23 0.149872
2252 23 0.161665
2253 23 0.170407
2254 23 0.137303
2255 23 0.110866
2256 23 0.174452
2257 23 0.141563
2258 23 0.102863
2259 23 0.171681
2260 23 0.119091
2261 23 0.094553
2262 23 0.158447
2263 23 0.123328
2264 23 0.119550
2265 23 0.122679
2266 23 0.160892
2267 23 0.107081
2268 23 0.153253
2269 23 0.139229
2270 23 0.114525
2271 23 0.053889
2272 23 0.176886
2273 23 0.128992
2274 23 0.114192
2275 23 0.144356
2276 23 0.052721
2277 23 0.081598
2278 23 0.205392
2279 23 0.126759
2280 23 0.173361
2281 23 0.046786
2282 23 0.119406
2283 23 0.139660
2284 23 0.171758
2285 23 0.166006
2286 23 0.049419
2287 23 0.176119
2288 23 0.138884
2289 23 0.128609
2290 23 0.146298
2291 23 0.128463
2292 23 0.143635
2293 23 0.104341
2294 23 0.118388
2295 23 0.037642
2296 23 0.183571
2297 23 0.037413
2298 23 0.053112
2299 23 0.157775
2300 24 0.198339
2301 24 0.105570
2302 24 0.206431
2303 24 0.169516
2304 24 0.074223
2305 24 0.126633
2306 24 0.162792
2307 24 0.134491
2308 24 0.116687
2309 24 0.124429
2310 24 0.149396
2311 24 0.174733
2312 24 0.132951
2313 24 0.142311
2314 24 0.140196
2315 24 0.162698
2316 24 0.161991
2317 24 0.141133
2318 24 0.064104
2319 24 0.110993
2320 24 0.045764
2321 24 0.104862
2322 24 0.138883
2323 24 0.099183
2324 24 0.161578
2325 24 0.048236
2326 24 0.233016
2327 24 0.127180
2328 24 0.149415
2329 24 0.093679
2330 24 0.111734
2331 24 0.050506
2332 24 0.069809
2333 24 0.171851
2334 24 0.125613
2335 24 0.150325
2336 24 0.186140
2337 24 0.167192
2338 24 0.159874
2339 24 0.117509
2340 24 0.184279
2341 24 0.116638
2342 24 0.122083
2343 24 0.129424
2344 24 0.057160
2345 24 0.198797
2346 24 0.192161
2347 24 0.136867
2348 24 0.192243
2349 24 0.113867
2350 24 0.123467
2351 24 0.157738
2352 24 0.131038
2353 24 0.140262
2354 24 0.137636
2355 24 0.122626
2356 24 0.136897
2357 24 0.166577
2358 24 0.177051
2359 24 0.171837
2360 24 0.121083
2361 24 0.178758
2362 24 0.067013
2363 24 0.160581
2364 24 0.122886
2365 24 0.173798
2366 24 0.145476
2367 24 0.156272
2368 24 0.133195
2369 24 0.194398
2370 24 0.121269
2371 24 0.130927
2372 24 0.168683
2373 24 0.154340
2374 24 0.128625
2375 24 0.146117
2376 24 0.099208
2377 24 0.098481
2378 24 0.059240
2379 24 0.145216
2380 24 0.129921
2381 24 0.071392
2382 24 0.100213
2383 24 0.152960
2384 24 0.049424
2385 24 0.176935
2386 24 0.036370
2387 24 0.154802
2388 24 0.044391
2389 24 0.122229
2390 24 0.165084
2391 24 0.142316
2392 24 0.118479
2393 24 0.170946
2394 24 0.037993
2395 24 0.188538
2396 24 0.131135
2397 24 0.168956
2398 24 0.046792
2399 24 0.113027
2400 25 0.125166
2401 25 0.136653
2402 25 0.142397
2403 25 0.140693
2404 25 0.125461
2405 25 0.169827
2406 25 0.120126
2407 25 0.175990
2408 25 0.139485
2409 25 0.162999
2410 25 0.188247
2411 25 0.162944
2412 25 0.143128
2413 25 0.177831
2414 25 0.123749
2415 25 0.142719
2416 25 0.050590
2417 25 0.066171
2418 25 0.169684
2419 25 0.132399
2420 25 0.175762
2421 25 0.121896
2422 25 0.035586
2423 25 0.131484
2424 25 0.213924
2425 25 0.146609
2426 25 0.117640
2427 25 0.061681
2428 25 0.143620
2429 25 0.127530
2430 25 0.141277
2431 25 0.044882
2432 25 0.049621
2433 25 0.220204
2434 25 0.159581
2435 25 0.129150
2436 25 0.107444
2437 25 0.162741
2438 25 0.107011
2439 25 0.098567
2440 25 0.152106
2441 25 0.166592
2442 25 0.112555
2443 25 0.111454
2444 25 0.184698
2445 25 0.112175
2446 25 0.037431
2447 25 0.052913
2448 25 0.111605
2449 25 0.159768
2450 25 0.054990
2451 25 0.127947
2452 25 0.145849
2453 25 0.144644
2454 25 0.074437
2455 25 0.130640
2456 25 0.111189
2457 25 0.099058
2458 25 0.152100
2459 25 0.140031
2460 25 0.134683
2461 25 0.137390
2462 25 0.193303
2463 25 0.152700
2464 25 0.159334
2465 25 0.119811
2466 25 0.135658
2467 25 0.126875
2468 25 0.181861
2469 25 0.147303
2470 25 0.151598
2471 25 0.155186
2472 25 0.148809
2473 25 0.152617
2474 25 0.126028
2475 25 0.046720
2476 25 0.146752
2477 25 0.067443
2478 25 0.137360
2479 25 0.115327
2480 25 0.136360
2481 25 0.083222
2482 25 0.117319
2483 25 0.046214
2484 25 0.143069
2485 25 0.147025
2486 25 0.148416
2487 25 0.159090
2488 25 0.094952
2489 25 0.128072
2490 25 0.132355
2491 25 0.139044
2492 25 0.135450
2493 25 0.141488
2494 25 0.181955
2495 25 0.153341
2496 25 0.133031
2497 25 0.182412
2498 25 0.137092
2499 25 0.053812
2500 26 0.171461
2501 26 0.132337
2502 26 0.115669
2503 26 0.113748
2504 26 0.040688
2505 26 0.099674
2506 26 0.165425
2507 26 0.088835
2508 26 0.171798
2509 26 0.152474
2510 26 0.079337
2511 26 0.046340
2512 26 0.150140
2513 26 0.120331
2514 26 0.181099
2515 26 0.111833
2516 26 0.148054
2517 26 0.073768
2518 26 0.125864
2519 26 0.193565
2520 26 0.131069
2521 26 0.112349
2522 26 0.144453
2523 26 0.145178
2524 26 0.170527
2525 26 0.134094
2526 26 0.211568
2527 26 0.118515
2528 26 0.156201
2529 26 0.122018
2530 26 0.171555
2531 26 0.092895
2532 26 0.129403
2533 26 0.097467
2534 26 0.191203
2535 26 0.177325
2536 26 0.152115
2537 26 0.155128
2538 26 0.045761
2539 26 0.111949
2540 26 0.132576
2541 26 0.129555
2542 26 0.041073
2543 26 0.129762
2544 26 0.157323
2545 26 0.158269
2546 26 0.132345
2547 26 0.049349
2548 26 0.148571
2549 26 0.096493
2550 26 0.145094
2551 26 0.049997
2552 26 0.184587
2553 26 0.151901
2554 26 0.129693
2555 26 0.210068
2556 26 0.142718
2557 26 0.137415
2558 26 0.109466
2559 26 0.178346
2560 26 0.093435
2561 26 0.148553
2562 26 0.157937
2563 26 0.114803
2564 26 0.130702
2565 26 0.142705
2566 26 0.125600
2567 26 0.175872
2568 26 0.166904
2569 26 0.124795
2570 26 0.172055
2571 26 0.147224
2572 26 0.150892
2573 26 0.150499
2574 26 0.064390
2575 26 0.109235
2576 26 0.137674
2577 26 0.041510
2578 26 0.127364
2579 26 0.140283
2580 26 0.202567
2581 26 0.154726
2582 26 0.165348
2583 26 0.125859
2584 26 0.069801
2585 26 0.136191
2586 26 0.125385
2587 26 0.149185
2588 26 0.160759
2589 26 0.129846
2590 26 0.052816
2591 26 0.163216
2592 26 0.060624
2593 26 0.180753
2594 26 0.118616
2595 26 0.200645
2596 26 0.159410
2597 26 0.157257
2598 26 0.080263
2599 26 0.116748
2600 27 0.149071
2601 27 0.123086
2602 27 0.143381
2603 27 0.148071
2604 27 0.052660
2605 27 0.121308
2606 27 0.048820
2607 27 0.202591
2608 27 0.122331
2609 27 0.103497
2610 27 0.101296
2611 27 0.160894
2612 27 0.131175
2613 27 0.111555
2614 27 0.245250
2615 27 0.128655
2616 27 0.128901
2617 27 0.149665
2618 27 0.146042
2619 27 0.124082
2620 27 0.147658
2621 27 0.137040
2622 27 0.215473
2623 27 0.172818
2624 27 0.168721
2625 27 0.049523
2626 27 0.119324
2627 27 0.181404
2628 27 0.088140
2629 27 0.135118
2630 27 0.137886
2631 27 0.123777
2632 27 0.133099
2633 27 0.134369
2634 27 0.099314
2635 27 0.200150
2636 27 0.177122
2637 27 0.050670
2638 27 0.197374
2639 27 0.147861
2640 27 0.109120
2641 27 0.113193
2642 27 0.122617
2643 27 0.173108
2644 27 0.099814
2645 27 0.153236
2646 27 0.197053
2647 27 0.139334
2648 27 0.037995
2649 27 0.152204
2650 27 0.148228
2651 27 0.214481
2652 27 0.118958
2653 27 0.148785
2654 27 0.134643
2655 27 0.083493
2656 27 0.176227
2657 27 0.108791
2658 27 0.124221
2659 27 0.176518
2660 27 0.178808
2661 27 0.154492
2662 27 0.178736
2663 27 0.133872
2664 27 0.119876
2665 27 0.141105
2666 27 0.062955
2667 27 0.149612
2668 27 0.074641
2669 27 0.059036
2670 27 0.175825
2671 27 0.145398
2672 27 0.113377
2673 27 0.145297
2674 27 0.042034
2675 27 0.158426
2676 27 0.047487
2677 27 0.148987
2678 27 0.046822
2679 27 0.161456
2680 27 0.126543
2681 27 0.107306
2682 27 0.134451
2683 27 0.125768
2684 27 0.079401
2685 27 0.149968
2686 27 0.174908
2687 27 0.147996
2688 27 0.156697
2689 27 0.169988
2690 27 0.179600
2691 27 0.172785
2692 27 0.069813
2693 27 0.144099
2694 27 0.106421
2695 27 0.046532
2696 27 0.158104
2697 27 0.096763
2698 27 0.045234
2699 27 0.107895
2700 28 0.156263
2701 28 0.070316
2702 28 0.134848
2703 28 0.136011
2704 28 0.124899
2705 28 0.145394
2706 28 0.152853
2707 28 0.133697
2708 28 0.057490
2709 28 0.161624
2710 28 0.161027
2711 28 0.141393
2712 28 0.211865
2713 28 0.040544
2714 28 0.038485
2715 28 0.087127
2716 28 0.167045
2717 28 0.121886
2718 28 0.052733
2719 28 0.144764
2720 28 0.134525
2721 28 0.124092
2722 28 0.176380
2723 28 0.145823
2724 28 0.036538
2725 28 0.124469
2726 28 0.217286
2727 28 0.126249
2728 28 0.170546
2729 28 0.148756
2730 28 0.190388
2731 28 0.045037
2732 28 0.135858
2733 28 0.154056
2734 28 0.123192
2735 28 0.074357
2736 28 0.140610
2737 28 0.113052
2738 28 0.120328
2739 28 0.042920
2740 28 0.123110
2741 28 0.176407
2742 28 0.165279
2743 28 0.132638
2744 28 0.173092
2745 28 0.138897
2746 28 0.148509
2747 28 0.169502
2748 28 0.140401
2749 28 0.120735
2750 28 0.123236
2751 28 0.056126
2752 28 0.179159
2753 28 0.153491
2754 28 0.060614
2755 28 0.046546
2756 28 0.165681
2757 28 0.148774
2758 28 0.097990
2759 28 0.170485
2760 28 0.137383
2761 28 0.121596
2762 28 0.121399
2763 28 0.162395
2764 28 0.130488
2765 28 0.116718
2766 28 0.038229
2767 28 0.096779
2768 28 0.140588
2769 28 0.155983
2770 28 0.119090
2771 28 0.178806
2772 28 0.162189
2773 28 0.160960
2774 28 0.149759
2775 28 0.133031
2776 28 0.170604
2777 28 0.191191
2778 28 0.178131
2779 28 0.118403
2780 28 0.208902
2781 28 0.135266
2782 28 0.062310
2783 28 0.134795
2784 28 0.163125
2785 28 0.148378
2786 28 0.198530
2787 28 0.181954
2788 28 0.113816
2789 28 0.148197
2790 28 0.139145
2791 28 0.114129
2792 28 0.056698
2793 28 0.143087
2794 28 0.153196
2795 28 0.149460
2796 28 0.167849
2797 28 0.155186
2798 28 0.116838
2799 28 0.200632
2800 29 0.117551
2801 29 0.151170
2802 29 0.174322
2803 29 0.081793
2804 29 0.122296
2805 29 0.109594
2806 29 0.094230
2807 29 0.194949
2808 29 0.112645
2809 29 0.161797
2810 29 0.059168
2811 29 0.163769
2812 29 0.190815
2813 29 0.140569
2814 29 0.145978
2815 29 0.152693
2816 29 0.157079
2817 29 0.074144
2818 29 0.207057
2819 29 0.144158
2820 29 0.137591
2821 29 0.160638
2822 29 0.145745
2823 29 0.131582
2824 29 0.173889
2825 29 0.156856
2826 29 0.161738
2827 29 0.126258
2828 29 0.093518
2829 29 0.136453
2830 29 0.118320
2831 29 0.108817
2832 29 0.183310
2833 29 0.126076
2834 29 0.132702
2835 29 0.160470
2836 29 0.144684
2837 29 0.160237
2838 29 0.159337
2839 29 0.113838
2840 29 0.172976
2841 29 0.164561
2842 29 0.158891
2843 29 0.115473
2844 29 0.134314
2845 29 0.114949
2846 29 0.166862
2847 29 0.046640
2848 29 0.077016
2849 29 0.063394
2850 29 0.074687
2851 29 0.120585
2852 29 0.175962
2853 29 0.127025
2854 29 0.091490
2855 29 0.190295
2856 29 0.120665
2857 29 0.138640
2858 29 0.053481
2859 29 0.121286
2860 29 0.034216
2861 29 0.056295
2862 29 0.029962
2863 29 0.046516
2864 29 0.141681
2865 29 0.096902
2866 29 0.136496
2867 29 0.143803
2868 29 0.159616
2869 29 0.110076
2870 29 0.203539
2871 29 0.149602
2872 29 0.102920
2873 29 0.171308
2874 29 0.182707
2875 29 0.127963
2876 29 0.202746
2877 29 0.133544
2878 29 0.164013
2879 29 0.153519
2880 29 0.108172
2881 29 0.169677
2882 29 0.133873
2883 29 0.102086
2884 29 0.151203
2885 29 0.176436
2886 29 0.142815
2887 29 0.194713
2888 29 0.115840
2889 29 0.166349
2890 29 0.112893
2891 29 0.056671
2892 29 0.097061
2893 29 0.063265
2894 29 0.047353
2895 29 0.167374
2896 29 0.167206
2897 29 0.138487
2898 29 0.034441
2899 29 0.205508
2900 30 0.033699
2901 30 0.161809
2902 30 0.118674
2903 30 0.150231
2904 30 0.121324
2905 30 0.080722
2906 30 0.138259
2907 30 0.109969
2908 30 0.139197
2909 30 0.135945
2910 30 0.145354
2911 30 0.144059
2912 30 0.136268
2913 30 0.050005
2914 30 0.173107
2915 30 0.228076
2916 30 0.173868
2917 30 0.174683
2918 30 0.126955
2919 30 0.137061
2920 30 0.046626
2921 30 0.080931
2922 30 0.112678
2923 30 0.172484
2924 30 0.197398
2925 30 0.151112
2926 30 0.122999
2927 30 0.141648
2928 30 0.035605
2929 30 0.144061
2930 30 0.118330
2931 30 0.161530
2932 30 0.157716
2933 30 0.177029
2934 30 0.136574
2935 30 0.170483
2936 30 0.114101
2937 30 0.127214
2938 30 0.116956
2939 30 0.066983
2940 30 0.108965
2941 30 0.119876
2942 30 0.144628
2943 30 0.169693
2944 30 0.177575
2945 30 0.116484
2946 30 0.138068
2947 30 0.135247
2948 30 0.111583
2949 30 0.119166
2950 30 0.199784
2951 30 0.146277
2952 30 0.111986
2953 30 0.100446
2954 30 0.134888
2955 30 0.122254
2956 30 0.082559
2957 30 0.062575
2958 30 0.063253
2959 30 0.046596
2960 30 0.161262
2961 30 0.116794
2962 30 0.095802
2963 30 0.105458
2964 30 0.144724
2965 30 0.182718
2966 30 0.151137
2967 30 0.152198
2968 30 0.147572
2969 30 0.045290
2970 30 0.160817
2971 30 0.132977
2972 30 0.165715
2973 30 0.155852
2974 30 0.194098
2975 30 0.161426
2976 30 0.144421
2977 30 0.129037
2978 30 0.081756
2979 30 0.104984
2980 30 0.156611
2981 30 0.128034
2982 30 0.163783
2983 30 0.117693
2984 30 0.109150
2985 30 0.151052
2986 30 0.152648
2987 30 0.126269
2988 30 0.162822
2989 30 0.116933
2990 30 0.175727
2991 30 0.159738
2992 30 0.144815
2993 30 0.128404
2994 30 0.104810
2995 30 0.138751
2996 30 0.167048
2997 30 0.154252
2998 30 0.053737
2999 30 0.132699
