# Batch convergence for: model=snn-ae encoding=direct architecture=conv1d v_th=1 alpha=0.9 run=3
batch_num epoch batch_loss
0 1 1.383922
1 1 1.112768
2 1 1.150096
3 1 0.572531
4 1 0.685223
5 1 0.931287
6 1 1.169732
7 1 1.016454
8 1 0.611303
9 1 1.090346
10 1 1.069628
11 1 1.018896
12 1 0.984602
13 1 0.871673
14 1 0.704253
15 1 1.004232
16 1 1.035770
17 1 0.948442
18 1 1.078710
19 1 0.994343
20 1 1.140970
21 1 0.825441
22 1 0.949308
23 1 0.982452
24 1 0.979271
25 1 1.045815
26 1 1.136517
27 1 1.004327
28 1 0.131365
29 1 1.000610
30 1 1.068649
31 1 1.019358
32 1 1.137213
33 1 1.004559
34 1 1.201873
35 1 0.069681
36 1 1.170199
37 1 0.987291
38 1 0.809804
39 1 0.218916
40 1 0.570249
41 1 0.954422
42 1 1.111430
43 1 1.217749
44 1 0.929031
45 1 0.843538
46 1 0.904657
47 1 0.812248
48 1 1.036994
49 1 1.086895
50 1 0.785792
51 1 1.161921
52 1 1.174704
53 1 0.791201
54 1 0.928942
55 1 0.964112
56 1 1.092148
57 1 1.015729
58 1 0.167518
59 1 1.171893
60 1 1.026291
61 1 1.047177
62 1 1.195641
63 1 0.947691
64 1 1.131545
65 1 1.106943
66 1 0.837673
67 1 0.649389
68 1 0.949841
69 1 1.027485
70 1 0.955842
71 1 0.704102
72 1 0.848654
73 1 1.046596
74 1 0.879567
75 1 0.978633
76 1 0.984502
77 1 1.034237
78 1 1.035470
79 1 1.000754
80 1 0.916465
81 1 0.992269
82 1 0.118756
83 1 0.982189
84 1 1.064919
85 1 1.057152
86 1 0.186176
87 1 1.020563
88 1 1.050895
89 1 0.993077
90 1 0.863165
91 1 0.943543
92 1 0.801378
93 1 1.093387
94 1 0.479159
95 1 1.005835
96 1 1.076836
97 1 0.883824
98 1 1.309090
99 1 1.105039
100 2 0.871955
101 2 0.037858
102 2 0.916769
103 2 1.122322
104 2 1.068484
105 2 1.059295
106 2 0.968958
107 2 1.002813
108 2 0.996748
109 2 0.909777
110 2 0.966796
111 2 0.737915
112 2 0.941684
113 2 0.959114
114 2 0.923725
115 2 0.924560
116 2 1.104782
117 2 0.959898
118 2 0.881234
119 2 1.141958
120 2 1.034223
121 2 0.879562
122 2 0.652020
123 2 1.045941
124 2 0.604466
125 2 0.927684
126 2 0.963383
127 2 0.870434
128 2 1.071243
129 2 0.739513
130 2 0.964721
131 2 0.965773
132 2 1.080078
133 2 0.539770
134 2 0.966024
135 2 1.032129
136 2 0.265352
137 2 0.754030
138 2 1.094212
139 2 1.050135
140 2 0.142583
141 2 0.986913
142 2 1.030360
143 2 1.037619
144 2 0.975750
145 2 0.956076
146 2 0.973099
147 2 0.069850
148 2 1.007079
149 2 0.910861
150 2 0.835960
151 2 0.901324
152 2 0.841473
153 2 0.462532
154 2 0.958288
155 2 0.729783
156 2 0.609018
157 2 0.926450
158 2 0.817104
159 2 1.028384
160 2 0.542347
161 2 0.932659
162 2 0.118693
163 2 0.950441
164 2 0.843901
165 2 0.967074
166 2 0.733473
167 2 0.995765
168 2 1.119865
169 2 0.982551
170 2 0.962969
171 2 0.682474
172 2 0.940794
173 2 0.908706
174 2 0.986138
175 2 1.123777
176 2 0.994894
177 2 0.813707
178 2 0.965007
179 2 1.061736
180 2 1.023273
181 2 0.860003
182 2 0.102221
183 2 1.006349
184 2 0.996429
185 2 0.778045
186 2 0.897363
187 2 1.033266
188 2 0.953556
189 2 0.993470
190 2 0.902942
191 2 0.791136
192 2 0.923416
193 2 1.097419
194 2 0.896561
195 2 0.950668
196 2 1.044317
197 2 1.054861
198 2 0.499539
199 2 0.924493
200 3 0.944733
201 3 0.902631
202 3 0.565120
203 3 1.019611
204 3 0.772855
205 3 0.951196
206 3 0.913924
207 3 0.718137
208 3 1.122097
209 3 0.889903
210 3 1.065507
211 3 0.950359
212 3 0.989310
213 3 0.930696
214 3 0.952499
215 3 0.097390
216 3 1.020062
217 3 0.118430
218 3 0.867998
219 3 0.782877
220 3 0.822468
221 3 0.038937
222 3 0.902286
223 3 1.140499
224 3 0.993840
225 3 0.744770
226 3 0.971145
227 3 1.048608
228 3 0.890847
229 3 0.833501
230 3 0.979111
231 3 0.787276
232 3 0.102023
233 3 0.923862
234 3 0.908835
235 3 0.993422
236 3 1.013715
237 3 0.985300
238 3 1.019774
239 3 1.192372
240 3 0.911391
241 3 1.011090
242 3 0.928853
243 3 0.936855
244 3 0.960857
245 3 0.824841
246 3 1.047575
247 3 1.033291
248 3 0.990565
249 3 0.493780
250 3 0.825520
251 3 0.996968
252 3 0.696755
253 3 0.892446
254 3 0.974779
255 3 0.960376
256 3 0.538369
257 3 1.089510
258 3 1.003003
259 3 0.853907
260 3 1.036665
261 3 0.979052
262 3 0.905778
263 3 0.964785
264 3 0.970072
265 3 0.970485
266 3 0.929347
267 3 0.871595
268 3 0.893280
269 3 0.972935
270 3 0.488918
271 3 0.899065
272 3 1.060003
273 3 1.039470
274 3 0.787841
275 3 0.917199
276 3 0.754468
277 3 0.737552
278 3 0.997294
279 3 0.790853
280 3 0.070642
281 3 0.996598
282 3 0.880810
283 3 0.994529
284 3 0.640984
285 3 0.955120
286 3 0.910413
287 3 0.972480
288 3 0.943250
289 3 0.277272
290 3 0.898937
291 3 0.904461
292 3 1.044281
293 3 0.537867
294 3 0.835654
295 3 0.797213
296 3 0.982649
297 3 1.052811
298 3 0.782170
299 3 1.039090
300 4 0.934257
301 4 0.924037
302 4 0.950655
303 4 0.900224
304 4 0.185725
305 4 0.914603
306 4 0.845382
307 4 0.976056
308 4 0.936668
309 4 0.917832
310 4 0.949056
311 4 0.952492
312 4 0.460475
313 4 0.873131
314 4 0.860299
315 4 0.877803
316 4 0.619596
317 4 0.744327
318 4 0.915671
319 4 0.771763
320 4 1.034705
321 4 0.980075
322 4 1.021598
323 4 1.020616
324 4 0.863330
325 4 0.958759
326 4 0.500977
327 4 0.944563
328 4 0.751510
329 4 0.972468
330 4 1.003251
331 4 0.999333
332 4 1.082723
333 4 0.961340
334 4 0.557762
335 4 0.900503
336 4 0.589166
337 4 0.953735
338 4 0.892502
339 4 0.070346
340 4 1.013713
341 4 0.811054
342 4 1.002060
343 4 0.795229
344 4 0.605074
345 4 0.965204
346 4 0.895483
347 4 0.800154
348 4 0.942340
349 4 0.910692
350 4 0.985608
351 4 0.529804
352 4 0.945237
353 4 0.761985
354 4 0.725372
355 4 0.039917
356 4 0.936400
357 4 0.980724
358 4 1.043403
359 4 0.779730
360 4 0.734721
361 4 0.956024
362 4 0.776021
363 4 0.980159
364 4 0.903666
365 4 0.904200
366 4 1.049388
367 4 0.966620
368 4 0.855603
369 4 0.983283
370 4 0.837944
371 4 0.849555
372 4 0.971238
373 4 0.940305
374 4 0.947781
375 4 1.077241
376 4 0.922480
377 4 1.020106
378 4 0.118783
379 4 1.108563
380 4 0.891944
381 4 0.905884
382 4 1.095190
383 4 0.958732
384 4 0.904877
385 4 0.974016
386 4 0.958623
387 4 0.965610
388 4 0.860466
389 4 0.951290
390 4 0.972880
391 4 0.947066
392 4 0.113685
393 4 1.010060
394 4 0.911546
395 4 0.987906
396 4 0.929602
397 4 1.040557
398 4 0.994982
399 4 0.197747
400 5 0.893035
401 5 0.895435
402 5 0.632161
403 5 0.914622
404 5 0.990122
405 5 0.988047
406 5 0.972875
407 5 0.669216
408 5 0.874854
409 5 0.923820
410 5 0.977290
411 5 0.875097
412 5 0.097852
413 5 0.774856
414 5 0.934192
415 5 0.961374
416 5 0.711051
417 5 0.942548
418 5 1.090343
419 5 1.001084
420 5 0.939649
421 5 0.748799
422 5 0.869447
423 5 0.843609
424 5 0.811753
425 5 0.911065
426 5 0.185756
427 5 0.931222
428 5 0.838081
429 5 0.804339
430 5 0.884761
431 5 0.899142
432 5 0.984348
433 5 0.941928
434 5 0.768253
435 5 0.862473
436 5 0.958042
437 5 0.694145
438 5 0.689919
439 5 0.558802
440 5 0.884986
441 5 0.896481
442 5 0.889099
443 5 0.933088
444 5 0.789260
445 5 0.992887
446 5 0.819118
447 5 0.991908
448 5 1.050580
449 5 1.036743
450 5 1.033986
451 5 0.973123
452 5 1.003949
453 5 0.715614
454 5 0.943010
455 5 0.071027
456 5 0.894169
457 5 1.035295
458 5 0.998318
459 5 0.933786
460 5 1.076698
461 5 1.000341
462 5 1.008509
463 5 1.022027
464 5 0.959405
465 5 0.876568
466 5 0.900974
467 5 0.431139
468 5 0.763146
469 5 0.960228
470 5 0.979501
471 5 1.003811
472 5 0.657242
473 5 0.960016
474 5 0.040605
475 5 0.741079
476 5 0.882515
477 5 0.865494
478 5 0.842302
479 5 1.009817
480 5 0.969187
481 5 0.980079
482 5 0.949771
483 5 1.070704
484 5 0.814254
485 5 0.942616
486 5 0.970744
487 5 0.971853
488 5 0.798549
489 5 0.913248
490 5 0.916399
491 5 0.974816
492 5 1.202562
493 5 0.893824
494 5 0.119224
495 5 0.926343
496 5 0.945364
497 5 0.219020
498 5 0.470900
499 5 0.748825
500 6 0.107055
501 6 0.682650
502 6 0.102735
503 6 0.118968
504 6 1.165404
505 6 0.822245
506 6 0.724630
507 6 1.057753
508 6 0.697382
509 6 0.888027
510 6 0.931676
511 6 0.963260
512 6 0.882702
513 6 0.993711
514 6 0.941390
515 6 0.978717
516 6 0.787809
517 6 0.912219
518 6 0.185613
519 6 0.922177
520 6 1.080099
521 6 0.914580
522 6 0.929859
523 6 0.896423
524 6 0.909106
525 6 0.970952
526 6 0.781704
527 6 0.899374
528 6 0.955588
529 6 0.911711
530 6 0.922409
531 6 0.071407
532 6 0.899308
533 6 0.530857
534 6 0.458818
535 6 1.020871
536 6 0.866012
537 6 0.951850
538 6 0.903622
539 6 0.950605
540 6 0.891648
541 6 0.889497
542 6 0.905976
543 6 0.968807
544 6 0.771672
545 6 0.988798
546 6 0.932224
547 6 0.995554
548 6 0.912261
549 6 0.501223
550 6 0.915300
551 6 0.798692
552 6 0.878187
553 6 0.750270
554 6 0.847760
555 6 0.774942
556 6 0.869674
557 6 0.941315
558 6 0.968553
559 6 0.718428
560 6 0.969306
561 6 0.956092
562 6 0.924475
563 6 0.942612
564 6 0.734296
565 6 0.977464
566 6 0.939810
567 6 0.959465
568 6 0.992701
569 6 1.012617
570 6 0.707719
571 6 1.029101
572 6 0.928209
573 6 0.908686
574 6 1.015474
575 6 0.800017
576 6 0.622826
577 6 0.956703
578 6 0.748902
579 6 0.958836
580 6 1.000944
581 6 1.002090
582 6 0.995089
583 6 0.041410
584 6 0.988191
585 6 0.643530
586 6 0.906573
587 6 0.996062
588 6 0.523916
589 6 0.601641
590 6 0.892657
591 6 0.862665
592 6 0.904821
593 6 0.866749
594 6 0.940655
595 6 0.912423
596 6 0.913466
597 6 0.933661
598 6 0.770457
599 6 0.883967
600 7 0.098473
601 7 0.971617
602 7 0.843607
603 7 1.008809
604 7 0.661869
605 7 0.889317
606 7 0.928478
607 7 0.991992
608 7 0.978064
609 7 0.790775
610 7 0.964492
611 7 0.915770
612 7 0.980070
613 7 0.984772
614 7 0.071697
615 7 0.979552
616 7 0.805383
617 7 0.706984
618 7 0.982465
619 7 0.185735
620 7 0.688261
621 7 0.973597
622 7 0.855921
623 7 0.041374
624 7 0.778554
625 7 0.700401
626 7 0.921505
627 7 0.957270
628 7 0.745854
629 7 0.780400
630 7 1.181914
631 7 0.917043
632 7 0.102853
633 7 0.972759
634 7 0.905548
635 7 0.629131
636 7 0.751350
637 7 0.938818
638 7 0.884500
639 7 0.900879
640 7 0.687450
641 7 0.866571
642 7 0.883617
643 7 0.119324
644 7 0.841929
645 7 0.443199
646 7 0.924645
647 7 0.918746
648 7 1.005699
649 7 0.743441
650 7 0.929043
651 7 0.601862
652 7 0.948079
653 7 0.745965
654 7 0.867625
655 7 0.909279
656 7 0.964056
657 7 0.992753
658 7 0.960390
659 7 0.964443
660 7 0.844576
661 7 0.936000
662 7 0.924320
663 7 0.910562
664 7 0.975916
665 7 0.952072
666 7 0.860405
667 7 0.921896
668 7 1.039181
669 7 0.911866
670 7 0.902271
671 7 0.822236
672 7 0.955565
673 7 0.946175
674 7 1.053918
675 7 0.984618
676 7 0.926066
677 7 0.946659
678 7 0.929203
679 7 1.072793
680 7 0.497772
681 7 0.954067
682 7 1.003649
683 7 1.055765
684 7 0.929595
685 7 0.940351
686 7 0.942893
687 7 0.869895
688 7 0.608771
689 7 0.963629
690 7 0.502105
691 7 0.918524
692 7 0.757161
693 7 0.727394
694 7 0.883816
695 7 0.952086
696 7 0.991937
697 7 0.457021
698 7 1.027598
699 7 0.791082
700 8 0.971094
701 8 0.098796
702 8 0.943107
703 8 0.710838
704 8 0.804670
705 8 0.859809
706 8 0.712301
707 8 1.024859
708 8 0.905770
709 8 0.794880
710 8 1.011119
711 8 1.004998
712 8 0.608973
713 8 0.942817
714 8 0.917875
715 8 1.005028
716 8 0.857746
717 8 0.927586
718 8 0.604328
719 8 0.946041
720 8 1.058424
721 8 0.997166
722 8 0.967039
723 8 0.942228
724 8 0.907757
725 8 0.995622
726 8 0.937283
727 8 0.891275
728 8 0.505780
729 8 0.809589
730 8 0.783492
731 8 0.041907
732 8 0.975514
733 8 0.968679
734 8 0.779742
735 8 0.430417
736 8 0.852644
737 8 0.851429
738 8 0.788374
739 8 0.869975
740 8 0.072181
741 8 0.937982
742 8 0.862656
743 8 0.996892
744 8 0.899545
745 8 0.937810
746 8 0.695190
747 8 0.938889
748 8 0.891150
749 8 0.845658
750 8 0.740163
751 8 0.958549
752 8 0.926477
753 8 0.862427
754 8 0.995738
755 8 0.949138
756 8 0.956518
757 8 1.010302
758 8 0.861008
759 8 0.930874
760 8 0.954470
761 8 0.956203
762 8 0.856595
763 8 0.470926
764 8 0.927298
765 8 0.801583
766 8 0.873817
767 8 1.011689
768 8 0.892624
769 8 0.694486
770 8 0.904493
771 8 0.744046
772 8 0.960106
773 8 0.981135
774 8 0.989254
775 8 0.953807
776 8 0.911516
777 8 0.555193
778 8 0.186389
779 8 0.622353
780 8 0.938581
781 8 0.119506
782 8 0.733033
783 8 0.582636
784 8 0.564854
785 8 0.906063
786 8 1.013480
787 8 0.936095
788 8 0.765468
789 8 0.629970
790 8 0.855451
791 8 0.983808
792 8 1.026431
793 8 0.998525
794 8 0.904778
795 8 0.770788
796 8 1.004481
797 8 0.103421
798 8 0.960083
799 8 0.959717
800 9 0.918615
801 9 0.862597
802 9 1.002549
803 9 0.925308
804 9 0.944085
805 9 0.740070
806 9 0.962215
807 9 0.476357
808 9 0.846435
809 9 0.741381
810 9 0.914629
811 9 0.887340
812 9 0.971513
813 9 0.951190
814 9 0.941133
815 9 0.766338
816 9 0.976810
817 9 0.859998
818 9 0.956640
819 9 0.515982
820 9 0.884372
821 9 0.119214
822 9 0.072275
823 9 0.956090
824 9 0.982488
825 9 0.984743
826 9 0.949920
827 9 0.934592
828 9 0.906092
829 9 0.882973
830 9 0.666611
831 9 1.011030
832 9 0.937390
833 9 0.468280
834 9 0.890947
835 9 0.655169
836 9 0.947235
837 9 0.998659
838 9 1.056732
839 9 0.825861
840 9 1.012087
841 9 0.928103
842 9 0.898981
843 9 0.776505
844 9 0.794015
845 9 0.657579
846 9 0.819583
847 9 0.987866
848 9 0.633753
849 9 0.941931
850 9 0.729031
851 9 0.978913
852 9 0.919253
853 9 0.878195
854 9 0.786893
855 9 1.004390
856 9 0.186276
857 9 0.935496
858 9 0.852739
859 9 0.878125
860 9 0.872439
861 9 0.922499
862 9 0.836449
863 9 0.753422
864 9 0.621077
865 9 1.011774
866 9 0.970128
867 9 0.917943
868 9 0.972386
869 9 0.042443
870 9 0.875271
871 9 0.103550
872 9 0.854966
873 9 0.845476
874 9 0.967325
875 9 0.967947
876 9 0.592526
877 9 0.741961
878 9 0.929392
879 9 0.937502
880 9 0.863742
881 9 0.924969
882 9 0.940556
883 9 1.020751
884 9 0.832673
885 9 0.945182
886 9 0.586827
887 9 0.680275
888 9 0.930183
889 9 0.502352
890 9 0.843359
891 9 0.892786
892 9 0.995906
893 9 0.532103
894 9 0.099233
895 9 0.599252
896 9 0.747579
897 9 0.899246
898 9 0.926620
899 9 1.032572
900 10 0.899595
901 10 0.698521
902 10 0.535564
903 10 0.800296
904 10 0.899628
905 10 0.960220
906 10 0.506665
907 10 0.841954
908 10 0.042172
909 10 0.929101
910 10 0.186068
911 10 0.915648
912 10 0.637295
913 10 0.942617
914 10 0.775781
915 10 0.924881
916 10 0.870868
917 10 0.811058
918 10 0.872915
919 10 0.860831
920 10 0.736779
921 10 0.829646
922 10 1.020804
923 10 0.878822
924 10 0.937700
925 10 0.900136
926 10 0.794793
927 10 0.857893
928 10 0.864747
929 10 0.799881
930 10 0.960942
931 10 0.849551
932 10 1.049224
933 10 0.072877
934 10 0.954112
935 10 0.505643
936 10 0.895838
937 10 0.921352
938 10 0.813725
939 10 0.746309
940 10 0.853714
941 10 0.901906
942 10 1.008953
943 10 0.613270
944 10 0.975935
945 10 0.980585
946 10 0.973152
947 10 0.938740
948 10 0.502904
949 10 0.903413
950 10 0.840856
951 10 0.985604
952 10 0.774635
953 10 0.973931
954 10 0.936277
955 10 0.957984
956 10 0.943406
957 10 0.561259
958 10 0.927231
959 10 0.862994
960 10 0.508036
961 10 0.855343
962 10 0.959357
963 10 0.972157
964 10 0.626813
965 10 0.622372
966 10 0.821156
967 10 0.759359
968 10 0.969800
969 10 0.948018
970 10 0.548310
971 10 0.613873
972 10 0.870979
973 10 0.488401
974 10 0.929182
975 10 0.863333
976 10 0.980893
977 10 0.900902
978 10 0.937482
979 10 1.004833
980 10 0.863193
981 10 0.119300
982 10 0.764326
983 10 0.595284
984 10 1.076684
985 10 0.832958
986 10 0.990515
987 10 0.860572
988 10 1.003030
989 10 0.954881
990 10 0.111550
991 10 0.676532
992 10 0.766445
993 10 0.099290
994 10 0.792345
995 10 0.891581
996 10 0.971417
997 10 1.034234
998 10 0.913610
999 10 0.877632
1000 11 0.872432
1001 11 0.698457
1002 11 0.990186
1003 11 0.889452
1004 11 1.014785
1005 11 0.752751
1006 11 0.592826
1007 11 0.800938
1008 11 0.805355
1009 11 0.813383
1010 11 0.788130
1011 11 0.952131
1012 11 0.821885
1013 11 0.986200
1014 11 0.042072
1015 11 0.951266
1016 11 0.969937
1017 11 0.691094
1018 11 0.975301
1019 11 0.880396
1020 11 0.819605
1021 11 0.803886
1022 11 0.965308
1023 11 0.904180
1024 11 0.847655
1025 11 0.865587
1026 11 0.887034
1027 11 0.876050
1028 11 0.974941
1029 11 0.983565
1030 11 0.826309
1031 11 0.919992
1032 11 0.988762
1033 11 0.978549
1034 11 0.732672
1035 11 0.845310
1036 11 0.851748
1037 11 0.542698
1038 11 0.596676
1039 11 0.919987
1040 11 0.916080
1041 11 0.775255
1042 11 0.929368
1043 11 0.968608
1044 11 0.908058
1045 11 0.119506
1046 11 0.536259
1047 11 0.890823
1048 11 0.870441
1049 11 0.887304
1050 11 0.589729
1051 11 1.061214
1052 11 0.072591
1053 11 0.856361
1054 11 0.859166
1055 11 0.135161
1056 11 0.949750
1057 11 0.575628
1058 11 0.970053
1059 11 0.712598
1060 11 0.910880
1061 11 0.777339
1062 11 0.985090
1063 11 1.011449
1064 11 0.687459
1065 11 0.919361
1066 11 0.990542
1067 11 1.023390
1068 11 0.966667
1069 11 0.792568
1070 11 0.544047
1071 11 0.898884
1072 11 0.904466
1073 11 0.812606
1074 11 0.928841
1075 11 0.194703
1076 11 0.955104
1077 11 0.843654
1078 11 0.773038
1079 11 0.827821
1080 11 0.866311
1081 11 0.570314
1082 11 0.909444
1083 11 0.874479
1084 11 0.773444
1085 11 0.612772
1086 11 0.860816
1087 11 0.099165
1088 11 0.986375
1089 11 0.787819
1090 11 0.481453
1091 11 0.833566
1092 11 0.943909
1093 11 0.945685
1094 11 0.917684
1095 11 0.848520
1096 11 0.939490
1097 11 1.062954
1098 11 0.589386
1099 11 0.957679
1100 12 0.804687
1101 12 0.923693
1102 12 0.853136
1103 12 0.706154
1104 12 0.968823
1105 12 0.042217
1106 12 0.984333
1107 12 0.103726
1108 12 0.850971
1109 12 0.984989
1110 12 0.914346
1111 12 0.870135
1112 12 0.844068
1113 12 0.956983
1114 12 0.924767
1115 12 0.956389
1116 12 0.469450
1117 12 0.980682
1118 12 0.899279
1119 12 0.989040
1120 12 0.900948
1121 12 0.185854
1122 12 0.747382
1123 12 0.876939
1124 12 0.544650
1125 12 0.666926
1126 12 0.666269
1127 12 0.873007
1128 12 0.991489
1129 12 0.870273
1130 12 0.849031
1131 12 0.824910
1132 12 0.896386
1133 12 0.922018
1134 12 0.754567
1135 12 0.764600
1136 12 0.924716
1137 12 0.650329
1138 12 0.655396
1139 12 0.524586
1140 12 0.912718
1141 12 0.894413
1142 12 0.912673
1143 12 0.930994
1144 12 0.774972
1145 12 0.689820
1146 12 0.908736
1147 12 0.931351
1148 12 0.606601
1149 12 0.915596
1150 12 0.951900
1151 12 0.943979
1152 12 0.699467
1153 12 0.837309
1154 12 0.098792
1155 12 0.464528
1156 12 0.884275
1157 12 0.926554
1158 12 0.367182
1159 12 0.831084
1160 12 0.833948
1161 12 0.915134
1162 12 0.095424
1163 12 0.858207
1164 12 0.967784
1165 12 0.851698
1166 12 0.614762
1167 12 0.938531
1168 12 0.855846
1169 12 0.758599
1170 12 0.756240
1171 12 0.965982
1172 12 0.868772
1173 12 0.633986
1174 12 0.922110
1175 12 0.810341
1176 12 0.976403
1177 12 0.965541
1178 12 0.746352
1179 12 0.838029
1180 12 0.743612
1181 12 0.746454
1182 12 0.943066
1183 12 0.657904
1184 12 0.923189
1185 12 0.801114
1186 12 0.676241
1187 12 0.989147
1188 12 0.847164
1189 12 0.706572
1190 12 0.724286
1191 12 0.976339
1192 12 0.849563
1193 12 0.487860
1194 12 0.131107
1195 12 0.880665
1196 12 0.817210
1197 12 0.927516
1198 12 0.802886
1199 12 0.980971
1200 13 0.574699
1201 13 0.659558
1202 13 0.758069
1203 13 0.458915
1204 13 1.024536
1205 13 0.924364
1206 13 0.769103
1207 13 0.982880
1208 13 0.913301
1209 13 0.937484
1210 13 0.892281
1211 13 0.958929
1212 13 0.918418
1213 13 0.855298
1214 13 0.907723
1215 13 1.000461
1216 13 0.962733
1217 13 0.924536
1218 13 0.762924
1219 13 0.927905
1220 13 0.801263
1221 13 0.919595
1222 13 0.768900
1223 13 0.778638
1224 13 0.747640
1225 13 0.711120
1226 13 0.959262
1227 13 0.844599
1228 13 0.938617
1229 13 0.201769
1230 13 0.766840
1231 13 0.404045
1232 13 0.108654
1233 13 0.952186
1234 13 0.880229
1235 13 0.822481
1236 13 0.521474
1237 13 0.965347
1238 13 0.767884
1239 13 0.901252
1240 13 0.884395
1241 13 0.822566
1242 13 0.854629
1243 13 0.072359
1244 13 0.847193
1245 13 0.415694
1246 13 0.995175
1247 13 0.856213
1248 13 0.891644
1249 13 0.522905
1250 13 0.810087
1251 13 0.863875
1252 13 0.801140
1253 13 0.610769
1254 13 0.777471
1255 13 0.817882
1256 13 1.025403
1257 13 0.982266
1258 13 0.770873
1259 13 0.644606
1260 13 0.947460
1261 13 0.854799
1262 13 0.961288
1263 13 0.967607
1264 13 0.730319
1265 13 0.898791
1266 13 0.625131
1267 13 0.646334
1268 13 0.813627
1269 13 0.974027
1270 13 0.971040
1271 13 0.919142
1272 13 0.911240
1273 13 0.854449
1274 13 0.856136
1275 13 0.875122
1276 13 0.717768
1277 13 0.928786
1278 13 0.923275
1279 13 0.906765
1280 13 0.947594
1281 13 0.807063
1282 13 0.914662
1283 13 0.787248
1284 13 0.869862
1285 13 0.799684
1286 13 0.812460
1287 13 0.042127
1288 13 0.503406
1289 13 0.902070
1290 13 0.702766
1291 13 0.098408
1292 13 0.803170
1293 13 0.535093
1294 13 0.899949
1295 13 0.992956
1296 13 0.859408
1297 13 0.119913
1298 13 0.732124
1299 13 0.757268
1300 14 0.841545
1301 14 0.898597
1302 14 0.866102
1303 14 0.883681
1304 14 0.476422
1305 14 0.931757
1306 14 0.899177
1307 14 0.606188
1308 14 0.754698
1309 14 1.008711
1310 14 0.935502
1311 14 0.847697
1312 14 0.042054
1313 14 0.656573
1314 14 0.877929
1315 14 0.541859
1316 14 0.976779
1317 14 0.072005
1318 14 0.982225
1319 14 0.702202
1320 14 0.700205
1321 14 0.780924
1322 14 0.375494
1323 14 0.668629
1324 14 0.336697
1325 14 0.796481
1326 14 0.739005
1327 14 0.727055
1328 14 0.738797
1329 14 0.900707
1330 14 0.877724
1331 14 0.919324
1332 14 0.971730
1333 14 0.855536
1334 14 0.884854
1335 14 0.858110
1336 14 0.767343
1337 14 0.799049
1338 14 0.661066
1339 14 0.938548
1340 14 0.502060
1341 14 0.687188
1342 14 0.447583
1343 14 0.937357
1344 14 0.829180
1345 14 0.894920
1346 14 0.923421
1347 14 0.877325
1348 14 0.793387
1349 14 0.924029
1350 14 0.885971
1351 14 0.811830
1352 14 0.932304
1353 14 0.857207
1354 14 1.005607
1355 14 0.897804
1356 14 0.896194
1357 14 0.905356
1358 14 0.853783
1359 14 1.022492
1360 14 0.752401
1361 14 0.857481
1362 14 0.862506
1363 14 0.719379
1364 14 0.951070
1365 14 0.735033
1366 14 0.618559
1367 14 0.810831
1368 14 0.098325
1369 14 0.142768
1370 14 0.906199
1371 14 0.878439
1372 14 0.896575
1373 14 0.925076
1374 14 0.842493
1375 14 0.768100
1376 14 0.723816
1377 14 0.899980
1378 14 0.542161
1379 14 0.824950
1380 14 0.834748
1381 14 0.977405
1382 14 0.800650
1383 14 0.149219
1384 14 0.829841
1385 14 0.898289
1386 14 0.854330
1387 14 0.219022
1388 14 0.960823
1389 14 0.599475
1390 14 0.591560
1391 14 0.920871
1392 14 0.610538
1393 14 0.806280
1394 14 0.868405
1395 14 0.821451
1396 14 0.983493
1397 14 0.520495
1398 14 0.907850
1399 14 0.898220
1400 15 0.899611
1401 15 0.684825
1402 15 0.041755
1403 15 1.012037
1404 15 0.479828
1405 15 0.772141
1406 15 0.967121
1407 15 0.764265
1408 15 0.847279
1409 15 0.767599
1410 15 0.745608
1411 15 0.728026
1412 15 0.926351
1413 15 0.953238
1414 15 0.859278
1415 15 0.508888
1416 15 0.506769
1417 15 0.853143
1418 15 0.575899
1419 15 0.760750
1420 15 0.761999
1421 15 0.917908
1422 15 0.968346
1423 15 0.863620
1424 15 0.861327
1425 15 0.675548
1426 15 0.104116
1427 15 0.606386
1428 15 0.865495
1429 15 0.924227
1430 15 0.644315
1431 15 0.856940
1432 15 0.141979
1433 15 0.352684
1434 15 0.185873
1435 15 0.916509
1436 15 0.592088
1437 15 0.734661
1438 15 0.882456
1439 15 0.694782
1440 15 0.857087
1441 15 0.627118
1442 15 0.745468
1443 15 0.950633
1444 15 0.719505
1445 15 0.991316
1446 15 0.746467
1447 15 0.928050
1448 15 0.880895
1449 15 0.844275
1450 15 0.952446
1451 15 0.846855
1452 15 0.671565
1453 15 0.966007
1454 15 0.814832
1455 15 0.969196
1456 15 0.566234
1457 15 0.598938
1458 15 0.438170
1459 15 0.891737
1460 15 0.976374
1461 15 0.664109
1462 15 0.098276
1463 15 0.292985
1464 15 0.825744
1465 15 0.967465
1466 15 0.828583
1467 15 0.937535
1468 15 0.916388
1469 15 1.045613
1470 15 0.907770
1471 15 0.811105
1472 15 0.903144
1473 15 0.725833
1474 15 0.900230
1475 15 0.925082
1476 15 0.784878
1477 15 0.634642
1478 15 0.940080
1479 15 0.941369
1480 15 0.925032
1481 15 0.789559
1482 15 0.772214
1483 15 0.866423
1484 15 0.869167
1485 15 0.866767
1486 15 0.071830
1487 15 0.856913
1488 15 0.566607
1489 15 0.895798
1490 15 0.805658
1491 15 0.900452
1492 15 0.813362
1493 15 0.908765
1494 15 0.795555
1495 15 0.945764
1496 15 1.022340
1497 15 0.812278
1498 15 0.979562
1499 15 0.464333
1500 16 0.964474
1501 16 0.185434
1502 16 0.891637
1503 16 0.886479
1504 16 0.505057
1505 16 0.041726
1506 16 0.359048
1507 16 0.718629
1508 16 0.779890
1509 16 0.104332
1510 16 0.691925
1511 16 0.698974
1512 16 0.740982
1513 16 0.904180
1514 16 0.895197
1515 16 0.994339
1516 16 0.923064
1517 16 0.922079
1518 16 0.807600
1519 16 0.966556
1520 16 0.071701
1521 16 0.920073
1522 16 0.961220
1523 16 0.652702
1524 16 0.645143
1525 16 0.959847
1526 16 0.716715
1527 16 0.841536
1528 16 0.120022
1529 16 0.795445
1530 16 0.477365
1531 16 0.812739
1532 16 0.631884
1533 16 0.405466
1534 16 0.832179
1535 16 0.738840
1536 16 1.008001
1537 16 0.933930
1538 16 0.616662
1539 16 0.883682
1540 16 0.902309
1541 16 0.865911
1542 16 0.887795
1543 16 0.982955
1544 16 0.849702
1545 16 0.520693
1546 16 0.716386
1547 16 0.957823
1548 16 0.848208
1549 16 0.865824
1550 16 0.695594
1551 16 0.908421
1552 16 0.772134
1553 16 0.747404
1554 16 0.938648
1555 16 0.899969
1556 16 0.816671
1557 16 0.621372
1558 16 0.498726
1559 16 0.934697
1560 16 0.912188
1561 16 0.838239
1562 16 0.972154
1563 16 0.815839
1564 16 0.669536
1565 16 0.986762
1566 16 0.869588
1567 16 0.923059
1568 16 0.936920
1569 16 0.798406
1570 16 0.774639
1571 16 1.005770
1572 16 0.965538
1573 16 0.927015
1574 16 0.667265
1575 16 0.770997
1576 16 0.851588
1577 16 0.867095
1578 16 0.931220
1579 16 0.950766
1580 16 0.650433
1581 16 0.859078
1582 16 0.985132
1583 16 0.660216
1584 16 0.762431
1585 16 0.869971
1586 16 0.732749
1587 16 0.901212
1588 16 0.995205
1589 16 0.938423
1590 16 0.964757
1591 16 0.549272
1592 16 0.097745
1593 16 0.809889
1594 16 0.877239
1595 16 0.591617
1596 16 0.907371
1597 16 0.681481
1598 16 0.769583
1599 16 0.840683
1600 17 0.313431
1601 17 0.687634
1602 17 0.899375
1603 17 0.771643
1604 17 0.463588
1605 17 0.883908
1606 17 0.945672
1607 17 0.627728
1608 17 0.893826
1609 17 0.879263
1610 17 0.937003
1611 17 0.667912
1612 17 0.897399
1613 17 0.949993
1614 17 0.988105
1615 17 0.765664
1616 17 0.852727
1617 17 0.908675
1618 17 1.075406
1619 17 0.661867
1620 17 1.064973
1621 17 0.861537
1622 17 0.954002
1623 17 0.709522
1624 17 0.995845
1625 17 0.089271
1626 17 0.884156
1627 17 1.028588
1628 17 0.942745
1629 17 0.953548
1630 17 0.743198
1631 17 0.977202
1632 17 0.458515
1633 17 0.666094
1634 17 0.682295
1635 17 1.021859
1636 17 0.961897
1637 17 0.830228
1638 17 0.936655
1639 17 0.730303
1640 17 0.855526
1641 17 0.891129
1642 17 0.778352
1643 17 0.041638
1644 17 0.894012
1645 17 0.097712
1646 17 0.823565
1647 17 0.812102
1648 17 0.928392
1649 17 0.852251
1650 17 0.781322
1651 17 0.807659
1652 17 0.502090
1653 17 0.591124
1654 17 0.781354
1655 17 0.886449
1656 17 0.563850
1657 17 0.710932
1658 17 0.837097
1659 17 1.011625
1660 17 0.849404
1661 17 0.812410
1662 17 0.835864
1663 17 0.867393
1664 17 0.876426
1665 17 0.639562
1666 17 0.511176
1667 17 0.706065
1668 17 0.716510
1669 17 0.836613
1670 17 0.650165
1671 17 0.555487
1672 17 0.802263
1673 17 1.028944
1674 17 0.886756
1675 17 0.794916
1676 17 0.809282
1677 17 0.927932
1678 17 0.850586
1679 17 0.104318
1680 17 0.965866
1681 17 0.777577
1682 17 0.812561
1683 17 0.878174
1684 17 1.034129
1685 17 0.902826
1686 17 0.842771
1687 17 0.119726
1688 17 0.545522
1689 17 0.968738
1690 17 0.909840
1691 17 0.855642
1692 17 0.792655
1693 17 0.653783
1694 17 0.772737
1695 17 0.224951
1696 17 0.962804
1697 17 0.905803
1698 17 0.741220
1699 17 0.896076
1700 18 0.071428
1701 18 0.833913
1702 18 0.973467
1703 18 0.945662
1704 18 0.675938
1705 18 0.845087
1706 18 0.878966
1707 18 0.701305
1708 18 0.861814
1709 18 0.765216
1710 18 0.827098
1711 18 0.946070
1712 18 0.097547
1713 18 0.935726
1714 18 0.906482
1715 18 0.965694
1716 18 0.951570
1717 18 1.047733
1718 18 0.741742
1719 18 0.942758
1720 18 0.607912
1721 18 0.682292
1722 18 0.675095
1723 18 0.719172
1724 18 0.830403
1725 18 0.791583
1726 18 0.210779
1727 18 0.820776
1728 18 0.868334
1729 18 0.570414
1730 18 0.924827
1731 18 0.795364
1732 18 0.894900
1733 18 0.855263
1734 18 0.833979
1735 18 0.653660
1736 18 0.738589
1737 18 0.523462
1738 18 0.461447
1739 18 0.724690
1740 18 1.068113
1741 18 0.905365
1742 18 0.331606
1743 18 0.119613
1744 18 0.915570
1745 18 0.869528
1746 18 0.922206
1747 18 0.711794
1748 18 0.743118
1749 18 0.993780
1750 18 0.937353
1751 18 0.830594
1752 18 0.832855
1753 18 0.884916
1754 18 0.759302
1755 18 0.104041
1756 18 0.847086
1757 18 0.873955
1758 18 0.828386
1759 18 0.740458
1760 18 0.864820
1761 18 0.699318
1762 18 0.876133
1763 18 0.929493
1764 18 0.714923
1765 18 0.814018
1766 18 0.993393
1767 18 0.798899
1768 18 0.895002
1769 18 0.795249
1770 18 0.921110
1771 18 0.793041
1772 18 0.916030
1773 18 0.720610
1774 18 0.863529
1775 18 0.950640
1776 18 1.056317
1777 18 0.905220
1778 18 0.752878
1779 18 0.919057
1780 18 0.849916
1781 18 0.912055
1782 18 0.451057
1783 18 1.032458
1784 18 0.854443
1785 18 0.434849
1786 18 0.041156
1787 18 0.814098
1788 18 0.836772
1789 18 0.869624
1790 18 0.935478
1791 18 0.876039
1792 18 0.635690
1793 18 0.582287
1794 18 0.538049
1795 18 0.766710
1796 18 0.316885
1797 18 0.665436
1798 18 1.014039
1799 18 0.868533
1800 19 0.943995
1801 19 0.901170
1802 19 0.827535
1803 19 0.864691
1804 19 0.517094
1805 19 0.835461
1806 19 0.789514
1807 19 0.773342
1808 19 0.816012
1809 19 0.832785
1810 19 0.184715
1811 19 0.776997
1812 19 0.810100
1813 19 0.719000
1814 19 0.799036
1815 19 0.625294
1816 19 0.924968
1817 19 0.727264
1818 19 0.529970
1819 19 0.923324
1820 19 0.581055
1821 19 0.921675
1822 19 0.866461
1823 19 0.673182
1824 19 0.901493
1825 19 1.080367
1826 19 0.748136
1827 19 0.966861
1828 19 0.655481
1829 19 0.927251
1830 19 0.846125
1831 19 0.919049
1832 19 0.815484
1833 19 0.752107
1834 19 0.950346
1835 19 0.464543
1836 19 0.733504
1837 19 0.482709
1838 19 0.863617
1839 19 0.905937
1840 19 0.641172
1841 19 0.673154
1842 19 0.866141
1843 19 0.959360
1844 19 0.623027
1845 19 0.071426
1846 19 0.774095
1847 19 0.854254
1848 19 0.041499
1849 19 0.926781
1850 19 0.932587
1851 19 0.280455
1852 19 0.573531
1853 19 0.737813
1854 19 0.826367
1855 19 0.915271
1856 19 0.898690
1857 19 0.722489
1858 19 0.899321
1859 19 0.851901
1860 19 0.966343
1861 19 0.605015
1862 19 0.889955
1863 19 0.826917
1864 19 0.745753
1865 19 0.811227
1866 19 0.814779
1867 19 0.804959
1868 19 0.986412
1869 19 0.967744
1870 19 0.858884
1871 19 0.921025
1872 19 0.119722
1873 19 0.807930
1874 19 0.989484
1875 19 0.959140
1876 19 0.926677
1877 19 0.708969
1878 19 0.827553
1879 19 0.917854
1880 19 0.921092
1881 19 0.449741
1882 19 0.682412
1883 19 0.793650
1884 19 0.785183
1885 19 0.874915
1886 19 0.912221
1887 19 0.908978
1888 19 0.104533
1889 19 0.824534
1890 19 0.807380
1891 19 0.808991
1892 19 0.936310
1893 19 0.939452
1894 19 0.858255
1895 19 0.097744
1896 19 0.942663
1897 19 0.770316
1898 19 0.573937
1899 19 0.559854
1900 20 0.860795
1901 20 0.942649
1902 20 0.071250
1903 20 0.828999
1904 20 0.901659
1905 20 0.942401
1906 20 0.115266
1907 20 0.759645
1908 20 1.027488
1909 20 1.004722
1910 20 0.794033
1911 20 0.185032
1912 20 0.939533
1913 20 0.119780
1914 20 0.863519
1915 20 0.921858
1916 20 0.891152
1917 20 0.881461
1918 20 0.819627
1919 20 0.619175
1920 20 0.771899
1921 20 0.743544
1922 20 0.818060
1923 20 0.827292
1924 20 0.919037
1925 20 0.865145
1926 20 0.896590
1927 20 0.851481
1928 20 0.870524
1929 20 0.799735
1930 20 0.868154
1931 20 0.862466
1932 20 0.854017
1933 20 0.806144
1934 20 0.961996
1935 20 0.945460
1936 20 0.778099
1937 20 0.604712
1938 20 0.956020
1939 20 0.913000
1940 20 0.841796
1941 20 0.800797
1942 20 0.805048
1943 20 0.755448
1944 20 0.529196
1945 20 0.366092
1946 20 0.824696
1947 20 0.530995
1948 20 0.926435
1949 20 0.780988
1950 20 0.434960
1951 20 0.832692
1952 20 0.812949
1953 20 0.925535
1954 20 0.791636
1955 20 0.718718
1956 20 0.536810
1957 20 0.686885
1958 20 0.594905
1959 20 0.675926
1960 20 0.990568
1961 20 0.580105
1962 20 0.852310
1963 20 0.340544
1964 20 0.710583
1965 20 0.819814
1966 20 0.097613
1967 20 0.867460
1968 20 0.618588
1969 20 0.778808
1970 20 0.859772
1971 20 0.897252
1972 20 0.916493
1973 20 0.785640
1974 20 0.975705
1975 20 0.658424
1976 20 0.886012
1977 20 0.741481
1978 20 0.853383
1979 20 0.909037
1980 20 0.591399
1981 20 0.859255
1982 20 0.835256
1983 20 1.001432
1984 20 0.697489
1985 20 0.836475
1986 20 0.852693
1987 20 0.632529
1988 20 0.937837
1989 20 0.956816
1990 20 0.923016
1991 20 0.041430
1992 20 0.960553
1993 20 0.422091
1994 20 0.925655
1995 20 0.902930
1996 20 0.681318
1997 20 0.843148
1998 20 0.531301
1999 20 0.960478
2000 21 0.793774
2001 21 0.895512
2002 21 0.535378
2003 21 0.859360
2004 21 0.949836
2005 21 0.935165
2006 21 0.500111
2007 21 0.735995
2008 21 0.119502
2009 21 0.896870
2010 21 0.814785
2011 21 0.884507
2012 21 0.941529
2013 21 0.785025
2014 21 0.812536
2015 21 0.891820
2016 21 0.500607
2017 21 0.928455
2018 21 1.009324
2019 21 0.908846
2020 21 0.913215
2021 21 0.857803
2022 21 0.885180
2023 21 0.764917
2024 21 0.706535
2025 21 0.780924
2026 21 0.957807
2027 21 0.791245
2028 21 0.777379
2029 21 0.508855
2030 21 0.569665
2031 21 0.850434
2032 21 0.737853
2033 21 0.739082
2034 21 0.949525
2035 21 0.884141
2036 21 0.850404
2037 21 0.290211
2038 21 1.028042
2039 21 0.741855
2040 21 0.816215
2041 21 0.041650
2042 21 0.522866
2043 21 0.799765
2044 21 0.507488
2045 21 0.813663
2046 21 0.767268
2047 21 0.864854
2048 21 0.634503
2049 21 0.871122
2050 21 0.855019
2051 21 0.599170
2052 21 0.097563
2053 21 0.828078
2054 21 0.934538
2055 21 0.564626
2056 21 0.941683
2057 21 0.887424
2058 21 0.550270
2059 21 0.823631
2060 21 0.797153
2061 21 0.367581
2062 21 0.846618
2063 21 0.667701
2064 21 0.906879
2065 21 0.890736
2066 21 0.966391
2067 21 0.927671
2068 21 0.666140
2069 21 0.840462
2070 21 0.994509
2071 21 0.972697
2072 21 0.777003
2073 21 1.026322
2074 21 0.855191
2075 21 0.885442
2076 21 0.734953
2077 21 0.875634
2078 21 0.808039
2079 21 0.744794
2080 21 0.842375
2081 21 0.972684
2082 21 0.944348
2083 21 0.896565
2084 21 0.722747
2085 21 0.566544
2086 21 0.902929
2087 21 0.920291
2088 21 0.867054
2089 21 0.959580
2090 21 0.266705
2091 21 0.185058
2092 21 0.849666
2093 21 0.697751
2094 21 0.071334
2095 21 0.760926
2096 21 0.993470
2097 21 0.795346
2098 21 0.917399
2099 21 0.104519
2100 22 0.741595
2101 22 0.858191
2102 22 0.914134
2103 22 0.876908
2104 22 0.698050
2105 22 0.844594
2106 22 0.900212
2107 22 0.847695
2108 22 0.944749
2109 22 0.640507
2110 22 0.780761
2111 22 0.970671
2112 22 0.455865
2113 22 0.812971
2114 22 0.290125
2115 22 0.664843
2116 22 0.775161
2117 22 1.032061
2118 22 0.695712
2119 22 0.664378
2120 22 0.929066
2121 22 0.942463
2122 22 0.749791
2123 22 0.653208
2124 22 0.661442
2125 22 0.835100
2126 22 0.930239
2127 22 0.436654
2128 22 0.961642
2129 22 0.864533
2130 22 0.111094
2131 22 0.916572
2132 22 0.514285
2133 22 0.807900
2134 22 0.871685
2135 22 0.981527
2136 22 0.962990
2137 22 0.755867
2138 22 0.450405
2139 22 0.644387
2140 22 0.795946
2141 22 0.676442
2142 22 0.577647
2143 22 0.712016
2144 22 0.814930
2145 22 0.070924
2146 22 0.829387
2147 22 0.970551
2148 22 0.913347
2149 22 0.824274
2150 22 0.899830
2151 22 0.119628
2152 22 1.013318
2153 22 0.672022
2154 22 0.760771
2155 22 0.550084
2156 22 0.582171
2157 22 0.919037
2158 22 0.875687
2159 22 0.770945
2160 22 0.779246
2161 22 0.911982
2162 22 0.934550
2163 22 0.788431
2164 22 0.976561
2165 22 0.942302
2166 22 0.947487
2167 22 0.810615
2168 22 0.842815
2169 22 0.877369
2170 22 0.794391
2171 22 0.761790
2172 22 0.726788
2173 22 0.966066
2174 22 0.968500
2175 22 0.883970
2176 22 0.843734
2177 22 0.509766
2178 22 0.571120
2179 22 0.692775
2180 22 0.807410
2181 22 0.830287
2182 22 0.929762
2183 22 0.950938
2184 22 0.679848
2185 22 1.131136
2186 22 0.870388
2187 22 0.965964
2188 22 0.601050
2189 22 0.833610
2190 22 0.946723
2191 22 0.041180
2192 22 0.884135
2193 22 0.656849
2194 22 0.686086
2195 22 0.097490
2196 22 0.815877
2197 22 0.742725
2198 22 0.881109
2199 22 0.184840
2200 23 0.905669
2201 23 0.892315
2202 23 0.794383
2203 23 0.925372
2204 23 0.918792
2205 23 0.664681
2206 23 0.184731
2207 23 0.426606
2208 23 0.888173
2209 23 0.815312
2210 23 0.041305
2211 23 0.451587
2212 23 0.802527
2213 23 0.919423
2214 23 0.874110
2215 23 0.705222
2216 23 0.885965
2217 23 0.780263
2218 23 0.923106
2219 23 0.692781
2220 23 0.923548
2221 23 0.924576
2222 23 0.978936
2223 23 0.676579
2224 23 0.131930
2225 23 0.879671
2226 23 0.671340
2227 23 0.943360
2228 23 0.735412
2229 23 0.487915
2230 23 0.710640
2231 23 0.927126
2232 23 0.932285
2233 23 0.803699
2234 23 0.762289
2235 23 0.598563
2236 23 0.896831
2237 23 0.895106
2238 23 0.562886
2239 23 0.739190
2240 23 0.907124
2241 23 0.688959
2242 23 0.963759
2243 23 0.585284
2244 23 0.794270
2245 23 0.518091
2246 23 0.958269
2247 23 0.904076
2248 23 0.831511
2249 23 0.413595
2250 23 0.792133
2251 23 0.844247
2252 23 0.769838
2253 23 0.929569
2254 23 0.898549
2255 23 0.494283
2256 23 1.004916
2257 23 0.738785
2258 23 0.768045
2259 23 0.987992
2260 23 0.889948
2261 23 0.742581
2262 23 0.720351
2263 23 0.767494
2264 23 0.897917
2265 23 0.939768
2266 23 0.848874
2267 23 0.799021
2268 23 0.733423
2269 23 0.996609
2270 23 0.923860
2271 23 0.117589
2272 23 0.599967
2273 23 0.915205
2274 23 0.772256
2275 23 0.651457
2276 23 0.071270
2277 23 0.778751
2278 23 0.929647
2279 23 0.814155
2280 23 0.657762
2281 23 0.659492
2282 23 0.982787
2283 23 0.738011
2284 23 0.834623
2285 23 0.757253
2286 23 0.671374
2287 23 0.961325
2288 23 1.035519
2289 23 0.865598
2290 23 0.713181
2291 23 0.888875
2292 23 1.014370
2293 23 0.628241
2294 23 0.509055
2295 23 0.498789
2296 23 0.777409
2297 23 0.376524
2298 23 0.186467
2299 23 0.749781
2300 24 0.938070
2301 24 0.646505
2302 24 0.983944
2303 24 0.903098
2304 24 0.865673
2305 24 0.839680
2306 24 0.750009
2307 24 0.772792
2308 24 0.856637
2309 24 0.447750
2310 24 0.717974
2311 24 0.696939
2312 24 1.088527
2313 24 0.897282
2314 24 0.873875
2315 24 1.040688
2316 24 0.867978
2317 24 0.686868
2318 24 0.646178
2319 24 0.459117
2320 24 0.041431
2321 24 0.499090
2322 24 0.469594
2323 24 0.928876
2324 24 0.688752
2325 24 0.452369
2326 24 0.696867
2327 24 0.816046
2328 24 0.717924
2329 24 0.921584
2330 24 0.806022
2331 24 0.119647
2332 24 0.595396
2333 24 0.896554
2334 24 0.785515
2335 24 0.736102
2336 24 1.096649
2337 24 0.969120
2338 24 0.708759
2339 24 0.811754
2340 24 0.788684
2341 24 0.869958
2342 24 0.871897
2343 24 0.846915
2344 24 0.780810
2345 24 0.921051
2346 24 0.879520
2347 24 0.917113
2348 24 0.928334
2349 24 0.800247
2350 24 0.886166
2351 24 0.874861
2352 24 0.856196
2353 24 0.782780
2354 24 0.757028
2355 24 0.847096
2356 24 0.663835
2357 24 0.991965
2358 24 0.977800
2359 24 0.694940
2360 24 0.794627
2361 24 0.893126
2362 24 0.184834
2363 24 0.811365
2364 24 0.647152
2365 24 0.666333
2366 24 0.736972
2367 24 0.808278
2368 24 0.733398
2369 24 0.932300
2370 24 0.856405
2371 24 0.870928
2372 24 0.982563
2373 24 0.886062
2374 24 0.502191
2375 24 0.903276
2376 24 0.734356
2377 24 0.793223
2378 24 0.071088
2379 24 0.708308
2380 24 0.926846
2381 24 0.104026
2382 24 0.606292
2383 24 1.047223
2384 24 0.638866
2385 24 0.940201
2386 24 0.218954
2387 24 0.861750
2388 24 0.240563
2389 24 0.820704
2390 24 0.674067
2391 24 0.955244
2392 24 0.866412
2393 24 0.810141
2394 24 0.263827
2395 24 0.817217
2396 24 0.903128
2397 24 0.942225
2398 24 0.097273
2399 24 0.635974
