# Batch convergence for: model=snn-ae encoding=poisson architecture=conv1d v_th=1.5 alpha=0.8 run=1
batch_num epoch batch_loss
0 1 0.051270
1 1 0.104908
2 1 0.156678
3 1 0.057900
4 1 0.950934
5 1 0.195140
6 1 0.379714
7 1 0.043988
8 1 0.043914
9 1 0.085140
10 1 0.072426
11 1 0.156635
12 1 0.224286
13 1 0.090098
14 1 0.226644
15 1 0.113092
16 1 0.312454
17 1 0.330623
18 1 0.173490
19 1 0.081495
20 1 0.193327
21 1 0.011446
22 1 0.095672
23 1 0.121135
24 1 0.162840
25 1 0.316946
26 1 0.233840
27 1 0.132458
28 1 0.069777
29 1 0.193932
30 1 0.245966
31 1 0.187972
32 1 0.152840
33 1 0.159864
34 1 0.090732
35 1 0.078552
36 1 0.228840
37 1 0.100757
38 1 0.059930
39 1 0.052069
40 1 0.115855
41 1 0.182625
42 1 0.049878
43 1 0.071102
44 1 0.132533
45 1 0.042714
46 1 0.058033
47 1 0.141857
48 1 0.221451
49 1 0.189830
50 1 0.015276
51 1 0.281896
52 1 0.164977
53 1 0.017718
54 1 0.938656
55 1 0.070001
56 1 0.300455
57 1 0.064496
58 1 0.161495
59 1 0.187054
60 1 0.188067
61 1 0.290346
62 1 0.246645
63 1 0.082207
64 1 0.177839
65 1 0.137855
66 1 0.015606
67 1 0.579487
68 1 0.064217
69 1 0.080700
70 1 0.076697
71 1 0.011478
72 1 0.022197
73 1 0.123141
74 1 0.109492
75 1 0.146820
76 1 0.114541
77 1 0.221781
78 1 0.061302
79 1 0.092168
80 1 0.968700
81 1 0.104150
82 1 0.059492
83 1 0.126064
84 1 0.245373
85 1 0.255508
86 1 0.102094
87 1 0.187514
88 1 0.232965
89 1 0.137214
90 1 0.022662
91 1 0.284791
92 1 0.023159
93 1 0.065875
94 1 0.106063
95 1 0.168484
96 1 0.055407
97 1 0.053750
98 1 0.059219
99 1 0.107559
100 2 0.055083
101 2 0.040764
102 2 0.062361
103 2 0.058920
104 2 0.115774
105 2 0.085361
106 2 0.146004
107 2 0.188542
108 2 0.046949
109 2 0.080810
110 2 0.107840
111 2 0.014818
112 2 0.073941
113 2 0.905237
114 2 0.059238
115 2 0.084596
116 2 0.069336
117 2 0.075098
118 2 0.022326
119 2 0.120211
120 2 0.093015
121 2 0.056156
122 2 0.011465
123 2 0.066030
124 2 0.095936
125 2 0.118159
126 2 0.141172
127 2 0.129056
128 2 0.158145
129 2 0.168911
130 2 0.175762
131 2 0.109579
132 2 0.206506
133 2 0.081912
134 2 0.168028
135 2 0.111920
136 2 0.043646
137 2 0.123483
138 2 0.209718
139 2 0.184382
140 2 0.062972
141 2 0.390280
142 2 0.229397
143 2 0.074646
144 2 0.068414
145 2 0.081351
146 2 0.192885
147 2 0.056205
148 2 0.158947
149 2 0.118671
150 2 0.022768
151 2 0.065327
152 2 0.110532
153 2 0.047745
154 2 0.174091
155 2 0.015954
156 2 0.498526
157 2 0.064249
158 2 0.116325
159 2 0.080175
160 2 0.065791
161 2 0.066702
162 2 0.054697
163 2 0.150494
164 2 0.040248
165 2 0.128845
166 2 0.021973
167 2 0.038510
168 2 0.162338
169 2 0.139688
170 2 0.100951
171 2 0.554227
172 2 0.147211
173 2 0.123185
174 2 0.121032
175 2 0.171567
176 2 0.075411
177 2 0.017548
178 2 0.063342
179 2 0.089551
180 2 0.169350
181 2 0.061008
182 2 0.044065
183 2 0.238415
184 2 0.154691
185 2 0.011943
186 2 0.131389
187 2 0.097870
188 2 0.151764
189 2 0.227732
190 2 0.141135
191 2 0.050341
192 2 0.134746
193 2 0.193906
194 2 0.732960
195 2 0.136981
196 2 0.167593
197 2 0.050029
198 2 0.089583
199 2 0.148009
200 3 0.111623
201 3 0.186434
202 3 0.037170
203 3 0.102503
204 3 0.016661
205 3 0.141613
206 3 0.064712
207 3 0.012491
208 3 0.563159
209 3 0.039954
210 3 0.090081
211 3 0.062774
212 3 0.141275
213 3 0.179542
214 3 0.126936
215 3 0.037426
216 3 0.195572
217 3 0.051961
218 3 0.563863
219 3 0.022577
220 3 0.097370
221 3 0.037368
222 3 0.089890
223 3 0.129496
224 3 0.177150
225 3 0.049264
226 3 0.080809
227 3 0.069180
228 3 0.138116
229 3 0.022986
230 3 0.142536
231 3 0.015830
232 3 0.042455
233 3 0.078183
234 3 0.127809
235 3 0.101920
236 3 0.107076
237 3 0.206645
238 3 0.101265
239 3 0.224086
240 3 0.237571
241 3 0.207056
242 3 0.065247
243 3 0.173179
244 3 0.178656
245 3 0.072521
246 3 0.147586
247 3 0.054697
248 3 0.095517
249 3 0.045300
250 3 0.148327
251 3 0.186197
252 3 0.414571
253 3 0.108943
254 3 0.083471
255 3 0.050362
256 3 0.094989
257 3 0.037538
258 3 0.062850
259 3 0.062913
260 3 0.203698
261 3 0.108735
262 3 0.167919
263 3 0.066195
264 3 0.093924
265 3 0.156382
266 3 0.087828
267 3 0.051947
268 3 0.117654
269 3 0.166662
270 3 0.046891
271 3 0.056428
272 3 0.091999
273 3 0.189706
274 3 0.100957
275 3 0.086242
276 3 0.013389
277 3 0.018757
278 3 0.214261
279 3 0.203689
280 3 0.051867
281 3 0.175635
282 3 0.107663
283 3 0.064261
284 3 0.374861
285 3 0.132797
286 3 0.166251
287 3 0.107507
288 3 0.037456
289 3 0.041187
290 3 0.141496
291 3 0.158132
292 3 0.072848
293 3 0.061486
294 3 0.098123
295 3 0.022772
296 3 0.083351
297 3 0.225575
298 3 0.084198
299 3 0.296390
300 4 0.160967
301 4 0.091764
302 4 0.097872
303 4 0.140107
304 4 0.040868
305 4 0.179596
306 4 0.064378
307 4 0.134280
308 4 0.158880
309 4 0.148036
310 4 0.082959
311 4 0.061553
312 4 0.044958
313 4 0.064925
314 4 0.086960
315 4 0.082375
316 4 0.014021
317 4 0.050871
318 4 0.081406
319 4 0.099811
320 4 0.152315
321 4 0.101387
322 4 0.080537
323 4 0.157629
324 4 0.082104
325 4 0.155503
326 4 0.096438
327 4 0.093035
328 4 0.019047
329 4 0.043323
330 4 0.082190
331 4 0.075083
332 4 0.159769
333 4 0.086423
334 4 0.067210
335 4 0.062721
336 4 0.052175
337 4 0.131040
338 4 0.036903
339 4 0.071266
340 4 0.072455
341 4 0.119740
342 4 0.076248
343 4 0.018359
344 4 0.316132
345 4 0.155606
346 4 0.074350
347 4 0.256956
348 4 0.050516
349 4 0.116139
350 4 0.209815
351 4 0.059592
352 4 0.097205
353 4 0.084230
354 4 0.016787
355 4 0.050035
356 4 0.160833
357 4 0.211146
358 4 0.119847
359 4 0.014194
360 4 0.023620
361 4 0.130617
362 4 0.149561
363 4 0.133421
364 4 0.140726
365 4 0.146290
366 4 0.123275
367 4 0.116348
368 4 0.054610
369 4 0.045325
370 4 0.022955
371 4 0.023728
372 4 0.056300
373 4 0.080947
374 4 0.095794
375 4 0.037109
376 4 0.051316
377 4 0.161367
378 4 0.049947
379 4 0.139139
380 4 0.121647
381 4 0.059457
382 4 0.205926
383 4 0.353017
384 4 0.109374
385 4 0.053737
386 4 0.193654
387 4 0.182627
388 4 0.058924
389 4 0.107843
390 4 0.107891
391 4 0.117725
392 4 0.072300
393 4 0.176270
394 4 0.082787
395 4 0.293978
396 4 0.086662
397 4 0.284644
398 4 0.145038
399 4 0.035066
400 5 0.125959
401 5 0.128362
402 5 0.036768
403 5 0.040972
404 5 0.071470
405 5 0.076709
406 5 0.097118
407 5 0.261901
408 5 0.049869
409 5 0.115984
410 5 0.263090
411 5 0.358761
412 5 0.034701
413 5 0.014661
414 5 0.053255
415 5 0.125587
416 5 0.017268
417 5 0.154354
418 5 0.036863
419 5 0.088948
420 5 0.191732
421 5 0.019734
422 5 0.100020
423 5 0.036577
424 5 0.229374
425 5 0.081606
426 5 0.040236
427 5 0.076885
428 5 0.067315
429 5 0.023296
430 5 0.144583
431 5 0.205108
432 5 0.135293
433 5 0.059611
434 5 0.065664
435 5 0.096664
436 5 0.085892
437 5 0.060090
438 5 0.018995
439 5 0.087436
440 5 0.138056
441 5 0.064267
442 5 0.124397
443 5 0.061197
444 5 0.102609
445 5 0.051548
446 5 0.078263
447 5 0.133749
448 5 0.176673
449 5 0.114091
450 5 0.144626
451 5 0.249071
452 5 0.156811
453 5 0.023649
454 5 0.091064
455 5 0.064809
456 5 0.102163
457 5 0.106008
458 5 0.147152
459 5 0.107651
460 5 0.126980
461 5 0.062569
462 5 0.136532
463 5 0.101256
464 5 0.152592
465 5 0.059619
466 5 0.056407
467 5 0.046383
468 5 0.096918
469 5 0.073911
470 5 0.117901
471 5 0.099332
472 5 0.015033
473 5 0.145115
474 5 0.036431
475 5 0.167756
476 5 0.107907
477 5 0.051062
478 5 0.076144
479 5 0.042559
480 5 0.056002
481 5 0.270560
482 5 0.087435
483 5 0.079855
484 5 0.023699
485 5 0.082315
486 5 0.136388
487 5 0.209297
488 5 0.112266
489 5 0.092757
490 5 0.062498
491 5 0.143994
492 5 0.249854
493 5 0.123717
494 5 0.095564
495 5 0.081083
496 5 0.175023
497 5 0.100832
498 5 0.044402
499 5 0.053706
500 6 0.034218
501 6 0.015036
502 6 0.040995
503 6 0.048777
504 6 0.248556
505 6 0.070269
506 6 0.019160
507 6 0.176640
508 6 0.181846
509 6 0.089858
510 6 0.064433
511 6 0.079390
512 6 0.101279
513 6 0.123357
514 6 0.162192
515 6 0.223023
516 6 0.053378
517 6 0.060349
518 6 0.040256
519 6 0.105610
520 6 0.144835
521 6 0.108013
522 6 0.112537
523 6 0.097388
524 6 0.059210
525 6 0.108189
526 6 0.077470
527 6 0.131755
528 6 0.036439
529 6 0.081044
530 6 0.156956
531 6 0.085069
532 6 0.164714
533 6 0.072793
534 6 0.056866
535 6 0.071368
536 6 0.150207
537 6 0.066441
538 6 0.187617
539 6 0.070941
540 6 0.089905
541 6 0.077118
542 6 0.114334
543 6 0.045959
544 6 0.095687
545 6 0.141322
546 6 0.112326
547 6 0.150246
548 6 0.085962
549 6 0.161326
550 6 0.074242
551 6 0.023900
552 6 0.062411
553 6 0.023294
554 6 0.058446
555 6 0.119485
556 6 0.123762
557 6 0.121352
558 6 0.135171
559 6 0.023642
560 6 0.060101
561 6 0.062692
562 6 0.051719
563 6 0.062055
564 6 0.019440
565 6 0.041861
566 6 0.089560
567 6 0.191281
568 6 0.113897
569 6 0.092591
570 6 0.017098
571 6 0.140342
572 6 0.068970
573 6 0.059954
574 6 0.119680
575 6 0.049855
576 6 0.014972
577 6 0.072968
578 6 0.062396
579 6 0.041816
580 6 0.094682
581 6 0.278642
582 6 0.080644
583 6 0.036529
584 6 0.296784
585 6 0.037221
586 6 0.124173
587 6 0.147606
588 6 0.046141
589 6 0.200170
590 6 0.237074
591 6 0.061563
592 6 0.060277
593 6 0.183060
594 6 0.099274
595 6 0.178512
596 6 0.083315
597 6 0.055069
598 6 0.150310
599 6 0.217788
600 7 0.069002
601 7 0.216408
602 7 0.084635
603 7 0.222661
604 7 0.019321
605 7 0.109361
606 7 0.207699
607 7 0.164465
608 7 0.108202
609 7 0.086648
610 7 0.222428
611 7 0.156760
612 7 0.162564
613 7 0.106023
614 7 0.061619
615 7 0.087718
616 7 0.104068
617 7 0.023492
618 7 0.093441
619 7 0.060477
620 7 0.019355
621 7 0.060173
622 7 0.035747
623 7 0.036325
624 7 0.052915
625 7 0.047596
626 7 0.139656
627 7 0.132278
628 7 0.049213
629 7 0.076198
630 7 0.174681
631 7 0.061431
632 7 0.040799
633 7 0.089547
634 7 0.107513
635 7 0.037126
636 7 0.015075
637 7 0.064944
638 7 0.072403
639 7 0.116647
640 7 0.081668
641 7 0.108905
642 7 0.130627
643 7 0.059147
644 7 0.057406
645 7 0.046168
646 7 0.070062
647 7 0.113921
648 7 0.145559
649 7 0.016917
650 7 0.059546
651 7 0.212054
652 7 0.140592
653 7 0.146113
654 7 0.080101
655 7 0.142651
656 7 0.041090
657 7 0.054807
658 7 0.117225
659 7 0.074768
660 7 0.042001
661 7 0.061738
662 7 0.052951
663 7 0.085126
664 7 0.168116
665 7 0.185600
666 7 0.078284
667 7 0.114946
668 7 0.092440
669 7 0.074933
670 7 0.079972
671 7 0.105206
672 7 0.199037
673 7 0.244857
674 7 0.073734
675 7 0.156797
676 7 0.148770
677 7 0.122522
678 7 0.065435
679 7 0.128349
680 7 0.070287
681 7 0.036599
682 7 0.078063
683 7 0.247517
684 7 0.156682
685 7 0.112389
686 7 0.162762
687 7 0.065620
688 7 0.015532
689 7 0.071463
690 7 0.112367
691 7 0.204330
692 7 0.023207
693 7 0.023561
694 7 0.116105
695 7 0.133907
696 7 0.045548
697 7 0.044251
698 7 0.051925
699 7 0.118806
700 8 0.166373
701 8 0.033122
702 8 0.081331
703 8 0.123754
704 8 0.066782
705 8 0.041974
706 8 0.023432
707 8 0.118784
708 8 0.102489
709 8 0.083762
710 8 0.197706
711 8 0.172181
712 8 0.037044
713 8 0.041062
714 8 0.073478
715 8 0.180602
716 8 0.171906
717 8 0.129190
718 8 0.127694
719 8 0.110913
720 8 0.105682
721 8 0.128595
722 8 0.059223
723 8 0.057469
724 8 0.102893
725 8 0.060553
726 8 0.174468
727 8 0.070656
728 8 0.057257
729 8 0.086207
730 8 0.035760
731 8 0.036012
732 8 0.104515
733 8 0.224841
734 8 0.096433
735 8 0.045905
736 8 0.056978
737 8 0.091975
738 8 0.059020
739 8 0.117555
740 8 0.048276
741 8 0.262273
742 8 0.060883
743 8 0.126689
744 8 0.152355
745 8 0.054410
746 8 0.023254
747 8 0.094279
748 8 0.062881
749 8 0.063957
750 8 0.049039
751 8 0.170104
752 8 0.108606
753 8 0.088944
754 8 0.112994
755 8 0.085349
756 8 0.127041
757 8 0.080000
758 8 0.048556
759 8 0.068099
760 8 0.065367
761 8 0.110895
762 8 0.097877
763 8 0.044085
764 8 0.107183
765 8 0.047057
766 8 0.083837
767 8 0.144078
768 8 0.158295
769 8 0.015619
770 8 0.069669
771 8 0.080862
772 8 0.062791
773 8 0.159024
774 8 0.089048
775 8 0.045292
776 8 0.058692
777 8 0.072995
778 8 0.039641
779 8 0.015360
780 8 0.138625
781 8 0.047790
782 8 0.022972
783 8 0.017135
784 8 0.019210
785 8 0.108480
786 8 0.198103
787 8 0.051637
788 8 0.100857
789 8 0.019210
790 8 0.090836
791 8 0.053227
792 8 0.116735
793 8 0.183706
794 8 0.121070
795 8 0.052650
796 8 0.071420
797 8 0.073958
798 8 0.114502
799 8 0.097476
800 9 0.088189
801 9 0.114394
802 9 0.098467
803 9 0.114269
804 9 0.195749
805 9 0.057112
806 9 0.065057
807 9 0.044257
808 9 0.132930
809 9 0.046742
810 9 0.093471
811 9 0.105553
812 9 0.228408
813 9 0.059811
814 9 0.065033
815 9 0.100359
816 9 0.105518
817 9 0.064831
818 9 0.161387
819 9 0.056686
820 9 0.060956
821 9 0.080412
822 9 0.054292
823 9 0.131246
824 9 0.076437
825 9 0.140402
826 9 0.129109
827 9 0.053240
828 9 0.187521
829 9 0.155068
830 9 0.019228
831 9 0.144632
832 9 0.075204
833 9 0.046116
834 9 0.136142
835 9 0.015773
836 9 0.084561
837 9 0.084205
838 9 0.125197
839 9 0.107208
840 9 0.131799
841 9 0.124553
842 9 0.196061
843 9 0.076259
844 9 0.127808
845 9 0.023031
846 9 0.071020
847 9 0.121596
848 9 0.018962
849 9 0.081221
850 9 0.065694
851 9 0.142498
852 9 0.136215
853 9 0.200092
854 9 0.102726
855 9 0.126613
856 9 0.039310
857 9 0.039873
858 9 0.097058
859 9 0.089931
860 9 0.127098
861 9 0.045271
862 9 0.063269
863 9 0.057238
864 9 0.022648
865 9 0.058134
866 9 0.136217
867 9 0.084792
868 9 0.126192
869 9 0.047087
870 9 0.036122
871 9 0.040109
872 9 0.060959
873 9 0.139182
874 9 0.202773
875 9 0.134566
876 9 0.015211
877 9 0.035292
878 9 0.178824
879 9 0.105228
880 9 0.051145
881 9 0.164207
882 9 0.126471
883 9 0.063222
884 9 0.107224
885 9 0.140907
886 9 0.016846
887 9 0.163067
888 9 0.058695
889 9 0.117816
890 9 0.065337
891 9 0.194363
892 9 0.078981
893 9 0.037297
894 9 0.032617
895 9 0.169015
896 9 0.022703
897 9 0.048212
898 9 0.042415
899 9 0.111813
900 10 0.088333
901 10 0.015407
902 10 0.072992
903 10 0.136299
904 10 0.121746
905 10 0.225989
906 10 0.057440
907 10 0.060729
908 10 0.051586
909 10 0.179976
910 10 0.090958
911 10 0.128855
912 10 0.120112
913 10 0.051490
914 10 0.035232
915 10 0.101608
916 10 0.077890
917 10 0.105817
918 10 0.124211
919 10 0.080166
920 10 0.052229
921 10 0.123589
922 10 0.044936
923 10 0.108699
924 10 0.128416
925 10 0.055160
926 10 0.093250
927 10 0.122534
928 10 0.074870
929 10 0.062924
930 10 0.111830
931 10 0.087511
932 10 0.177411
933 10 0.104535
934 10 0.069279
935 10 0.045758
936 10 0.112594
937 10 0.072046
938 10 0.056377
939 10 0.048684
940 10 0.093776
941 10 0.083681
942 10 0.140109
943 10 0.019141
944 10 0.075949
945 10 0.192628
946 10 0.266507
947 10 0.113995
948 10 0.016935
949 10 0.107100
950 10 0.068581
951 10 0.073097
952 10 0.140371
953 10 0.053153
954 10 0.088392
955 10 0.199416
956 10 0.130986
957 10 0.036949
958 10 0.109596
959 10 0.057074
960 10 0.056267
961 10 0.078425
962 10 0.036218
963 10 0.125489
964 10 0.023149
965 10 0.102478
966 10 0.059142
967 10 0.066093
968 10 0.129489
969 10 0.177582
970 10 0.022998
971 10 0.046278
972 10 0.047948
973 10 0.019079
974 10 0.166685
975 10 0.075417
976 10 0.097265
977 10 0.127193
978 10 0.063823
979 10 0.197693
980 10 0.221972
981 10 0.047725
982 10 0.022681
983 10 0.015702
984 10 0.054449
985 10 0.058356
986 10 0.058362
987 10 0.085002
988 10 0.145518
989 10 0.090558
990 10 0.039861
991 10 0.110621
992 10 0.074631
993 10 0.032362
994 10 0.135850
995 10 0.127916
996 10 0.060863
997 10 0.200116
998 10 0.151185
999 10 0.099987
1000 11 0.146893
1001 11 0.056866
1002 11 0.068808
1003 11 0.131524
1004 11 0.129872
1005 11 0.048299
1006 11 0.016926
1007 11 0.119609
1008 11 0.056396
1009 11 0.058408
1010 11 0.115443
1011 11 0.138363
1012 11 0.133116
1013 11 0.128009
1014 11 0.036437
1015 11 0.093634
1016 11 0.127858
1017 11 0.018929
1018 11 0.215699
1019 11 0.128990
1020 11 0.130026
1021 11 0.124171
1022 11 0.075782
1023 11 0.039506
1024 11 0.136998
1025 11 0.088754
1026 11 0.047885
1027 11 0.089549
1028 11 0.126659
1029 11 0.136000
1030 11 0.143483
1031 11 0.090135
1032 11 0.170000
1033 11 0.200974
1034 11 0.022366
1035 11 0.051030
1036 11 0.094735
1037 11 0.018751
1038 11 0.015481
1039 11 0.063314
1040 11 0.042615
1041 11 0.125903
1042 11 0.096651
1043 11 0.086930
1044 11 0.153730
1045 11 0.047533
1046 11 0.045996
1047 11 0.071947
1048 11 0.084899
1049 11 0.060909
1050 11 0.022138
1051 11 0.154672
1052 11 0.106514
1053 11 0.035545
1054 11 0.132247
1055 11 0.040102
1056 11 0.121950
1057 11 0.071553
1058 11 0.165446
1059 11 0.115872
1060 11 0.093785
1061 11 0.052111
1062 11 0.120320
1063 11 0.137840
1064 11 0.056301
1065 11 0.183204
1066 11 0.064596
1067 11 0.055469
1068 11 0.054168
1069 11 0.034867
1070 11 0.015748
1071 11 0.140979
1072 11 0.220899
1073 11 0.058194
1074 11 0.105069
1075 11 0.038469
1076 11 0.073370
1077 11 0.106694
1078 11 0.046160
1079 11 0.084761
1080 11 0.060450
1081 11 0.022469
1082 11 0.065346
1083 11 0.161491
1084 11 0.103063
1085 11 0.112035
1086 11 0.078645
1087 11 0.032005
1088 11 0.045096
1089 11 0.128668
1090 11 0.044604
1091 11 0.096865
1092 11 0.138862
1093 11 0.053288
1094 11 0.162085
1095 11 0.089200
1096 11 0.108993
1097 11 0.051681
1098 11 0.061869
1099 11 0.057737
1100 12 0.047619
1101 12 0.095510
1102 12 0.064390
1103 12 0.103052
1104 12 0.083634
1105 12 0.057477
1106 12 0.092153
1107 12 0.043069
1108 12 0.120056
1109 12 0.104598
1110 12 0.035978
1111 12 0.086846
1112 12 0.050740
1113 12 0.078707
1114 12 0.105172
1115 12 0.156410
1116 12 0.016660
1117 12 0.125806
1118 12 0.141767
1119 12 0.044598
1120 12 0.084474
1121 12 0.064597
1122 12 0.095617
1123 12 0.078016
1124 12 0.022634
1125 12 0.046052
1126 12 0.144232
1127 12 0.051349
1128 12 0.193061
1129 12 0.060527
1130 12 0.104280
1131 12 0.091759
1132 12 0.169170
1133 12 0.075836
1134 12 0.232258
1135 12 0.086020
1136 12 0.057351
1137 12 0.022442
1138 12 0.099036
1139 12 0.091807
1140 12 0.146688
1141 12 0.114625
1142 12 0.118939
1143 12 0.102571
1144 12 0.065593
1145 12 0.130684
1146 12 0.099615
1147 12 0.087439
1148 12 0.015556
1149 12 0.133534
1150 12 0.155485
1151 12 0.162339
1152 12 0.019026
1153 12 0.035007
1154 12 0.032124
1155 12 0.045875
1156 12 0.054561
1157 12 0.081241
1158 12 0.022496
1159 12 0.138408
1160 12 0.042063
1161 12 0.128079
1162 12 0.055608
1163 12 0.198293
1164 12 0.070332
1165 12 0.089072
1166 12 0.110582
1167 12 0.181381
1168 12 0.065341
1169 12 0.052381
1170 12 0.089189
1171 12 0.125111
1172 12 0.078738
1173 12 0.016112
1174 12 0.055098
1175 12 0.068490
1176 12 0.039561
1177 12 0.085390
1178 12 0.063054
1179 12 0.180155
1180 12 0.063386
1181 12 0.058296
1182 12 0.108380
1183 12 0.037101
1184 12 0.171269
1185 12 0.133120
1186 12 0.018939
1187 12 0.053222
1188 12 0.138011
1189 12 0.193423
1190 12 0.082696
1191 12 0.128783
1192 12 0.071336
1193 12 0.044927
1194 12 0.050758
1195 12 0.097499
1196 12 0.112482
1197 12 0.075422
1198 12 0.205871
1199 12 0.093650
1200 13 0.022505
1201 13 0.035034
1202 13 0.164241
1203 13 0.044774
1204 13 0.147638
1205 13 0.115302
1206 13 0.152592
1207 13 0.100474
1208 13 0.084199
1209 13 0.163511
1210 13 0.057027
1211 13 0.077073
1212 13 0.168237
1213 13 0.057501
1214 13 0.071012
1215 13 0.108392
1216 13 0.146659
1217 13 0.098498
1218 13 0.047963
1219 13 0.102735
1220 13 0.096275
1221 13 0.044834
1222 13 0.065364
1223 13 0.046005
1224 13 0.242905
1225 13 0.022337
1226 13 0.068729
1227 13 0.050986
1228 13 0.114821
1229 13 0.038671
1230 13 0.109189
1231 13 0.016004
1232 13 0.039616
1233 13 0.062877
1234 13 0.082570
1235 13 0.109004
1236 13 0.079334
1237 13 0.176649
1238 13 0.073467
1239 13 0.098570
1240 13 0.083990
1241 13 0.094788
1242 13 0.042319
1243 13 0.047982
1244 13 0.085328
1245 13 0.016709
1246 13 0.070246
1247 13 0.053761
1248 13 0.088647
1249 13 0.022334
1250 13 0.194486
1251 13 0.114450
1252 13 0.075154
1253 13 0.015407
1254 13 0.085654
1255 13 0.035852
1256 13 0.064150
1257 13 0.086347
1258 13 0.119765
1259 13 0.123664
1260 13 0.057914
1261 13 0.075971
1262 13 0.101497
1263 13 0.196448
1264 13 0.095299
1265 13 0.086159
1266 13 0.037404
1267 13 0.051588
1268 13 0.107373
1269 13 0.098966
1270 13 0.139534
1271 13 0.119124
1272 13 0.084273
1273 13 0.079209
1274 13 0.088015
1275 13 0.101406
1276 13 0.111062
1277 13 0.162488
1278 13 0.113683
1279 13 0.102557
1280 13 0.053512
1281 13 0.061056
1282 13 0.091782
1283 13 0.066019
1284 13 0.051756
1285 13 0.074734
1286 13 0.047796
1287 13 0.037105
1288 13 0.045950
1289 13 0.162702
1290 13 0.098758
1291 13 0.031979
1292 13 0.063951
1293 13 0.055585
1294 13 0.151732
1295 13 0.163175
1296 13 0.070052
1297 13 0.047329
1298 13 0.019047
1299 13 0.018731
1300 14 0.076537
1301 14 0.131564
1302 14 0.097316
1303 14 0.114684
1304 14 0.054095
1305 14 0.094549
1306 14 0.050795
1307 14 0.015710
1308 14 0.157054
1309 14 0.116087
1310 14 0.160061
1311 14 0.078297
1312 14 0.036703
1313 14 0.051717
1314 14 0.118389
1315 14 0.045711
1316 14 0.188542
1317 14 0.047630
1318 14 0.166337
1319 14 0.016199
1320 14 0.022644
1321 14 0.047960
1322 14 0.046804
1323 14 0.129262
1324 14 0.022398
1325 14 0.075058
1326 14 0.057519
1327 14 0.057529
1328 14 0.093505
1329 14 0.057775
1330 14 0.114678
1331 14 0.065506
1332 14 0.151234
1333 14 0.097603
1334 14 0.131413
1335 14 0.143558
1336 14 0.131053
1337 14 0.071297
1338 14 0.055794
1339 14 0.106005
1340 14 0.090778
1341 14 0.018305
1342 14 0.063507
1343 14 0.134739
1344 14 0.079713
1345 14 0.122062
1346 14 0.079072
1347 14 0.089449
1348 14 0.071980
1349 14 0.053271
1350 14 0.100239
1351 14 0.133891
1352 14 0.035853
1353 14 0.051360
1354 14 0.127016
1355 14 0.109487
1356 14 0.151347
1357 14 0.068416
1358 14 0.101300
1359 14 0.168552
1360 14 0.111301
1361 14 0.059375
1362 14 0.056934
1363 14 0.105626
1364 14 0.044894
1365 14 0.065463
1366 14 0.103399
1367 14 0.042286
1368 14 0.032003
1369 14 0.047260
1370 14 0.079259
1371 14 0.135017
1372 14 0.061126
1373 14 0.039153
1374 14 0.175182
1375 14 0.056735
1376 14 0.114365
1377 14 0.047530
1378 14 0.055400
1379 14 0.115536
1380 14 0.098739
1381 14 0.097874
1382 14 0.073798
1383 14 0.059148
1384 14 0.091598
1385 14 0.142437
1386 14 0.123625
1387 14 0.038513
1388 14 0.118095
1389 14 0.133571
1390 14 0.037364
1391 14 0.078558
1392 14 0.019065
1393 14 0.094499
1394 14 0.053776
1395 14 0.139315
1396 14 0.150581
1397 14 0.051382
1398 14 0.082003
1399 14 0.066060
1400 15 0.088610
1401 15 0.071311
1402 15 0.042525
1403 15 0.137132
1404 15 0.045665
1405 15 0.097557
1406 15 0.199275
1407 15 0.118761
1408 15 0.121177
1409 15 0.086443
1410 15 0.047830
1411 15 0.072645
1412 15 0.133200
1413 15 0.145576
1414 15 0.060813
1415 15 0.078248
1416 15 0.055216
1417 15 0.075009
1418 15 0.016160
1419 15 0.080701
1420 15 0.106089
1421 15 0.082800
1422 15 0.074118
1423 15 0.069275
1424 15 0.133231
1425 15 0.100515
1426 15 0.039513
1427 15 0.015413
1428 15 0.035680
1429 15 0.057863
1430 15 0.067863
1431 15 0.067910
1432 15 0.047085
1433 15 0.022216
1434 15 0.038223
1435 15 0.092782
1436 15 0.111324
1437 15 0.056746
1438 15 0.067872
1439 15 0.087273
1440 15 0.050870
1441 15 0.035094
1442 15 0.071208
1443 15 0.097469
1444 15 0.042191
1445 15 0.119268
1446 15 0.100900
1447 15 0.160627
1448 15 0.078250
1449 15 0.059728
1450 15 0.168638
1451 15 0.056812
1452 15 0.108347
1453 15 0.158047
1454 15 0.064296
1455 15 0.152870
1456 15 0.037258
1457 15 0.018716
1458 15 0.016824
1459 15 0.128146
1460 15 0.065211
1461 15 0.052158
1462 15 0.031975
1463 15 0.018965
1464 15 0.142861
1465 15 0.148802
1466 15 0.103419
1467 15 0.118381
1468 15 0.045137
1469 15 0.056949
1470 15 0.072713
1471 15 0.139519
1472 15 0.067918
1473 15 0.128519
1474 15 0.064045
1475 15 0.152920
1476 15 0.203048
1477 15 0.055557
1478 15 0.253398
1479 15 0.164018
1480 15 0.098253
1481 15 0.022532
1482 15 0.103100
1483 15 0.047358
1484 15 0.098492
1485 15 0.102991
1486 15 0.049376
1487 15 0.059510
1488 15 0.022218
1489 15 0.098652
1490 15 0.094781
1491 15 0.055371
1492 15 0.115439
1493 15 0.149430
1494 15 0.082493
1495 15 0.137876
1496 15 0.063710
1497 15 0.092621
1498 15 0.189595
1499 15 0.045023
1500 16 0.141189
1501 16 0.038193
1502 16 0.097998
1503 16 0.061240
1504 16 0.054974
1505 16 0.036850
1506 16 0.018972
1507 16 0.056811
1508 16 0.096810
1509 16 0.039172
1510 16 0.116002
1511 16 0.094158
1512 16 0.042373
1513 16 0.105176
1514 16 0.074551
1515 16 0.117514
1516 16 0.104353
1517 16 0.077394
1518 16 0.085741
1519 16 0.121499
1520 16 0.047911
1521 16 0.166246
1522 16 0.069297
1523 16 0.138483
1524 16 0.070577
1525 16 0.044995
1526 16 0.136934
1527 16 0.128902
1528 16 0.046623
1529 16 0.078198
1530 16 0.045907
1531 16 0.064232
1532 16 0.022588
1533 16 0.016948
1534 16 0.051248
1535 16 0.064869
1536 16 0.125291
1537 16 0.137592
1538 16 0.022367
1539 16 0.079327
1540 16 0.161507
1541 16 0.105364
1542 16 0.141346
1543 16 0.067588
1544 16 0.056541
1545 16 0.037304
1546 16 0.163288
1547 16 0.145173
1548 16 0.112065
1549 16 0.053456
1550 16 0.147282
1551 16 0.101454
1552 16 0.035171
1553 16 0.047332
1554 16 0.105763
1555 16 0.053744
1556 16 0.067836
1557 16 0.018762
1558 16 0.044873
1559 16 0.082922
1560 16 0.079109
1561 16 0.103415
1562 16 0.038908
1563 16 0.104766
1564 16 0.078063
1565 16 0.056769
1566 16 0.086772
1567 16 0.085113
1568 16 0.098835
1569 16 0.244672
1570 16 0.073636
1571 16 0.213339
1572 16 0.085173
1573 16 0.092415
1574 16 0.016287
1575 16 0.085522
1576 16 0.082048
1577 16 0.035792
1578 16 0.169848
1579 16 0.073939
1580 16 0.071117
1581 16 0.051285
1582 16 0.092858
1583 16 0.015532
1584 16 0.080206
1585 16 0.056909
1586 16 0.088762
1587 16 0.078083
1588 16 0.162671
1589 16 0.068148
1590 16 0.158236
1591 16 0.022037
1592 16 0.031658
1593 16 0.123797
1594 16 0.103578
1595 16 0.121160
1596 16 0.116560
1597 16 0.055580
1598 16 0.066390
1599 16 0.169049
1600 17 0.018468
1601 17 0.115622
1602 17 0.105943
1603 17 0.056200
1604 17 0.044872
1605 17 0.108670
1606 17 0.063528
1607 17 0.171504
1608 17 0.141539
1609 17 0.081251
1610 17 0.067864
1611 17 0.151560
1612 17 0.099875
1613 17 0.106357
1614 17 0.104366
1615 17 0.016406
1616 17 0.074724
1617 17 0.162879
1618 17 0.044845
1619 17 0.051848
1620 17 0.131379
1621 17 0.047271
1622 17 0.220356
1623 17 0.064909
1624 17 0.067340
1625 17 0.047910
1626 17 0.101073
1627 17 0.069147
1628 17 0.077184
1629 17 0.051388
1630 17 0.035123
1631 17 0.120229
1632 17 0.046049
1633 17 0.077443
1634 17 0.056783
1635 17 0.072515
1636 17 0.104229
1637 17 0.099852
1638 17 0.142256
1639 17 0.095796
1640 17 0.063685
1641 17 0.151073
1642 17 0.056389
1643 17 0.037078
1644 17 0.141862
1645 17 0.031619
1646 17 0.084527
1647 17 0.124766
1648 17 0.129436
1649 17 0.090801
1650 17 0.084950
1651 17 0.066237
1652 17 0.084189
1653 17 0.090341
1654 17 0.086584
1655 17 0.064799
1656 17 0.018991
1657 17 0.055530
1658 17 0.095794
1659 17 0.146228
1660 17 0.114969
1661 17 0.064187
1662 17 0.077465
1663 17 0.061521
1664 17 0.092328
1665 17 0.022157
1666 17 0.022207
1667 17 0.088525
1668 17 0.074039
1669 17 0.155595
1670 17 0.022399
1671 17 0.015864
1672 17 0.035733
1673 17 0.053899
1674 17 0.168603
1675 17 0.086132
1676 17 0.077780
1677 17 0.087760
1678 17 0.042692
1679 17 0.138965
1680 17 0.172193
1681 17 0.045991
1682 17 0.107871
1683 17 0.148952
1684 17 0.113788
1685 17 0.095589
1686 17 0.065599
1687 17 0.066431
1688 17 0.083716
1689 17 0.056375
1690 17 0.119549
1691 17 0.119748
1692 17 0.090469
1693 17 0.016610
1694 17 0.123290
1695 17 0.038250
1696 17 0.038692
1697 17 0.109428
1698 17 0.053349
1699 17 0.055275
1700 18 0.044413
1701 18 0.119124
1702 18 0.108348
1703 18 0.063633
1704 18 0.056214
1705 18 0.155947
1706 18 0.067668
1707 18 0.116445
1708 18 0.057296
1709 18 0.105640
1710 18 0.064015
1711 18 0.079256
1712 18 0.031379
1713 18 0.083766
1714 18 0.100787
1715 18 0.148952
1716 18 0.109943
1717 18 0.118278
1718 18 0.042817
1719 18 0.155969
1720 18 0.015599
1721 18 0.105025
1722 18 0.113697
1723 18 0.092846
1724 18 0.092425
1725 18 0.117416
1726 18 0.038005
1727 18 0.035567
1728 18 0.082440
1729 18 0.037480
1730 18 0.099235
1731 18 0.124440
1732 18 0.122883
1733 18 0.056520
1734 18 0.101647
1735 18 0.018281
1736 18 0.055233
1737 18 0.070562
1738 18 0.021901
1739 18 0.070797
1740 18 0.136887
1741 18 0.063124
1742 18 0.016199
1743 18 0.046982
1744 18 0.072683
1745 18 0.096077
1746 18 0.044837
1747 18 0.089067
1748 18 0.209978
1749 18 0.227809
1750 18 0.085999
1751 18 0.051400
1752 18 0.099787
1753 18 0.104131
1754 18 0.051583
1755 18 0.039512
1756 18 0.099786
1757 18 0.107317
1758 18 0.125031
1759 18 0.057480
1760 18 0.093225
1761 18 0.065670
1762 18 0.078349
1763 18 0.067774
1764 18 0.102843
1765 18 0.110553
1766 18 0.138981
1767 18 0.109315
1768 18 0.055089
1769 18 0.104703
1770 18 0.151908
1771 18 0.069587
1772 18 0.159056
1773 18 0.018675
1774 18 0.065899
1775 18 0.071418
1776 18 0.118257
1777 18 0.101373
1778 18 0.095632
1779 18 0.125407
1780 18 0.095624
1781 18 0.061285
1782 18 0.068678
1783 18 0.086121
1784 18 0.060084
1785 18 0.046152
1786 18 0.061279
1787 18 0.047589
1788 18 0.081288
1789 18 0.060780
1790 18 0.140751
1791 18 0.104113
1792 18 0.110622
1793 18 0.029295
1794 18 0.055133
1795 18 0.035195
1796 18 0.037562
1797 18 0.077725
1798 18 0.099544
1799 18 0.072993
1800 19 0.092411
1801 19 0.094589
1802 19 0.092849
1803 19 0.194907
1804 19 0.054900
1805 19 0.114341
1806 19 0.067327
1807 19 0.069562
1808 19 0.075527
1809 19 0.104797
1810 19 0.040570
1811 19 0.035168
1812 19 0.106000
1813 19 0.088075
1814 19 0.067718
1815 19 0.121178
1816 19 0.121098
1817 19 0.103590
1818 19 0.082292
1819 19 0.092076
1820 19 0.143095
1821 19 0.112277
1822 19 0.080927
1823 19 0.018687
1824 19 0.063707
1825 19 0.075614
1826 19 0.035558
1827 19 0.153128
1828 19 0.056201
1829 19 0.117094
1830 19 0.082018
1831 19 0.057654
1832 19 0.047388
1833 19 0.112179
1834 19 0.089635
1835 19 0.016273
1836 19 0.046169
1837 19 0.045977
1838 19 0.060132
1839 19 0.073538
1840 19 0.057584
1841 19 0.087736
1842 19 0.092524
1843 19 0.115348
1844 19 0.021701
1845 19 0.048045
1846 19 0.048046
1847 19 0.059122
1848 19 0.037508
1849 19 0.107462
1850 19 0.062382
1851 19 0.021608
1852 19 0.037396
1853 19 0.066299
1854 19 0.100631
1855 19 0.103933
1856 19 0.110131
1857 19 0.081761
1858 19 0.087261
1859 19 0.067569
1860 19 0.128280
1861 19 0.015352
1862 19 0.097168
1863 19 0.078266
1864 19 0.098139
1865 19 0.114668
1866 19 0.112929
1867 19 0.086755
1868 19 0.163691
1869 19 0.122544
1870 19 0.077392
1871 19 0.124492
1872 19 0.047169
1873 19 0.100533
1874 19 0.109634
1875 19 0.053959
1876 19 0.130934
1877 19 0.051983
1878 19 0.121885
1879 19 0.061583
1880 19 0.053909
1881 19 0.063931
1882 19 0.016554
1883 19 0.068327
1884 19 0.128795
1885 19 0.069366
1886 19 0.091699
1887 19 0.089160
1888 19 0.068825
1889 19 0.038697
1890 19 0.148384
1891 19 0.102024
1892 19 0.105344
1893 19 0.104252
1894 19 0.239098
1895 19 0.031628
1896 19 0.056604
1897 19 0.075200
1898 19 0.018182
1899 19 0.022007
1900 20 0.064683
1901 20 0.070243
1902 20 0.053663
1903 20 0.064791
1904 20 0.067874
1905 20 0.123186
1906 20 0.039508
1907 20 0.035642
1908 20 0.109520
1909 20 0.133782
1910 20 0.092763
1911 20 0.061932
1912 20 0.070552
1913 20 0.047129
1914 20 0.074973
1915 20 0.120126
1916 20 0.054912
1917 20 0.070962
1918 20 0.094549
1919 20 0.016365
1920 20 0.092263
1921 20 0.080330
1922 20 0.184990
1923 20 0.155982
1924 20 0.141249
1925 20 0.135593
1926 20 0.159552
1927 20 0.144796
1928 20 0.053616
1929 20 0.064430
1930 20 0.119654
1931 20 0.089970
1932 20 0.087104
1933 20 0.103432
1934 20 0.129447
1935 20 0.109043
1936 20 0.126545
1937 20 0.018633
1938 20 0.112765
1939 20 0.059400
1940 20 0.100883
1941 20 0.101027
1942 20 0.056069
1943 20 0.128178
1944 20 0.018109
1945 20 0.053889
1946 20 0.076547
1947 20 0.075700
1948 20 0.134490
1949 20 0.078270
1950 20 0.056733
1951 20 0.078089
1952 20 0.097707
1953 20 0.102024
1954 20 0.051680
1955 20 0.078945
1956 20 0.037752
1957 20 0.047786
1958 20 0.112480
1959 20 0.109426
1960 20 0.057624
1961 20 0.016173
1962 20 0.067559
1963 20 0.021475
1964 20 0.088923
1965 20 0.068100
1966 20 0.031637
1967 20 0.091532
1968 20 0.087834
1969 20 0.110592
1970 20 0.093345
1971 20 0.097348
1972 20 0.082743
1973 20 0.074772
1974 20 0.045243
1975 20 0.130429
1976 20 0.077854
1977 20 0.104471
1978 20 0.101292
1979 20 0.052207
1980 20 0.126250
1981 20 0.080897
1982 20 0.038503
1983 20 0.111146
1984 20 0.015175
1985 20 0.055994
1986 20 0.083190
1987 20 0.021812
1988 20 0.110966
1989 20 0.200479
1990 20 0.069671
1991 20 0.047972
1992 20 0.121890
1993 20 0.046289
1994 20 0.083877
1995 20 0.056164
1996 20 0.126973
1997 20 0.042826
1998 20 0.174756
1999 20 0.076109
2000 21 0.148093
2001 21 0.057350
2002 21 0.037570
2003 21 0.086432
2004 21 0.075224
2005 21 0.073225
2006 21 0.100371
2007 21 0.124338
2008 21 0.046867
2009 21 0.100798
2010 21 0.106567
2011 21 0.066679
2012 21 0.092399
2013 21 0.067493
2014 21 0.132833
2015 21 0.064583
2016 21 0.021650
2017 21 0.054814
2018 21 0.108872
2019 21 0.112519
2020 21 0.120400
2021 21 0.081045
2022 21 0.164566
2023 21 0.065032
2024 21 0.074837
2025 21 0.075673
2026 21 0.067593
2027 21 0.130517
2028 21 0.105299
2029 21 0.046125
2030 21 0.051526
2031 21 0.042438
2032 21 0.065299
2033 21 0.082424
2034 21 0.165557
2035 21 0.067586
2036 21 0.094449
2037 21 0.016051
2038 21 0.154571
2039 21 0.042086
2040 21 0.064575
2041 21 0.037660
2042 21 0.054996
2043 21 0.090470
2044 21 0.044925
2045 21 0.122036
2046 21 0.091331
2047 21 0.055437
2048 21 0.090056
2049 21 0.093844
2050 21 0.051345
2051 21 0.016142
2052 21 0.031866
2053 21 0.077357
2054 21 0.079637
2055 21 0.076399
2056 21 0.142146
2057 21 0.069523
2058 21 0.021129
2059 21 0.054113
2060 21 0.047353
2061 21 0.021166
2062 21 0.070724
2063 21 0.045843
2064 21 0.105502
2065 21 0.138929
2066 21 0.140525
2067 21 0.076026
2068 21 0.089013
2069 21 0.083784
2070 21 0.035658
2071 21 0.124326
2072 21 0.098931
2073 21 0.044988
2074 21 0.107733
2075 21 0.070055
2076 21 0.115476
2077 21 0.115950
2078 21 0.136170
2079 21 0.147423
2080 21 0.081695
2081 21 0.139953
2082 21 0.090437
2083 21 0.105094
2084 21 0.018327
2085 21 0.015261
2086 21 0.129418
2087 21 0.080776
2088 21 0.091994
2089 21 0.134655
2090 21 0.017730
2091 21 0.038487
2092 21 0.126854
2093 21 0.152212
2094 21 0.044185
2095 21 0.116778
2096 21 0.067196
2097 21 0.086778
2098 21 0.056331
2099 21 0.039783
2100 22 0.165031
2101 22 0.127680
2102 22 0.066418
2103 22 0.088103
2104 22 0.098181
2105 22 0.085825
2106 22 0.171211
2107 22 0.137226
2108 22 0.070938
2109 22 0.018366
2110 22 0.110018
2111 22 0.072799
2112 22 0.029110
2113 22 0.100922
2114 22 0.062510
2115 22 0.123349
2116 22 0.066970
2117 22 0.038711
2118 22 0.055358
2119 22 0.045864
2120 22 0.092339
2121 22 0.071307
2122 22 0.113696
2123 22 0.085918
2124 22 0.106007
2125 22 0.092423
2126 22 0.169105
2127 22 0.046605
2128 22 0.107956
2129 22 0.106868
2130 22 0.054276
2131 22 0.123619
2132 22 0.054992
2133 22 0.116738
2134 22 0.054119
2135 22 0.137070
2136 22 0.149889
2137 22 0.093027
2138 22 0.045232
2139 22 0.144860
2140 22 0.079879
2141 22 0.091272
2142 22 0.092423
2143 22 0.082386
2144 22 0.064246
2145 22 0.048058
2146 22 0.077668
2147 22 0.082439
2148 22 0.137123
2149 22 0.068893
2150 22 0.073283
2151 22 0.045838
2152 22 0.089756
2153 22 0.074824
2154 22 0.094776
2155 22 0.015875
2156 22 0.014944
2157 22 0.123652
2158 22 0.059988
2159 22 0.082874
2160 22 0.094469
2161 22 0.051384
2162 22 0.042203
2163 22 0.056143
2164 22 0.114484
2165 22 0.104314
2166 22 0.114215
2167 22 0.021494
2168 22 0.060546
2169 22 0.105465
2170 22 0.093767
2171 22 0.068818
2172 22 0.126438
2173 22 0.107291
2174 22 0.071536
2175 22 0.047319
2176 22 0.078075
2177 22 0.015889
2178 22 0.037647
2179 22 0.083004
2180 22 0.077991
2181 22 0.066124
2182 22 0.056284
2183 22 0.187384
2184 22 0.042524
2185 22 0.127119
2186 22 0.076972
2187 22 0.094442
2188 22 0.095854
2189 22 0.066645
2190 22 0.072587
2191 22 0.037664
2192 22 0.035100
2193 22 0.055342
2194 22 0.017457
2195 22 0.031688
2196 22 0.088604
2197 22 0.048328
2198 22 0.055115
2199 22 0.038251
